1694623452431 0.0 0
1694623452842 0.0 1
1694623453291 0.0 2
1694623453766 0.0 3
1694623454173 0.0 4
1694623454584 0.0 5
1694623454919 0.0 6
1694623455258 0.0 7
1694623455643 0.0 8
1694623455917 0.0 9
1694623456275 0.0 10
1694623456585 0.0 11
1694623456880 0.0 12
1694623457279 0.0 13
1694623457613 0.0 14
1694623457961 0.0 15
1694623458276 0.0 16
1694623458531 0.0 17
1694623458761 0.0 18
1694623458973 0.0 19
1694623459201 0.0 20
1694623459531 0.0 21
1694623459738 0.0 22
1694623459964 0.0 23
1694623460203 0.0 24
1694623460447 0.0 25
1694623460689 0.0 26
1694623460948 0.0 27
1694623461209 0.0 28
1694623461461 0.0 29
1694623461657 0.0 30
1694623461884 0.0 31
1694623462141 0.0 32
1694623462387 0.0 33
1694623462619 0.0 34
1694623462845 0.0 35
1694623463151 0.0 36
1694623463477 0.0 37
1694623463754 0.0 38
1694623464017 0.0 39
1694623464263 0.0 40
1694623464513 0.0 41
1694623464800 0.0 42
1694623465156 0.0 43
1694623465433 0.0 44
1694623465680 0.0 45
1694623465919 0.0 46
1694623466209 0.0 47
1694623466475 0.0 48
1694623466712 0.0 49
1694623467068 0.0 50
1694623467607 0.0 51
1694623467918 0.0 52
1694623468279 0.0 53
1694623468670 0.0 54
1694623469030 0.0 55
1694623469301 0.0 56
1694623469575 0.0 57
1694623469779 0.0 58
1694623470018 0.0 59
1694623470397 0.0 60
1694623470740 0.0 61
1694623471130 0.0 62
1694623471388 0.0 63
1694623471643 0.0 64
1694623471837 0.0 65
1694623472082 0.0 66
1694623472472 0.0 67
1694623472844 0.0 68
1694623473238 0.0 69
1694623473815 0.0 70
1694623474346 0.0 71
1694623474743 0.0 72
1694623475079 0.0 73
1694623475521 0.0 74
1694623475980 0.0 75
1694623476426 0.0 76
1694623476734 0.0 77
1694623477021 0.0 78
1694623477265 0.0 79
1694623477500 0.0 80
1694623477738 0.0 81
1694623478023 0.0 82
1694623478254 0.0 83
1694623478478 0.0 84
1694623478768 0.0 85
1694623479048 0.0 86
1694623479304 0.0 87
1694623479568 0.0 88
1694623479807 0.0 89
1694623480047 0.0 90
1694623480284 0.0 91
1694623480508 0.0 92
1694623480733 0.0 93
1694623480926 0.0 94
1694623481144 0.0 95
1694623481506 0.0 96
1694623481833 0.0 97
1694623482210 0.0 98
1694623482613 0.0 99
1694623482839 0.0 100
1694623483069 0.0 101
1694623483332 0.0 102
1694623483582 0.0 103
1694623483855 0.0 104
1694623484143 0.0 105
1694623484517 0.0 106
1694623484849 0.0 107
1694623485140 0.0 108
1694623485432 0.0 109
1694623485667 0.0 110
1694623485907 0.0 111
1694623486238 0.0 112
1694623486525 0.0 113
1694623486790 0.0 114
1694623487025 0.0 115
1694623487318 0.0 116
1694623487601 0.0 117
1694623487933 0.0 118
1694623488248 0.0 119
1694623488516 0.0 120
1694623488790 0.0 121
1694623489031 0.0 122
1694623489280 0.0 123
1694623489617 0.0 124
1694623489887 0.0 125
1694623490206 0.0 126
1694623490448 0.0 127
1694623490674 0.0 128
1694623490955 0.0 129
1694623491215 0.0 130
1694623491442 0.0 131
1694623491668 0.0 132
1694623491907 0.0 133
1694623492133 0.0 134
1694623492355 0.0 135
1694623492583 0.0 136
1694623492836 0.0 137
1694623493082 0.0 138
1694623493267 0.0 139
1694623493470 0.0 140
1694623493713 0.0 141
1694623493924 0.0 142
1694623494124 0.0 143
1694623494364 0.0 144
1694623494564 0.0 145
1694623494790 0.0 146
1694623494971 0.0 147
1694623495193 0.0 148
1694623495421 0.0 149
1694623495643 0.0 150
1694623495906 0.0 151
1694623496216 0.0 152
1694623496455 0.0 153
1694623496656 0.0 154
1694623496886 0.0 155
1694623497246 0.0 156
1694623497606 0.0 157
1694623497884 0.0 158
1694623498084 0.0 159
1694623498365 0.0 160
1694623498654 0.0 161
1694623498921 0.0 162
1694623499239 0.0 163
1694623499553 0.0 164
1694623499802 0.0 165
1694623500038 0.0 166
1694623500285 0.0 167
1694623500554 0.0 168
1694623500774 0.0 169
1694623500999 0.0 170
1694623501285 0.0 171
1694623501511 0.0 172
1694623501704 0.0 173
1694623501893 0.0 174
1694623502091 0.0 175
1694623502270 0.0 176
1694623502478 0.0 177
1694623502659 0.0 178
1694623502867 0.0 179
1694623503121 0.0 180
