1694635707584 -0.009639229072394562 0
1694635707637 -0.009638878413043006 1
1694635707705 -0.009638520257323258 2
1694635707773 -0.009638154587407577 3
1694635707826 -0.009637781385428701 4
1694635707872 -0.009637400633480508 5
1694635707941 -0.009637012313618243 6
1694635707984 -0.00963661640785718 7
1694635708025 -0.009636212898172847 8
1694635708067 -0.009635801766504137 9
1694635708104 -0.009635382994746422 10
1694635708154 -0.009634956564757768 11
1694635708207 -0.00963452245835783 12
1694635708269 -0.009634080657323407 13
1694635708316 -0.009633631143393773 14
1694635708365 -0.009633173898267566 15
1694635708417 -0.009632708903604348 16
1694635708469 -0.009632236141022155 17
1694635708522 -0.009631755592099944 18
1694635708575 -0.009631267238376484 19
1694635708618 -0.009630771061349908 20
1694635708666 -0.009630267042477936 21
1694635708717 -0.009629755163178322 22
1694635708773 -0.009629235404827519 23
1694635708813 -0.009628707748763565 24
1694635708883 -0.009628172176280314 25
1694635708947 -0.009627628668633648 26
1694635709003 -0.009627077207037482 27
1694635709061 -0.0096265177726651 28
1694635709139 -0.00962595034664826 29
1694635709213 -0.009625374910079865 30
1694635709277 -0.009624791444008185 31
1694635709333 -0.00962419992944219 32
1694635709389 -0.009623600347350214 33
1694635709459 -0.009622992678657516 34
1694635709537 -0.009622376904249164 35
1694635709593 -0.009621753004968037 36
1694635709666 -0.00962112096161527 37
1694635709729 -0.0096204807549507 38
1694635709779 -0.009619832365691527 39
1694635709824 -0.009619175774514988 40
1694635709874 -0.009618510962055016 41
1694635709924 -0.009617837908901805 42
1694635709971 -0.009617156595606247 43
1694635710031 -0.00961646700267571 44
1694635710095 -0.009615769110575156 45
1694635710151 -0.009615062899728022 46
1694635710209 -0.00961434835051378 47
1694635710256 -0.009613625443270601 48
1694635710307 -0.009612894158293583 49
1694635710390 -0.009612154475834522 50
1694635710442 -0.009611406376104137 51
1694635710556 -0.00961064983926807 52
1694635710631 -0.009609884845450223 53
1694635710705 -0.009609111374731194 54
1694635710793 -0.009608329407148508 55
1694635710842 -0.009607538922695946 56
1694635710894 -0.009606739901324657 57
1694635710938 -0.009605932322941824 58
1694635710999 -0.009605116167411776 59
1694635711051 -0.009604291414554433 60
1694635711102 -0.00960345804414664 61
1694635711144 -0.00960261603592083 62
1694635711201 -0.009601765369566806 63
1694635711241 -0.00960090602472885 64
1694635711293 -0.009600037981008613 65
1694635711335 -0.009599161217962227 66
1694635711369 -0.009598275715104299 67
1694635711408 -0.009597381451901255 68
1694635711459 -0.009596478407778442 69
1694635711510 -0.009595566562114133 70
1694635711557 -0.009594645894245524 71
1694635711602 -0.009593716383461626 72
1694635711646 -0.009592778009008152 73
1694635711691 -0.00959183075008685 74
1694635711727 -0.00959087458585306 75
1694635711769 -0.009589909495417936 76
1694635711812 -0.009588935457847558 77
1694635711856 -0.009587952452162485 78
1694635711903 -0.009586960457338423 79
1694635711954 -0.009585959452306003 80
1694635712002 -0.009584949415949007 81
1694635712052 -0.00958393032710747 82
1694635712120 -0.009582902164574358 83
1694635712165 -0.009581864907098225 84
1694635712213 -0.00958081853338033 85
1694635712269 -0.009579763022078192 86
1694635712325 -0.00957869835180114 87
1694635712368 -0.009577624501113435 88
1694635712412 -0.009576541448532927 89
1694635712461 -0.00957544917253128 90
1694635712514 -0.009574347651534865 91
1694635712573 -0.009573236863921641 92
1694635712624 -0.00957211678802472 93
1694635712670 -0.009570987402129472 94
1694635712722 -0.009569848684475302 95
1694635712781 -0.009568700613254766 96
1694635712824 -0.009567543166612014 97
1694635712869 -0.00956637632264834 98
1694635712911 -0.009565200059412415 99
1694635712955 -0.00956401435490939 100
1694635713014 -0.00956281918709645 101
1694635713066 -0.009561614533882823 102
1694635713130 -0.009560400373130662 103
1694635713199 -0.009559176682655046 104
1694635713264 -0.009557943440222427 105
1694635713331 -0.009556700623552183 106
1694635713378 -0.009555448210315953 107
1694635713425 -0.009554186178137192 108
1694635713465 -0.009552914504591392 109
1694635713507 -0.00955163316720542 110
1694635713553 -0.00955034214345929 111
1694635713593 -0.00954904141078261 112
1694635713633 -0.009547730946559918 113
1694635713673 -0.009546410728123345 114
1694635713714 -0.009545080732759281 115
1694635713761 -0.009543740937703715 116
1694635713808 -0.009542391320145338 117
1694635713855 -0.00954103185722266 118
1694635713898 -0.009539662526026893 119
1694635713949 -0.009538283303597517 120
1694635714005 -0.0095368941669276 121
1694635714059 -0.009535495092960034 122
1694635714129 -0.009534086058587521 123
1694635714173 -0.009532667040653475 124
1694635714218 -0.009531238015952903 125
1694635714262 -0.009529798961230185 126
1694635714312 -0.009528349853180629 127
1694635714355 -0.009526890668448917 128
1694635714408 -0.009525421383629551 129
1694635714455 -0.009523941975269956 130
1694635714516 -0.009522452419863159 131
1694635714565 -0.009520952693854223 132
1694635714612 -0.00951944277363781 133
1694635714655 -0.009517922635557508 134
1694635714698 -0.009516392255907613 135
1694635714742 -0.009514851610930242 136
1694635714784 -0.00951330067681777 137
1694635714830 -0.00951173942971173 138
1694635714867 -0.009510167845702133 139
1694635714919 -0.00950858590082837 140
1694635714969 -0.009506993571078981 141
1694635715012 -0.00950539083239077 142
1694635715055 -0.009503777660649249 143
1694635715092 -0.009502154031688859 144
1694635715138 -0.009500519921292527 145
1694635715185 -0.009498875305191001 146
1694635715229 -0.009497220159063513 147
1694635715271 -0.009495554458537336 148
1694635715317 -0.009493878179190451 149
1694635715365 -0.009492191296542662 150
1694635715409 -0.009490493786069143 151
1694635715453 -0.009488785623186224 152
1694635715499 -0.009487066783261389 153
1694635715542 -0.009485337241610159 154
1694635715588 -0.009483596973494546 155
1694635715645 -0.009481845954122159 156
1694635715689 -0.009480084158650426 157
1694635715742 -0.009478311562182373 158
1694635715784 -0.009476528139770402 159
1694635715840 -0.00947473386641029 160
1694635715885 -0.009472928717047191 161
1694635715941 -0.009471112666572079 162
1694635715984 -0.009469285689822415 163
1694635716041 -0.009467447761583703 164
1694635716085 -0.009465598856586599 165
1694635716128 -0.009463738949506917 166
1694635716184 -0.009461868014968733 167
1694635716229 -0.009459986027541722 168
1694635716274 -0.009458092961739828 169
1694635716339 -0.00945618879202681 170
1694635716393 -0.009454273492807808 171
1694635716443 -0.009452347038435782 172
1694635716490 -0.009450409403209736 173
1694635716535 -0.009448460561372496 174
1694635716586 -0.009446500487114484 175
1694635716632 -0.009444529154569947 176
1694635716675 -0.009442546537816732 177
1694635716715 -0.00944055261088228 178
1694635716762 -0.009438547347733861 179
1694635716819 -0.009436530722286562 180
1694635716880 -0.009434502708399517 181
1694635716938 -0.00943246327987679 182
1694635716985 -0.00943041241046605 183
1694635717035 -0.009428350073860114 184
1694635717092 -0.009426276243696075 185
1694635717141 -0.009424190893554174 186
1694635717194 -0.009422093996962255 187
1694635717238 -0.009419985527386432 188
1694635717281 -0.009417865458239971 189
1694635717336 -0.009415733762882184 190
1694635717380 -0.00941359041461065 191
1694635717434 -0.009411435386670775 192
1694635717478 -0.009409268652248892 193
1694635717532 -0.009407090184476719 194
1694635717586 -0.00940489995642757 195
1694635717655 -0.009402697941117477 196
1694635717704 -0.00940048411150829 197
1694635717763 -0.00939825844050124 198
1694635717817 -0.009396020900942048 199
1694635717871 -0.009393771465618928 200
1694635717930 -0.009391510107262357 201
1694635717975 -0.009389236798546863 202
1694635718036 -0.00938695151208524 203
1694635718094 -0.009384654220437882 204
1694635718145 -0.00938234489610279 205
1694635718203 -0.009380023511521562 206
1694635718257 -0.009377690039077624 207
1694635718302 -0.009375344451097334 208
1694635718357 -0.009372986719847098 209
1694635718403 -0.009370616817535593 210
1694635718457 -0.009368234716311319 211
1694635718502 -0.009365840388266156 212
1694635718553 -0.009363433805432697 213
1694635718606 -0.009361014939783363 214
1694635718664 -0.009358583763233952 215
1694635718709 -0.009356140247638756 216
1694635718747 -0.009353684364793002 217
1694635718799 -0.009351216086433745 218
1694635718852 -0.009348735384238083 219
1694635718897 -0.009346242229822055 220
1694635718969 -0.009343736594746188 221
1694635719043 -0.009341218450505284 222
1694635719147 -0.009338687768537968 223
1694635719214 -0.009336144520222245 224
1694635719255 -0.009333588676875282 225
1694635719295 -0.009331020209754293 226
1694635719343 -0.00932843909005543 227
1694635719396 -0.009325845288915557 228
1694635719456 -0.009323238777409815 229
1694635719520 -0.009320619526552942 230
1694635719588 -0.009317987507298175 231
1694635719635 -0.009315342690539685 232
1694635719688 -0.009312685047107472 233
1694635719732 -0.009310014547772472 234
1694635719782 -0.009307331163243893 235
1694635719829 -0.00930463486416877 236
1694635719894 -0.00930192562113219 237
1694635719948 -0.00929920340466106 238
1694635720025 -0.009296468185215012 239
1694635720098 -0.009293719933194389 240
1694635720154 -0.009290958618938472 241
1694635720209 -0.009288184212722816 242
1694635720257 -0.009285396684761027 243
1694635720303 -0.00928259600520387 244
1694635720344 -0.00927978214414038 245
1694635720387 -0.009276955071596316 246
1694635720442 -0.009274114757535035 247
1694635720496 -0.009271261171856393 248
1694635720548 -0.009268394284397408 249
1694635720591 -0.009265514064932256 250
1694635720637 -0.009262620483170725 251
1694635720697 -0.00925971350876087 252
1694635720735 -0.009256793111286576 253
1694635720780 -0.009253859260268005 254
1694635720816 -0.009250911925159588 255
1694635720865 -0.009247951075355143 256
1694635720908 -0.009244976680181427 257
1694635720958 -0.009241988708904803 258
1694635721002 -0.00923898713072302 259
1694635721046 -0.009235971914771435 260
1694635721094 -0.009232943030123009 261
1694635721136 -0.009229900445781647 262
1694635721198 -0.009226844130689527 263
1694635721249 -0.009223774053723544 264
1694635721299 -0.009220690183694868 265
1694635721342 -0.00921759248934828 266
1694635721389 -0.009214480939367498 267
1694635721435 -0.009211355502367624 268
1694635721498 -0.009208216146897152 269
1694635721543 -0.009205062841440625 270
1694635721593 -0.009201895554417971 271
1694635721657 -0.009198714254182505 272
1694635721701 -0.00919551890901893 273
1694635721743 -0.009192309487148664 274
1694635721796 -0.009189085956726073 275
1694635721840 -0.009185848285838683 276
1694635721891 -0.009182596442508295 277
1694635721935 -0.00917933039468899 278
1694635721993 -0.009176050110268674 279
1694635722040 -0.009172755557068646 280
1694635722092 -0.009169446702842476 281
1694635722141 -0.009166123515276015 282
1694635722193 -0.009162785961990716 283
1694635722237 -0.00915943401053676 284
1694635722283 -0.009156067628398379 285
1694635722325 -0.009152686782993191 286
1694635722372 -0.009149291441669094 287
1694635722417 -0.00914588157170737 288
1694635722468 -0.009142457140320692 289
1694635722551 -0.009139018114653785 290
1694635722609 -0.009135564461782097 291
1694635722660 -0.00913209614871402 292
1694635722705 -0.009128613142388664 293
1694635722749 -0.009125115409676088 294
1694635722818 -0.009121602917377514 295
1694635722897 -0.009118075632225997 296
1694635722944 -0.009114533520884427 297
1694635723002 -0.009110976549946637 298
1694635723056 -0.009107404685937848 299
1694635723113 -0.009103817895312227 300
1694635723179 -0.009100216144456885 301
1694635723262 -0.009096599399685434 302
1694635723335 -0.009092967627245097 303
1694635723391 -0.009089320793310707 304
1694635723450 -0.009085658863987822 305
1694635723524 -0.009081981805311612 306
1694635723583 -0.009078289583246635 307
1694635723642 -0.009074582163687062 308
1694635723696 -0.00907085951245512 309
1694635723745 -0.009067121595305094 310
1694635723793 -0.009063368377918213 311
1694635723835 -0.009059599825902875 312
1694635723885 -0.00905581590479887 313
1694635723927 -0.00905201658007404 314
1694635723963 -0.009048201817123624 315
1694635724007 -0.00904437158127469 316
1694635724059 -0.009040525837775926 317
1694635724103 -0.009036664551810292 318
1694635724139 -0.009032787688485033 319
1694635724201 -0.009028895212836563 320
1694635724254 -0.009024987089828462 321
1694635724309 -0.009021063284353259 322
1694635724351 -0.009017123761228873 323
1694635724406 -0.009013168485200618 324
1694635724461 -0.009009197420942527 325
1694635724528 -0.009005210533053587 326
1694635724581 -0.009001207786060395 327
1694635724633 -0.008997189144416495 328
1694635724681 -0.008993154572502826 329
1694635724726 -0.008989104034624606 330
1694635724776 -0.008985037495013115 331
1694635724819 -0.00898095491783013 332
1694635724864 -0.008976856267156608 333
1694635724908 -0.00897274150700511 334
1694635724946 -0.008968610601312266 335
1694635724984 -0.008964463513937648 336
1694635725033 -0.008960300208669336 337
1694635725078 -0.008956120649219468 338
1694635725117 -0.008951924799224908 339
1694635725150 -0.00894771262224836 340
1694635725195 -0.008943484081777253 341
1694635725236 -0.008939239141223077 342
1694635725280 -0.008934977763922047 343
1694635725327 -0.00893069991313511 344
1694635725378 -0.008926405552047934 345
1694635725419 -0.00892209464376803 346
1694635725458 -0.00891776715133119 347
1694635725511 -0.008913423037691937 348
1694635725553 -0.008909062265731738 349
1694635725619 -0.008904684798254348 350
1694635725690 -0.008900290597989136 351
1694635725765 -0.00889587962758509 352
1694635725854 -0.008891451849616594 353
1694635725903 -0.008887007226580756 354
1694635725986 -0.008882545720897195 355
1694635726028 -0.008878067294908254 356
1694635726090 -0.008873571910878786 357
1694635726135 -0.008869059530995482 358
1694635726208 -0.00886453011736954 359
1694635726253 -0.008859983632032442 360
1694635726316 -0.008855420036935735 361
1694635726350 -0.008850839293956136 362
1694635726394 -0.00884624136489065 363
1694635726515 -0.008841626211457232 364
1694635726595 -0.008836993795296122 365
1694635726645 -0.00883234407796829 366
1694635726718 -0.00882767702095566 367
1694635726770 -0.008822992585661327 368
1694635726839 -0.008818290733409118 369
1694635726900 -0.008813571425442923 370
1694635726966 -0.008808834622928252 371
1694635727012 -0.008804080286949567 372
1694635727063 -0.008799308378512283 373
1694635727118 -0.0087945188585421 374
1694635727184 -0.008789711687883672 375
1694635727226 -0.00878488682730083 376
1694635727279 -0.0087800442374808 377
1694635727329 -0.008775183879025095 378
1694635727371 -0.008770305712456183 379
1694635727416 -0.008765409698218818 380
1694635727464 -0.00876049579667093 381
1694635727529 -0.008755563968095847 382
1694635727567 -0.008750614172689186 383
1694635727611 -0.008745646370569071 384
1694635727654 -0.008740660521770138 385
1694635727730 -0.008735656586248197 386
1694635727810 -0.008730634523872016 387
1694635727874 -0.008725594294432204 388
1694635727931 -0.008720535857635658 389
1694635727998 -0.008715459173108453 390
1694635728076 -0.008710364200390952 391
1694635728152 -0.008705250898943362 392
1694635728253 -0.008700119228142178 393
1694635728311 -0.008694969147280851 394
1694635728367 -0.008689800615568899 395
1694635728465 -0.008684613592134571 396
1694635728537 -0.008679408036021297 397
1694635728598 -0.00867418390618746 398
1694635728658 -0.00866894116150907 399
1694635728708 -0.008663679760780196 400
1694635728754 -0.008658399662706096 401
1694635728801 -0.008653100825910975 402
1694635728844 -0.008647783208934445 403
1694635728883 -0.008642446770229961 404
1694635728935 -0.008637091468168157 405
1694635728978 -0.008631717261032179 406
1694635729018 -0.008626324107024574 407
1694635729063 -0.008620911964256628 408
1694635729111 -0.008615480790759023 409
1694635729165 -0.008610030544474734 410
1694635729205 -0.00860456118326014 411
1694635729252 -0.008599072664889462 412
1694635729293 -0.008593564947047438 413
1694635729339 -0.008588037987333097 414
1694635729378 -0.008582491743259979 415
1694635729421 -0.008576926172253696 416
1694635729467 -0.008571341231656593 417
1694635729513 -0.008565736878719976 418
1694635729551 -0.008560113070610331 419
1694635729594 -0.008554469764406658 420
1694635729639 -0.008548806917100249 421
1694635729680 -0.008543124485595799 422
1694635729718 -0.008537422426709407 423
1694635729760 -0.008531700697169908 424
1694635729806 -0.008525959253617543 425
1694635729845 -0.008520198052605288 426
1694635729883 -0.008514417050597078 427
1694635729921 -0.0085086162039687 428
1694635729958 -0.00850279546900734 429
1694635729997 -0.00849695480191115 430
1694635730039 -0.008491094158789458 431
1694635730082 -0.008485213495662558 432
1694635730137 -0.008479312768461034 433
1694635730180 -0.008473391933026875 434
1694635730220 -0.008467450945111255 435
1694635730263 -0.00846148976037675 436
1694635730303 -0.008455508334394901 437
1694635730350 -0.008449506622647984 438
1694635730394 -0.008443484580527683 439
1694635730442 -0.00843744216333464 440
1694635730487 -0.008431379326279798 441
1694635730540 -0.008425296024482831 442
1694635730585 -0.008419192212972826 443
1694635730634 -0.008413067846686495 444
1694635730676 -0.008406922880471512 445
1694635730720 -0.008400757269081849 446
1694635730773 -0.008394570967180881 447
1694635730819 -0.008388363929340281 448
1694635730869 -0.008382136110039351 449
1694635730910 -0.0083758874636648 450
1694635730946 -0.00836961794451363 451
1694635730986 -0.0083633275067867 452
1694635731024 -0.00835701610459405 453
1694635731073 -0.00835068369195291 454
1694635731125 -0.008344330222787466 455
1694635731185 -0.008337955650928652 456
1694635731258 -0.008331559930113475 457
1694635731305 -0.008325143013986569 458
1694635731360 -0.008318704856097536 459
1694635731408 -0.00831224540990494 460
1694635731478 -0.008305764628768753 461
1694635731541 -0.008299262465958357 462
1694635731607 -0.008292738874646988 463
1694635731656 -0.008286193807916176 464
1694635731706 -0.008279627218747088 465
1694635731750 -0.008273039060033183 466
1694635731796 -0.008266429284566668 467
1694635731847 -0.008259797845047379 468
1694635731897 -0.008253144694079007 469
1694635731944 -0.008246469784171762 470
1694635731989 -0.0082397730677366 471
1694635732034 -0.008233054497090997 472
1694635732086 -0.008226314024455172 473
1694635732134 -0.008219551601953645 474
1694635732181 -0.008212767181613678 475
1694635732231 -0.0082059607153675 476
1694635732280 -0.00819913215504875 477
1694635732327 -0.008192281452395145 478
1694635732375 -0.008185408559046703 479
1694635732429 -0.008178513426545742 480
1694635732488 -0.008171596006338877 481
1694635732552 -0.008164656249772362 482
1694635732604 -0.008157694108096525 483
1694635732687 -0.008150709532463107 484
1694635732751 -0.008143702473925485 485
1694635732810 -0.008136672883438001 486
1694635732861 -0.008129620711857521 487
1694635732925 -0.008122545909941437 488
1694635733010 -0.008115448428348548 489
1694635733068 -0.008108328217638405 490
1694635733116 -0.008101185228270413 491
1694635733150 -0.008094019410604947 492
1694635733186 -0.008086830714905346 493
1694635733225 -0.008079619091329926 494
1694635733279 -0.008072384489939965 495
1694635733344 -0.008065126860698602 496
1694635733387 -0.008057846153463721 497
1694635733427 -0.008050542317995735 498
1694635733482 -0.008043215303953799 499
1694635733523 -0.008035865060895597 500
1694635733559 -0.00802849153827867 501
1694635733591 -0.00802109468545753 502
1694635733629 -0.008013674451685882 503
1694635733677 -0.008006230786119062 504
1694635733725 -0.007998763637803163 505
1694635733778 -0.007991272955690132 506
1694635733850 -0.007983758688623332 507
1694635733910 -0.007976220785349097 508
1694635733960 -0.007968659194504735 509
1694635734014 -0.00796107386463274 510
1694635734057 -0.007953464744165473 511
1694635734098 -0.007945831781435375 512
1694635734135 -0.007938174924671637 513
1694635734177 -0.00793049412199931 514
1694635734217 -0.007922789321439305 515
1694635734275 -0.007915060470909285 516
1694635734340 -0.007907307518222773 517
1694635734405 -0.00789953041108804 518
1694635734462 -0.007891729097110334 519
1694635734518 -0.007883903523789204 520
1694635734557 -0.007876053638519398 521
1694635734649 -0.007868179388591301 522
1694635734711 -0.007860280721187829 523
1694635734788 -0.007852357583390202 524
1694635734823 -0.007844409922172835 525
1694635734864 -0.007836437684400233 526
1694635734918 -0.007828440816835869 527
1694635734969 -0.00782041926613486 528
1694635735018 -0.007812372978846627 529
1694635735054 -0.007804301901413568 530
1694635735093 -0.007796205980171278 531
1694635735152 -0.007788085161348546 532
1694635735197 -0.007779939391066248 533
1694635735242 -0.007771768615341124 534
1694635735275 -0.007763572780076888 535
1694635735313 -0.007755351831073787 536
1694635735380 -0.007747105714022817 537
1694635735437 -0.007738834374506842 538
1694635735491 -0.0077305377580005885 539
1694635735539 -0.007722215809868649 540
1694635735607 -0.007713868475371699 541
1694635735692 -0.0077054956996538415 542
1694635735764 -0.0076970974277588144 543
1694635735825 -0.007688673604613339 544
1694635735917 -0.007680224175039108 545
1694635736018 -0.007671749083746793 546
1694635736198 -0.0076632482753375974 547
1694635736307 -0.007654721694302369 548
1694635736381 -0.007646169285021376 549
1694635736491 -0.007637590991765197 550
1694635736600 -0.007628986758693168 551
1694635736686 -0.007620356529853822 552
1694635736780 -0.00761170024918445 553
1694635736885 -0.007603017860510652 554
1694635736990 -0.007594309307550118 555
1694635737073 -0.007585574533903072 556
1694635737152 -0.007576813483061606 557
1694635737235 -0.00756802609840479 558
1694635737335 -0.007559212323200226 559
1694635737441 -0.007550372100600944 560
1694635737530 -0.0075415053736513915 561
1694635737591 -0.007532612085278112 562
1694635737661 -0.007523692178297958 563
1694635737741 -0.007514745595413652 564
1694635737815 -0.007505772279214007 565
1694635737874 -0.007496772172173927 566
1694635737953 -0.007487745216657515 567
1694635738030 -0.007478691354909861 568
1694635738147 -0.007469610529065029 569
1694635738219 -0.007460502681141179 570
1694635738298 -0.007451367753045224 571
1694635738374 -0.007442205686563286 572
1694635738440 -0.007433016423370908 573
1694635738518 -0.007423799905027062 574
1694635738584 -0.0074145560729750315 575
1694635738651 -0.007405284868542195 576
1694635738749 -0.00739598623294091 577
1694635738820 -0.007386660107266296 578
1694635738895 -0.007377306432498232 579
1694635738986 -0.007367925149499355 580
1694635739039 -0.007358516199016174 581
1694635739083 -0.007349079521677737 582
1694635739125 -0.007339615057995186 583
1694635739201 -0.007330122748366641 584
1694635739249 -0.0073206025330652125 585
1694635739305 -0.007311054352251878 586
1694635739352 -0.007301478145969931 587
1694635739404 -0.007291873854140318 588
1694635739446 -0.0072822414165685245 589
1694635739487 -0.0072725807729412395 590
1694635739530 -0.0072628918628265815 591
1694635739576 -0.007253174625672099 592
1694635739615 -0.007243429000806989 593
1694635739674 -0.007233654927443212 594
1694635739733 -0.007223852344669046 595
1694635739809 -0.007214021191455755 596
1694635739870 -0.007204161406653586 597
1694635739927 -0.007194272928992662 598
1694635739979 -0.007184355697082756 599
1694635740040 -0.007174409649411739 600
1694635740110 -0.007164434724350688 601
1694635740152 -0.007154430860143668 602
1694635740205 -0.007144397994917284 603
1694635740252 -0.007134336066676017 604
1694635740295 -0.007124245013302 605
1694635740334 -0.0071141247725554635 606
1694635740376 -0.007103975282073627 607
1694635740420 -0.007093796479374692 608
1694635740475 -0.007083588301852073 609
1694635740535 -0.007073350686773505 610
1694635740591 -0.0070630835712883755 611
1694635740636 -0.007052786892419949 612
1694635740677 -0.007042460587068922 613
1694635740711 -0.007032104592014754 614
1694635740751 -0.007021718843907232 615
1694635740787 -0.00701130327927757 616
1694635740843 -0.007000857834528418 617
1694635740898 -0.006990382445942744 618
1694635740955 -0.006979877049675842 619
1694635740996 -0.0069693415817559945 620
1694635741043 -0.006958775978090026 621
1694635741097 -0.006948180174457086 622
1694635741141 -0.006937554106511978 623
1694635741194 -0.006926897709782054 624
1694635741241 -0.006916210919673205 625
1694635741301 -0.006905493671456542 626
1694635741341 -0.006894745900286381 627
1694635741384 -0.006883967541182701 628
1694635741430 -0.006873158529041357 629
1694635741481 -0.006862318798634082 630
1694635741535 -0.006851448284599382 631
1694635741578 -0.006840546921452084 632
1694635741629 -0.006829614643578674 633
1694635741674 -0.006818651385237073 634
1694635741719 -0.006807657080556639 635
1694635741758 -0.006796631663537722 636
1694635741800 -0.0067855750680563265 637
1694635741834 -0.006774487227852788 638
1694635741870 -0.006763368076542875 639
1694635741909 -0.006752217547611572 640
1694635741945 -0.006741035574414855 641
1694635742000 -0.006729822090178139 642
1694635742041 -0.0067185770279971635 643
1694635742076 -0.00670730032083755 644
1694635742130 -0.006695991901534137 645
1694635742172 -0.006684651702792088 646
1694635742208 -0.006673279657183118 647
1694635742244 -0.006661875697151265 648
1694635742279 -0.006650439755006454 649
1694635742340 -0.0066389717629273814 650
1694635742387 -0.006627471652963068 651
1694635742429 -0.00661593935702709 652
1694635742468 -0.00660437480690379 653
1694635742537 -0.006592777934243177 654
1694635742611 -0.006581148670563142 655
1694635742671 -0.006569486947248793 656
1694635742707 -0.006557792695550457 657
1694635742745 -0.006546065846589899 658
1694635742791 -0.006534306331348327 659
1694635742833 -0.006522514080677055 660
1694635742879 -0.0065106890252939476 661
1694635742918 -0.006498831095780089 662
1694635742961 -0.0064869402225844475 663
1694635743024 -0.006475016336018546 664
1694635743076 -0.00646305936626157 665
1694635743121 -0.0064510692433557 666
1694635743170 -0.006439045897207896 667
1694635743215 -0.006426989257590332 668
1694635743264 -0.0064148992541386285 669
1694635743303 -0.006402775816351403 670
1694635743343 -0.006390618873592269 671
1694635743385 -0.0063784283550876175 672
1694635743426 -0.006366204189926394 673
1694635743470 -0.006353946307061875 674
1694635743522 -0.006341654635307004 675
1694635743571 -0.006329329103343051 676
1694635743619 -0.006316969639707404 677
1694635743670 -0.006304576172801779 678
1694635743726 -0.006292148630889782 679
1694635743768 -0.006279686942096685 680
1694635743820 -0.006267191034408537 681
1694635743870 -0.006254660835672388 682
1694635743947 -0.006242096273596731 683
1694635744001 -0.006229497275750173 684
1694635744058 -0.006216863769560321 685
1694635744102 -0.006204195682319558 686
1694635744153 -0.006191492941173715 687
1694635744207 -0.006178755473132291 688
1694635744259 -0.006165983205063341 689
1694635744325 -0.0061531760636941435 690
1694635744371 -0.006140333975610313 691
1694635744435 -0.0061274568672569085 692
1694635744496 -0.006114544664936883 693
1694635744543 -0.006101597294811523 694
1694635744586 -0.006088614682900673 695
1694635744641 -0.006075596755080737 696
1694635744685 -0.006062543437086454 697
1694635744731 -0.006049454654510011 698
1694635744774 -0.006036330332799711 699
1694635744835 -0.0060231703972613015 700
1694635744875 -0.006009974773057092 701
1694635744931 -0.005996743385205505 702
1694635744972 -0.005983476158579748 703
1694635745013 -0.00597017301791225 704
1694635745058 -0.0059568338877877824 705
1694635745111 -0.005943458692648784 706
1694635745158 -0.00593004735678937 707
1694635745211 -0.005916599804360656 708
1694635745262 -0.005903115959371874 709
1694635745308 -0.00588959574567971 710
1694635745357 -0.005876039086999185 711
1694635745401 -0.005862445906897884 712
1694635745444 -0.005848816128800172 713
1694635745490 -0.005835149675977869 714
1694635745538 -0.005821446471562686 715
1694635745581 -0.005807706438533344 716
1694635745624 -0.0057939294997244595 717
1694635745670 -0.00578011557782232 718
1694635745714 -0.005766264595365556 719
1694635745758 -0.0057523764747449135 720
1694635745794 -0.005738451138201706 721
1694635745849 -0.005724488507830694 722
1694635745909 -0.0057104885055758725 723
1694635745958 -0.005696451053232909 724
1694635746003 -0.005682376072448703 725
1694635746062 -0.0056682634847198266 726
1694635746104 -0.005654113211393863 727
1694635746155 -0.005639925173667404 728
1694635746205 -0.005625699292587383 729
1694635746246 -0.005611435489050631 730
1694635746291 -0.005597133683800992 731
1694635746362 -0.005582793797436203 732
1694635746403 -0.0055684157503965714 733
1694635746453 -0.005553999462974968 734
1694635746508 -0.005539544855309941 735
1694635746562 -0.005525051847392826 736
1694635746616 -0.005510520359056192 737
1694635746670 -0.005495950309983844 738
1694635746718 -0.005481341619707036 739
1694635746772 -0.005466694207602263 740
1694635746835 -0.005452007992894137 741
1694635746887 -0.005437282894653395 742
1694635746961 -0.005422518831796896 743
1694635747021 -0.005407715723086959 744
1694635747070 -0.005392873487132688 745
1694635747113 -0.005377992042388202 746
1694635747162 -0.005363071307152634 747
1694635747213 -0.005348111199570127 748
1694635747259 -0.005333111637630061 749
1694635747305 -0.005318072539165719 750
1694635747357 -0.005302993821853619 751
1694635747405 -0.005287875403219067 752
1694635747446 -0.005272717200624166 753
1694635747492 -0.005257519131278698 754
1694635747560 -0.005242281112234792 755
1694635747605 -0.0052270030603864814 756
1694635747659 -0.0052116848924748105 757
1694635747710 -0.005196326525075623 758
1694635747784 -0.0051809278746155485 759
1694635747823 -0.005165488857356015 760
1694635747883 -0.005150009389403909 761
1694635747946 -0.0051344893867064645 762
1694635748004 -0.0051189287650528215 763
1694635748058 -0.005103327440072025 764
1694635748111 -0.005087685327234803 765
1694635748152 -0.005072002341851789 766
1694635748206 -0.0050562783990730775 767
1694635748260 -0.00504051341388978 768
1694635748318 -0.005024707301132247 769
1694635748397 -0.005008859975470292 770
1694635748460 -0.004992971351412523 771
1694635748515 -0.004977041343305455 772
1694635748572 -0.004961069865338841 773
1694635748619 -0.0049450568315339005 774
1694635748661 -0.004929002155753981 775
1694635748707 -0.00491290575170078 776
1694635748754 -0.004896767532911461 777
1694635748794 -0.004880587412761317 778
1694635748846 -0.004864365304462659 779
1694635748899 -0.004848101121067483 780
1694635748947 -0.00483179477545681 781
1694635749011 -0.004815446180358007 782
1694635749074 -0.0047990552483239135 783
1694635749137 -0.004782621891753269 784
1694635749201 -0.00476614602287051 785
1694635749265 -0.004749627553745528 786
1694635749320 -0.004733066396273911 787
1694635749359 -0.004716462462190929 788
1694635749418 -0.004699815663063989 789
1694635749501 -0.0046831259102986245 790
1694635749611 -0.004666393115131617 791
1694635749674 -0.0046496171886312165 792
1694635749753 -0.004632798041701358 793
1694635749815 -0.004615935585080333 794
1694635749872 -0.004599029729337456 795
1694635749940 -0.0045820803848741765 796
1694635749999 -0.004565087461928075 797
1694635750063 -0.004548050870563314 798
1694635750112 -0.0045309705206793005 799
1694635750162 -0.004513846322006687 800
1694635750235 -0.004496678184106706 801
1694635750286 -0.004479466016371836 802
1694635750352 -0.004462209728025357 803
1694635750405 -0.004444909228120908 804
1694635750450 -0.004427564425542929 805
1694635750507 -0.004410175229005109 806
1694635750558 -0.004392741547051049 807
1694635750615 -0.004375263288053821 808
1694635750655 -0.004357740360215967 809
1694635750695 -0.0043401726715683875 810
1694635750735 -0.004322560129969677 811
1694635750779 -0.00430490264311123 812
1694635750824 -0.004287200118506362 813
1694635750873 -0.0042694524634996345 814
1694635750923 -0.004251659585263301 815
1694635750970 -0.0042338213907955335 816
1694635751043 -0.004215937786922863 817
1694635751098 -0.004198008680297738 818
1694635751154 -0.004180033977399189 819
1694635751236 -0.004162013584532831 820
1694635751279 -0.004143947407829751 821
1694635751327 -0.004125835353246954 822
1694635751419 -0.0041076773265671385 823
1694635751468 -0.004089473233397589 824
1694635751524 -0.004071222979170619 825
1694635751569 -0.004052926469143792 826
1694635751622 -0.004034583608398146 827
1694635751676 -0.00401619430183886 828
1694635751719 -0.003997758454195255 829
1694635751781 -0.003979275970020346 830
1694635751831 -0.003960746753689959 831
1694635751903 -0.003942170709402948 832
1694635751964 -0.003923547741180977 833
1694635752024 -0.0039048777528671863 834
1694635752079 -0.0038861606481312982 835
1694635752129 -0.0038673963304576287 836
1694635752191 -0.0038485847031575204 837
1694635752248 -0.0038297256693620163 838
1694635752291 -0.003810819132022747 839
1694635752336 -0.003791864993913485 840
1694635752381 -0.003772863157627482 841
1694635752431 -0.003753813525577021 842
1694635752481 -0.0037347160000000823 843
1694635752558 -0.003715570482945907 844
1694635752616 -0.003696376876288987 845
1694635752670 -0.0036771350817212944 846
1694635752731 -0.0036578450007538343 847
1694635752801 -0.0036385065347155354 848
1694635752860 -0.003619119584754138 849
1694635752915 -0.0035996840518388584 850
1694635752981 -0.003580199836749731 851
1694635753028 -0.003560666840089377 852
1694635753070 -0.0035410849622758978 853
1694635753130 -0.0035214541035453184 854
1694635753202 -0.003501774163949589 855
1694635753247 -0.0034820450433572514 856
1694635753283 -0.0034622666414529935 857
1694635753329 -0.003442438857737651 858
1694635753363 -0.0034225615915273178 859
1694635753409 -0.0034026347419520153 860
1694635753453 -0.0033826582079623524 861
1694635753498 -0.003362631888314427 862
1694635753546 -0.0033425556815889212 863
1694635753597 -0.0033224294861724513 864
1694635753647 -0.003302253200269778 865
1694635753699 -0.003282026721898257 866
1694635753753 -0.00326174994888917 867
1694635753812 -0.0032414227788852834 868
1694635753850 -0.003221045109346843 869
1694635753883 -0.0032006168375398047 870
1694635753924 -0.0031801378605458286 871
1694635753969 -0.0031596080752607225 872
1694635754018 -0.0031390273783897804 873
1694635754056 -0.00311839566644756 874
1694635754094 -0.003097712835762989 875
1694635754134 -0.003076978782474704 876
1694635754174 -0.003056193402532159 877
1694635754212 -0.00303535659169496 878
1694635754252 -0.0030144682455330862 879
1694635754299 -0.0029935282594255597 880
1694635754336 -0.0029725365285613314 881
1694635754376 -0.0029514929479390606 882
1694635754417 -0.0029303974123644494 883
1694635754476 -0.0029092498164546843 884
1694635754527 -0.0028880500546326626 885
1694635754575 -0.0028667980211303234 886
1694635754626 -0.002845493609987315 887
1694635754676 -0.002824136715053882 888
1694635754722 -0.0028027272299808725 889
1694635754778 -0.002781265048231507 890
1694635754822 -0.002759750063073829 891
1694635754864 -0.0027381821675820373 892
1694635754906 -0.002716561254637373 893
1694635754951 -0.002694887216926123 894
1694635754991 -0.00267315994693873 895
1694635755031 -0.002651379336975568 896
1694635755086 -0.002629545279138723 897
1694635755136 -0.002607657665331331 898
1694635755195 -0.0025857163872695654 899
1694635755242 -0.002563721336465985 900
1694635755286 -0.0025416724042404137 901
1694635755341 -0.002519569481714612 902
1694635755381 -0.0024974124598189373 903
1694635755436 -0.0024752012292788006 904
1694635755498 -0.0024529356806273217 905
1694635755544 -0.0024306157041988907 906
1694635755584 -0.0024082411901285017 907
1694635755636 -0.0023858120283573037 908
1694635755687 -0.0023633281086259394 909
1694635755732 -0.002340789320472103 910
1694635755779 -0.0023181955532398657 911
1694635755828 -0.00229554669607257 912
1694635755869 -0.0022728426379121647 913
1694635755912 -0.0022500832675047544 914
1694635755956 -0.0022272684733939396 915
1694635756007 -0.002204398143920594 916
1694635756065 -0.0021814721672286375 917
1694635756117 -0.0021584904312588193 918
1694635756164 -0.0021354528237507164 919
1694635756212 -0.002112359232246286 920
1694635756259 -0.002089209544079651 921
1694635756333 -0.0020660036463864273 922
1694635756385 -0.0020427414260986154 923
1694635756440 -0.0020194227699463774 924
1694635756500 -0.0019960475644564823 925
1694635756557 -0.0019726156959509744 926
1694635756613 -0.0019491270505540559 927
1694635756664 -0.0019255815141776544 928
1694635756719 -0.001901978972535412 929
1694635756773 -0.0018783193111353569 930
1694635756833 -0.0018546024152799045 931
1694635756894 -0.0018308281700676332 932
1694635756936 -0.0018069964603912858 933
1694635756983 -0.001783107170938214 934
1694635757036 -0.00175916018618949 935
1694635757080 -0.0017351553904214612 936
1694635757128 -0.0017110926677024185 937
1694635757201 -0.0016869719018952622 938
1694635757256 -0.0016627929766550587 939
1694635757311 -0.0016385557754297064 940
1694635757351 -0.0016142601814606028 941
1694635757388 -0.001589906077779979 942
1694635757428 -0.0015654933472135646 943
1694635757469 -0.0015410218723765912 944
1694635757531 -0.0015164915356771225 945
1694635757573 -0.0014919022193142784 946
1694635757620 -0.0014672538052773465 947
1694635757662 -0.0014425461753462265 948
1694635757702 -0.0014177792110896537 949
1694635757743 -0.001392952793872082 950
1694635757791 -0.0013680668048390299 951
1694635757832 -0.001343121124930624 952
1694635757877 -0.001318115634874939 953
1694635757919 -0.0012930502151891066 954
1694635757960 -0.0012679247461782062 955
1694635758003 -0.0012427391079357086 956
1694635758056 -0.0012174931803430322 957
1694635758102 -0.0011921868430673221 958
1694635758160 -0.0011668199755696662 959
1694635758220 -0.0011413924570884415 960
1694635758266 -0.0011159041666546354 961
1694635758340 -0.001090354983088071 962
1694635758394 -0.0010647447849878588 963
1694635758435 -0.0010390734507439436 964
1694635758471 -0.0010133408585299986 965
1694635758516 -0.0009875468863058678 966
1694635758554 -0.0009616914118160125 967
1694635758598 -0.0009357743125895102 968
1694635758653 -0.0009097954659391672 969
1694635758714 -0.0008837547489666253 970
1694635758757 -0.0008576520385497055 971
1694635758796 -0.0008314872113548422 972
1694635758842 -0.000805260143830866 973
1694635758891 -0.0007789707122078937 974
1694635758932 -0.0007526187925050998 975
1694635758972 -0.0007262042605140628 976
1694635759018 -0.0006997269918160853 977
1694635759061 -0.0006731868617706471 978
1694635759103 -0.0006465837455240653 979
1694635759226 -0.0006199175179955052 980
1694635759263 -0.0005931880538923018 981
1694635759303 -0.000566395227698635 982
1694635759335 -0.0005395389136813034 983
1694635759373 -0.0005126189858861707 984
1694635759410 -0.0004856353181390549 985
1694635759444 -0.00045858778404572753 986
1694635759481 -0.00043147625699035963 987
1694635759543 -0.0004043006101377422 988
1694635759591 -0.00037706071642862327 989
1694635759640 -0.0003497564485877014 990
1694635759683 -0.0003223876791089708 991
1694635759723 -0.00029495428027503934 992
1694635759767 -0.000267456124135812 993
1694635759830 -0.00023989308252336805 994
1694635759874 -0.00021226502705107286 995
1694635759937 -0.0001845718291000331 996
1694635759999 -0.00015681335983330769 997
1694635760058 -0.00012898949018902428 998
1694635760134 -0.00010110009088126759 999
