1694634907551 144.31137891597064 0
1694634907586 117.6769878108118 1
1694634907618 93.89285781232553 2
1694634907653 76.12934194513734 3
1694634907687 60.78793062268816 4
1694634907721 48.14950733806015 5
1694634907761 38.45555319405526 6
1694634907806 31.132526526741824 7
1694634907842 25.090975856582467 8
1694634907879 19.74038165793689 9
1694634907911 16.251559800250746 10
1694634907946 12.835239014415471 11
1694634907983 10.303565911897085 12
1694634908017 8.406761993359112 13
1694634908052 6.635726728360332 14
1694634908086 5.313909520564397 15
1694634908121 4.337308810288571 16
1694634908155 3.44392425678897 17
1694634908189 2.7729572628067487 18
1694634908224 2.078272818696974 19
1694634908256 1.8348723297363465 20
1694634908291 1.5338908768279642 21
1694634908326 1.2403856368930566 22
1694634908359 0.9939637027048062 23
1694634908390 0.8218677004524104 24
1694634908422 0.668230349162582 25
1694634908453 0.5171987555260881 26
1694634908486 0.5059361672874187 27
1694634908521 0.42064444406535834 28
1694634908553 0.3542455486393752 29
1694634908587 0.30364075532393503 30
1694634908622 0.26393104419723057 31
1694634908655 0.2076798146949801 32
1694634908692 0.20310047594280492 33
1694634908725 0.1828505147720343 34
1694634908763 0.16042860698790296 35
1694634908798 0.1495969023586095 36
1694634908832 0.1441571783906336 37
1694634908866 0.12307296922784432 38
1694634908899 0.13575652938732297 39
1694634908933 0.14284188374016388 40
1694634908967 0.13073178162339072 41
1694634909002 0.1067787539476768 42
1694634909037 0.1298268265037261 43
1694634909071 0.0995423001390603 44
1694634909103 0.1112517303276276 45
1694634909137 0.11190630271019851 46
1694634909170 0.10933402023382907 47
1694634909203 0.13453714972263897 48
1694634909235 0.09287172369459759 49
1694634909269 0.09736614389791902 50
1694634909305 0.11991814808742936 51
1694634909338 0.1096465134428415 52
1694634909373 0.10417113782232847 53
1694634909405 0.09787928080642361 54
1694634909437 0.11450481738635072 55
1694634909470 0.086042944072278 56
1694634909504 0.13348707176058433 57
1694634909536 0.0886639870531991 58
1694634909568 0.13887142784644782 59
1694634909602 0.11351819581577871 60
1694634909636 0.1049064610766654 61
1694634909668 0.10870640263838442 62
1694634909701 0.10709962647296824 63
1694634909733 0.09355149373786754 64
1694634909767 0.08949124264143521 65
1694634909800 0.10390044498759994 66
1694634909833 0.09413409165861068 67
1694634909865 0.09822379613951772 68
1694634909898 0.07375542100704315 69
1694634909937 0.0758472935177583 70
1694634909974 0.09104145317006902 71
1694634910012 0.1064085694146042 72
1694634910045 0.10091181679817468 73
1694634910080 0.11414026858360378 74
1694634910112 0.10950599848477852 75
1694634910145 0.08370105722263113 76
1694634910180 0.10471989750493124 77
1694634910214 0.08657795826413535 78
1694634910249 0.09546655897453442 79
1694634910288 0.10582860460897536 80
1694634910320 0.10911651877326936 81
1694634910353 0.0870329063382532 82
1694634910387 0.10621350042477887 83
1694634910421 0.09192535047049946 84
1694634910457 0.07852524579579741 85
1694634910492 0.09829452231540879 86
1694634910524 0.11827859438358665 87
1694634910558 0.09987865092176892 88
1694634910589 0.09917338538998847 89
1694634910624 0.10594857762893896 90
1694634910656 0.08620073177622821 91
1694634910691 0.1156460557128247 92
1694634910728 0.09977118840899733 93
1694634910761 0.11882181096214849 94
1694634910797 0.08596392070988981 95
1694634910829 0.09829502488669564 96
1694634910864 0.09189053341581842 97
1694634910897 0.09057116044496526 98
1694634910932 0.09165530958268661 99
1694634910964 0.10235820560798178 100
1694634910998 0.08732011080180513 101
1694634911031 0.15178262124394348 102
1694634911066 0.11256215083175758 103
1694634911098 0.14624415480997302 104
1694634911134 0.1122512732276227 105
1694634911166 0.10925772076993605 106
1694634911200 0.12522432902904598 107
1694634911233 0.09357489740086955 108
1694634911265 0.099015473566395 109
1694634911300 0.08953846938914513 110
1694634911335 0.0896323524954878 111
1694634911368 0.09267956585284393 112
1694634911403 0.11014026647613541 113
1694634911438 0.08949850567917964 114
1694634911470 0.12384485008532872 115
1694634911508 0.08806746054484985 116
1694634911543 0.08002011259703636 117
1694634911577 0.09957317810822502 118
1694634911611 0.08529717361002162 119
1694634911645 0.13262204722070844 120
1694634911679 0.0824530038867356 121
1694634911712 0.11681779055642152 122
1694634911746 0.09292507446982627 123
1694634911780 0.10406457128753355 124
1694634911814 0.082187893262524 125
1694634911847 0.07627912381249029 126
1694634911881 0.10316681796132156 127
1694634911915 0.09475257357065456 128
1694634911951 0.09827026037627194 129
1694634911987 0.10209692779449582 130
1694634912022 0.08961110451439021 131
1694634912056 0.09932581552300221 132
1694634912089 0.09212885797626812 133
1694634912121 0.11115947642931688 134
1694634912154 0.11695941094956656 135
1694634912189 0.11345134421321589 136
1694634912222 0.08808823292269286 137
1694634912255 0.10710720696716433 138
1694634912288 0.10365976003343068 139
1694634912321 0.11206953467317618 140
1694634912355 0.07746354736072192 141
1694634912390 0.08278268765801716 142
1694634912428 0.10642893135014365 143
1694634912463 0.10488039052540732 144
1694634912497 0.14881769669463632 145
1694634912531 0.10184881114604814 146
1694634912565 0.09899644470294934 147
1694634912598 0.09793597729414924 148
1694634912634 0.07380306766631195 149
1694634912667 0.08425722146924056 150
1694634912700 0.10386338391342957 151
1694634912735 0.10401480139487738 152
1694634912770 0.12235975727632724 153
1694634912803 0.10571218693555678 154
1694634912836 0.09028129990405719 155
1694634912869 0.09686073535379552 156
1694634912903 0.10094356289884195 157
1694634912936 0.09410587054578358 158
1694634912969 0.10562901181660256 159
1694634913006 0.10940451698029606 160
1694634913038 0.08962115028662279 161
1694634913072 0.09457975553119793 162
1694634913106 0.07959273500414564 163
1694634913141 0.11920829386087888 164
1694634913176 0.09538555228812777 165
1694634913210 0.09236622857254756 166
1694634913244 0.11222542696526545 167
1694634913279 0.10489968629772356 168
1694634913311 0.09021539066735035 169
1694634913344 0.0947157294755425 170
1694634913377 0.07787028357814234 171
1694634913410 0.10674680595145876 172
1694634913442 0.09710409111930722 173
1694634913474 0.09174489024655395 174
1694634913512 0.08310432279639104 175
1694634913545 0.09792314628711149 176
1694634913578 0.08786151018384995 177
1694634913612 0.10392710593430138 178
1694634913645 0.08402803789284759 179
1694634913678 0.1033204679578465 180
1694634913710 0.0721037702716357 181
1694634913742 0.07002671104071248 182
1694634913782 0.094205214201192 183
1694634913820 0.09024502801646006 184
1694634913853 0.10980784910385595 185
