1694634907560 -0.003968294946112172 0
1694634907593 -0.003528806487310465 1
1694634907627 -0.0022183524357646256 2
1694634907663 -0.0010613963815682137 3
1694634907695 0.0003930404045396907 4
1694634907733 0.0019057743751051959 5
1694634907772 0.004739384060868601 6
1694634907817 0.008754776285603061 7
1694634907851 0.012464377262441872 8
1694634907885 0.01640576275287664 9
1694634907918 0.02092096887391548 10
1694634907955 0.037590369044187555 11
1694634907991 0.03405157895006272 12
1694634908026 0.049132956881678735 13
1694634908061 0.05285951932980082 14
1694634908094 0.08196650150211271 15
1694634908130 0.12387816497041904 16
1694634908163 0.1326560076449581 17
1694634908197 0.14262244782313027 18
1694634908231 0.23724690194937215 19
1694634908266 0.21273487724765405 20
1694634908300 0.20745703298702045 21
1694634908333 0.2666923257569218 22
1694634908366 0.34160520503506897 23
1694634908397 0.34049616371682545 24
1694634908430 0.3634455166210506 25
1694634908462 0.4512812967278488 26
1694634908496 0.44453209909777924 27
1694634908529 0.5509889324527337 28
1694634908562 0.5916615016133104 29
1694634908596 0.5948128486318891 30
1694634908630 0.658218862969747 31
1694634908663 0.7278031808760446 32
1694634908700 0.7181301825187401 33
1694634908732 0.7134168881870455 34
1694634908770 0.7868075543230747 35
1694634908806 0.7791316108727264 36
1694634908841 0.7941958385168293 37
1694634908873 0.8268171169980425 38
1694634908906 0.7538641013973495 39
1694634908941 0.8029013174626143 40
1694634908975 0.8155304389803414 41
1694634909012 0.8431534773509689 42
1694634909046 0.7837705821413162 43
1694634909079 0.8480946822997872 44
1694634909112 0.791104920405897 45
1694634909145 0.8307044154333135 46
1694634909179 0.8277834175141716 47
1694634909211 0.7503408242370946 48
1694634909244 0.8258283001550923 49
1694634909278 0.8168115763466066 50
1694634909313 0.8098038915307462 51
1694634909348 0.7925414998335185 52
1694634909380 0.8536929718228715 53
1694634909413 0.859883043956724 54
1694634909445 0.8001145318255192 55
1694634909478 0.8312167367230434 56
1694634909513 0.791254618016603 57
1694634909544 0.8416069755402124 58
1694634909577 0.7926999739566198 59
1694634909610 0.8357552971167482 60
1694634909644 0.792596674641732 61
1694634909676 0.8425056966206638 62
1694634909709 0.8338982446784653 63
1694634909742 0.8543212254025134 64
1694634909775 0.8498087804368115 65
1694634909807 0.8356102754959481 66
1694634909839 0.8479154113442522 67
1694634909874 0.8354084539605695 68
1694634909908 0.8606162367006422 69
1694634909947 0.8894288413778308 70
1694634909983 0.8312504899412597 71
1694634910019 0.7871805772281011 72
1694634910053 0.8326973237878093 73
1694634910086 0.7997544981733063 74
1694634910120 0.7994456129003075 75
1694634910152 0.8361949317271069 76
1694634910187 0.8290825154809751 77
1694634910222 0.8624018693266393 78
1694634910260 0.8556608142867729 79
1694634910296 0.8198301499802744 80
1694634910328 0.8398493087804758 81
1694634910362 0.8406992776399604 82
1694634910396 0.8220842321042614 83
1694634910430 0.8300184416128011 84
1694634910465 0.8507779332697205 85
1694634910500 0.8278121583907209 86
1694634910532 0.8181255253599362 87
1694634910565 0.8164958536248842 88
1694634910599 0.8231435042134384 89
1694634910631 0.8338736863453255 90
1694634910665 0.822392188933425 91
1694634910698 0.7794534384986447 92
1694634910735 0.8091737781321469 93
1694634910770 0.7647071785746614 94
1694634910804 0.8700062135241762 95
1694634910837 0.8013979148551195 96
1694634910871 0.856328851777927 97
1694634910905 0.8377163184104586 98
1694634910938 0.8762699094456365 99
1694634910971 0.8365568842357418 100
1694634911006 0.8499522743708876 101
1694634911039 0.7427337285182549 102
1694634911073 0.7955801847575453 103
1694634911107 0.764531430762432 104
1694634911142 0.7924738965776388 105
1694634911175 0.8101949655341053 106
1694634911209 0.7684406044163833 107
1694634911241 0.8334748359976919 108
1694634911272 0.8405458862919181 109
1694634911309 0.8468101947744973 110
1694634911342 0.8533094271456081 111
1694634911376 0.8199837062116716 112
1694634911410 0.8235668945140612 113
1694634911446 0.8638987331215967 114
1694634911479 0.7509797614701732 115
1694634911517 0.8501830828236352 116
1694634911552 0.8495756360677376 117
1694634911585 0.8341400875528439 118
1694634911618 0.8264199258003213 119
1694634911652 0.7675535512646117 120
1694634911687 0.8539668895949797 121
1694634911719 0.7638204536061903 122
1694634911754 0.8277546615476695 123
1694634911787 0.8360951742466032 124
1694634911821 0.8680817088800874 125
1694634911854 0.8416372118770379 126
1694634911888 0.8302650041695874 127
1694634911924 0.8374211004553773 128
1694634911959 0.8001536336130567 129
1694634911996 0.8133046993772958 130
1694634912030 0.8416393683665293 131
1694634912064 0.8209036797473521 132
1694634912097 0.8532852184713046 133
1694634912129 0.8379029801754241 134
1694634912162 0.8177338393044424 135
1694634912197 0.8207874919544201 136
1694634912230 0.8372023152738416 137
1694634912263 0.8263377729963042 138
1694634912297 0.822361536094598 139
1694634912329 0.7862134103520844 140
1694634912364 0.8573817227457183 141
1694634912399 0.8527880921086921 142
1694634912435 0.8245424440266628 143
1694634912470 0.8282522903199081 144
1694634912505 0.789068176477362 145
1694634912538 0.7913710717576918 146
1694634912571 0.8006861790127451 147
1694634912605 0.8380337851929596 148
1694634912642 0.8671171313354772 149
1694634912676 0.8615255035593105 150
1694634912709 0.8729365852136078 151
1694634912743 0.8110865715906074 152
1694634912780 0.7898569228289856 153
1694634912811 0.7934132910404291 154
1694634912844 0.8311220479752596 155
1694634912878 0.8564496209431045 156
1694634912912 0.8363279140876891 157
1694634912945 0.835116365862999 158
1694634912977 0.8378252942850547 159
1694634913014 0.8420797664639538 160
1694634913046 0.8572244723033536 161
1694634913081 0.8364827577954019 162
1694634913115 0.8712370250901049 163
1694634913149 0.8082841944940691 164
1694634913184 0.8411068255910821 165
1694634913219 0.8293246535403767 166
1694634913251 0.8202774086460771 167
1694634913285 0.8170026737599845 168
1694634913318 0.8525455572474365 169
1694634913351 0.843017473030192 170
1694634913384 0.896298069518162 171
1694634913416 0.8254954673106009 172
1694634913449 0.8324640306136294 173
1694634913485 0.8443777753528308 174
1694634913519 0.8553275026661968 175
1694634913552 0.828242961518541 176
1694634913585 0.8411946359161933 177
1694634913620 0.7837748938442628 178
1694634913652 0.8337651323839803 179
1694634913685 0.8203765464326804 180
1694634913718 0.8759078477141136 181
1694634913750 0.8770443206751686 182
1694634913793 0.859663103430962 183
1694634913828 0.8581800115312649 184
1694634913861 0.7572685452502936 185
