1694635816255 174.95464141630202 0
1694635816306 174.60313832667822 1
1694635816347 174.25234544595813 2
1694635816388 173.9022613264991 3
1694635816448 173.5528845236537 4
1694635816514 173.2042135957634 5
1694635816576 172.8562471041522 6
1694635816628 172.5089836131203 7
1694635816684 172.1624216899378 8
1694635816732 171.81655990483836 9
1694635816784 171.4713968310131 10
1694635816834 171.12693104460402 11
1694635816879 170.78316112469813 12
1694635816928 170.44008565332078 13
1694635816988 170.09770321542976 14
1694635817034 169.75601239890904 15
1694635817085 169.41501179456236 16
1694635817129 169.07469999610734 17
1694635817171 168.73507560016904 18
1694635817219 168.39613720627403 19
1694635817278 168.05788341684402 20
1694635817327 167.72031283718997 21
1694635817377 167.38342407550573 22
1694635817439 167.0472157428621 23
1694635817480 166.71168645320074 24
1694635817531 166.37683482332795 25
1694635817568 166.04265947290875 26
1694635817611 165.7091590244608 27
1694635817654 165.37633210334826 28
1694635817701 165.0441773377759 29
1694635817777 164.71269335878299 30
1694635817820 164.38187880023736 31
1694635817877 164.05173229882945 32
1694635817927 163.7222524940662 33
1694635817978 163.39343802826522 34
1694635818024 163.06528754654877 35
1694635818070 162.73779969683793 36
1694635818116 162.4109731298465 37
1694635818162 162.08480649907528 38
1694635818213 161.75929846080606 39
1694635818281 161.43444767409582 40
1694635818354 161.11025280077075 41
1694635818418 160.78671250542055 42
1694635818466 160.4638254553924 43
1694635818517 160.1415903207853 44
1694635818562 159.82000577444416 45
1694635818603 159.499070491954 46
1694635818645 159.17878315163426 47
1694635818684 158.85914243453286 48
1694635818728 158.54014702442052 49
1694635818778 158.22179560778508 50
1694635818823 157.90408687382555 51
1694635818864 157.5870195144466 52
1694635818904 157.27059222425282 53
1694635818948 156.95480370054284 54
1694635819000 156.63965264330375 55
1694635819050 156.32513775520553 56
1694635819105 156.01125774159522 57
1694635819147 155.6980113104913 58
1694635819204 155.38539717257814 59
1694635819254 155.07341404120027 60
1694635819314 154.76206063235685 61
1694635819371 154.4513356646959 62
1694635819435 154.141237859509 63
1694635819511 153.8317659407254 64
1694635819578 153.52291863490666 65
1694635819631 153.214694671241 66
1694635819671 152.90709278153784 67
1694635819717 152.6001117002221 68
1694635819763 152.29375016432894 69
1694635819810 151.988006913498 70
1694635819869 151.682880689968 71
1694635819917 151.3783702385714 72
1694635819986 151.0744743067287 73
1694635820048 150.7711916444431 74
1694635820130 150.46852100429507 75
1694635820185 150.16646114143677 76
1694635820244 149.865010813587 77
1694635820302 149.56416878102522 78
1694635820353 149.26393380658664 79
1694635820398 148.96430465565658 80
1694635820435 148.66528009616528 81
1694635820472 148.36685889858228 82
1694635820523 148.06903983591133 83
1694635820565 147.77182168368483 84
1694635820601 147.4752032199587 85
1694635820637 147.17918322530687 86
1694635820696 146.88376048281614 87
1694635820748 146.58893377808084 88
1694635820792 146.29470189919743 89
1694635820845 146.00106363675943 90
1694635820905 145.70801778385194 91
1694635820969 145.41556313604661 92
1694635821020 145.12369849139623 93
1694635821071 144.83242265042963 94
1694635821127 144.5417344161464 95
1694635821171 144.2516325940117 96
1694635821219 143.962115991951 97
1694635821304 143.67318342034508 98
1694635821392 143.3848336920247 99
1694635821438 143.09706562226543 100
1694635821495 142.80987802878275 101
1694635821541 142.52326973172651 102
1694635821588 142.23723955367623 103
1694635821631 141.95178631963563 104
1694635821684 141.66690885702783 105
1694635821733 141.38260599568997 106
1694635821785 141.09887656786844 107
1694635821833 140.81571940821348 108
1694635821888 140.53313335377447 109
1694635821935 140.25111724399457 110
1694635821985 139.96966992070588 111
1694635822037 139.68879022812442 112
1694635822088 139.40847701284494 113
1694635822136 139.12872912383614 114
1694635822197 138.84954541243548 115
1694635822237 138.57092473234437 116
1694635822288 138.29286593962308 117
1694635822334 138.0153678926859 118
1694635822387 137.73842945229606 119
1694635822436 137.4620494815608 120
1694635822500 137.18622684592663 121
1694635822551 136.9109604131742 122
1694635822605 136.63624905341342 123
1694635822719 136.36209163907876 124
1694635822803 136.0884870449241 125
1694635822844 135.81543414801806 126
1694635822894 135.54293182773904 127
1694635822936 135.2709789657704 128
1694635822982 134.99957444609564 129
1694635823022 134.7287171549934 130
1694635823065 134.45840598103297 131
1694635823104 134.18863981506917 132
1694635823146 133.91941755023768 133
1694635823187 133.6507380819503 134
1694635823236 133.38260030789 135
1694635823289 133.1150031280064 136
1694635823336 132.8479454445108 137
1694635823370 132.58142616187152 138
1694635823404 132.3154441868091 139
1694635823438 132.0499984282917 140
1694635823485 131.78508779753034 141
1694635823526 131.52071120797405 142
1694635823582 131.25686757530534 143
1694635823631 130.99355581743546 144
1694635823701 130.73077485449977 145
1694635823767 130.4685236088529 146
1694635823837 130.20680100506434 147
1694635823888 129.94560596991363 148
1694635823946 129.68493743238582 149
1694635823986 129.42479432366667 150
1694635824037 129.16517557713826 151
1694635824100 128.90608012837436 152
1694635824167 128.64750691513558 153
1694635824215 128.38945487736507 154
1694635824268 128.1319229571838 155
1694635824328 127.8749100988861 156
1694635824377 127.61841524893497 157
1694635824435 127.36243735595757 158
1694635824550 127.10697537074086 159
1694635824601 126.85202824622672 160
1694635824660 126.59759493750784 161
1694635824727 126.3436744018229 162
1694635824781 126.09026559855224 163
1694635824851 125.83736748921326 164
1694635824911 125.58497903745611 165
1694635824971 125.33309920905897 166
1694635825040 125.0817269719239 167
1694635825109 124.8308612960721 168
1694635825183 124.58050115363966 169
1694635825234 124.3306455188731 170
1694635825269 124.08129336812482 171
1694635825337 123.83244367984894 172
1694635825413 123.5840954345966 173
1694635825470 123.3362476150118 174
1694635825555 123.08889920582698 175
1694635825611 122.84204919385847 176
1694635825662 122.59569656800244 177
1694635825710 122.34984031923022 178
1694635825760 122.10447944058423 179
1694635825799 121.85961292717337 180
1694635825878 121.61523977616903 181
1694635825970 121.37135898680042 182
1694635826052 121.1279695603506 183
1694635826162 120.88507050015188 184
1694635826240 120.64266081158172 185
1694635826334 120.40073950205844 186
1694635826419 120.15930558103685 187
1694635826499 119.91835806000412 188
1694635826584 119.6778959524754 189
1694635826667 119.43791827398968 190
1694635826747 119.19842404210546 191
1694635826826 118.95941227639666 192
1694635826921 118.7208819984483 193
1694635827004 118.4828322318523 194
1694635827079 118.24526200220335 195
1694635827154 118.00817033709464 196
1694635827257 117.77155626611373 197
1694635827324 117.53541882083842 198
1694635827395 117.2997570348325 199
1694635827469 117.06456994364157 200
1694635827553 116.82985658478917 201
1694635827620 116.59561599777227 202
1694635827676 116.36184722405739 203
1694635827728 116.1285493070764 204
1694635827790 115.89572129222243 205
1694635827821 115.66336222684578 206
1694635827867 115.43147116024986 207
1694635827937 115.20004714368697 208
1694635827995 114.96908923035446 209
1694635828053 114.73859647539047 210
1694635828094 114.5085679358699 211
1694635828143 114.27900267080054 212
1694635828217 114.04989974111875 213
1694635828291 113.82125820968572 214
1694635828370 113.59307714128326 215
1694635828412 113.36535560260987 216
1694635828467 113.13809266227662 217
1694635828521 112.91128739080341 218
1694635828583 112.6849388606147 219
1694635828639 112.45904614603569 220
1694635828704 112.23360832328838 221
1694635828769 112.0086244704875 222
1694635828821 111.78409366763663 223
1694635828887 111.56001499662426 224
1694635828933 111.33638754121979 225
1694635828985 111.11321038706973 226
1694635829043 110.89048262169362 227
1694635829091 110.66820333448028 228
1694635829170 110.44637161668385 229
1694635829245 110.22498656141978 230
1694635829295 110.00404726366116 231
1694635829352 109.78355282023473 232
1694635829403 109.56350232981706 233
1694635829461 109.34389489293046 234
1694635829510 109.12472961193961 235
1694635829561 108.90600559104723 236
1694635829603 108.68772193629054 237
1694635829652 108.46987775553734 238
1694635829693 108.25247215848215 239
1694635829736 108.0355042566425 240
1694635829786 107.81897316335512 241
1694635829830 107.60287799377203 242
1694635829879 107.38721786485685 243
1694635829924 107.17199189538107 244
1694635829983 106.95719920592012 245
1694635830035 106.74283891884988 246
1694635830083 106.52891015834254 247
1694635830131 106.31541205036326 248
1694635830184 106.10234372266616 249
1694635830236 105.88970430479074 250
1694635830287 105.67749292805802 251
1694635830346 105.46570872556698 252
1694635830392 105.25435083219077 253
1694635830436 105.04341838457306 254
1694635830488 104.83291052112425 255
1694635830535 104.62282638201798 256
1694635830581 104.41316510918722 257
1694635830617 104.20392584632083 258
1694635830652 103.99510773885972 259
1694635830696 103.78670993399338 260
1694635830746 103.57873158065603 261
1694635830789 103.3711718295232 262
1694635830852 103.16402983300794 263
1694635830917 102.95730474525732 264
1694635830971 102.75099572214873 265
1694635831016 102.5451019212863 266
1694635831054 102.33962250199741 267
1694635831092 102.13455662532894 268
1694635831129 101.92990345404375 269
1694635831170 101.72566215261722 270
1694635831213 101.52183188723349 271
1694635831255 101.31841182578209 272
1694635831291 101.11540113785429 273
1694635831331 100.91279899473949 274
1694635831380 100.71060456942193 275
1694635831422 100.5088170365769 276
1694635831479 100.30743557256736 277
1694635831550 100.10645935544036 278
1694635831602 99.90588756492372 279
1694635831665 99.70571938242223 280
1694635831712 99.5059539910144 281
1694635831767 99.30659057544894 282
1694635831816 99.10762832214111 283
1694635831867 98.9090664191696 284
1694635831914 98.71090405627275 285
1694635831961 98.51314042484519 286
1694635832011 98.31577471793452 287
1694635832050 98.11880613023767 288
1694635832095 97.92223385809767 289
1694635832154 97.7260570995001 290
1694635832205 97.5302750540697 291
1694635832252 97.33488692306703 292
1694635832302 97.13989190938494 293
1694635832350 96.94528921754534 294
1694635832402 96.75107805369566 295
1694635832454 96.55725762560559 296
1694635832503 96.36382714266362 297
1694635832552 96.17078581587376 298
1694635832599 95.97813285785213 299
1694635832648 95.78586748282359 300
1694635832690 95.5939889066185 301
1694635832738 95.40249634666928 302
1694635832787 95.21138902200704 303
1694635832834 95.02066615325849 304
1694635832902 94.83032696264236 305
1694635832970 94.64037067396629 306
1694635833024 94.45079651262337 307
1694635833071 94.26160370558898 308
1694635833133 94.07279148141744 309
1694635833187 93.88435907023874 310
1694635833247 93.69630570375529 311
1694635833293 93.50863061523859 312
1694635833330 93.32133303952608 313
1694635833368 93.13441221301778 314
1694635833411 92.94786737367315 315
1694635833456 92.76169776100777 316
1694635833504 92.57590261609013 317
1694635833550 92.3904811815384 318
1694635833597 92.20543270151732 319
1694635833650 92.02075642173483 320
1694635833711 91.83645158943895 321
1694635833755 91.65251745341457 322
1694635833811 91.46895326398032 323
1694635833869 91.28575827298526 324
1694635833921 91.10293173380585 325
1694635833969 90.9204729013426 326
1694635834017 90.7383810320172 327
1694635834070 90.55665538376904 328
1694635834127 90.37529521605225 329
1694635834205 90.19429978983253 330
1694635834323 90.01366836758397 331
1694635834369 89.833400213286 332
1694635834419 89.65349459242019 333
1694635834468 89.47395077196717 334
1694635834539 89.29476802040351 335
1694635834592 89.11594560769869 336
1694635834645 88.93748280531187 337
1694635834699 88.7593788861889 338
1694635834733 88.58163312475921 339
1694635834778 88.40424479693276 340
1694635834831 88.22721318009692 341
1694635834903 88.05053755311347 342
1694635834967 87.87421719631547 343
1694635835023 87.69825139150431 344
1694635835080 87.52263942194656 345
1694635835137 87.347380572371 346
1694635835184 87.17247412896558 347
1694635835230 86.9979193793744 348
1694635835270 86.82371561269464 349
1694635835319 86.64986211947368 350
1694635835366 86.47635819170596 351
1694635835414 86.30320312282996 352
1694635835461 86.13039620772541 353
1694635835541 85.95793674271012 354
1694635835618 85.78582402553705 355
1694635835684 85.61405735539135 356
1694635835752 85.4426360328874 357
1694635835802 85.27155936006585 358
1694635835854 85.10082664039064 359
1694635835899 84.93043717874605 360
1694635835952 84.76039028143381 361
1694635835999 84.59068525617013 362
1694635836044 84.4213214120828 363
1694635836085 84.2522980597082 364
1694635836122 84.08361451098844 365
1694635836193 83.91527007926847 366
1694635836261 83.74726407929309 367
1694635836311 83.57959582720417 368
1694635836360 83.41226464053766 369
1694635836402 83.24526983822074 370
1694635836452 83.07861074056893 371
1694635836500 82.91228666928332 372
1694635836550 82.7462969474475 373
1694635836597 82.58064089952485 374
1694635836637 82.4153178513557 375
1694635836677 82.25032713015433 376
1694635836713 82.08566806450631 377
1694635836750 81.92133998436557 378
1694635836796 81.75734222105153 379
1694635836835 81.59367410724637 380
1694635836877 81.43033497699216 381
1694635836912 81.26732416568804 382
1694635836949 81.10464101008745 383
1694635836982 80.94228484829527 384
1694635837015 80.78025501976512 385
1694635837055 80.61855086529646 386
1694635837098 80.45717172703189 387
1694635837147 80.29611694845434 388
1694635837195 80.13538587438428 389
1694635837253 79.974977850977 390
1694635837295 79.81489222571984 391
1694635837334 79.6551283474294 392
1694635837382 79.49568556624881 393
1694635837417 79.33656323364505 394
1694635837457 79.1777607024061 395
1694635837506 79.0192773266383 396
1694635837554 78.86111246176355 397
1694635837601 78.70326546451673 398
1694635837665 78.5457356929428 399
1694635837711 78.3885225063942 400
1694635837751 78.2316252655282 401
1694635837799 78.07504333230405 402
1694635837839 77.91877606998042 403
1694635837903 77.76282284311273 404
1694635837958 77.60718301755031 405
1694635838013 77.45185596043389 406
1694635838072 77.29684104019287 407
1694635838132 77.14213762654269 408
1694635838191 76.98774509048205 409
1694635838234 76.8336628042905 410
1694635838287 76.67989014152552 411
1694635838332 76.5264264770201 412
1694635838395 76.37327118687996 413
1694635838437 76.22042364848103 414
1694635838486 76.06788324046674 415
1694635838551 75.9156493427455 416
1694635838600 75.7637213364879 417
1694635838653 75.61209860412441 418
1694635838699 75.46078052934247 419
1694635838744 75.30976649708406 420
1694635838803 75.1590558935431 421
1694635838849 75.00864810616285 422
1694635838889 74.85854252363329 423
1694635838935 74.70873853588857 424
1694635838979 74.55923553410456 425
1694635839035 74.41003291069606 426
1694635839083 74.26113005931441 427
1694635839131 74.11252637484492 428
1694635839182 73.96422125340426 429
1694635839238 73.816214092338 430
1694635839286 73.66850429021798 431
1694635839330 73.52109124683989 432
1694635839371 73.37397436322063 433
1694635839409 73.22715304159588 434
1694635839472 73.08062668541756 435
1694635839531 72.93439469935127 436
1694635839583 72.78845648927391 437
1694635839641 72.64281146227106 438
1694635839711 72.49745902663449 439
1694635839770 72.35239859185981 440
1694635839833 72.20762956864381 441
1694635839899 72.06315136888209 442
1694635839972 71.91896340566656 443
1694635840028 71.77506509328299 444
1694635840080 71.6314558472085 445
1694635840149 71.4881350841092 446
1694635840229 71.34510222183759 447
1694635840303 71.2023566794303 448
1694635840370 71.05989787710548 449
1694635840430 70.91772523626044 450
1694635840495 70.77583817946923 451
1694635840535 70.63423613048019 452
1694635840579 70.49291851421356 453
1694635840623 70.351884756759 454
1694635840677 70.21113428537328 455
1694635840718 70.07066652847777 456
1694635840771 69.9304809156561 457
1694635840819 69.79057687765179 458
1694635840868 69.65095384636574 459
1694635840913 69.51161125485405 460
1694635840971 69.37254853732537 461
1694635841051 69.2337651291388 462
1694635841129 69.09526046680135 463
1694635841172 68.9570339879656 464
1694635841240 68.81908513142739 465
1694635841283 68.68141333712339 466
1694635841349 68.54401804612885 467
1694635841397 68.4068987006552 468
1694635841441 68.27005474404766 469
1694635841504 68.13348562078296 470
1694635841572 67.9971907764671 471
1694635841608 67.86116965783276 472
1694635841649 67.72542171273732 473
1694635841701 67.58994639016025 474
1694635841750 67.45474314020102 475
1694635841796 67.31981141407661 476
1694635841845 67.18515066411935 477
1694635841907 67.05076034377457 478
1694635841952 66.9166399075983 479
1694635841990 66.78278881125496 480
1694635842030 66.64920651151517 481
1694635842100 66.51589246625336 482
1694635842160 66.38284613444561 483
1694635842205 66.25006697616729 484
1694635842253 66.11755445259082 485
1694635842297 65.98530802598344 486
1694635842344 65.85332715970497 487
1694635842387 65.72161131820548 488
1694635842426 65.59015996702314 489
1694635842469 65.45897257278193 490
1694635842515 65.32804860318946 491
1694635842562 65.1973875270346 492
1694635842599 65.06698881418545 493
1694635842646 64.93685193558696 494
1694635842691 64.80697636325883 495
1694635842729 64.67736157029319 496
1694635842789 64.54800703085249 497
1694635842833 64.41891222016729 498
1694635842881 64.29007661453396 499
1694635842924 64.16149969131259 500
1694635842972 64.03318092892482 501
1694635843028 63.90511980685155 502
1694635843081 63.77731580563086 503
1694635843133 63.64976840685578 504
1694635843196 63.522477093172114 505
1694635843264 63.39544134827636 506
1694635843312 63.26866065691344 507
1694635843367 63.142134504874626 508
1694635843411 63.015862378995344 509
1694635843462 62.889843767153046 510
1694635843516 62.76407815826505 511
1694635843562 62.638565042286444 512
1694635843603 62.51330391020789 513
1694635843650 62.38829425405354 514
1694635843697 62.263535566878915 515
1694635843742 62.13902734276877 516
1694635843783 62.014769076834966 517
1694635843832 61.890760265214375 518
1694635843878 61.76700040506678 519
1694635843921 61.64348899457277 520
1694635843967 61.520225532931654 521
1694635844039 61.397209520359276 522
1694635844098 61.27444045808609 523
1694635844153 61.15191784835495 524
1694635844207 61.02964119441905 525
1694635844263 60.90761000053991 526
1694635844318 60.78582377198523 527
1694635844379 60.66428201502685 528
1694635844446 60.5429842369387 529
1694635844503 60.42192994599474 530
1694635844561 60.301118651466865 531
1694635844602 60.18054986362296 532
1694635844689 60.060223093724694 533
1694635844739 59.94013785402562 534
1694635844804 59.8202936577691 535
1694635844840 59.70069001918621 536
1694635844881 59.58132645349378 537
1694635844920 59.46220247689239 538
1694635844964 59.34331760656425 539
1694635845020 59.22467136067128 540
1694635845068 59.10626325835305 541
1694635845107 58.98809281972481 542
1694635845154 58.870159565875404 543
1694635845205 58.75246301886542 544
1694635845263 58.635002701725014 545
1694635845336 58.51777813845208 546
1694635845414 58.400788854010166 547
1694635845483 58.28403437432651 548
1694635845570 58.1675142262901 549
1694635845655 58.051227937749665 550
1694635845733 57.93517503751169 551
1694635845802 57.81935505533849 552
1694635845855 57.703767521946276 553
1694635845920 57.5884119690031 554
1694635845962 57.47328792912693 555
1694635845993 57.35839493588382 556
1694635846025 57.243732523785795 557
1694635846086 57.12930022828901 558
1694635846155 57.01509758579179 559
1694635846231 56.901124133632706 560
1694635846280 56.78737941008863 561
1694635846327 56.67386295437282 562
1694635846383 56.56057430663299 563
1694635846428 56.44751300794939 564
1694635846516 56.33467860033293 565
1694635846571 56.22207062672323 566
1694635846630 56.109688630986724 567
1694635846670 55.997532157914776 568
1694635846713 55.88560075322175 569
1694635846764 55.773893963543195 570
1694635846803 55.66241133643382 571
1694635846841 55.55115242036575 572
1694635846884 55.440116764726554 573
1694635846970 55.32930391981742 574
1694635847015 55.218713436851225 575
1694635847070 55.108344867950734 576
1694635847119 54.998197766146696 577
1694635847172 54.88827168537596 578
1694635847250 54.7785661804797 579
1694635847318 54.669080807201446 580
1694635847397 54.55981512218535 581
1694635847445 54.450768682974235 582
1694635847506 54.34194104800781 583
1694635847566 54.23333177662086 584
1694635847618 54.12494042904137 585
1694635847677 54.01676656638865 586
1694635847738 53.90880975067162 587
1694635847788 53.80106954478689 588
1694635847844 53.69354551251698 589
1694635847894 53.58623721852851 590
1694635847947 53.47914422837039 591
1694635847990 53.37226610847198 592
1694635848045 53.265602426141314 593
1694635848121 53.1591527495633 594
1694635848186 53.052916647797915 595
1694635848230 52.946893690778396 596
1694635848272 52.841083449309515 597
1694635848328 52.7354854950657 598
1694635848386 52.63009940058933 599
1694635848445 52.524924739288934 600
1694635848499 52.41996108543736 601
1694635848562 52.315208014170125 602
1694635848613 52.210665101483556 603
1694635848692 52.106331924233025 604
1694635848736 52.00220806013125 605
1694635848795 51.89829308774646 606
1694635848851 51.79458658650074 607
1694635848894 51.69108813666821 608
1694635848950 51.587797319373315 609
1694635848999 51.48471371658901 610
1694635849043 51.381836911135146 611
1694635849086 51.279166486676644 612
1694635849131 51.17670202772182 613
1694635849185 51.07444311962058 614
1694635849244 50.97238934856281 615
1694635849290 50.870540301576554 616
1694635849337 50.76889556652631 617
1694635849384 50.667454732111445 618
1694635849432 50.56621738786431 619
1694635849487 50.465183124148595 620
1694635849545 50.364351532157755 621
1694635849595 50.26372220391306 622
1694635849638 50.16329473226215 623
1694635849697 50.0630687108772 624
1694635849755 49.96304373425324 625
1694635849796 49.86321939770659 626
1694635849851 49.763595297372966 627
1694635849893 49.66417103020601 628
1694635849944 49.56494619397552 629
1694635849993 49.465920387265804 630
1694635850044 49.36709320947396 631
1694635850087 49.268464260808294 632
1694635850139 49.170033142286634 633
1694635850178 49.071799455734606 634
1694635850238 48.973762803784105 635
1694635850285 48.875922789871545 636
1694635850345 48.77827901823622 637
1694635850403 48.680831093918755 638
1694635850462 48.583578622759326 639
1694635850514 48.486521211396166 640
1694635850569 48.38965846726383 641
1694635850614 48.29298999859162 642
1694635850660 48.19651541440193 643
1694635850702 48.10023432450862 644
1694635850749 48.004146339515465 645
1694635850804 47.90825107081442 646
1694635850863 47.81254813058413 647
1694635850915 47.717037131788274 648
1694635850964 47.62171768817388 649
1694635851012 47.52658941426988 650
1694635851057 47.43165192538539 651
1694635851104 47.33690483760818 652
1694635851154 47.242347767803004 653
1694635851210 47.14798033361011 654
1694635851266 47.053802153443584 655
1694635851319 46.95981284648982 656
1694635851365 46.866012032705875 657
1694635851413 46.77239933281797 658
1694635851463 46.67897436831985 659
1694635851514 46.58573676147125 660
1694635851560 46.49268613529635 661
1694635851598 46.399822113582154 662
1694635851671 46.30714432087698 663
1694635851712 46.214652382488914 664
1694635851755 46.122345924484165 665
1694635851799 46.03022457368565 666
1694635851837 45.93828795767134 667
1694635851885 45.84653570477278 668
1694635851926 45.75496744407353 669
1694635851962 45.663582805407586 670
1694635852011 45.57238141935793 671
1694635852055 45.48136291725494 672
1694635852101 45.390526931174875 673
1694635852149 45.29987309393836 674
1694635852200 45.20940103910885 675
1694635852253 45.11911040099113 676
1694635852305 45.02900081462981 677
1694635852361 44.93907191580778 678
1694635852402 44.8493233410447 679
1694635852451 44.75975472759558 680
1694635852499 44.67036571344912 681
1694635852545 44.58115593732639 682
1694635852594 44.4921250386792 683
1694635852650 44.40327265768866 684
1694635852701 44.31459843526372 685
1694635852749 44.2261020130396 686
1694635852796 44.1377830333764 687
1694635852847 44.049641139357554 688
1694635852895 43.961675974788385 689
1694635852946 43.873887184194615 690
1694635852999 43.78627441282091 691
1694635853045 43.698837306629386 692
1694635853084 43.61157551229821 693
1694635853119 43.524488677220035 694
1694635853169 43.43757644950062 695
1694635853220 43.35083847795734 696
1694635853272 43.26427441211776 697
1694635853318 43.17788390221816 698
1694635853369 43.0916665992021 699
1694635853411 43.00562215471896 700
1694635853455 42.919750221122534 701
1694635853517 42.834050451469565 702
1694635853560 42.748522499518316 703
1694635853600 42.66316601972714 704
1694635853645 42.57798066725304 705
1694635853688 42.49296609795026 706
1694635853729 42.408121968368874 707
1694635853772 42.32344793575332 708
1694635853818 42.238943658041016 709
1694635853879 42.15460879386096 710
1694635853922 42.07044300253227 711
1694635853978 41.98644594406285 712
1694635854022 41.9026172791479 713
1694635854069 41.81895666916856 714
1694635854115 41.73546377619051 715
1694635854169 41.652138262962566 716
1694635854218 41.56897979291532 717
1694635854272 41.48598803015967 718
1694635854322 41.40316263948551 719
1694635854371 41.320503286360285 720
1694635854430 41.238009636927664 721
1694635854493 41.15568135800615 722
1694635854550 41.07351811708765 723
1694635854601 40.99151958233617 724
1694635854653 40.90968542258639 725
1694635854716 40.82801530734236 726
1694635854778 40.74650890677606 727
1694635854828 40.665165891726076 728
1694635854881 40.58398593369627 729
1694635854946 40.50296870485434 730
1694635854996 40.42211387803058 731
1694635855040 40.341421126716426 732
1694635855082 40.26089012506314 733
1694635855120 40.180520547880526 734
1694635855165 40.100312070635475 735
1694635855216 40.020264369450715 736
1694635855264 39.94037712110346 737
1694635855303 39.86065000302401 738
1694635855343 39.78108269329453 739
1694635855397 39.701674870647615 740
1694635855446 39.62242621446502 741
1694635855496 39.543336404776355 742
1694635855537 39.4644051222577 743
1694635855579 39.38563204823034 744
1694635855619 39.307016864659424 745
1694635855657 39.22855925415267 746
1694635855694 39.15025889995904 747
1694635855733 39.07211548596747 748
1694635855783 38.99412869670549 749
1694635855822 38.91629821733798 750
1694635855864 38.838623733665905 751
1694635855903 38.7611049321249 752
1694635855954 38.68374149978411 753
1694635856003 38.606533124344814 754
1694635856054 38.52947949413917 755
1694635856095 38.45258029812892 756
1694635856145 38.37583522590409 757
1694635856193 38.299243967681754 758
1694635856244 38.22280621430474 759
1694635856294 38.146521657240314 760
1694635856339 38.07038998857897 761
1694635856385 37.9944109010331 762
1694635856431 37.918584087935784 763
1694635856486 37.84290924323949 764
1694635856539 37.767386061514834 765
1694635856585 37.69201423794927 766
1694635856628 37.61679346834594 767
1694635856671 37.54172344912227 768
1694635856740 37.46680387730888 769
1694635856783 37.392034450548195 770
1694635856820 37.31741486709329 771
1694635856865 37.24294482580662 772
1694635856904 37.168624026158746 773
1694635856966 37.09445216822716 774
1694635857017 37.020428952695006 775
1694635857065 36.94655408084984 776
1694635857111 36.87282725458245 777
1694635857151 36.79924817638553 778
1694635857193 36.725816549352594 779
1694635857249 36.65253207717661 780
1694635857295 36.579394464148876 781
1694635857337 36.50640341515779 782
1694635857383 36.433558635687575 783
1694635857434 36.36085983181712 784
1694635857484 36.28830671021878 785
1694635857534 36.21589897815711 786
1694635857580 36.1436363434877 787
1694635857620 36.07151851465598 788
1694635857655 35.999545200696005 789
1694635857699 35.92771611122922 790
1694635857739 35.856030956463364 791
1694635857788 35.784489447191156 792
1694635857835 35.71309129478918 793
1694635857886 35.64183621121669 794
1694635857936 35.5707239090144 795
1694635857982 35.499754101303296 796
1694635858032 35.428926501783515 797
1694635858088 35.35824082473308 798
1694635858136 35.28769678500681 799
1694635858193 35.21729409803506 800
1694635858236 35.14703247982261 801
1694635858283 35.076911646947515 802
1694635858328 35.00693131655983 803
1694635858373 34.93709120638059 804
1694635858420 34.867391034700546 805
1694635858471 34.797830520379016 806
1694635858522 34.72840938284279 807
1694635858568 34.659127342084936 808
1694635858612 34.58998411866359 809
1694635858667 34.52097943370092 810
1694635858701 34.4521130088819 811
1694635858737 34.3833845664532 812
1694635858779 34.31479382922202 813
1694635858814 34.24634052055495 814
1694635858855 34.17802436437687 815
1694635858893 34.10984508516976 816
1694635858931 34.04180240797161 817
1694635858977 33.97389605837527 818
1694635859021 33.906125762527296 819
1694635859062 33.838491247126925 820
1694635859104 33.7709922394248 821
1694635859151 33.70362846722196 822
1694635859198 33.636399658868704 823
1694635859253 33.569305543263425 824
1694635859301 33.50234584985153 825
1694635859349 33.435520308624355 826
1694635859401 33.368828650118004 827
1694635859449 33.30227060541227 828
1694635859501 33.23584590612951 829
1694635859551 33.16955428443357 830
1694635859603 33.10339547302866 831
1694635859652 33.03736920515827 832
1694635859701 32.97147521460405 833
1694635859744 32.90571323568476 834
1694635859798 32.840083003255124 835
1694635859845 32.774584252704784 836
1694635859885 32.7092167199572 837
1694635859929 32.64398014146854 838
1694635859972 32.57887425422663 839
1694635860019 32.51389879574986 840
1694635860066 32.44905350408613 841
1694635860120 32.384338117811716 842
1694635860172 32.319752376030245 843
1694635860228 32.255296018371595 844
1694635860271 32.19096878499087 845
1694635860312 32.12677041656726 846
1694635860349 32.06270065430308 847
1694635860386 31.99875923992257 848
1694635860434 31.93494591567097 849
1694635860472 31.87126042431336 850
1694635860517 31.80770250913367 851
1694635860555 31.744271913933577 852
1694635860601 31.680968383031487 853
1694635860637 31.617791661261485 854
1694635860672 31.55474149397225 855
1694635860713 31.491817627026055 856
1694635860747 31.42901980679769 857
1694635860788 31.366347780173445 858
1694635860827 31.30380129455006 859
1694635860867 31.24138009783369 860
1694635860911 31.17908393843884 861
1694635860967 31.1169125652874 862
1694635861027 31.05486572780755 863
1694635861071 30.99294317593276 864
1694635861128 30.931144660100763 865
1694635861171 30.86946993125253 866
1694635861247 30.80791874083124 867
1694635861304 30.74649084078127 868
1694635861349 30.68518598354715 869
1694635861400 30.624003922072603 870
1694635861444 30.56294440979948 871
1694635861517 30.50200720066675 872
1694635861569 30.44119204910955 873
1694635861620 30.380498710058077 874
1694635861670 30.319926938936685 875
1694635861720 30.259476491662806 876
1694635861771 30.199147124646004 877
1694635861817 30.138938594786918 878
1694635861863 30.078850659476327 879
1694635861918 30.018883076594093 880
1694635861971 29.959035604508234 881
1694635862023 29.89930800207386 882
1694635862067 29.839700028632258 883
1694635862116 29.780211444009847 884
1694635862167 29.72084200851721 885
1694635862213 29.661591482948126 886
1694635862267 29.602459628578586 887
1694635862319 29.543446207165793 888
1694635862362 29.484550980947215 889
1694635862412 29.425773712639558 890
1694635862456 29.36711416543788 891
1694635862507 29.308572103014516 892
1694635862554 29.250147289518203 893
1694635862619 29.191839489573045 894
1694635862668 29.133648468277602 895
1694635862705 29.07557399120386 896
1694635862754 29.01761582439636 897
1694635862796 28.95977373437115 898
1694635862835 28.902047488114878 899
1694635862885 28.84443685308383 900
1694635862929 28.78694159720296 901
1694635862989 28.729561488864977 902
1694635863030 28.67229629692935 903
1694635863088 28.61514579072139 904
1694635863127 28.558109740031266 905
1694635863166 28.50118791511314 906
1694635863202 28.444380086684134 907
1694635863243 28.38768602592347 908
1694635863287 28.33110550447146 909
1694635863335 28.274638294428634 910
1694635863384 28.218284168354757 911
1694635863430 28.162042899267934 912
1694635863486 28.10591426064365 913
1694635863540 28.04989802641387 914
1694635863594 27.9939939709661 915
1694635863647 27.93820186914245 916
1694635863695 27.882521496238727 917
1694635863734 27.826952628003514 918
1694635863785 27.771495040637255 919
1694635863822 27.716148510791314 920
1694635863860 27.660912815567094 921
1694635863902 27.605787732515118 922
1694635863951 27.550773039634073 923
1694635863991 27.495868515369967 924
1694635864041 27.44107393861518 925
1694635864087 27.386389088707578 926
1694635864135 27.33181374542958 927
1694635864188 27.277347689007325 928
1694635864232 27.222990700109655 929
1694635864283 27.168742559847338 930
1694635864344 27.114603049772107 931
1694635864392 27.060571951875783 932
1694635864436 27.00664904858937 933
1694635864488 26.952834122782168 934
1694635864546 26.899126957760906 935
1694635864612 26.84552733726881 936
1694635864662 26.79203504548479 937
1694635864706 26.738649867022474 938
1694635864751 26.685371586929378 939
1694635864787 26.63219999068602 940
1694635864835 26.579134864205024 941
1694635864869 26.526175993830268 942
1694635864914 26.473323166335984 943
1694635864954 26.420576168925894 944
1694635865011 26.36793478923236 945
1694635865053 26.315398815315493 946
1694635865103 26.262968035662283 947
1694635865149 26.21064223918574 948
1694635865204 26.158421215224056 949
1694635865250 26.106304753539693 950
1694635865298 26.05429264431857 951
1694635865342 26.002384678169168 952
1694635865387 25.950580646121693 953
1694635865435 25.898880339627194 954
1694635865483 25.8472835505568 955
1694635865538 25.79579007120072 956
1694635865587 25.744399694267546 957
1694635865645 25.69311221288329 958
1694635865690 25.641927420590587 959
1694635865736 25.590845111347875 960
1694635865788 25.539865079528482 961
1694635865838 25.48898711991985 962
1694635865887 25.438211027722687 963
1694635865935 25.387536598550074 964
1694635865984 25.3369636284267 965
1694635866035 25.286491913787994 966
1694635866086 25.2361212514793 967
1694635866136 25.18585143875503 968
1694635866184 25.135682273277848 969
1694635866232 25.085613553117856 970
1694635866281 25.03564507675175 971
1694635866338 24.985776643061982 972
1694635866383 24.93600805133599 973
1694635866440 24.88633910126533 974
1694635866486 24.836769592944872 975
1694635866540 24.787299326871985 976
1694635866586 24.737928103945695 977
1694635866635 24.68865572546594 978
1694635866685 24.639481993132677 979
1694635866752 24.590406709045123 980
1694635866813 24.541429675700936 981
1694635866855 24.49255069599539 982
1694635866904 24.443769573220585 983
1694635866952 24.395086111064636 984
1694635866997 24.3465001136109 985
1694635867052 24.298011385337137 986
1694635867102 24.249619731114723 987
1694635867164 24.201324956207834 988
1694635867223 24.153126866272707 989
1694635867277 24.105025267356798 990
1694635867319 24.05701996589798 991
1694635867374 24.009110768723804 992
1694635867422 23.96129748305067 993
1694635867473 23.913579916483066 994
1694635867535 23.865957877012708 995
1694635867594 23.818431173017874 996
1694635867634 23.77099961326253 997
1694635867668 23.723663006895602 998
1694635867708 23.676421163450147 999
