1694640045465 0.0 0
1694640046066 0.0 1
1694640046741 0.0 2
1694640047330 0.0 3
1694640047995 0.0 4
1694640048637 0.0 5
1694640049292 0.0 6
1694640049936 0.0 7
1694640050618 0.0 8
1694640051265 0.0 9
1694640052085 0.0 10
1694640052743 0.0 11
1694640053402 0.0 12
1694640054123 0.0 13
1694640054794 0.0 14
1694640055453 0.0 15
1694640056145 0.0 16
1694640056800 0.0 17
1694640057549 0.0 18
1694640058307 0.0 19
1694640059012 0.0 20
1694640059748 0.0 21
1694640060550 0.0 22
1694640061203 0.0 23
1694640062124 0.0 24
1694640062966 0.0 25
1694640063728 0.0 26
1694640064414 0.0 27
1694640065213 0.0 28
1694640065675 0.0 29
1694640066133 0.0 30
1694640066743 0.0 31
1694640067354 0.0 32
1694640068014 0.0 33
1694640068765 0.0 34
1694640069479 0.0 35
1694640070237 0.0 36
1694640071034 0.0 37
1694640071722 0.0 38
1694640072362 0.0 39
1694640073020 0.0 40
1694640073827 0.0 41
1694640074578 0.0 42
1694640075501 0.0 43
1694640076231 0.0 44
1694640076903 0.0 45
1694640077638 0.0 46
1694640078345 0.0 47
1694640079091 0.0 48
1694640079747 0.0 49
1694640080417 0.0 50
1694640081113 0.0 51
1694640081933 0.0 52
1694640082739 0.0 53
1694640083372 0.0 54
1694640084039 0.0 55
1694640084622 0.0 56
1694640085334 0.0 57
1694640086201 0.0 58
1694640086825 0.0 59
1694640087656 0.0 60
1694640088300 0.0 61
1694640088981 0.0 62
1694640089635 0.0 63
1694640090298 0.0 64
1694640091114 0.0 65
1694640091871 0.0 66
1694640092550 0.0 67
1694640093171 0.0 68
1694640093803 0.0 69
1694640094587 0.0 70
1694640095215 0.0 71
1694640095899 0.0 72
1694640096611 0.0 73
1694640097279 0.0 74
1694640097962 0.0 75
1694640098714 0.0 76
1694640099442 0.0 77
1694640100134 0.0 78
1694640100806 0.0 79
1694640101520 0.0 80
1694640102231 0.0 81
1694640102990 0.0 82
1694640103747 0.0 83
1694640104428 0.0 84
1694640105077 0.0 85
1694640105722 0.0 86
1694640106427 0.0 87
1694640107150 0.0 88
1694640107925 0.0 89
1694640108711 0.0 90
1694640109480 0.0 91
1694640110206 0.0 92
1694640110866 0.0 93
1694640111513 0.0 94
1694640112150 0.0 95
1694640112835 0.0 96
1694640113957 0.0 97
1694640114589 0.0 98
1694640115234 0.0 99
1694640115857 0.0 100
1694640116643 0.0 101
1694640117390 0.0 102
1694640118117 0.0 103
