1694623613884 99.67304969070601 0
1694623614130 59.77005903216593 1
1694623614319 29.821803115828523 2
1694623614530 19.053135628170107 3
1694623614768 11.725778144761883 4
1694623614992 6.016007810862191 5
1694623615265 6.856143963396519 6
1694623615510 1.2118719971234144 7
1694623615780 0.4668165656038612 8
1694623615980 1.177567305634732 9
1694623616220 0.4152473242559218 10
1694623616583 0.28240039229313496 11
1694623616867 0.0019897977049060907 12
1694623617109 0.29820798698271983 13
1694623617333 0.1099184456372213 14
1694623617593 0.03808989549648206 15
1694623617840 0.06807631715746157 16
1694623618094 0.02989006423750795 17
1694623618322 0.055431373992421124 18
1694623618521 0.2108201895124548 19
1694623618770 0.0033794155898537273 20
1694623618967 0.3869430855095671 21
1694623619244 0.20199583014128827 22
1694623619494 0.13649607335791006 23
1694623619782 0.07082933907838884 24
1694623620065 0.0008943939406345313 25
1694623620411 0.02797090594957586 26
1694623620720 0.028481847169489864 27
1694623620985 0.039689406122656486 28
1694623621340 0.05468768519822089 29
1694623621561 0.029525058699127492 30
1694623621892 0.1346985499634494 31
1694623622123 3.71413128773068e-05 32
1694623622416 0.06272825347922105 33
1694623622700 0.0956714164087978 34
1694623623055 0.020622301520419276 35
1694623623299 0.06795176408421644 36
1694623623587 0.08959882382828145 37
1694623623874 0.002920711014951859 38
1694623624089 0.5580008669476442 39
1694623624313 0.00038019085619067644 40
1694623624655 0.16450224223739998 41
1694623624963 0.09131666785553028 42
1694623625195 0.09379807797151507 43
1694623625410 0.1594107781574244 44
1694623625641 0.003703503108607438 45
1694623625869 0.2467795242278624 46
1694623626110 0.14953826300043832 47
1694623626352 0.06718438119075117 48
1694623626635 0.011881732621483905 49
1694623626866 0.0008190079209067706 50
1694623627124 0.030707188705675317 51
1694623627395 0.2054267924898298 52
1694623627621 0.24051568852233082 53
1694623627860 0.0001632593089047374 54
1694623628107 0.11467533881149344 55
1694623628359 0.17298299405766615 56
1694623628597 0.001670332365236608 57
1694623628802 0.001149493634409977 58
1694623628989 0.004111871991732228 59
1694623629220 0.0031487003177979745 60
1694623629466 0.0048449188845525884 61
1694623629708 0.002230123799077934 62
1694623629918 0.025300398910299268 63
1694623630137 0.10893954502187445 64
