1694620550132 -0.004049739764538707 0
1694620550158 -0.0037628496982369253 1
1694620550186 -0.0034833065293757848 2
1694620550211 -0.003210756089966127 3
1694620550239 -0.0029448535816898325 4
1694620550268 -0.0026852636924972195 5
1694620550296 -0.0024316606358927295 6
1694620550330 -0.0021837281256134045 7
1694620550358 -0.0019411592966598334 8
1694620550386 -0.0017036565821291205 9
1694620550412 -0.0014709315539600532 10
1694620550436 -0.0012427047345511255 11
1694620550462 -0.0010187053852046546 12
1694620550491 -0.0007986712764760373 13
1694620550517 -0.0005823484447409211 14
1694620550543 -0.00036949093866112115 15
1694620550568 -0.00015986055862682313 16
1694620550595 4.6773408201361555e-05 17
1694620550623 0.0002506344550687878 18
1694620550649 0.0004519391232026271 19
1694620550678 0.0006508972682665037 20
1694620550706 0.0008477123244577944 21
1694620550738 0.001042581565226408 22
1694620550764 0.0012356963597967008 23
1694620550793 0.0014272424248448212 24
1694620550822 0.0016174000708106817 25
1694620550851 0.0018063444424643027 26
1694620550877 0.001994245753432211 27
1694620550904 0.002181269514487716 28
1694620550931 0.002367576755470502 29
1694620550961 0.0025533242407689283 30
1694620550992 0.0027386646783502666 31
1694620551033 0.002923746922359416 32
1694620551085 0.0031087161693462706 33
1694620551147 0.003293714148209892 34
1694620551183 0.0034788793039652877 35
1694620551215 0.0036643469754673585 36
1694620551245 0.0038502495672280146 37
1694620551274 0.004036716715483002 38
1694620551304 0.00422387544866909 39
1694620551340 0.0044118503424809274 40
1694620551368 0.004600763669671881 41
1694620551398 0.004790735544779823 42
1694620551434 0.004981884063948838 43
1694620551478 0.00517432544001617 44
1694620551522 0.005368174133041137 45
1694620551571 0.005563542976445457 46
1694620551610 0.0057605432989265015 47
1694620551641 0.005959285042314466 48
1694620551679 0.006159876875526549 49
1694620551730 0.006362426304778235 50
1694620551767 0.006567039780198791 51
1694620551804 0.006773822799003737 52
1694620551844 0.006982880005359848 53
1694620551881 0.007194315287084363 54
1694620551917 0.007408231869311055 55
1694620551959 0.0076247324052493015 56
1694620552005 0.007843919064162264 57
1694620552046 0.008065893616680198 58
1694620552090 0.008290757517565694 59
1694620552128 0.008518611986039204 60
1694620552169 0.008749558083769537 61
1694620552211 0.008983696790632933 62
1694620552246 0.009221129078336276 63
1694620552301 0.009461955981993175 64
1694620552348 0.009706278669748492 65
1694620552385 0.009954198510531698 66
1694620552413 0.010205817140019668 67
1694620552440 0.010461236524889062 68
1694620552465 0.010720559025427456 69
1694620552493 0.01098388745657719 70
1694620552524 0.011251325147477953 71
1694620552558 0.011522975999567975 72
1694620552595 0.011798944543308876 73
1694620552638 0.012079335993587903 74
1694620552702 0.012364256303851184 75
1694620552765 0.012653812219022065 76
1694620552820 0.0129481113272496 77
1694620552861 0.01324726211053362 78
1694620552907 0.01355137399426809 79
1694620552944 0.013860557395745543 80
1694620552977 0.014174923771655412 81
1694620553004 0.014494585664616033 82
1694620553035 0.014819656748766064 83
1694620553071 0.015150251874454956 84
1694620553114 0.015486487112048364 85
1694620553151 0.015828479794884776 86
1694620553191 0.01617634856139638 87
1694620553227 0.01653021339642846 88
1694620553261 0.016890195671749653 89
1694620553297 0.017256418185809808 90
1694620553326 0.01762900520272037 91
1694620553358 0.01800808249049235 92
1694620553404 0.018393777358533203 93
1694620553465 0.018786218694417878 94
1694620553505 0.019185536999928088 95
1694620553539 0.019591864426383276 96
1694620553573 0.020005334809233277 97
1694620553606 0.02042608370195864 98
1694620553642 0.020854248409230447 99
1694620553680 0.021289968019358008 100
1694620553719 0.02173338343600184 101
1694620553756 0.02218463740915433 102
1694620553789 0.022643874565370425 103
1694620553828 0.02311124143724408 104
1694620553873 0.023586886492112824 105
1694620553917 0.024070960159976007 106
1694620553957 0.024563614860611538 107
1694620553998 0.025065005029869525 108
1694620554039 0.025575287145123693 109
1694620554078 0.02609461974985905 110
1694620554113 0.026623163477365486 111
1694620554152 0.02716108107352 112
1694620554192 0.027708537418619672 113
1694620554230 0.02826569954824043 114
1694620554269 0.02883273667308839 115
1694620554314 0.029409820197809466 116
1694620554350 0.029997123738719322 117
1694620554391 0.030594823140417837 118
1694620554426 0.031203096491246418 119
1694620554459 0.0318221241375477 120
1694620554492 0.03245208869668237 121
1694620554529 0.03309317506875631 122
1694620554565 0.033745570447013096 123
1694620554599 0.03440946432683978 124
1694620554637 0.035085048513333716 125
1694620554675 0.035772517127378944 126
1694620554712 0.036472066610174214 127
1694620554759 0.037183895726154104 128
1694620554797 0.03790820556425134 129
1694620554836 0.03864519953742329 130
1694620554874 0.03939508338039843 131
1694620554913 0.04015806514556075 132
1694620554954 0.04093435519691435 133
1694620554993 0.0417241662020571 134
1694620555030 0.04252771312209025 135
1694620555062 0.04334521319939433 136
1694620555093 0.04417688594319524 137
1694620555124 0.04502295311284332 138
1694620555154 0.04588363869872891 139
1694620555183 0.04675916890075671 140
1694620555214 0.04764977210429189 141
1694620555244 0.048555678853503315 142
1694620555276 0.04947712182201136 143
1694620555306 0.0504143357807606 144
1694620555337 0.051367557563030464 145
1694620555367 0.05233702602649104 146
1694620555399 0.05332298201221908 147
1694620555445 0.05432566830058416 148
1694620555487 0.055345329563908585 149
1694620555521 0.056382212315814306 150
1694620555555 0.05743656485717352 151
1694620555589 0.05850863721852617 152
1694620555652 0.059598681098946726 153
1694620555708 0.06070694980118929 154
1694620555742 0.06183369816306361 155
1694620555779 0.06297918248493273 156
1694620555812 0.06414366045323794 157
1694620555843 0.06532739105996177 158
1694620555876 0.06653063451793273 159
1694620555907 0.06775365217188067 160
1694620555940 0.06899670640515532 161
1694620555974 0.07026006054200873 162
1694620556001 0.07154397874536655 163
1694620556030 0.07284872590999192 164
1694620556060 0.07417456755095986 165
1694620556090 0.07552176968736302 166
1694620556120 0.07689059872116744 167
1694620556151 0.07828132131114085 168
1694620556181 0.07969420424178131 169
1694620556212 0.08112951428717952 170
1694620556239 0.0825875180697423 171
1694620556270 0.08406848191372329 172
1694620556304 0.08557267169350014 173
1694620556337 0.0871003526765447 174
1694620556366 0.08865178936104556 175
1694620556394 0.09022724530813753 176
1694620556420 0.09182698296870506 177
1694620556445 0.0934512635047321 178
1694620556474 0.09510034660517908 179
1694620556502 0.09677449029636909 180
1694620556533 0.09847395074688614 181
1694620556563 0.1001989820669783 182
1694620556593 0.10194983610248598 183
1694620556626 0.10372676222331179 184
1694620556657 0.1055300071064652 185
1694620556692 0.1073598145137219 186
1694620556726 0.10921642506394724 187
1694620556761 0.1111000760001506 188
1694620556791 0.11301100095134375 189
1694620556820 0.1149494296892849 190
1694620556848 0.1169155878802145 191
1694620556877 0.11890969683168706 192
1694620556908 0.12093197323463134 193
1694620556938 0.12298262890076839 194
1694620556971 0.1250618704955494 195
1694620557002 0.1271698992667729 196
1694620557032 0.12930691076906964 197
1694620557063 0.13147309458444711 198
1694620557092 0.133668634039109 199
1694620557123 0.13589370591679117 200
1694620557155 0.1381484801688101 201
1694620557185 0.14043311962117166 202
1694620557214 0.14274777967893026 203
1694620557241 0.14509260802814417 204
1694620557272 0.14746774433572563 205
1694620557304 0.14987331994751052 206
1694620557333 0.1523094575848989 207
1694620557363 0.15477627104042424 208
1694620557390 0.15727386487263595 209
1694620557419 0.15980233410068712 210
1694620557449 0.16236176389904267 211
1694620557479 0.16495222929274023 212
1694620557510 0.16757379485364143 213
1694620557542 0.17022651439815029 214
1694620557572 0.17291043068685408 215
1694620557603 0.17562557512660637 216
1694620557635 0.17837196747553152 217
1694620557665 0.18114961555149323 218
1694620557694 0.18395851494454607 219
1694620557722 0.18679864873392693 220
1694620557753 0.18966998721013417 221
1694620557786 0.19257248760267343 222
1694620557816 0.19550609381403894 223
1694620557844 0.19847073616052335 224
1694620557874 0.20146633112044676 225
1694620557904 0.2044927810904077 226
1694620557934 0.20754997415016108 227
1694620557961 0.2106377838367306 228
1694620557994 0.21375606892836974 229
1694620558024 0.21690467323898344 230
1694620558052 0.22008342542361448 231
1694620558081 0.22329213879561938 232
1694620558111 0.22653061115611806 233
1694620558140 0.22979862463633527 234
1694620558168 0.23309594555341084 235
1694620558196 0.23642232428026833 236
1694620558225 0.23977749513011204 237
1694620558251 0.2431611762561029 238
1694620558279 0.2465730695667656 239
1694620558309 0.25001286065764305 240
1694620558337 0.2534802187597095 241
1694620558366 0.2569747967050231 242
1694620558394 0.260496230910084 243
1694620558422 0.26404414137733145 244
1694620558450 0.26761813171519366 245
1694620558478 0.27121778917706385 246
1694620558506 0.27484268471956563 247
1694620558535 0.2784923730804143 248
1694620558564 0.2821663928761641 249
1694620558593 0.2858642667200887 250
1694620558622 0.2895855013604045 251
1694620558649 0.2933295878390074 252
1694620558679 0.29709600167085737 253
1694620558708 0.30088420304409624 254
1694620558739 0.3046936370409459 255
1694620558768 0.30852373387938914 256
1694620558798 0.3123739091755874 257
1694620558831 0.3162435642269522 258
1694620558869 0.3201320863157199 259
1694620558901 0.32403884903286606 260
1694620558933 0.32796321262210704 261
1694620558963 0.3319045243437232 262
1694620558993 0.3358621188578723 263
1694620559023 0.33983531862700855 264
1694620559051 0.34382343433700113 265
1694620559091 0.3478257653364648 266
1694620559131 0.3518416000937894 267
1694620559174 0.35587021667130847 268
1694620559202 0.35991088321599374 269
1694620559232 0.36396285846602505 270
1694620559262 0.3680253922725355 271
1694620559291 0.3720977261358004 272
1694620559318 0.3761790937550932 273
1694620559342 0.3802687215913876 274
1694620559370 0.38436582944206976 275
1694620559397 0.3884696310267628 276
1694620559424 0.39257933458335637 277
1694620559451 0.39669414347329945 278
1694620559486 0.40081325679518354 279
1694620559528 0.4049358700056177 280
1694620559562 0.40906117554639454 281
1694620559595 0.4131883634768957 282
1694620559626 0.41731662211070164 283
1694620559659 0.42144513865534305 284
1694620559687 0.42557309985411484 285
1694620559713 0.4296996926288903 286
1694620559741 0.4338241047228387 287
1694620559767 0.43794552534198383 288
1694620559794 0.44206314579451034 289
1694620559823 0.44617616012676 290
1694620559850 0.45028376575485096 291
1694620559876 0.4543851640908665 292
1694620559905 0.4584795611625868 293
1694620559935 0.4625661682257426 294
1694620559962 0.4666442023678 295
1694620559991 0.4707128871022964 296
1694620560025 0.4747714529527959 297
1694620560060 0.4788191380255341 298
1694620560101 0.48285518856987897 299
1694620560133 0.4868788595257484 300
1694620560161 0.49088941505717587 301
1694620560191 0.49488612907123997 302
1694620560220 0.49886828572162156 303
1694620560247 0.5028351798961009 304
1694620560275 0.5067861176873198 305
1694620560303 0.510720416846224 306
1694620560328 0.5146374072176063 307
1694620560355 0.5185364311572163 308
1694620560382 0.5224168439300136 309
1694620560409 0.526278014089086 310
1694620560439 0.5301193238348909 311
1694620560464 0.5339401693544764 312
1694620560489 0.5377399611404161 313
1694620560516 0.5415181242892161 314
1694620560546 0.5452740987790154 315
1694620560574 0.5490073397264491 316
1694620560601 0.5527173176225786 317
1694620560628 0.5564035185478586 318
1694620560656 0.5600654443661366 319
1694620560685 0.5637026128977383 320
1694620560713 0.5673145580717358 321
1694620560744 0.570900830057526 322
1694620560771 0.5744609953758979 323
1694620560798 0.5779946369898125 324
1694620560827 0.581501354375141 325
1694620560855 0.5849807635716517 326
1694620560883 0.5884324972145729 327
1694620560911 0.5918562045470902 328
1694620560941 0.5952515514141674 329
1694620560977 0.5986182202381032 330
1694620561015 0.6019559099762757 331
1694620561045 0.6052643360615401 332
1694620561073 0.6085432303257767 333
1694620561100 0.6117923409071002 334
1694620561127 0.615011432141267 335
1694620561153 0.6182002844378329 336
1694620561182 0.6213586941416251 337
1694620561210 0.6244864733801085 338
1694620561241 0.6275834498972419 339
1694620561272 0.6306494668744214 340
1694620561309 0.6336843827391204 341
1694620561338 0.6366880709618434 342
1694620561366 0.6396604198420077 343
1694620561399 0.642601332283379 344
1694620561429 0.6455107255596844 345
1694620561459 0.648388531071014 346
1694620561490 0.6512346940916434 347
1694620561522 0.6540491735098779 348
1694620561554 0.6568319415605495 349
1694620561583 0.6595829835507392 350
1694620561612 0.6623022975793555 351
1694620561643 0.6649898942511248 352
1694620561673 0.6676457963855928 353
1694620561703 0.6702700387216917 354
1694620561732 0.6728626676184309 355
1694620561761 0.6754237407522492 356
1694620561787 0.6779533268115662 357
1694620561814 0.6804515051890314 358
1694620561842 0.6829183656719824 359
1694620561869 0.6853540081315959 360
1694620561898 0.6877585422111838 361
1694620561924 0.6901320870141081 362
1694620561952 0.6924747707917323 363
1694620561982 0.6947867306318325 364
1694620562007 0.6970681121478739 365
1694620562042 0.6993190691695297 366
1694620562075 0.7015397634348041 367
1694620562105 0.7037303642841337 368
1694620562135 0.7058910483567509 369
1694620562174 0.7080219992896792 370
1694620562205 0.7101234074196134 371
1694620562237 0.7121954694879817 372
1694620562266 0.7142383883494587 373
1694620562298 0.7162523726841563 374
1694620562327 0.7182376367137387 375
1694620562354 0.7201943999216673 376
1694620562382 0.7221228867777704 377
1694620562411 0.7240233264673246 378
1694620562441 0.7258959526248068 379
1694620562474 0.7277410030724789 380
1694620562503 0.7295587195639306 381
1694620562532 0.7313493475327095 382
1694620562561 0.7331131358461487 383
1694620562590 0.7348503365644834 384
1694620562618 0.7365612047053451 385
1694620562643 0.738245998013696 386
1694620562668 0.7399049767372812 387
1694620562692 0.7415384034076158 388
1694620562716 0.7431465426265861 389
1694620562745 0.7447296608586459 390
1694620562773 0.7462880262286644 391
1694620562799 0.747821908325406 392
1694620562828 0.7493315780106583 393
1694620562859 0.7508173072339885 394
1694620562888 0.7522793688531091 395
1694620562918 0.7537180364598375 396
1694620562946 0.755133584211607 397
1694620562976 0.7565262866684952 398
1694620563007 0.7578964186357219 399
1694620563049 0.7592442550115632 400
1694620563079 0.7605700706406306 401
1694620563109 0.7618741401724474 402
1694620563137 0.7631567379252567 403
1694620563167 0.7644181377549939 404
1694620563194 0.7656586129293403 405
1694620563220 0.7668784360067895 406
1694620563246 0.7680778787206368 407
1694620563272 0.7692572118678082 408
1694620563298 0.7704167052024428 409
1694620563324 0.7715566273341394 410
1694620563349 0.7726772456307747 411
1694620563376 0.773778826125792 412
1694620563401 0.7748616334298797 413
1694620563427 0.7759259306469284 414
1694620563452 0.7769719792941803 415
1694620563478 0.7780000392264608 416
1694620563502 0.7790103685644028 417
1694620563530 0.7800032236265635 418
1694620563557 0.7809788588653225 419
1694620563582 0.7819375268064783 420
1694620563607 0.7828794779924294 421
1694620563633 0.7838049609288485 422
1694620563670 0.784714222034745 423
1694620563708 0.7856075055958238 424
1694620563736 0.7864850537210365 425
1694620563762 0.7873471063022288 426
1694620563788 0.7881939009767955 427
1694620563813 0.7890256730932352 428
1694620563840 0.789842655679523 429
1694620563865 0.7906450794141966 430
1694620563895 0.7914331726000771 431
1694620563921 0.792207161140524 432
1694620563947 0.7929672685181396 433
1694620563976 0.7937137157758358 434
1694620564001 0.794446721500177 435
1694620564028 0.7951665018069145 436
1694620564053 0.7958732703286305 437
1694620564079 0.7965672382044082 438
1694620564106 0.7972486140714548 439
1694620564131 0.797917604058589 440
1694620564158 0.7985744117815337 441
1694620564193 0.7992192383399188 442
1694620564224 0.7998522823159402 443
1694620564253 0.8004737397745934 444
1694620564279 0.8010838042654177 445
1694620564305 0.8016826668256807 446
1694620564330 0.8022705159849379 447
1694620564355 0.8028475377709083 448
1694620564381 0.8034139157165985 449
1694620564409 0.8039698308686156 450
1694620564435 0.804515461796613 451
1694620564463 0.805050984603813 452
1694620564490 0.8055765729385426 453
1694620564516 0.8060923980067454 454
1694620564542 0.806598628585397 455
1694620564568 0.8070954310367905 456
1694620564594 0.8075829693236372 457
1694620564620 0.8080614050249297 458
1694620564647 0.8085308973525362 459
1694620564674 0.8089916031684652 460
1694620564699 0.8094436770027689 461
1694620564725 0.8098872710720434 462
1694620564752 0.8103225352984812 463
1694620564777 0.8107496173294406 464
1694620564803 0.811168662557497 465
1694620564828 0.8115798141409347 466
1694620564856 0.811983213024654 467
1694620564883 0.8123789979614509 468
1694620564911 0.8127673055336444 469
1694620564939 0.8131482701750185 470
1694620564966 0.8135220241930501 471
1694620564996 0.8138886977913924 472
1694620565023 0.8142484190925935 473
1694620565048 0.8146013141610151 474
1694620565074 0.8149475070259331 475
1694620565101 0.8152871197047952 476
1694620565130 0.8156202722266122 477
1694620565162 0.8159470826554572 478
1694620565188 0.8162676671140603 479
1694620565213 0.8165821398074745 480
1694620565242 0.8168906130467893 481
1694620565272 0.8171931972728838 482
1694620565305 0.8174900010801901 483
1694620565332 0.8177811312404666 484
1694620565359 0.8180666927265442 485
1694620565387 0.8183467887360546 486
1694620565414 0.8186215207151046 487
1694620565439 0.8188909883818982 488
1694620565465 0.8191552897502876 489
1694620565491 0.8194145211532404 490
1694620565521 0.8196687772662146 491
1694620565546 0.8199181511304272 492
1694620565572 0.8201627341760128 493
1694620565597 0.8204026162450511 494
1694620565623 0.8206378856144668 495
1694620565648 0.8208686290187858 496
1694620565675 0.8210949316727407 497
1694620565701 0.8213168772937226 498
1694620565728 0.821534548124063 499
1694620565755 0.8217480249531521 500
1694620565782 0.8219573871393746 501
1694620565808 0.822162712631866 502
1694620565835 0.8223640779920809 503
1694620565862 0.822561558415169 504
1694620565889 0.8227552277511516 505
1694620565914 0.8229451585259034 506
1694620565943 0.8231314219619207 507
1694620565971 0.8233140879988897 508
1694620566002 0.8234932253140387 509
1694620566031 0.8236689013422765 510
1694620566059 0.8238411822961156 511
1694620566086 0.8240101331853755 512
1694620566111 0.8241758178366665 513
1694620566136 0.824338298912648 514
1694620566162 0.8244976379310662 515
1694620566190 0.8246538952835629 516
1694620566218 0.8248071302542619 517
1694620566245 0.8249574010381239 518
1694620566271 0.8251047647590786 519
1694620566299 0.8252492774879211 520
1694620566335 0.8253909942599903 521
1694620566368 0.825529969092607 522
1694620566395 0.825666255002294 523
1694620566422 0.8257999040217592 524
1694620566449 0.8259309672166579 525
1694620566475 0.826059494702123 526
1694620566503 0.8261855356590704 527
1694620566530 0.8263091383502781 528
1694620566556 0.8264303501362402 529
1694620566582 0.8265492174907977 530
1694620566608 0.8266657860165436 531
1694620566634 0.8267801004600103 532
1694620566659 0.8268922047266322 533
1694620566686 0.8270021418954936 534
1694620566711 0.8271099542338544 535
1694620566737 0.8272156832114638 536
1694620566762 0.8273193695146567 537
1694620566788 0.8274210530602385 538
1694620566813 0.8275207730091573 539
1694620566841 0.8276185677799707 540
1694620566869 0.8277144750620988 541
1694620566896 0.8278085318288775 542
1694620566922 0.8279007743504038 543
1694620566948 0.8279912382061837 544
1694620566976 0.828079958297575 545
1694620567002 0.8281669688600375 546
1694620567030 0.8282523034751835 547
1694620567055 0.828335995082638 548
1694620567081 0.8284180759917044 549
1694620567106 0.8284985778928448 550
1694620567130 0.828577531868968 551
1694620567155 0.8286549684065383 552
1694620567181 0.8287309174064964 553
1694620567207 0.828805408195003 554
1694620567232 0.8288784695340025 555
1694620567258 0.8289501296316116 556
1694620567284 0.8290204161523326 557
1694620567310 0.8290893562270962 558
1694620567336 0.8291569764631346 559
1694620567361 0.8292233029536862 560
1694620567389 0.8292883612875369 561
1694620567418 0.8293521765583975 562
1694620567445 0.8294147733741212 563
1694620567471 0.829476175865761 564
1694620567497 0.8295364076964739 565
1694620567524 0.8295954920702687 566
1694620567551 0.8296534517406019 567
1694620567576 0.829710309018825 568
1694620567602 0.8297660857824853 569
1694620567627 0.8298208034834784 570
1694620567654 0.8298744831560594 571
1694620567680 0.8299271454247141 572
1694620567705 0.8299788105118876 573
1694620567731 0.8300294982455806 574
1694620567758 0.8300792280668069 575
1694620567783 0.8301280190369209 576
1694620567808 0.8301758898448125 577
1694620567834 0.8302228588139748 578
1694620567861 0.8302689439094435 579
1694620567886 0.8303141627446134 580
1694620567911 0.8303585325879311 581
1694620567936 0.8304020703694663 582
1694620567965 0.8304447926873666 583
1694620567993 0.8304867158141915 584
1694620568020 0.8305278557031359 585
1694620568046 0.8305682279941364 586
1694620568073 0.8306078480198682 587
1694620568098 0.8306467308116335 588
1694620568127 0.8306848911051388 589
1694620568157 0.8307223433461691 590
1694620568185 0.8307591016961574 591
1694620568215 0.830795180037651 592
1694620568243 0.8308305919796769 593
1694620568271 0.8308653508630103 594
1694620568298 0.8308994697653415 595
1694620568325 0.8309329615063521 596
1694620568349 0.830965838652693 597
1694620568374 0.8309981135228717 598
1694620568400 0.8310297981920488 599
1694620568425 0.8310609044967451 600
1694620568454 0.8310914440394593 601
1694620568488 0.831121428193202 602
1694620568515 0.831150868105943 603
1694620568540 0.8311797747049756 604
1694620568567 0.8312081587011991 605
1694620568593 0.8312360305933224 606
1694620568618 0.8312634006719846 607
1694620568646 0.831290279023803 608
1694620568674 0.8313166755353408 609
1694620568700 0.8313425998970024 610
1694620568728 0.8313680616068528 611
1694620568757 0.8313930699743682 612
1694620568784 0.8314176341241111 613
1694620568811 0.8314417629993397 614
1694620568839 0.8314654653655466 615
1694620568866 0.8314887498139305 616
1694620568891 0.8315116247648028 617
1694620568918 0.8315340984709292 618
1694620568943 0.8315561790208054 619
1694620568971 0.8315778743418742 620
1694620568999 0.8315991922036774 621
1694620569028 0.8316201402209504 622
1694620569056 0.8316407258566564 623
1694620569085 0.831660956424961 624
1694620569113 0.831680839094153 625
1694620569140 0.8317003808895072 626
1694620569171 0.8317195886960912 627
1694620569210 0.8317384692615222 628
1694620569253 0.8317570291986658 629
1694620569288 0.8317752749882867 630
1694620569316 0.8317932129816468 631
1694620569342 0.8318108494030535 632
1694620569368 0.8318281903523593 633
1694620569395 0.8318452418074114 634
1694620569419 0.8318620096264568 635
1694620569444 0.8318784995504989 636
1694620569468 0.831894717205609 637
1694620569495 0.8319106681051938 638
1694620569526 0.8319263576522177 639
1694620569558 0.8319417911413829 640
1694620569588 0.8319569737612678 641
1694620569615 0.8319719105964221 642
1694620569643 0.8319866066294235 643
1694620569672 0.8320010667428933 644
1694620569699 0.8320152957214718 645
1694620569730 0.8320292982537567 646
1694620569761 0.8320430789342054 647
1694620569789 0.8320566422649953 648
1694620569817 0.8320699926578528 649
1694620569845 0.8320831344358453 650
1694620569873 0.8320960718351356 651
1694620569898 0.832108809006707 652
1694620569924 0.8321213500180497 653
1694620569950 0.8321336988548176 654
1694620569978 0.832145859422452 655
1694620570005 0.8321578355477728 656
1694620570036 0.8321696309805385 657
1694620570060 0.8321812493949778 658
1694620570090 0.8321926943912885 659
1694620570115 0.8322039694971087 660
1694620570141 0.8322150781689587 661
1694620570165 0.8322260237936544 662
1694620570192 0.8322368096896937 663
1694620570216 0.8322474391086154 664
1694620570249 0.8322579152363309 665
1694620570289 0.8322682411944299 666
1694620570325 0.8322784200414621 667
1694620570358 0.8322884547741911 668
1694620570387 0.8322983483288253 669
1694620570415 0.832308103582225 670
1694620570439 0.832317723353084 671
1694620570464 0.8323272104030892 672
1694620570490 0.8323365674380578 673
1694620570527 0.8323457971090508 674
1694620570553 0.8323549020134657 675
1694620570585 0.8323638846961073 676
1694620570617 0.8323727476502368 677
1694620570644 0.8323814933186007 678
1694620570672 0.8323901240944408 679
1694620570699 0.8323986423224814 680
1694620570727 0.8324070502998986 681
1694620570755 0.8324153502772723 682
1694620570783 0.832423544459515 683
1694620570809 0.8324316350067871 684
1694620570836 0.8324396240353902 685
1694620570861 0.8324475136186447 686
1694620570886 0.8324553057877503 687
1694620570911 0.8324630025326291 688
1694620570938 0.8324706058027501 689
1694620570964 0.8324781175079415 690
1694620570991 0.8324855395191829 691
1694620571019 0.8324928736693838 692
1694620571048 0.8325001217541468 693
1694620571075 0.8325072855325151 694
1694620571101 0.8325143667277045 695
1694620571129 0.8325213670278233 696
1694620571156 0.8325282880865752 697
1694620571185 0.8325351315239491 698
1694620571210 0.8325418989268973 699
1694620571236 0.8325485918499965 700
1694620571263 0.8325552118160989 701
1694620571290 0.8325617603169686 702
1694620571316 0.8325682388139067 703
1694620571342 0.8325746487383616 704
1694620571366 0.8325809914925313 705
1694620571393 0.8325872684499483 706
1694620571419 0.8325934809560589 707
1694620571445 0.8325996303287846 708
1694620571473 0.8326057178590788 709
1694620571502 0.832611744811467 710
1694620571530 0.8326177124245799 711
1694620571556 0.8326236219116738 712
1694620571582 0.8326294744611415 713
1694620571610 0.8326352712370131 714
1694620571639 0.8326410133794466 715
1694620571674 0.832646702005209 716
1694620571701 0.8326523382081464 717
1694620571728 0.832657923059648 718
1694620571755 0.8326634576090972 719
1694620571781 0.8326689428843153 720
1694620571806 0.8326743798919977 721
1694620571832 0.8326797696181387 722
1694620571858 0.8326851130284499 723
1694620571884 0.8326904110687691 724
1694620571909 0.8326956646654623 725
1694620571935 0.832700874725816 726
1694620571961 0.8327060421384227 727
1694620571988 0.8327111677735592 728
1694620572014 0.8327162524835565 729
1694620572041 0.8327212971031617 730
1694620572067 0.8327263024498948 731
1694620572092 0.8327312693243958 732
1694620572119 0.8327361985107673 733
1694620572144 0.8327410907769085 734
1694620572170 0.8327459468748427 735
1694620572198 0.8327507675410399 736
1694620572227 0.8327555534967308 737
1694620572254 0.8327603054482151 738
1694620572278 0.8327650240871657 739
1694620572305 0.8327697100909228 740
1694620572329 0.8327743641227863 741
1694620572355 0.8327789868322998 742
1694620572381 0.8327835788555289 743
1694620572406 0.8327881408153361 744
1694620572432 0.8327926733216475 745
1694620572457 0.8327971769717156 746
1694620572482 0.8328016523503774 747
1694620572508 0.832806100030305 748
1694620572534 0.8328105205722548 749
1694620572559 0.8328149145253071 750
1694620572586 0.8328192824271059 751
1694620572610 0.83282362480409 752
1694620572636 0.8328279421717211 753
1694620572662 0.832832235034707 754
1694620572691 0.8328365038872214 755
1694620572721 0.8328407492131169 756
1694620572754 0.8328449714861357 757
1694620572786 0.8328491711701163 758
1694620572817 0.8328533487191943 759
1694620572854 0.8328575045780005 760
1694620572887 0.8328616391818542 761
1694620572915 0.8328657529569541 762
1694620572941 0.832869846320564 763
1694620572966 0.8328739196811941 764
1694620572996 0.832877973438781 765
1694620573025 0.8328820079848619 766
1694620573052 0.8328860237027471 767
1694620573076 0.8328900209676866 768
1694620573103 0.832894000147036 769
1694620573128 0.8328979616004183 770
1694620573154 0.8329019056798804 771
1694620573181 0.83290583273005 772
1694620573207 0.8329097430882856 773
1694620573233 0.8329136370848264 774
1694620573260 0.8329175150429385 775
1694620573287 0.8329213772790566 776
1694620573312 0.8329252241029248 777
1694620573338 0.8329290558177338 778
1694620573363 0.8329328727202546 779
1694620573388 0.8329366751009711 780
1694620573416 0.8329404632442085 781
1694620573442 0.8329442374282596 782
1694620573469 0.8329479979255101 783
1694620573493 0.8329517450025579 784
1694620573521 0.8329554789203335 785
1694620573547 0.8329591999342163 786
1694620573572 0.8329629082941488 787
1694620573597 0.8329666042447476 788
1694620573623 0.8329702880254145 789
1694620573649 0.8329739598704431 790
1694620573676 0.8329776200091237 791
1694620573703 0.8329812686658474 792
1694620573728 0.8329849060602064 793
1694620573759 0.8329885324070928 794
1694620573793 0.8329921479167968 795
1694620573821 0.8329957527951002 796
1694620573846 0.832999347243371 797
1694620573872 0.833002931458653 798
1694620573897 0.8330065056337567 799
1694620573922 0.8330100699573458 800
1694620573950 0.8330136246140243 801
1694620573979 0.8330171697844184 802
1694620574007 0.833020705645261 803
1694620574033 0.8330242323694714 804
1694620574061 0.8330277501262345 805
1694620574086 0.8330312590810784 806
1694620574112 0.83303475939595 807
1694620574137 0.8330382512292895 808
1694620574162 0.8330417347361034 809
1694620574188 0.8330452100680354 810
1694620574216 0.8330486773734371 811
1694620574241 0.8330521367974355 812
1694620574268 0.8330555884820013 813
1694620574295 0.8330590325660131 814
1694620574321 0.8330624691853237 815
1694620574345 0.8330658984728208 816
1694620574371 0.8330693205584916 817
1694620574396 0.8330727355694814 818
1694620574423 0.8330761436301533 819
1694620574448 0.8330795448621466 820
1694620574474 0.8330829393844336 821
1694620574502 0.8330863273133761 822
1694620574532 0.8330897087627784 823
1694620574561 0.8330930838439422 824
1694620574590 0.8330964526657189 825
1694620574616 0.8330998153345605 826
1694620574642 0.8331031719545701 827
1694620574672 0.8331065226275515 828
1694620574698 0.8331098674530566 829
1694620574725 0.8331132065284346 830
1694620574754 0.833116539948876 831
1694620574781 0.8331198678074594 832
1694620574807 0.8331231901951961 833
1694620574836 0.8331265072010727 834
1694620574869 0.8331298189120949 835
1694620574896 0.8331331254133285 836
1694620574923 0.83313642678794 837
1694620574950 0.8331397231172384 838
1694620574982 0.8331430144807128 839
1694620575010 0.8331463009560712 840
1694620575037 0.8331495826192794 841
1694620575063 0.8331528595445962 842
1694620575089 0.8331561318046103 843
1694620575115 0.8331593994702768 844
1694620575142 0.8331626626109502 845
1694620575169 0.8331659212944188 846
1694620575195 0.8331691755869396 847
1694620575221 0.8331724255532682 848
1694620575247 0.8331756712566931 849
1694620575274 0.8331789127590657 850
1694620575301 0.8331821501208316 851
1694620575326 0.8331853834010603 852
1694620575352 0.8331886126574742 853
1694620575377 0.8331918379464783 854
1694620575404 0.8331950593231879 855
1694620575428 0.8331982768414565 856
1694620575454 0.8332014905539018 857
1694620575479 0.8332047005119341 858
1694620575505 0.8332079067657803 859
1694620575534 0.8332111093645108 860
1694620575560 0.8332143083560635 861
1694620575588 0.8332175037872687 862
1694620575614 0.8332206957038721 863
1694620575641 0.8332238841505598 864
1694620575668 0.8332270691709796 865
1694620575693 0.8332302508077645 866
1694620575718 0.8332334291025536 867
1694620575748 0.8332366040960149 868
1694620575778 0.8332397758278656 869
1694620575805 0.8332429443368924 870
1694620575830 0.8332461096609727 871
1694620575855 0.8332492718370936 872
1694620575880 0.8332524309013714 873
1694620575907 0.8332555868890706 874
1694620575934 0.8332587398346234 875
1694620575961 0.833261889771646 876
1694620575988 0.8332650367329579 877
1694620576014 0.833268180750599 878
1694620576043 0.8332713218558467 879
1694620576069 0.8332744600792322 880
1694620576094 0.8332775954505576 881
1694620576118 0.8332807279989114 882
1694620576142 0.8332838577526842 883
1694620576168 0.8332869847395847 884
1694620576193 0.8332901089866535 885
1694620576219 0.8332932305202796 886
1694620576247 0.8332963493662133 887
1694620576275 0.833299465549581 888
1694620576303 0.8333025790948992 889
1694620576329 0.8333056900260876 890
1694620576355 0.8333087983664825 891
1694620576382 0.8333119041388504 892
1694620576409 0.8333150073653992 893
1694620576436 0.8333181080677929 894
1694620576462 0.8333212062671616 895
1694620576486 0.8333243019841146 896
1694620576511 0.8333273952387518 897
1694620576536 0.8333304860506757 898
1694620576560 0.8333335744390015 899
1694620576586 0.8333366604223688 900
1694620576613 0.8333397440189521 901
1694620576639 0.8333428252464719 902
1694620576665 0.8333459041222038 903
1694620576691 0.8333489806629897 904
1694620576717 0.8333520548852473 905
1694620576743 0.8333551268049791 906
1694620576770 0.8333581964377828 907
1694620576794 0.8333612637988601 908
1694620576819 0.8333643289030257 909
1694620576846 0.8333673917647165 910
1694620576872 0.8333704523979998 911
1694620576898 0.8333735108165818 912
1694620576923 0.8333765670338166 913
1694620576951 0.8333796210627135 914
1694620576982 0.8333826729159454 915
1694620577010 0.8333857226058566 916
1694620577038 0.8333887701444701 917
1694620577066 0.8333918155434954 918
1694620577091 0.8333948588143356 919
1694620577119 0.8333978999680948 920
1694620577145 0.8334009390155848 921
1694620577172 0.8334039759673315 922
1694620577197 0.8334070108335833 923
1694620577224 0.8334100436243158 924
1694620577251 0.8334130743492387 925
1694620577276 0.8334161030178029 926
1694620577301 0.8334191296392056 927
1694620577326 0.8334221542223972 928
1694620577352 0.8334251767760857 929
1694620577377 0.8334281973087452 930
1694620577403 0.8334312158286179 931
1694620577428 0.8334342323437229 932
1694620577454 0.8334372468618596 933
1694620577479 0.8334402593906137 934
1694620577505 0.8334432699373626 935
1694620577533 0.8334462785092789 936
1694620577562 0.8334492851133385 937
1694620577589 0.8334522897563215 938
1694620577618 0.8334552924448201 939
1694620577642 0.8334582931852417 940
1694620577668 0.8334612919838136 941
1694620577693 0.8334642888465876 942
1694620577718 0.8334672837794445 943
1694620577746 0.8334702767880974 944
1694620577770 0.833473267878098 945
1694620577796 0.8334762570548377 946
1694620577821 0.8334792443235539 947
1694620577846 0.8334822296893329 948
1694620577871 0.8334852131571138 949
1694620577895 0.8334881947316923 950
1694620577921 0.8334911744177244 951
1694620577949 0.8334941522197292 952
1694620577975 0.833497128142094 953
1694620578002 0.8335001021890762 954
1694620578033 0.8335030743648064 955
1694620578064 0.8335060446732938 956
1694620578093 0.8335090131184265 957
1694620578119 0.833511979703977 958
1694620578143 0.8335149444336035 959
1694620578167 0.8335179073108545 960
1694620578196 0.8335208683391698 961
1694620578224 0.8335238275218854 962
1694620578251 0.8335267848622341 963
1694620578278 0.8335297403633501 964
1694620578306 0.8335326940282712 965
1694620578330 0.8335356458599399 966
1694620578356 0.8335385958612078 967
1694620578384 0.8335415440348374 968
1694620578414 0.8335444903835043 969
1694620578443 0.8335474349097999 970
1694620578473 0.8335503776162332 971
1694620578498 0.833553318505234 972
1694620578524 0.833556257579154 973
1694620578549 0.8335591948402699 974
1694620578576 0.8335621302907842 975
1694620578604 0.8335650639328297 976
1694620578631 0.8335679957684686 977
1694620578659 0.8335709257996962 978
1694620578685 0.8335738540284426 979
1694620578710 0.8335767804565744 980
1694620578742 0.8335797050858962 981
1694620578770 0.8335826279181532 982
1694620578799 0.8335855489550323 983
1694620578827 0.833588468198164 984
1694620578854 0.8335913856491242 985
1694620578880 0.8335943013094351 986
1694620578906 0.8335972151805684 987
1694620578931 0.8336001272639452 988
1694620578958 0.833603037560938 989
1694620578985 0.8336059460728733 990
1694620579011 0.8336088528010307 991
1694620579038 0.8336117577466469 992
1694620579063 0.8336146609109153 993
1694620579092 0.8336175622949884 994
1694620579122 0.8336204618999782 995
1694620579152 0.833623359726958 996
1694620579176 0.8336262557769644 997
1694620579204 0.8336291500509965 998
1694620579230 0.8336320425500191 999
