1694625771886 0.0 0
1694625772149 0.0 1
1694625772490 0.0 2
1694625772855 0.0 3
1694625773203 0.0 4
1694625773505 0.0 5
1694625773813 0.0 6
1694625774138 0.0 7
1694625774459 0.0 8
1694625774732 0.0 9
1694625775035 0.0 10
1694625775326 0.0 11
1694625775630 0.0 12
1694625775964 0.0 13
1694625776222 0.0 14
1694625776538 0.0 15
1694625776863 0.0 16
1694625777190 0.0 17
1694625777514 0.0 18
1694625777797 0.0 19
1694625778093 0.0 20
1694625778418 0.0 21
1694625778711 0.0 22
1694625778979 0.0 23
1694625779280 0.0 24
1694625779651 0.0 25
1694625779928 0.0 26
1694625780275 0.0 27
1694625780634 0.0 28
1694625780989 0.0 29
1694625781297 0.0 30
1694625781632 0.0 31
1694625781908 0.0 32
1694625782230 0.0 33
1694625782568 0.0 34
1694625782870 0.0 35
1694625783192 0.0 36
1694625783504 0.0 37
1694625783813 0.0 38
1694625784112 0.0 39
1694625784409 0.0 40
1694625784756 0.0 41
1694625785067 0.0 42
1694625785409 0.0 43
1694625785701 0.0 44
1694625785984 0.0 45
1694625786339 0.0 46
1694625786794 0.0 47
1694625787273 0.0 48
1694625787713 0.0 49
1694625788153 0.0 50
1694625788593 0.0 51
1694625789002 0.0 52
1694625789398 0.0 53
1694625789696 0.0 54
1694625790042 0.0 55
1694625790405 0.0 56
1694625790790 0.0 57
1694625791101 0.0 58
1694625791481 0.0 59
1694625791768 0.0 60
1694625792080 0.0 61
1694625792390 0.0 62
1694625792704 0.0 63
1694625792967 0.0 64
1694625793238 0.0 65
1694625793513 0.0 66
1694625793827 0.0 67
1694625794118 0.0 68
1694625794432 0.0 69
1694625794748 0.0 70
1694625795106 0.0 71
1694625795494 0.0 72
1694625795820 0.0 73
1694625796159 0.0 74
1694625796461 0.0 75
1694625796765 0.0 76
1694625797029 0.0 77
1694625797414 0.0 78
1694625797676 0.0 79
1694625797973 0.0 80
1694625798281 0.0 81
1694625798543 0.0 82
1694625798862 0.0 83
1694625799113 0.0 84
1694625799442 0.0 85
1694625799736 0.0 86
1694625799991 0.0 87
1694625800268 0.0 88
1694625800553 0.0 89
1694625800896 0.0 90
1694625801195 0.0 91
1694625801487 0.0 92
1694625801811 0.0 93
1694625802120 0.0 94
1694625802420 0.0 95
1694625802751 0.0 96
1694625803032 0.0 97
1694625803304 0.0 98
1694625803633 0.0 99
1694625803933 0.0 100
1694625804195 0.0 101
1694625804489 0.0 102
1694625804852 0.0 103
1694625805155 0.0 104
1694625805434 0.0 105
1694625805729 0.0 106
1694625805980 0.0 107
1694625806329 0.0 108
1694625806682 0.0 109
1694625806955 0.0 110
1694625807260 0.0 111
1694625807565 0.0 112
1694625807852 0.0 113
1694625808178 0.0 114
1694625808473 0.0 115
1694625808749 0.0 116
1694625809033 0.0 117
1694625809314 0.0 118
1694625809625 0.0 119
1694625809958 0.0 120
1694625810293 0.0 121
1694625810586 0.0 122
1694625810887 0.0 123
1694625811197 0.0 124
1694625811502 0.0 125
1694625811762 0.0 126
1694625812059 0.0 127
1694625812306 0.0 128
1694625812585 0.0 129
1694625812881 0.0 130
1694625813151 0.0 131
1694625813440 0.0 132
1694625813722 0.0 133
1694625814003 0.0 134
1694625814239 0.0 135
1694625814562 0.0 136
1694625814828 0.0 137
1694625815098 0.0 138
1694625815386 0.0 139
1694625815673 0.0 140
1694625815999 0.0 141
1694625816310 0.0 142
1694625816594 0.0 143
1694625816858 0.0 144
1694625817116 0.0 145
1694625817481 0.0 146
1694625817728 0.0 147
1694625817997 0.0 148
1694625818326 0.0 149
1694625818678 0.0 150
1694625819047 0.0 151
1694625819328 0.0 152
1694625819596 0.0 153
1694625819851 0.0 154
1694625820136 0.0 155
1694625820386 0.0 156
1694625820664 0.0 157
1694625820946 0.0 158
1694625821229 0.0 159
1694625821491 0.0 160
1694625821782 0.0 161
1694625822062 0.0 162
1694625822330 0.0 163
1694625822602 0.0 164
1694625822903 0.0 165
1694625823202 0.0 166
1694625823551 0.0 167
1694625823864 0.0 168
1694625824185 0.0 169
1694625824415 0.0 170
1694625824692 0.0 171
1694625825033 0.0 172
1694625825311 0.0 173
1694625825635 0.0 174
1694625825942 0.0 175
1694625826215 0.0 176
1694625826552 0.0 177
1694625826848 0.0 178
1694625827121 0.0 179
1694625827437 0.0 180
1694625827718 0.0 181
1694625827991 0.0 182
1694625828286 0.0 183
1694625828601 0.0 184
1694625828871 0.0 185
1694625829181 0.0 186
1694625829478 0.0 187
1694625829767 0.0 188
1694625830061 0.0 189
1694625830326 0.0 190
1694625830546 0.0 191
1694625830855 0.0 192
1694625831176 0.0 193
1694625831453 0.0 194
1694625831730 0.0 195
1694625832017 0.0 196
1694625832310 0.0 197
1694625832612 0.0 198
1694625832881 0.0 199
1694625833201 0.0 200
1694625833455 0.0 201
1694625833731 0.0 202
1694625834039 0.0 203
1694625834314 0.0 204
1694625834649 0.0 205
1694625834901 0.0 206
1694625835202 0.0 207
1694625835493 0.0 208
1694625835791 0.0 209
1694625836100 0.0 210
1694625836359 0.0 211
1694625836651 0.0 212
1694625836985 0.0 213
1694625837221 0.0 214
1694625837521 0.0 215
1694625837850 0.0 216
1694625838127 0.0 217
1694625838392 0.0 218
1694625838707 0.0 219
1694625838977 0.0 220
1694625839240 0.0 221
1694625839539 0.0 222
1694625839834 0.0 223
1694625840129 0.0 224
1694625840402 0.0 225
1694625840697 0.0 226
1694625840993 0.0 227
1694625841297 0.0 228
1694625841598 0.0 229
1694625841895 0.0 230
1694625842162 0.0 231
1694625842405 0.0 232
1694625842733 0.0 233
1694625843025 0.0 234
1694625843274 0.0 235
1694625843589 0.0 236
1694625843858 0.0 237
1694625844080 0.0 238
1694625844341 0.0 239
1694625844630 0.0 240
1694625844917 0.0 241
1694625845162 0.0 242
1694625845400 0.0 243
1694625845637 0.0 244
1694625845879 0.0 245
1694625846105 0.0 246
1694625846341 0.0 247
1694625846581 0.0 248
1694625846821 0.0 249
1694625847068 0.0 250
1694625847274 0.0 251
1694625847519 0.0 252
1694625847782 0.0 253
1694625848001 0.0 254
1694625848224 0.0 255
1694625848468 0.0 256
1694625848692 0.0 257
1694625848927 0.0 258
1694625849163 0.0 259
1694625849403 0.0 260
1694625849659 0.0 261
1694625849897 0.0 262
1694625850127 0.0 263
1694625850366 0.0 264
1694625850607 0.0 265
1694625850881 0.0 266
1694625851120 0.0 267
1694625851363 0.0 268
1694625851590 0.0 269
1694625851876 0.0 270
1694625852122 0.0 271
1694625852330 0.0 272
1694625852601 0.0 273
1694625852835 0.0 274
1694625853055 0.0 275
1694625853285 0.0 276
1694625853503 0.0 277
1694625853748 0.0 278
1694625853965 0.0 279
1694625854193 0.0 280
1694625854460 0.0 281
1694625854677 0.0 282
1694625854912 0.0 283
1694625855151 0.0 284
1694625855383 0.0 285
1694625855590 0.0 286
1694625855811 0.0 287
1694625856051 0.0 288
1694625856373 0.0 289
1694625856585 0.0 290
1694625856843 0.0 291
1694625857062 0.0 292
1694625857317 0.0 293
1694625857561 0.0 294
1694625857816 0.0 295
1694625858038 0.0 296
1694625858337 0.0 297
1694625858719 0.0 298
1694625859100 0.0 299
1694625859482 0.0 300
1694625859836 0.0 301
1694625860170 0.0 302
1694625860508 0.0 303
1694625860856 0.0 304
1694625861182 0.0 305
1694625861523 0.0 306
1694625861869 0.0 307
1694625862201 0.0 308
1694625862554 0.0 309
1694625862916 0.0 310
1694625863364 0.0 311
1694625863815 0.0 312
1694625864238 0.0 313
1694625864691 0.0 314
1694625865139 0.0 315
1694625865543 0.0 316
1694625865990 0.0 317
1694625866428 0.0 318
1694625866822 0.0 319
1694625867268 0.0 320
1694625867712 0.0 321
1694625868183 0.0 322
1694625868601 0.0 323
1694625869042 0.0 324
1694625869478 0.0 325
1694625869942 0.0 326
1694625870364 0.0 327
1694625870794 0.0 328
1694625871249 0.0 329
1694625871655 0.0 330
1694625872072 0.0 331
1694625872491 0.0 332
1694625872923 0.0 333
1694625873344 0.0 334
1694625873769 0.0 335
1694625874196 0.0 336
1694625874615 0.0 337
1694625875009 0.0 338
1694625875417 0.0 339
1694625875812 0.0 340
1694625876204 0.0 341
1694625876586 0.0 342
1694625876984 0.0 343
1694625877363 0.0 344
1694625877777 0.0 345
1694625878149 0.0 346
1694625878610 0.0 347
1694625879066 0.0 348
1694625879472 0.0 349
1694625879860 0.0 350
1694625880290 0.0 351
1694625880665 0.0 352
1694625881038 0.0 353
1694625881399 0.0 354
1694625881699 0.0 355
1694625882025 0.0 356
1694625882315 0.0 357
1694625882662 0.0 358
1694625883081 0.0 359
1694625883479 0.0 360
1694625883868 0.0 361
1694625884282 0.0 362
1694625884706 0.0 363
1694625885129 0.0 364
1694625885582 0.0 365
1694625885998 0.0 366
1694625886403 0.0 367
1694625886818 0.0 368
1694625887243 0.0 369
1694625887669 0.0 370
1694625888075 0.0 371
1694625888541 0.0 372
1694625888962 0.0 373
1694625889374 0.0 374
1694625889821 0.0 375
1694625890253 0.0 376
1694625890680 0.0 377
1694625891091 0.0 378
1694625891517 0.0 379
1694625891932 0.0 380
1694625892358 0.0 381
1694625892803 0.0 382
1694625893251 0.0 383
1694625893683 0.0 384
1694625894081 0.0 385
1694625894456 0.0 386
1694625894861 0.0 387
1694625895262 0.0 388
1694625895658 0.0 389
1694625896093 0.0 390
1694625896509 0.0 391
1694625896926 0.0 392
1694625897362 0.0 393
1694625897758 0.0 394
1694625898168 0.0 395
1694625898583 0.0 396
1694625898975 0.0 397
1694625899384 0.0 398
1694625899777 0.0 399
1694625900235 0.0 400
1694625900663 0.0 401
1694625901092 0.0 402
1694625901555 0.0 403
1694625901988 0.0 404
1694625902381 0.0 405
1694625902789 0.0 406
1694625903210 0.0 407
1694625903672 0.0 408
1694625904124 0.0 409
1694625904533 0.0 410
1694625904974 0.0 411
1694625905386 0.0 412
1694625905839 0.0 413
1694625906274 0.0 414
1694625906733 0.0 415
1694625907118 0.0 416
1694625907525 0.0 417
1694625907949 0.0 418
1694625908383 0.0 419
1694625908825 0.0 420
1694625909255 0.0 421
1694625909703 0.0 422
1694625910156 0.0 423
1694625910596 0.0 424
1694625911001 0.0 425
1694625911408 0.0 426
1694625911820 0.0 427
1694625912214 0.0 428
1694625912623 0.0 429
1694625913000 0.0 430
1694625913387 0.0 431
1694625913821 0.0 432
1694625914229 0.0 433
1694625914620 0.0 434
1694625915031 0.0 435
1694625915382 0.0 436
1694625915723 0.0 437
1694625916127 0.0 438
1694625916563 0.0 439
1694625916989 0.0 440
1694625917395 0.0 441
1694625917857 0.0 442
1694625918270 0.0 443
1694625918693 0.0 444
1694625919101 0.0 445
1694625919573 0.0 446
1694625919986 0.0 447
1694625920384 0.0 448
1694625920743 0.0 449
1694625921091 0.0 450
1694625921505 0.0 451
1694625921846 0.0 452
1694625922192 0.0 453
1694625922565 0.0 454
1694625922957 0.0 455
1694625923365 0.0 456
1694625923685 0.0 457
1694625923953 0.0 458
1694625924222 0.0 459
1694625924470 0.0 460
1694625924756 0.0 461
1694625925006 0.0 462
1694625925239 0.0 463
1694625925492 0.0 464
1694625925706 0.0 465
1694625925981 0.0 466
1694625926210 0.0 467
1694625926521 0.0 468
1694625926801 0.0 469
1694625927049 0.0 470
1694625927329 0.0 471
1694625927589 0.0 472
1694625927798 0.0 473
1694625928082 0.0 474
1694625928318 0.0 475
1694625928555 0.0 476
1694625928826 0.0 477
1694625929056 0.0 478
1694625929278 0.0 479
1694625929513 0.0 480
1694625929745 0.0 481
1694625929962 0.0 482
1694625930193 0.0 483
1694625930420 0.0 484
1694625930696 0.0 485
1694625930957 0.0 486
1694625931216 0.0 487
1694625931512 0.0 488
1694625931791 0.0 489
1694625932061 0.0 490
1694625932336 0.0 491
1694625932553 0.0 492
1694625932831 0.0 493
1694625933149 0.0 494
1694625933392 0.0 495
1694625933618 0.0 496
1694625933847 0.0 497
1694625934118 0.0 498
1694625934370 0.0 499
1694625934632 0.0 500
1694625934873 0.0 501
1694625935133 0.0 502
1694625935351 0.0 503
1694625935595 0.0 504
1694625935837 0.0 505
1694625936068 0.0 506
1694625936301 0.0 507
1694625936530 0.0 508
1694625936759 0.0 509
1694625937012 0.0 510
1694625937248 0.0 511
1694625937500 0.0 512
1694625937827 0.0 513
1694625938130 0.0 514
1694625938493 0.0 515
1694625938851 0.0 516
1694625939181 0.0 517
1694625939528 0.0 518
1694625939844 0.0 519
1694625940171 0.0 520
1694625940499 0.0 521
1694625940832 0.0 522
1694625941186 0.0 523
1694625941503 0.0 524
1694625941882 0.0 525
1694625942236 0.0 526
1694625942554 0.0 527
1694625942883 0.0 528
1694625943221 0.0 529
1694625943549 0.0 530
1694625943858 0.0 531
1694625944234 0.0 532
1694625944558 0.0 533
1694625944871 0.0 534
1694625945202 0.0 535
1694625945548 0.0 536
1694625945906 0.0 537
1694625946323 0.0 538
1694625946711 0.0 539
1694625947138 0.0 540
1694625947460 0.0 541
1694625947771 0.0 542
1694625948020 0.0 543
1694625948304 0.0 544
1694625948632 0.0 545
1694625949001 0.0 546
1694625949368 0.0 547
1694625949658 0.0 548
1694625949898 0.0 549
1694625950127 0.0 550
1694625950352 0.0 551
1694625950564 0.0 552
1694625950796 0.0 553
1694625950994 0.0 554
1694625951270 0.0 555
1694625951501 0.0 556
1694625951721 0.0 557
1694625951992 0.0 558
1694625952242 0.0 559
1694625952495 0.0 560
1694625952735 0.0 561
1694625952970 0.0 562
1694625953202 0.0 563
1694625953473 0.0 564
1694625953739 0.0 565
1694625954033 0.0 566
1694625954327 0.0 567
1694625954572 0.0 568
1694625954841 0.0 569
1694625955115 0.0 570
1694625955380 0.0 571
1694625955621 0.0 572
1694625955878 0.0 573
1694625956134 0.0 574
1694625956413 0.0 575
1694625956666 0.0 576
1694625956917 0.0 577
1694625957151 0.0 578
1694625957422 0.0 579
1694625957653 0.0 580
1694625957906 0.0 581
1694625958154 0.0 582
1694625958412 0.0 583
1694625958673 0.0 584
1694625958929 0.0 585
1694625959170 0.0 586
1694625959429 0.0 587
1694625959672 0.0 588
1694625959918 0.0 589
1694625960199 0.0 590
1694625960470 0.0 591
1694625960706 0.0 592
1694625960939 0.0 593
1694625961194 0.0 594
1694625961464 0.0 595
1694625961718 0.0 596
1694625962003 0.0 597
1694625962242 0.0 598
1694625962496 0.0 599
1694625962725 0.0 600
1694625962980 0.0 601
1694625963281 0.0 602
1694625963555 0.0 603
1694625963797 0.0 604
1694625964037 0.0 605
1694625964308 0.0 606
1694625964575 0.0 607
1694625964798 0.0 608
1694625965038 0.0 609
1694625965289 0.0 610
1694625965557 0.0 611
1694625965783 0.0 612
1694625966024 0.0 613
1694625966258 0.0 614
1694625966472 0.0 615
1694625966723 0.0 616
1694625966966 0.0 617
1694625967235 0.0 618
1694625967522 0.0 619
1694625967757 0.0 620
1694625968024 0.0 621
1694625968297 0.0 622
1694625968541 0.0 623
1694625968794 0.0 624
1694625969046 0.0 625
1694625969321 0.0 626
1694625969555 0.0 627
1694625969784 0.0 628
1694625970054 0.0 629
1694625970317 0.0 630
1694625970589 0.0 631
1694625970846 0.0 632
1694625971084 0.0 633
1694625971353 0.0 634
1694625971599 0.0 635
1694625971832 0.0 636
1694625972117 0.0 637
1694625972374 0.0 638
1694625972668 0.0 639
1694625972927 0.0 640
1694625973188 0.0 641
1694625973440 0.0 642
1694625973692 0.0 643
1694625973986 0.0 644
1694625974239 0.0 645
1694625974472 0.0 646
1694625974714 0.0 647
1694625974972 0.0 648
1694625975213 0.0 649
1694625975471 0.0 650
1694625975715 0.0 651
1694625975945 0.0 652
1694625976169 0.0 653
1694625976406 0.0 654
1694625976604 0.0 655
1694625976833 0.0 656
1694625977043 0.0 657
1694625977275 0.0 658
1694625977494 0.0 659
1694625977715 0.0 660
1694625977914 0.0 661
1694625978141 0.0 662
1694625978365 0.0 663
1694625978590 0.0 664
1694625978841 0.0 665
1694625979074 0.0 666
1694625979350 0.0 667
1694625979662 0.0 668
1694625979951 0.0 669
1694625980177 0.0 670
1694625980495 0.0 671
1694625980771 0.0 672
1694625981066 0.0 673
1694625981337 0.0 674
1694625981530 0.0 675
1694625981800 0.0 676
1694625982214 0.0 677
1694625982482 0.0 678
1694625982757 0.0 679
1694625983121 0.0 680
1694625983478 0.0 681
1694625983720 0.0 682
1694625983989 0.0 683
1694625984263 0.0 684
1694625984525 0.0 685
1694625984804 0.0 686
1694625985014 0.0 687
1694625985272 0.0 688
1694625985580 0.0 689
1694625985941 0.0 690
1694625986152 0.0 691
1694625986411 0.0 692
1694625986665 0.0 693
1694625986883 0.0 694
1694625987092 0.0 695
1694625987395 0.0 696
1694625987624 0.0 697
1694625987839 0.0 698
1694625988098 0.0 699
1694625988401 0.0 700
1694625988645 0.0 701
1694625988880 0.0 702
1694625989108 0.0 703
1694625989327 0.0 704
1694625989559 0.0 705
1694625989783 0.0 706
1694625990005 0.0 707
1694625990220 0.0 708
1694625990456 0.0 709
1694625990676 0.0 710
1694625990885 0.0 711
1694625991110 0.0 712
1694625991357 0.0 713
1694625991569 0.0 714
1694625991819 0.0 715
1694625992127 0.0 716
1694625992406 0.0 717
1694625992693 0.0 718
1694625992991 0.0 719
1694625993267 0.0 720
1694625993557 0.0 721
1694625993819 0.0 722
1694625994102 0.0 723
1694625994417 0.0 724
1694625994688 0.0 725
1694625994969 0.0 726
1694625995238 0.0 727
1694625995556 0.0 728
1694625995913 0.0 729
1694625996201 0.0 730
1694625996486 0.0 731
1694625996773 0.0 732
1694625997022 0.0 733
1694625997317 0.0 734
1694625997577 0.0 735
1694625997844 0.0 736
1694625998124 0.0 737
1694625998398 0.0 738
1694625998673 0.0 739
1694625998935 0.0 740
1694625999222 0.0 741
1694625999501 0.0 742
1694625999759 0.0 743
1694626000028 0.0 744
1694626000277 0.0 745
1694626000515 0.0 746
1694626000731 0.0 747
1694626000981 0.0 748
1694626001222 0.0 749
1694626001517 0.0 750
1694626001762 0.0 751
1694626002020 0.0 752
1694626002312 0.0 753
1694626002676 0.0 754
1694626002949 0.0 755
1694626003191 0.0 756
1694626003525 0.0 757
1694626003768 0.0 758
1694626004000 0.0 759
1694626004306 0.0 760
1694626004518 0.0 761
1694626004733 0.0 762
1694626004929 0.0 763
1694626005141 0.0 764
1694626005418 0.0 765
1694626005702 0.0 766
1694626006171 0.0 767
1694626006492 0.0 768
1694626006808 0.0 769
1694626007101 0.0 770
1694626007420 0.0 771
1694626007705 0.0 772
1694626008029 0.0 773
1694626008403 0.0 774
1694626008763 0.0 775
1694626009124 0.0 776
1694626009500 0.0 777
1694626009868 0.0 778
1694626010156 0.0 779
1694626010440 0.0 780
1694626010770 0.0 781
1694626011096 0.0 782
1694626011430 0.0 783
1694626011740 0.0 784
1694626012084 0.0 785
1694626012407 0.0 786
1694626012726 0.0 787
1694626013042 0.0 788
1694626013387 0.0 789
1694626013692 0.0 790
1694626013976 0.0 791
1694626014267 0.0 792
1694626014519 0.0 793
1694626014783 0.0 794
1694626015150 0.0 795
1694626015487 0.0 796
1694626015750 0.0 797
1694626016026 0.0 798
1694626016321 0.0 799
1694626016655 0.0 800
1694626016936 0.0 801
1694626017269 0.0 802
1694626017555 0.0 803
1694626017840 0.0 804
1694626018145 0.0 805
1694626018455 0.0 806
1694626018757 0.0 807
1694626019058 0.0 808
1694626019374 0.0 809
1694626019684 0.0 810
1694626019989 0.0 811
1694626020341 0.0 812
1694626020669 0.0 813
1694626020960 0.0 814
1694626021208 0.0 815
1694626021442 0.0 816
1694626021686 0.0 817
1694626021911 0.0 818
1694626022161 0.0 819
1694626022392 0.0 820
1694626022628 0.0 821
1694626022867 0.0 822
1694626023118 0.0 823
1694626023358 0.0 824
1694626023599 0.0 825
1694626023838 0.0 826
1694626024061 0.0 827
1694626024319 0.0 828
1694626024601 0.0 829
1694626024833 0.0 830
1694626025076 0.0 831
1694626025306 0.0 832
1694626025555 0.0 833
1694626025810 0.0 834
1694626026072 0.0 835
1694626026337 0.0 836
1694626026590 0.0 837
1694626026853 0.0 838
1694626027125 0.0 839
1694626027369 0.0 840
1694626027628 0.0 841
1694626027854 0.0 842
1694626028093 0.0 843
1694626028404 0.0 844
1694626028618 0.0 845
1694626028853 0.0 846
1694626029081 0.0 847
1694626029287 0.0 848
1694626029544 0.0 849
1694626029792 0.0 850
1694626030077 0.0 851
1694626030405 0.0 852
1694626030703 0.0 853
1694626031026 0.0 854
1694626031329 0.0 855
1694626031622 0.0 856
1694626031896 0.0 857
1694626032174 0.0 858
1694626032485 0.0 859
1694626032783 0.0 860
1694626033057 0.0 861
1694626033327 0.0 862
1694626033621 0.0 863
1694626033919 0.0 864
1694626034178 0.0 865
1694626034473 0.0 866
1694626034775 0.0 867
1694626035050 0.0 868
1694626035330 0.0 869
1694626035589 0.0 870
1694626035827 0.0 871
1694626036097 0.0 872
1694626036399 0.0 873
1694626036666 0.0 874
1694626036915 0.0 875
1694626037195 0.0 876
1694626037467 0.0 877
1694626037725 0.0 878
1694626037990 0.0 879
1694626038277 0.0 880
1694626038541 0.0 881
1694626038803 0.0 882
1694626039076 0.0 883
1694626039375 0.0 884
1694626039658 0.0 885
1694626039916 0.0 886
1694626040200 0.0 887
1694626040456 0.0 888
1694626040731 0.0 889
1694626041011 0.0 890
1694626041293 0.0 891
1694626041566 0.0 892
1694626041854 0.0 893
1694626042119 0.0 894
1694626042410 0.0 895
1694626042680 0.0 896
1694626042945 0.0 897
1694626043213 0.0 898
1694626043513 0.0 899
1694626043791 0.0 900
1694626044081 0.0 901
1694626044324 0.0 902
1694626044619 0.0 903
1694626044876 0.0 904
1694626045117 0.0 905
1694626045395 0.0 906
1694626045648 0.0 907
1694626045917 0.0 908
1694626046207 0.0 909
1694626046481 0.0 910
1694626046789 0.0 911
1694626047041 0.0 912
1694626047331 0.0 913
1694626047615 0.0 914
1694626047976 0.0 915
1694626048308 0.0 916
1694626048630 0.0 917
1694626048900 0.0 918
1694626049197 0.0 919
1694626049460 0.0 920
1694626049738 0.0 921
1694626050017 0.0 922
1694626050283 0.0 923
1694626050559 0.0 924
1694626050838 0.0 925
1694626051096 0.0 926
1694626051385 0.0 927
1694626051646 0.0 928
1694626051926 0.0 929
1694626052199 0.0 930
1694626052495 0.0 931
1694626052775 0.0 932
1694626053041 0.0 933
1694626053342 0.0 934
1694626053605 0.0 935
1694626053894 0.0 936
1694626054203 0.0 937
1694626054516 0.0 938
1694626054782 0.0 939
1694626055048 0.0 940
1694626055349 0.0 941
1694626055613 0.0 942
1694626055870 0.0 943
1694626056155 0.0 944
1694626056444 0.0 945
1694626056715 0.0 946
1694626056990 0.0 947
1694626057276 0.0 948
1694626057545 0.0 949
1694626057824 0.0 950
1694626058092 0.0 951
1694626058371 0.0 952
1694626058660 0.0 953
1694626058941 0.0 954
1694626059220 0.0 955
1694626059516 0.0 956
1694626059802 0.0 957
1694626060039 0.0 958
1694626060317 0.0 959
1694626060588 0.0 960
1694626060834 0.0 961
1694626061085 0.0 962
1694626061344 0.0 963
1694626061602 0.0 964
1694626061889 0.0 965
1694626062183 0.0 966
1694626062440 0.0 967
1694626062799 0.0 968
1694626063096 0.0 969
1694626063443 0.0 970
1694626063792 0.0 971
1694626064019 0.0 972
1694626064235 0.0 973
1694626064454 0.0 974
1694626064698 0.0 975
1694626064971 0.0 976
1694626065325 0.0 977
1694626065632 0.0 978
1694626065929 0.0 979
1694626066227 0.0 980
1694626066542 0.0 981
1694626066853 0.0 982
1694626067251 0.0 983
1694626067589 0.0 984
1694626067954 0.0 985
1694626068339 0.0 986
1694626068670 0.0 987
1694626068896 0.0 988
1694626069135 0.0 989
1694626069365 0.0 990
1694626069597 0.0 991
1694626069868 0.0 992
1694626070085 0.0 993
1694626070302 0.0 994
1694626070514 0.0 995
1694626070751 0.0 996
1694626071005 0.0 997
1694626071288 0.0 998
1694626071517 0.0 999
