1694619870979 135.1506726848189 0
1694619871016 109.07980491615403 1
1694619871061 87.36775327472556 2
1694619871120 69.33665480650996 3
1694619871180 55.874927250692366 4
1694619871238 45.443969329094855 5
1694619871309 35.937440826007155 6
1694619871394 29.07671586908639 7
1694619871480 22.8752846101642 8
1694619871542 18.5517159056889 9
1694619871603 14.770983330391529 10
1694619871662 11.975577081380983 11
1694619871714 9.728267189743667 12
1694619871762 7.5267021485789005 13
1694619871817 6.239561908156168 14
1694619871887 5.026081784806898 15
1694619871944 4.000771565148732 16
1694619872007 3.2681738422340025 17
1694619872060 2.6201376518924153 18
1694619872098 2.144710677263867 19
1694619872188 1.6960245149073128 20
1694619872264 1.4274195231465268 21
1694619872355 1.1394226155215514 22
1694619872418 0.9041386749199511 23
1694619872478 0.7549388165848677 24
1694619872549 0.6107395765351693 25
1694619872621 0.4874668496764192 26
1694619872710 0.4031594510574504 27
1694619872766 0.3897967066693774 28
1694619872821 0.315339936633969 29
1694619872863 0.2948616378509602 30
1694619872901 0.24097524086285835 31
1694619872961 0.2197171955316424 32
1694619872998 0.2020196952145716 33
1694619873035 0.1879829694940212 34
1694619873075 0.1643774424780687 35
1694619873115 0.1419339980402707 36
1694619873174 0.11998603193020796 37
1694619873217 0.19447933838906684 38
1694619873253 0.1140142171703224 39
1694619873285 0.1015476342233044 40
1694619873317 0.1168815877028048 41
1694619873351 0.15576562146383444 42
1694619873390 0.0827190794978109 43
1694619873423 0.11883728181072742 44
1694619873474 0.07821684500280267 45
1694619873518 0.08296766141980677 46
1694619873562 0.1565324546530804 47
1694619873613 0.08825732749611756 48
1694619873646 0.09988838260076498 49
1694619873683 0.10300202727513937 50
1694619873716 0.10054938058408577 51
1694619873759 0.09957251361883933 52
1694619873791 0.15257750292696498 53
1694619873831 0.0841331611357598 54
1694619873871 0.1017738478655745 55
1694619873918 0.08771525986240018 56
1694619873966 0.0949410251423696 57
1694619874005 0.09696916315069488 58
1694619874043 0.08822968071021899 59
1694619874076 0.11078295070435526 60
1694619874111 0.09675399304500468 61
1694619874143 0.09773729504219725 62
1694619874176 0.1477458976230358 63
1694619874215 0.10783029432401312 64
1694619874256 0.08822410199836743 65
1694619874303 0.10204164661426963 66
1694619874352 0.0778928193757497 67
1694619874398 0.09202102076983305 68
1694619874481 0.08410114006654766 69
1694619874525 0.14306865685443865 70
1694619874600 0.13577387873644933 71
1694619874642 0.10451783069689848 72
1694619874694 0.10333851765949782 73
1694619874736 0.09868993642733469 74
1694619874783 0.0921804791370464 75
1694619874832 0.10317195980666789 76
1694619874888 0.0953333779731559 77
1694619874924 0.10049971802439782 78
1694619874965 0.1136280550776747 79
1694619874996 0.10149581693595607 80
1694619875028 0.09028085114087732 81
1694619875066 0.09459910234614675 82
1694619875102 0.09583578450492998 83
1694619875136 0.10150346076306971 84
1694619875175 0.09582277308129414 85
1694619875223 0.08704742389288515 86
1694619875263 0.08722261655411782 87
1694619875309 0.14015080974777655 88
1694619875372 0.10053672629343975 89
1694619875426 0.16282211136404662 90
1694619875466 0.07795394847995737 91
1694619875522 0.10273193052593936 92
1694619875578 0.0983538090733 93
1694619875622 0.09082567605925787 94
1694619875656 0.10240149323278233 95
1694619875691 0.09802456554849658 96
1694619875725 0.11581390954059159 97
1694619875758 0.11788537919052314 98
1694619875791 0.10224246870107749 99
1694619875821 0.13686130093596582 100
1694619875850 0.10139621656544447 101
1694619875879 0.0747085390967599 102
1694619875913 0.09478407565404243 103
1694619875946 0.09591047679716828 104
1694619875982 0.14606109868972067 105
1694619876018 0.08449744452390921 106
1694619876057 0.0781526169954994 107
1694619876091 0.11036460723556538 108
1694619876128 0.09474192837271658 109
1694619876159 0.1009685240617366 110
1694619876188 0.12150366768991817 111
1694619876229 0.08258313882519495 112
1694619876277 0.09044009061206913 113
1694619876323 0.08388532316894505 114
1694619876390 0.10247283399536547 115
1694619876443 0.0925607177882908 116
1694619876484 0.10366313176234082 117
1694619876527 0.09200793137320855 118
1694619876560 0.11216555022472222 119
1694619876597 0.1142946999021949 120
1694619876631 0.15374935558018515 121
1694619876662 0.10379106678688506 122
1694619876702 0.08334701460620175 123
1694619876738 0.08482504318556344 124
1694619876774 0.09244846203520427 125
1694619876817 0.0897072124057816 126
1694619876860 0.09311100509119938 127
1694619876918 0.10809856987199591 128
1694619876990 0.10645152178578354 129
1694619877060 0.11645204490840587 130
1694619877129 0.09579306352295508 131
1694619877199 0.08870990711654643 132
1694619877244 0.09249711023578241 133
1694619877283 0.09863790510344644 134
1694619877332 0.094139922318959 135
1694619877371 0.1050194190667754 136
1694619877410 0.08424613820354801 137
1694619877440 0.10575969233537397 138
1694619877509 0.1063189571550394 139
1694619877554 0.10348428526979242 140
1694619877603 0.11217998397223564 141
1694619877642 0.08446048246769385 142
1694619877674 0.13055217119905377 143
1694619877706 0.09728411792118924 144
1694619877735 0.08427407261291811 145
1694619877769 0.1128219667868149 146
1694619877805 0.09498083863779512 147
1694619877844 0.08209549028376299 148
1694619877897 0.08694065949455139 149
1694619877928 0.15907045680283755 150
1694619877962 0.10661038721358981 151
1694619878015 0.09127640150444653 152
1694619878060 0.09168510546461822 153
1694619878098 0.08674576669382622 154
1694619878132 0.09686735311915157 155
1694619878188 0.10488346919416756 156
1694619878227 0.09075752302096991 157
1694619878267 0.07865053868408622 158
1694619878302 0.13413777467539498 159
1694619878334 0.13338263059017236 160
1694619878373 0.08298193464635346 161
1694619878405 0.11257791861323226 162
1694619878438 0.08590450042432914 163
1694619878476 0.09809314025225406 164
1694619878511 0.10104810351423058 165
1694619878565 0.10830224599613823 166
1694619878625 0.10368918931154522 167
1694619878655 0.07461892611831765 168
1694619878694 0.0960681645928647 169
1694619878728 0.1084045262155336 170
1694619878773 0.08822784164819003 171
1694619878814 0.09619244785669208 172
1694619878848 0.09572090192247594 173
1694619878890 0.07680333318582565 174
1694619878930 0.0999635908673239 175
1694619878967 0.12555317783148293 176
1694619879010 0.1003657046692823 177
1694619879048 0.09661210369815634 178
1694619879087 0.08372415214701276 179
1694619879120 0.07573803162951319 180
1694619879153 0.09276784199659255 181
1694619879188 0.09939198069879392 182
1694619879226 0.08073788467824314 183
1694619879266 0.09239281229354834 184
1694619879298 0.1003204079007542 185
1694619879329 0.11978483036975027 186
1694619879362 0.08887918994213653 187
1694619879392 0.09444040787629487 188
1694619879426 0.11046836596465089 189
1694619879469 0.14727245181049234 190
1694619879501 0.07206260234540454 191
1694619879535 0.08079214266703834 192
1694619879566 0.08538467028655697 193
1694619879606 0.09357487060472455 194
1694619879641 0.09758390832951525 195
1694619879687 0.09884786919256809 196
1694619879719 0.10532684561158369 197
1694619879748 0.08502529869467698 198
1694619879784 0.09148224102941943 199
1694619879818 0.09684627221178718 200
1694619879851 0.10498184358148238 201
1694619879887 0.13887117896886225 202
1694619879925 0.09472557033974825 203
1694619879961 0.11070396419016602 204
1694619880009 0.09466761648010318 205
1694619880048 0.09298779522014855 206
1694619880089 0.08447643017121152 207
1694619880126 0.0946947431190362 208
1694619880155 0.08557170212690894 209
1694619880191 0.08388598862980343 210
1694619880224 0.09822190415419384 211
1694619880262 0.14708694811942366 212
1694619880295 0.09739227268582736 213
1694619880328 0.09527734074984404 214
1694619880357 0.08053809840956253 215
1694619880389 0.07400842202748958 216
1694619880424 0.09544653426401865 217
1694619880460 0.08771837865587047 218
1694619880510 0.11185086464379498 219
1694619880540 0.07992931091330693 220
1694619880580 0.07522037815311108 221
1694619880615 0.10156005995117869 222
1694619880649 0.09326662446825945 223
1694619880697 0.09265793246313943 224
1694619880742 0.09573737754964876 225
1694619880779 0.0865672210277335 226
1694619880811 0.09772902022119263 227
1694619880850 0.09922212222731688 228
1694619880930 0.12260971321440654 229
1694619880980 0.08121468145914164 230
1694619881026 0.08396154769686438 231
1694619881057 0.09467247830538945 232
1694619881091 0.103060201051793 233
1694619881167 0.09134875861113245 234
1694619881219 0.0755134747478097 235
1694619881270 0.09160842178917662 236
1694619881317 0.09533097427648174 237
1694619881358 0.08509792372141309 238
1694619881423 0.09555825888092885 239
1694619881465 0.09536284888707273 240
1694619881505 0.09352903020060378 241
1694619881544 0.08798212888930661 242
1694619881591 0.10415398898459455 243
1694619881630 0.07942686616704607 244
1694619881660 0.08313827489341405 245
1694619881700 0.08198929375884592 246
1694619881738 0.08086987313820547 247
1694619881770 0.09831298730250063 248
1694619881804 0.15479133359556488 249
1694619881839 0.08539398266056901 250
1694619881870 0.09553664406348393 251
1694619881906 0.09460347644709696 252
1694619881942 0.08939059441253577 253
1694619881974 0.09651633291020789 254
1694619882014 0.08514701962807633 255
1694619882062 0.09436438213797692 256
1694619882108 0.07378248090751026 257
1694619882151 0.09520376021421058 258
1694619882188 0.11057511105767083 259
1694619882244 0.09117798639884102 260
1694619882287 0.10690552400685455 261
1694619882333 0.08072140024540786 262
1694619882369 0.09462639038523929 263
1694619882417 0.08333369665296782 264
1694619882456 0.09067739498240696 265
1694619882500 0.09072986406893707 266
1694619882541 0.09772882725994074 267
1694619882573 0.08170264733464143 268
1694619882615 0.09208463081708468 269
1694619882648 0.09969166239512409 270
1694619882681 0.0982758439893489 271
1694619882725 0.1468911208502171 272
1694619882762 0.14225461143072773 273
1694619882801 0.0832739387613255 274
1694619882833 0.08108433831416303 275
1694619882877 0.10160578247966219 276
1694619882955 0.09651376116049369 277
1694619883010 0.16154184257184598 278
