1694635285970 186.99896810314536 0
1694635286002 183.84602174383735 1
1694635286035 182.10012048728552 2
1694635286068 183.11253913357857 3
1694635286101 183.61723713842602 4
1694635286134 180.94618726346755 5
1694635286169 179.12667287816228 6
1694635286207 181.25769338699857 7
1694635286249 181.69233710938258 8
1694635286288 181.30379875474816 9
1694635286318 179.6156849180891 10
1694635286350 179.71459554117087 11
1694635286382 176.0983882310485 12
1694635286415 180.03255499432169 13
1694635286448 179.57436167379353 14
1694635286481 180.55046433785034 15
1694635286515 174.46384760176497 16
1694635286550 176.50765692309307 17
1694635286583 176.4633271207572 18
1694635286616 180.0140150061041 19
1694635286647 173.57333273785147 20
1694635286678 174.9649462278125 21
1694635286709 176.44385637260214 22
1694635286741 175.87552091831031 23
1694635286775 174.70318545733727 24
1694635286809 172.5656938350758 25
1694635286843 175.62850741290612 26
1694635286876 173.6859496129037 27
1694635286909 174.6964795598888 28
1694635286942 170.5692267182661 29
1694635286973 173.5205928136944 30
1694635287006 169.40842485409996 31
1694635287038 172.9225035859799 32
1694635287077 170.2965403692055 33
1694635287108 169.76614567418358 34
1694635287140 172.07463791146142 35
1694635287176 168.16130287246716 36
1694635287211 169.83906989029978 37
1694635287246 167.09291716202654 38
1694635287281 169.58784018312178 39
1694635287312 169.1269721617585 40
1694635287347 164.33727396446554 41
1694635287382 169.9633192234493 42
1694635287417 166.22443328817727 43
1694635287451 170.6221629964281 44
1694635287483 167.87011025025535 45
1694635287516 166.4832493753637 46
1694635287548 167.01741869531278 47
1694635287580 163.5717923789587 48
1694635287612 163.51299234737579 49
1694635287645 164.91304834787485 50
1694635287682 162.1272161599599 51
1694635287724 163.11856458335015 52
1694635287760 161.96938459212996 53
1694635287791 161.22262797150145 54
1694635287822 165.0995119796858 55
1694635287855 162.89892957522028 56
1694635287890 159.67335684263816 57
1694635287923 162.87541683955777 58
1694635287958 162.04990976922838 59
1694635287989 159.37922613620123 60
1694635288022 161.00736584479154 61
1694635288054 161.2904128324215 62
1694635288089 160.74262328552356 63
1694635288122 159.62294971221655 64
1694635288155 159.54780913938802 65
1694635288188 160.40995802546072 66
1694635288219 159.89829729489122 67
1694635288255 157.5640074324654 68
1694635288287 160.66677100037083 69
1694635288319 159.3525962948499 70
1694635288352 157.04793558343798 71
1694635288387 155.60439063363123 72
1694635288420 153.6414522620744 73
1694635288454 156.0083927857463 74
1694635288490 157.56362022494108 75
1694635288523 155.2496343146212 76
1694635288557 156.01476508987145 77
1694635288589 150.45896066967754 78
1694635288622 156.34376627673402 79
1694635288655 152.31315200350218 80
1694635288688 154.091395520264 81
1694635288720 155.72180156497248 82
1694635288754 153.353530954586 83
1694635288789 153.01893973837971 84
1694635288822 151.54944796922274 85
1694635288857 151.58458384644052 86
1694635288890 153.20643924579096 87
1694635288921 150.6835822300081 88
1694635288956 152.51588693599984 89
1694635288987 149.68831084031294 90
1694635289021 154.30034543411853 91
1694635289052 150.5500100859706 92
1694635289087 148.3874619629719 93
1694635289119 150.5199462511319 94
1694635289153 147.98048324530347 95
1694635289185 150.41477740184973 96
1694635289216 147.42569127184936 97
1694635289249 146.94219289258677 98
1694635289280 149.86842315879088 99
1694635289311 146.94372985606873 100
1694635289341 145.40398168271597 101
1694635289374 144.65011100824938 102
1694635289404 145.64960323348214 103
1694635289438 144.92431898751633 104
1694635289471 144.7049781332995 105
1694635289506 146.81522251909962 106
1694635289539 143.43471983917544 107
1694635289571 143.60169008028595 108
1694635289604 145.6818750710562 109
1694635289639 145.37910087784036 110
1694635289672 144.10594890266697 111
1694635289705 143.3654402768125 112
1694635289737 141.70985847665088 113
1694635289771 145.3296727208062 114
1694635289805 141.42281582434515 115
1694635289839 142.79402421281696 116
1694635289875 141.68370625445215 117
1694635289910 141.59241469617328 118
1694635289943 142.93070244635277 119
1694635289978 140.74223201248503 120
1694635290008 140.76389676508882 121
1694635290041 140.8701462476378 122
1694635290075 140.7688589407876 123
1694635290110 138.10145367423004 124
1694635290144 140.75480213479315 125
1694635290179 137.79019733299378 126
1694635290209 138.10601574211378 127
1694635290240 136.91192467831246 128
1694635290277 137.05700316528447 129
1694635290311 138.639797252858 130
1694635290344 135.78631045935626 131
1694635290378 139.3005617451528 132
1694635290413 135.63475527512185 133
1694635290448 137.32470785134467 134
1694635290479 138.00763346568309 135
1694635290512 136.03955758127725 136
1694635290542 136.78802796421127 137
1694635290574 134.2508390634679 138
1694635290605 134.4656342390846 139
1694635290639 135.2778765142803 140
1694635290674 135.41158426146612 141
1694635290707 133.3560455502471 142
1694635290742 131.77787407243986 143
1694635290776 135.05060281218934 144
1694635290811 133.18232019222427 145
1694635290844 134.32359657200544 146
1694635290879 131.81447765820153 147
1694635290914 132.50033484312743 148
1694635290947 131.8984210691346 149
1694635290979 131.88530142172553 150
1694635291011 131.11857228887177 151
1694635291042 131.42809922595916 152
1694635291075 128.1977674795747 153
1694635291109 131.76172371232664 154
1694635291141 129.75731799066224 155
1694635291175 131.5463010594626 156
1694635291210 129.41033251447834 157
1694635291245 130.60086740017223 158
1694635291282 129.71998525239002 159
1694635291315 127.97401603453747 160
1694635291345 128.7243317329507 161
1694635291377 131.67681180702272 162
1694635291409 126.43609492725176 163
1694635291441 125.85751351686979 164
1694635291477 128.61052139246115 165
1694635291512 128.67824762319339 166
1694635291546 129.1674603922782 167
1694635291580 126.67414628321337 168
1694635291614 125.27304803488224 169
1694635291646 124.66923855993082 170
1694635291680 126.4743671899883 171
1694635291714 125.10568694078128 172
1694635291745 126.9689558584357 173
1694635291777 125.99211315433915 174
1694635291811 126.70242249708697 175
1694635291843 122.97620643931643 176
1694635291878 125.18985051999773 177
1694635291913 121.67797655503458 178
1694635291944 124.96457679018438 179
1694635291977 123.41497139805183 180
1694635292009 122.16288976660603 181
1694635292041 123.38705114678748 182
1694635292075 122.15099922453554 183
1694635292108 125.44143550478346 184
1694635292142 124.3884060194178 185
1694635292177 121.34814934682514 186
1694635292210 122.35268951307519 187
1694635292242 120.36366669190716 188
1694635292279 121.68570142108885 189
1694635292311 121.00439579628198 190
1694635292344 121.77856531846031 191
1694635292378 123.23233999560954 192
1694635292412 120.01799045725016 193
1694635292443 119.95122946464802 194
1694635292477 119.0649840333048 195
1694635292513 119.76931983028275 196
1694635292545 118.7161369263423 197
1694635292580 118.82629991635156 198
1694635292612 118.70517283776674 199
1694635292645 119.01453889093234 200
1694635292684 116.9733379204152 201
1694635292717 118.74561823906102 202
1694635292747 119.00242464008201 203
1694635292783 115.90801323139006 204
1694635292816 118.69925114874339 205
1694635292849 118.47601213478082 206
1694635292885 119.0796977129976 207
1694635292919 116.24250317356437 208
1694635292951 115.82049805955269 209
1694635292983 116.73878797759389 210
1694635293018 116.1327679705043 211
1694635293050 116.35869561479528 212
1694635293085 115.82859087085635 213
1694635293117 115.38023436179635 214
1694635293149 114.6325153736953 215
1694635293184 115.18105065267191 216
1694635293219 115.67267669588831 217
1694635293251 113.028889730289 218
1694635293282 112.21456614608688 219
1694635293317 112.67632888738969 220
1694635293351 114.34512086673669 221
1694635293383 113.46801923118335 222
1694635293416 110.87221169534354 223
1694635293450 113.29462475405941 224
1694635293485 110.53090618042266 225
1694635293518 113.72707404012331 226
1694635293548 112.29257390281212 227
1694635293579 111.26885452006525 228
1694635293611 112.10540506854339 229
1694635293643 108.86381692872908 230
1694635293675 110.81076544409106 231
1694635293709 111.34553587439387 232
1694635293741 111.216744881599 233
1694635293775 110.48528016648628 234
1694635293807 109.09393691948571 235
1694635293839 109.41108993665559 236
1694635293874 109.1263216635722 237
1694635293911 108.1256107548525 238
1694635293947 108.46989629457575 239
1694635293981 108.49092537585737 240
1694635294017 107.93462698772493 241
1694635294050 107.10351400627005 242
1694635294082 107.65931998974206 243
1694635294116 106.76182275197709 244
1694635294152 107.29293828903917 245
1694635294190 107.63989488627195 246
1694635294224 109.4067300766225 247
1694635294258 107.16970820173934 248
1694635294296 108.7012139460222 249
1694635294335 105.82266782077353 250
1694635294374 105.09300388882359 251
1694635294411 106.2072905487206 252
1694635294446 105.78948473830152 253
1694635294484 104.64073640452614 254
1694635294521 104.84788913161856 255
1694635294554 102.52390223335486 256
1694635294587 104.50171899767882 257
1694635294622 104.869110553469 258
1694635294653 102.47901499817088 259
1694635294687 103.6288783521051 260
1694635294721 103.71118010991162 261
1694635294753 103.47108065084619 262
1694635294785 102.82738786015346 263
1694635294819 103.27873909919508 264
1694635294850 101.97142619113099 265
1694635294884 101.0659782419379 266
1694635294917 100.56462740223216 267
1694635294951 101.14871411522677 268
1694635294992 101.77933478750812 269
1694635295043 102.1678093269957 270
1694635295083 100.6946817287342 271
1694635295119 99.85922576083982 272
1694635295150 102.373960808989 273
1694635295183 99.73643002189333 274
1694635295215 99.88468127506592 275
1694635295247 101.00803075066406 276
1694635295280 98.93671744178309 277
1694635295314 97.16643033494097 278
1694635295350 98.50761756807321 279
1694635295381 99.70919946940542 280
1694635295415 99.12695772535746 281
1694635295446 99.0584079329649 282
1694635295478 98.17155825600231 283
1694635295514 98.8929489277792 284
1694635295548 97.70546947128804 285
1694635295581 99.29458922927182 286
1694635295614 98.15343623906813 287
1694635295647 97.13267410480174 288
1694635295680 97.96990705801647 289
1694635295715 96.05758874235036 290
1694635295749 97.85729690982434 291
1694635295780 96.14401575000652 292
1694635295813 93.76513572939356 293
1694635295850 96.70886081026383 294
1694635295881 96.17568619432875 295
1694635295917 94.1992651864746 296
1694635295950 96.885373867603 297
1694635295980 95.2330892138566 298
1694635296012 94.45692641802434 299
1694635296044 95.5859884172534 300
1694635296079 95.9093531092753 301
1694635296114 94.2599777814033 302
1694635296149 94.80286866726267 303
1694635296180 94.00385216269235 304
1694635296213 95.31833931264747 305
1694635296244 93.30143942448288 306
1694635296275 93.53471184479028 307
1694635296307 95.0429438450111 308
1694635296337 93.19839159767216 309
1694635296367 94.08195421411389 310
1694635296398 92.99188103697855 311
1694635296431 92.33829660388575 312
1694635296462 93.37100008414257 313
1694635296501 91.10026739699299 314
1694635296536 91.58419214790611 315
1694635296566 91.5007335163125 316
1694635296599 94.09785647839688 317
1694635296633 90.34649316537096 318
1694635296666 91.30160218152461 319
1694635296698 89.28073676185858 320
1694635296731 90.90016472566826 321
1694635296762 91.2830435226924 322
1694635296794 91.43381841456792 323
1694635296828 90.52965403664363 324
1694635296857 90.82629248922173 325
1694635296890 89.43551911464984 326
1694635296926 88.72743149897848 327
1694635296957 87.70901218444607 328
1694635296991 89.85512295520111 329
1694635297024 88.33649868859507 330
1694635297053 88.57567014592075 331
1694635297088 88.22272852201382 332
1694635297121 86.69653764899647 333
1694635297157 88.56299872522158 334
1694635297190 88.07335132206597 335
1694635297221 88.1660953398216 336
1694635297254 86.66827022106811 337
1694635297284 87.29067408441895 338
1694635297315 86.52964169420795 339
1694635297349 85.91094288711422 340
1694635297383 86.52568564018208 341
1694635297416 85.43201738824038 342
1694635297450 87.59179274876077 343
1694635297484 85.53448105934855 344
1694635297516 85.61398462031472 345
1694635297549 85.45926009472643 346
1694635297584 85.16081162289593 347
1694635297617 86.3225626134111 348
1694635297649 84.86431882369173 349
1694635297682 85.05856218603024 350
1694635297714 84.37657776964616 351
1694635297745 83.64090131841418 352
1694635297783 85.16380810033078 353
1694635297826 83.75123779985105 354
1694635297860 84.30918965904787 355
1694635297894 85.53042304171058 356
1694635297929 84.34043759617403 357
1694635297961 83.64433407798971 358
1694635297994 83.88044566354215 359
1694635298026 83.30413809258384 360
1694635298059 84.7621311761185 361
1694635298092 81.6595966935442 362
1694635298125 84.13073299828395 363
1694635298159 82.39092859623408 364
1694635298192 83.63762215270523 365
1694635298224 82.9000969515966 366
1694635298257 83.46097787231379 367
1694635298288 80.99382335380656 368
1694635298318 82.93865814132808 369
1694635298352 82.44756946809403 370
1694635298387 81.38235553931159 371
1694635298423 81.75683750156267 372
1694635298454 81.22811177186422 373
1694635298485 80.64348220400845 374
1694635298518 80.92476529986196 375
1694635298550 81.86092599559146 376
1694635298581 80.33876855525227 377
1694635298614 81.27730725439132 378
1694635298646 79.25323845391796 379
1694635298681 79.76204248170536 380
1694635298714 77.92454799245603 381
1694635298746 80.63446056256893 382
1694635298779 79.38332202281813 383
1694635298812 80.17525988143234 384
1694635298847 77.86419137198129 385
1694635298879 80.18628312412756 386
1694635298913 77.50902309995816 387
1694635298945 77.71605264956425 388
1694635298976 77.33336800504877 389
1694635299007 78.14304716433512 390
1694635299040 77.19228322530522 391
1694635299072 77.00124194353788 392
1694635299107 78.51961692303192 393
1694635299142 76.93789126549382 394
1694635299175 76.10245857359381 395
1694635299208 76.89482777875057 396
1694635299240 75.50865978056291 397
1694635299274 75.84331076112514 398
1694635299309 76.74714578408832 399
1694635299345 76.59709971508988 400
1694635299378 75.1638074245441 401
1694635299414 76.32697502961234 402
1694635299448 75.56896490338197 403
1694635299480 74.96995316165965 404
1694635299512 76.49875824819412 405
1694635299547 75.22342407582525 406
1694635299582 75.80580165792837 407
1694635299616 74.23452884326778 408
1694635299649 75.02241227083374 409
1694635299681 74.45589720889858 410
1694635299712 73.97363491999864 411
1694635299746 74.73290609241543 412
1694635299777 73.33701455482343 413
1694635299810 73.58184512968148 414
1694635299841 74.32614904487826 415
1694635299874 74.25711167612451 416
1694635299907 72.93205301639709 417
1694635299942 73.01683505351626 418
1694635299974 73.3440624166812 419
1694635300005 73.56237288473658 420
1694635300038 72.98785203840954 421
1694635300071 71.56980055405654 422
1694635300105 71.69849186327635 423
1694635300138 73.01291554250668 424
1694635300170 73.04935928504685 425
1694635300201 71.09266988642749 426
1694635300233 72.60654093720018 427
1694635300266 71.3119864926082 428
1694635300302 71.67459577605342 429
1694635300334 72.92449089412897 430
1694635300363 71.04473102857109 431
1694635300395 71.75215486940999 432
1694635300430 71.1377986043041 433
1694635300460 70.55308712087707 434
1694635300493 71.89391747684613 435
1694635300525 70.00979618610724 436
1694635300555 70.53879340912016 437
1694635300588 70.8985014740531 438
1694635300619 69.68238454573094 439
1694635300650 68.54488320488056 440
1694635300683 69.0781770179875 441
1694635300715 70.05499852486648 442
1694635300747 69.20322880480296 443
1694635300778 68.53624149693954 444
1694635300810 69.49815051502708 445
1694635300843 68.93937738504414 446
1694635300874 67.68488316564505 447
1694635300907 68.88441039913224 448
1694635300940 68.33823493763946 449
1694635300974 69.23571140743488 450
1694635301006 68.24093847927139 451
1694635301036 69.14754685804496 452
1694635301071 67.68744064341907 453
1694635301106 68.17735249168122 454
1694635301140 67.72637583829132 455
1694635301172 67.89502472357329 456
1694635301206 67.11249257282292 457
1694635301240 68.3589184022066 458
1694635301275 67.01327419353872 459
1694635301308 66.74826389673045 460
1694635301342 65.78829558595449 461
1694635301374 66.8654844227119 462
1694635301405 66.58003995365029 463
1694635301437 66.69303344927332 464
1694635301467 66.49553440242732 465
1694635301501 65.49742589504011 466
1694635301533 65.68158745775011 467
1694635301562 64.27863454759343 468
1694635301595 65.6278677178315 469
1694635301626 66.01607644266676 470
1694635301657 66.32508918059388 471
1694635301689 66.40965190993434 472
1694635301722 64.8625963872321 473
1694635301753 64.76466161554934 474
1694635301787 64.61111211340582 475
1694635301817 65.14191910167997 476
1694635301852 64.18995997884586 477
1694635301888 64.04100758709791 478
1694635301922 64.3893880167018 479
1694635301953 63.61153841587476 480
1694635301986 64.74353168055217 481
1694635302017 64.8906196132806 482
1694635302048 64.08236808632824 483
1694635302078 62.92645471400794 484
1694635302111 63.56965524075166 485
1694635302145 63.80452420919692 486
1694635302178 63.462003646067956 487
1694635302209 63.535497020126506 488
1694635302243 62.80943531480608 489
1694635302278 61.76686610489695 490
1694635302310 62.325205136684765 491
1694635302342 62.52749957471292 492
1694635302375 62.47405692599968 493
1694635302409 62.995711202922365 494
1694635302441 61.52522079218052 495
1694635302473 61.54664079610221 496
1694635302508 61.90783705713918 497
1694635302542 61.59082315634562 498
1694635302573 61.93090374303377 499
1694635302604 61.70945691868384 500
1694635302637 61.35384425887574 501
1694635302668 60.06118025693731 502
1694635302701 60.57200233452382 503
1694635302734 60.6866758688074 504
1694635302770 59.53008371399277 505
1694635302806 60.90001602131004 506
1694635302838 61.4925520304524 507
1694635302872 59.62905584807156 508
1694635302906 60.09765898461008 509
1694635302938 60.28777775560331 510
1694635302971 60.213489996348656 511
1694635303004 59.70014811503085 512
1694635303035 59.42107230420376 513
1694635303068 59.85073919209566 514
1694635303105 58.964183283066156 515
1694635303137 58.434629366331784 516
1694635303173 58.55892418742187 517
1694635303206 58.19264922195505 518
1694635303238 58.215149226908615 519
1694635303269 58.56796110158015 520
1694635303302 58.36533172367041 521
1694635303336 58.14671868755422 522
1694635303366 58.32597697630156 523
1694635303401 57.30478507132304 524
1694635303435 57.85672684688468 525
1694635303470 57.6491816549542 526
1694635303504 57.77988431740671 527
1694635303537 57.25328246432782 528
1694635303572 57.14058016669245 529
1694635303605 56.388889508938966 530
1694635303638 56.5340147822395 531
1694635303672 55.87103875926391 532
1694635303704 56.47464972537819 533
1694635303739 55.72179023936765 534
1694635303772 56.64716046414606 535
1694635303806 57.34238352303024 536
1694635303838 56.10487443184712 537
1694635303871 56.81247980765814 538
1694635303905 56.17239805636345 539
1694635303938 56.16083212292458 540
1694635303971 56.74462684797194 541
1694635304004 55.104517928540545 542
1694635304035 56.02967992737679 543
1694635304068 55.550890423972575 544
1694635304102 55.17627712807805 545
1694635304134 55.93971475856283 546
1694635304165 54.58681454086607 547
1694635304197 54.50236679869584 548
1694635304230 55.41858498418579 549
1694635304260 54.97783454826307 550
1694635304294 54.155632201005034 551
1694635304327 54.52191157595161 552
1694635304360 54.06368542096855 553
1694635304394 54.627872967540206 554
1694635304429 54.30151614016661 555
1694635304463 53.745722790336515 556
1694635304499 53.68712315718744 557
1694635304530 53.29410252232476 558
1694635304563 53.28241961061353 559
1694635304595 53.44459749695973 560
1694635304626 53.42942911450834 561
1694635304658 53.04664825178134 562
1694635304691 52.98452487252993 563
1694635304721 53.70087573272103 564
1694635304754 53.12679167546129 565
1694635304787 52.9977185416216 566
1694635304819 52.82017968182635 567
1694635304854 52.57794759041294 568
1694635304886 52.52619649485388 569
1694635304920 53.23608127117159 570
1694635304950 52.324406707544426 571
1694635304986 52.13359119582701 572
1694635305020 51.82697868001253 573
1694635305052 52.22339929933603 574
1694635305087 52.46272548109126 575
1694635305118 51.238386861672566 576
1694635305150 51.12234565123216 577
1694635305183 51.97950186555274 578
1694635305216 53.352551985750026 579
1694635305245 51.50442583184445 580
1694635305279 51.45616506947144 581
1694635305311 50.81926466848917 582
1694635305341 50.59201642404879 583
1694635305373 50.46551849022424 584
1694635305406 50.94313967880969 585
1694635305436 50.188166291953344 586
1694635305467 50.77140338106388 587
1694635305503 50.40578482949556 588
1694635305535 50.10874995540697 589
1694635305568 50.05599877160677 590
1694635305601 49.79073749919586 591
1694635305632 50.569716721108435 592
1694635305664 49.44443592243892 593
1694635305697 49.861600462992 594
1694635305729 49.37667942702815 595
1694635305759 49.2255246012997 596
1694635305792 49.443952411384146 597
1694635305825 49.47935833740095 598
1694635305856 49.525192073398735 599
1694635305887 49.007600341655994 600
1694635305919 48.480468539492044 601
1694635305948 48.7184341569848 602
1694635305981 49.329092578925646 603
1694635306014 48.989560939813764 604
1694635306043 48.887814751997844 605
1694635306075 49.09910047919347 606
1694635306109 48.84980578626606 607
1694635306138 49.06238909223287 608
1694635306169 47.24020943705242 609
1694635306203 47.88225346400415 610
1694635306234 47.92115380802084 611
1694635306261 47.33647782502771 612
1694635306292 47.46587851891816 613
1694635306325 47.767554989832945 614
1694635306356 47.071943539320124 615
1694635306387 46.778984080448964 616
1694635306418 47.84133231908128 617
1694635306448 47.26528977327425 618
1694635306481 48.04235990184604 619
1694635306512 47.57279096810741 620
1694635306541 46.565902469747016 621
1694635306573 46.44677177954042 622
1694635306605 46.05350733400651 623
1694635306635 47.21838395739445 624
1694635306665 46.6601655638476 625
1694635306698 46.5016861440972 626
1694635306731 46.421340811131955 627
1694635306762 45.60639575692757 628
1694635306798 45.815764918409265 629
1694635306830 45.9261223210417 630
1694635306860 46.10079503356857 631
1694635306894 46.046614525245914 632
1694635306928 45.355014048870565 633
1694635306959 45.06059242170912 634
1694635306991 45.945261236996366 635
1694635307025 45.55129425457643 636
1694635307053 44.67852711632443 637
1694635307086 44.037387520001786 638
1694635307117 45.51850764548507 639
1694635307148 44.98934967608848 640
1694635307182 44.94708117244975 641
1694635307215 45.32952210195287 642
1694635307244 44.65893832588528 643
1694635307275 44.57868826036033 644
1694635307305 45.17041634241338 645
1694635307336 44.54243145042186 646
1694635307368 43.58092115946895 647
1694635307400 44.06699395093096 648
1694635307434 43.19602843829466 649
1694635307470 44.461895560466104 650
1694635307514 44.05989275950721 651
1694635307545 43.8591786586486 652
1694635307580 43.834568486060476 653
1694635307613 43.517607393349046 654
1694635307646 43.69043127030071 655
1694635307677 43.847128675657125 656
1694635307712 43.2579314000087 657
1694635307746 43.13328612429412 658
1694635307783 42.60378581735343 659
1694635307812 42.71212645192213 660
1694635307849 43.14829345572414 661
1694635307890 43.11904050174725 662
1694635307926 43.006641056889904 663
1694635307956 42.47043081472218 664
1694635307988 42.76116423932163 665
1694635308022 42.69516424986209 666
1694635308053 42.68465840439846 667
1694635308086 41.99994322633467 668
1694635308120 42.00227763264205 669
1694635308150 42.213805138532834 670
1694635308185 41.42776322313745 671
1694635308218 41.96808460302293 672
1694635308246 42.1508852957754 673
1694635308281 41.35771187800054 674
1694635308317 41.484898023447585 675
1694635308348 41.32640048744372 676
1694635308381 41.41184811314345 677
1694635308414 41.43494009692156 678
1694635308445 40.70714475575291 679
1694635308478 41.47861765505686 680
1694635308514 41.11447941133886 681
1694635308543 40.377117274850775 682
1694635308575 41.238887485344534 683
1694635308608 40.88470082066166 684
1694635308639 40.393383434466564 685
1694635308672 40.22066588420824 686
1694635308707 39.9209965319709 687
1694635308739 40.0136910798739 688
1694635308768 40.5371651338171 689
1694635308801 40.648573583500216 690
1694635308834 39.57244053655544 691
1694635308862 40.32315662077853 692
1694635308896 40.03966069262234 693
1694635308931 39.79848129306224 694
1694635308960 39.58993455935972 695
1694635308995 39.5016633065349 696
1694635309030 39.72793544390946 697
1694635309058 39.45272502861277 698
1694635309092 39.42655789374069 699
1694635309126 39.82265415224566 700
1694635309157 39.19101597057132 701
1694635309191 40.108080647764886 702
1694635309223 39.206610874466925 703
1694635309252 39.317328729558426 704
1694635309284 39.43896177871434 705
1694635309318 38.58145325805561 706
1694635309349 39.06534199563647 707
1694635309383 38.69242721280834 708
1694635309415 39.14181883259527 709
1694635309445 38.71995204699908 710
1694635309475 37.49381656615979 711
1694635309508 38.793813574838616 712
1694635309540 38.232964633916566 713
1694635309574 37.76140942095618 714
1694635309609 38.31046663568009 715
1694635309640 38.30289604890824 716
1694635309671 37.876019813027234 717
1694635309707 38.5015255543288 718
1694635309738 38.20560538340046 719
1694635309767 37.66336227660769 720
1694635309800 37.70842328379184 721
1694635309834 37.167075556954394 722
1694635309866 38.37141099736059 723
1694635309900 37.55114704213768 724
1694635309932 37.34349393975635 725
1694635309963 37.17575216808377 726
1694635309996 37.38431595732801 727
1694635310031 37.66886975844476 728
1694635310058 36.95103045329841 729
1694635310094 36.83016026890828 730
1694635310129 36.65941555716328 731
1694635310160 37.062224151944356 732
1694635310193 36.646706006193625 733
1694635310225 36.2388778881631 734
1694635310253 36.127148805995475 735
1694635310284 36.548328951665084 736
1694635310316 36.31463689624303 737
1694635310349 35.976124615296 738
1694635310382 36.42083192528783 739
1694635310413 35.86295429464513 740
1694635310445 35.64429999755469 741
1694635310476 35.7495514924769 742
1694635310510 36.6939409328001 743
1694635310540 36.220409695216276 744
1694635310573 36.062601161294175 745
1694635310605 35.79163149081613 746
1694635310638 35.47025559087059 747
1694635310668 35.45959225309101 748
1694635310700 35.38072176886952 749
1694635310732 35.78008326390644 750
1694635310762 35.21544390205571 751
1694635310794 34.604198928040525 752
1694635310826 34.76646169187141 753
1694635310856 35.387412915713085 754
1694635310890 35.02408303203139 755
1694635310923 34.74036497854636 756
1694635310954 34.832048452920745 757
1694635310987 34.841192799218966 758
1694635311020 34.048807852565545 759
1694635311050 35.1169003860412 760
1694635311082 34.55864469715877 761
1694635311117 34.787271440985876 762
1694635311148 34.088578988901496 763
1694635311180 33.36978802451761 764
1694635311213 34.30453422823107 765
1694635311243 33.99830152793702 766
1694635311276 34.48439619324862 767
1694635311309 33.99850299532091 768
1694635311341 34.07509280390822 769
1694635311373 34.9724879960674 770
1694635311405 34.055831571319935 771
1694635311436 33.485588441694546 772
1694635311468 33.78293996038866 773
1694635311500 33.16857317816323 774
1694635311534 33.43925480747009 775
1694635311565 32.92110402292751 776
1694635311597 33.73991127288086 777
1694635311628 32.92926153575991 778
1694635311658 33.217278232235316 779
1694635311689 33.15127281040968 780
1694635311722 33.092027404161826 781
1694635311755 33.00250065201192 782
1694635311785 33.04579333331491 783
1694635311819 32.60054270822811 784
1694635311851 32.9227919758979 785
1694635311885 32.37947515997886 786
1694635311919 32.29651027375237 787
1694635311949 32.88235007387929 788
1694635311980 31.969628752387123 789
1694635312014 32.623548229251725 790
1694635312045 31.947731016336885 791
1694635312076 32.1290198981977 792
1694635312109 32.273761906953446 793
1694635312141 32.274280510403294 794
1694635312174 31.585785438404248 795
1694635312206 31.962746224814335 796
1694635312239 31.607746418926595 797
1694635312271 31.500680390244924 798
1694635312305 31.414827268304915 799
1694635312337 32.09236561124112 800
1694635312370 31.925283708293076 801
1694635312403 31.111726490914318 802
1694635312436 31.473034794894332 803
1694635312466 31.027009728268666 804
1694635312498 31.965231294151444 805
1694635312530 31.13121108689095 806
1694635312560 30.616761835675607 807
1694635312592 31.32247218626264 808
1694635312627 30.44417483469559 809
1694635312656 31.271485735415908 810
1694635312690 30.746347463024005 811
1694635312724 31.162100441511583 812
1694635312753 30.24690676224218 813
1694635312783 31.4002996733884 814
1694635312814 31.021614060249757 815
1694635312848 30.39911166956088 816
1694635312877 30.29226888165239 817
1694635312910 30.308065421812326 818
1694635312940 30.931546721803944 819
1694635312973 30.484294612336804 820
1694635313006 30.41729753939224 821
1694635313037 30.16270340274096 822
1694635313068 30.083340092137743 823
1694635313101 30.173470183159562 824
1694635313132 30.20937936931037 825
1694635313167 30.243377380860874 826
1694635313201 29.64855160919352 827
1694635313233 30.17189509486452 828
1694635313265 29.557058810765806 829
1694635313296 30.096652786726818 830
1694635313329 29.34875093351305 831
1694635313362 29.515512521836122 832
1694635313397 29.705333669402528 833
1694635313431 29.445186557351047 834
1694635313465 28.982513545193484 835
1694635313502 29.45734910807661 836
1694635313534 29.220346351406974 837
1694635313566 29.43053913040796 838
1694635313601 29.014155510825578 839
1694635313633 28.768997133450696 840
1694635313668 29.09994938125254 841
1694635313698 29.073983698090615 842
1694635313729 28.60049203860928 843
1694635313764 28.94184657352947 844
1694635313796 28.383596359352058 845
1694635313830 28.72196631816871 846
1694635313861 28.687772735114944 847
1694635313893 28.68886586571816 848
1694635313926 28.218371266084702 849
1694635313960 28.17837822505128 850
1694635313994 28.752261537807264 851
1694635314026 28.460425974578094 852
1694635314058 27.734205819039857 853
1694635314094 27.936962712671907 854
1694635314130 27.982465361481545 855
1694635314166 28.10822901579128 856
1694635314199 27.80968134911502 857
1694635314230 28.085064257895922 858
1694635314261 28.223113986168155 859
1694635314293 27.62961408843894 860
1694635314325 27.531532727821567 861
1694635314361 27.048641417676 862
1694635314396 27.85958744003481 863
1694635314432 27.04858877190144 864
1694635314469 27.78024298545065 865
1694635314504 27.583938823768793 866
1694635314540 27.509939751500234 867
1694635314570 27.033725712207424 868
1694635314603 27.70058598660414 869
1694635314635 26.722015356121624 870
1694635314669 27.650192834282137 871
1694635314700 26.553829496896917 872
1694635314735 27.008793228370788 873
1694635314772 26.94100993073645 874
1694635314808 26.907274517902888 875
1694635314841 27.183195167643873 876
1694635314876 26.90757640344781 877
1694635314909 26.639478807782176 878
1694635314945 26.913561670979455 879
1694635314978 26.76662615419662 880
1694635315012 26.559889951229504 881
1694635315046 26.339183944410607 882
1694635315076 26.369018671218832 883
1694635315110 26.325745959428094 884
1694635315142 26.226366556321146 885
1694635315177 25.99550910028111 886
1694635315211 25.975427198069998 887
1694635315247 26.251769819231036 888
1694635315281 26.666385123382323 889
1694635315321 25.924310833708297 890
1694635315356 26.289256261163395 891
1694635315386 25.821772063312192 892
1694635315424 25.8033765290684 893
1694635315459 25.553415621352077 894
1694635315494 25.74418271705814 895
1694635315526 25.750459202390406 896
1694635315565 25.545425968124274 897
1694635315597 25.673663689743545 898
1694635315632 25.07065910940529 899
1694635315663 25.241506056306317 900
1694635315698 25.56483547160907 901
1694635315730 25.588010234783557 902
1694635315762 25.89974604017156 903
1694635315793 25.25042618386682 904
1694635315825 25.14445774452402 905
1694635315855 25.103834974917447 906
1694635315888 25.648168216104644 907
1694635315923 25.151405208916568 908
1694635315954 24.98854709207699 909
1694635315987 24.569848763296953 910
1694635316022 24.559455842663436 911
1694635316054 24.401210338602127 912
1694635316086 24.57810421006983 913
1694635316117 25.291972601761024 914
1694635316149 24.646185440878202 915
1694635316185 24.645952373760817 916
1694635316221 24.365359356466865 917
1694635316252 24.41921246109391 918
1694635316284 24.63605365162239 919
1694635316317 24.06690160834865 920
1694635316345 24.371100952759413 921
1694635316376 24.422333269658886 922
1694635316409 24.343745126725413 923
1694635316439 24.291269661205195 924
1694635316470 24.520491457885402 925
1694635316503 23.81632997932323 926
1694635316535 23.4867629422305 927
1694635316568 24.10154135784074 928
1694635316601 23.484229930408922 929
1694635316634 23.364158238828722 930
1694635316665 23.692685954424295 931
1694635316697 23.831914674455106 932
1694635316727 23.63851090419598 933
1694635316755 23.598400486197125 934
1694635316788 23.53519356779305 935
1694635316822 23.34937181922727 936
1694635316853 23.812924348478084 937
1694635316887 23.286646981289255 938
1694635316921 22.805161116866124 939
1694635316951 23.40745592152412 940
1694635316985 23.423406337458424 941
1694635317018 23.28634500862407 942
1694635317047 22.969805305921742 943
1694635317081 22.901315217613778 944
1694635317117 23.272328432976153 945
1694635317148 23.135067005501966 946
1694635317179 22.90767651998073 947
1694635317213 22.79846864887852 948
1694635317245 22.767926473859756 949
1694635317278 22.84200179656329 950
1694635317313 22.812054124222218 951
1694635317343 22.533732874965015 952
1694635317377 22.806722467951595 953
1694635317409 22.485201429435286 954
1694635317442 22.36659768186125 955
1694635317476 22.776215881021752 956
1694635317510 22.515022688656785 957
1694635317541 22.301800011717482 958
1694635317572 22.26375104966434 959
1694635317603 22.35710092068926 960
1694635317636 21.88644547493336 961
1694635317668 22.589694709477172 962
1694635317702 22.140880701844495 963
1694635317735 22.051260999697657 964
1694635317769 21.949013086683962 965
1694635317802 22.315556812783285 966
1694635317835 21.532945270378917 967
1694635317869 21.95943303715984 968
1694635317903 21.965249018856486 969
1694635317937 21.707157395270876 970
1694635317973 21.80302042776482 971
1694635318012 21.67475309444186 972
1694635318043 21.42439076467749 973
1694635318076 21.769991465489483 974
1694635318109 21.421306425394302 975
1694635318140 21.593322662064494 976
1694635318172 21.412213894935302 977
1694635318205 21.255558903111123 978
1694635318237 21.6810137024778 979
1694635318269 21.467527208081705 980
1694635318305 20.775607913196424 981
1694635318337 21.38890726506996 982
1694635318371 21.451621090790862 983
1694635318403 21.26164194131894 984
1694635318438 21.424903058052003 985
1694635318468 20.80130561183231 986
1694635318503 20.306941975568197 987
1694635318535 20.890826462529425 988
1694635318565 21.04851601997297 989
1694635318601 20.86571345578972 990
1694635318634 20.50964228172961 991
1694635318662 20.742938866257344 992
1694635318693 20.534029627333776 993
1694635318727 20.735192271405072 994
1694635318756 20.55683166431559 995
1694635318787 20.455319007886455 996
1694635318819 20.451826735642566 997
1694635318852 20.85191697146998 998
1694635318884 19.940186650743595 999
