1694634913937 -0.008409579104233567 0
1694634913971 -0.00939511322360298 1
1694634914007 -0.010729862658911848 2
1694634914039 -0.010166219326391168 3
1694634914072 -0.007714915183930859 4
1694634914109 -0.00954579745350248 5
1694634914151 -0.004383386184473315 6
1694634914194 -0.0023848855000536684 7
1694634914230 -0.0023047308961359203 8
1694634914263 0.004417573105640837 9
1694634914298 0.007938523299426459 10
1694634914333 0.014745940045992612 11
1694634914368 0.032432657770263496 12
1694634914403 0.027839713557888168 13
1694634914443 0.03891534647137829 14
1694634914481 0.06509328808743042 15
1694634914521 0.0736581660236667 16
1694634914556 0.09595423984280671 17
1694634914591 0.12949521184175283 18
1694634914625 0.20836081503392034 19
1694634914662 0.20327076352275197 20
1694634914700 0.22537494790105772 21
1694634914737 0.31936498534912416 22
1694634914772 0.3567839224508311 23
1694634914804 0.4449087881424679 24
1694634914837 0.43479496204221324 25
1694634914868 0.4975216770266402 26
1694634914903 0.6192388199081349 27
1694634914937 0.5520263256094962 28
1694634914970 0.5643974969809902 29
1694634915005 0.6680020129068578 30
1694634915038 0.6186151492903336 31
1694634915071 0.702331853425995 32
1694634915106 0.7298139875073275 33
1694634915146 0.7675057277255706 34
1694634915181 0.7703870649722256 35
1694634915220 0.7475101472327572 36
1694634915278 0.75740110658525 37
1694634915325 0.7654375435005534 38
1694634915367 0.8030470575716562 39
1694634915401 0.8047822046920194 40
1694634915435 0.8093434130822218 41
1694634915469 0.8373083441732393 42
1694634915502 0.8203351622919816 43
1694634915535 0.8588754063153542 44
1694634915568 0.843194586493059 45
1694634915601 0.8060734868063317 46
1694634915635 0.7908573790055519 47
1694634915668 0.802147524859451 48
1694634915702 0.8473836534272474 49
1694634915736 0.7907970373556764 50
1694634915769 0.8573002222721232 51
1694634915803 0.8692573307855842 52
1694634915839 0.8525308274056379 53
1694634915874 0.8518055318340677 54
1694634915909 0.8234330318315154 55
1694634915942 0.851327920572598 56
1694634915979 0.8753066013778781 57
1694634916014 0.8367374511413765 58
1694634916044 0.8305546654019129 59
1694634916081 0.8467889135541707 60
1694634916115 0.822383183306919 61
1694634916148 0.8279741739907828 62
1694634916181 0.8652645779754278 63
1694634916214 0.8397155213657495 64
1694634916247 0.8192014842093042 65
1694634916282 0.8568217469475132 66
1694634916315 0.8291758823908636 67
1694634916350 0.8239605450822354 68
1694634916387 0.866388545426441 69
1694634916419 0.7692529579893795 70
1694634916451 0.8213310452299453 71
1694634916490 0.871940027430807 72
1694634916521 0.8456567080129389 73
1694634916558 0.8491331493590275 74
1694634916592 0.8584797664836287 75
1694634916630 0.8285756298989515 76
1694634916665 0.8619266176985396 77
1694634916699 0.8025061947995136 78
1694634916731 0.8630738401731686 79
1694634916763 0.8592346965761527 80
1694634916795 0.8371285628614453 81
1694634916831 0.8304051611570558 82
1694634916865 0.8484419078317085 83
1694634916898 0.8463533843050479 84
1694634916931 0.8591228825348595 85
1694634916964 0.8692620775787121 86
1694634916997 0.8599869061745347 87
1694634917033 0.8539764132954503 88
1694634917064 0.8460350432024394 89
1694634917098 0.8780724409465142 90
1694634917136 0.8245749913698996 91
1694634917171 0.8250752360420878 92
1694634917207 0.8770162951153111 93
1694634917244 0.854963810744987 94
1694634917278 0.832218113909706 95
1694634917311 0.8501386022492035 96
1694634917343 0.8788923481924129 97
1694634917376 0.783867541768716 98
1694634917408 0.7792406313712026 99
1694634917442 0.829715171446241 100
1694634917473 0.8148696431693497 101
1694634917511 0.8228840982213245 102
1694634917545 0.8063585999569755 103
1694634917579 0.8344785404833986 104
1694634917612 0.848057382497158 105
1694634917648 0.8786828136483346 106
1694634917683 0.8137945248406319 107
1694634917719 0.8520286343586421 108
1694634917754 0.8628366619874549 109
1694634917786 0.8768532636756711 110
1694634917821 0.8269330320310206 111
1694634917858 0.8727356468362194 112
1694634917889 0.8939326210581825 113
1694634917926 0.8570512305268017 114
1694634917962 0.8443051028947635 115
