1694626963124 0.0 0
1694626963429 0.0 1
1694626963756 0.0 2
1694626964071 0.0 3
1694626964464 0.0 4
1694626964729 0.0 5
1694626964983 0.0 6
1694626965268 0.0 7
1694626965537 0.0 8
1694626965793 0.0 9
1694626966089 0.0 10
1694626966392 0.0 11
1694626966673 0.0 12
1694626966921 0.0 13
1694626967233 0.0 14
1694626967513 0.0 15
1694626967802 0.0 16
1694626968086 0.0 17
1694626968374 0.0 18
1694626968674 0.0 19
1694626968901 0.0 20
1694626969205 0.0 21
1694626969500 0.0 22
1694626969759 0.0 23
1694626970059 0.0 24
1694626970328 0.0 25
1694626970588 0.0 26
1694626970875 0.0 27
1694626971171 0.0 28
1694626971442 0.0 29
