1694620579304 -5.248837097004966e-05 0
1694620579339 7.877123323085655e-05 1
1694620579375 0.00020729833283361643 2
1694620579404 0.0003332738540516855 3
1694620579430 0.0004568727822631402 4
1694620579457 0.0005782644124576741 5
1694620579482 0.0006976125940882927 6
1694620579508 0.0008150759699439014 7
1694620579534 0.0009308082087500225 8
1694620579560 0.00104495823130335 9
1694620579586 0.0011576704300271246 10
1694620579613 0.0012690848818843747 11
1694620579640 0.0013793375546435893 12
1694620579666 0.0014885605065496632 13
1694620579691 0.0015968820794527439 14
1694620579716 0.0017044270855143262 15
1694620579745 0.001811316987606837 16
1694620579771 0.0019176700735521468 17
1694620579799 0.0020236016243573296 18
1694620579827 0.0021292240766105364 19
1694620579853 0.0022346471792146216 20
1694620579878 0.0023399781446392653 21
1694620579903 0.002445321794872002 22
1694620579929 0.002550780702252453 23
1694620579956 0.0026564553253770606 24
1694620579987 0.0027624441402543942 25
1694620580012 0.0028688437668935585 26
1694620580039 0.0029757490915087725 27
1694620580063 0.003083253384497775 28
1694620580093 0.00319144841439567 29
1694620580119 0.003300424557940662 30
1694620580149 0.0034102709064336434 31
1694620580179 0.003521075368539295 32
1694620580207 0.003632924769690127 33
1694620580235 0.003745904948231682 34
1694620580261 0.00386010084846633 35
1694620580289 0.0039755966107113405 36
1694620580318 0.004092475658533878 37
1694620580343 0.004210820783266067 38
1694620580370 0.004330714225937893 39
1694620580394 0.004452237756740307 40
1694620580419 0.004575472752140763 41
1694620580445 0.004700500269748997 42
1694620580469 0.004827401121054176 43
1694620580495 0.004956255942117904 44
1694620580523 0.005087145262339665 45
1694620580551 0.005220149571361854 46
1694620580575 0.005355349384236319 47
1694620580603 0.005492825304909688 48
1694620580628 0.005632658088123077 49
1694620580655 0.005774928699805115 50
1694620580695 0.005919718376026006 51
1694620580721 0.006067108680591682 52
1694620580775 0.006217181561348095 53
1694620580806 0.006370019405242289 54
1694620580834 0.006525705092237044 55
1694620580860 0.006684322048104541 56
1694620580885 0.00684595429617707 57
1694620580910 0.007010686508100772 58
1694620580937 0.007178604053646898 59
1694620580965 0.007349793049626574 60
1694620580991 0.007524340407961572 61
1694620581017 0.0077023338829471655 62
1694620581043 0.0078838621177576 63
1694620581069 0.008069014690231247 64
1694620581100 0.008257882157959973 65
1694620581126 0.008450556102750917 66
1694620581150 0.008647129174455426 67
1694620581185 0.008847695134222011 68
1694620581219 0.009052348897200191 69
1694620581256 0.009261186574706981 70
1694620581285 0.00947430551590045 71
1694620581314 0.009691804348981314 72
1694620581341 0.009913783021932354 73
1694620581368 0.010140342842828276 74
1694620581396 0.010371586519730025 75
1694620581422 0.010607618200182412 76
1694620581447 0.010848543510332709 77
1694620581472 0.011094469593672551 78
1694620581497 0.011345505149425672 79
1694620581523 0.011601760470606126 80
1694620581548 0.01186334748171014 81
1694620581574 0.012130379776104538 82
1694620581599 0.012402972653080102 83
1694620581626 0.012681243154583521 84
1694620581651 0.012965310101640148 85
1694620581679 0.01325529413045401 86
1694620581705 0.013551317728194623 87
1694620581733 0.013853505268466626 88
1694620581760 0.014161983046454218 89
1694620581784 0.014476879313742197 90
1694620581809 0.014798324312800593 91
1694620581833 0.015126450311127915 92
1694620581859 0.015461391635042454 93
1694620581884 0.015803284703111098 94
1694620581910 0.016152268059199226 95
1694620581935 0.01650848240513103 96
1694620581963 0.01687207063294116 97
1694620581989 0.017243177856700154 98
1694620582014 0.017621951443893558 99
1694620582039 0.018008541046340865 100
1694620582064 0.01840309863060907 101
1694620582089 0.01880577850792242 102
1694620582114 0.019216737363532577 103
1694620582138 0.019636134285508366 104
1694620582162 0.020064130792929236 105
1694620582189 0.020500890863452192 106
1694620582214 0.02094658096019808 107
1694620582240 0.021401370057941516 108
1694620582268 0.02186542966856775 109
1694620582301 0.02233893386574448 110
1694620582332 0.02282205930875214 111
1694620582360 0.023314985265487365 112
1694620582386 0.02381789363451836 113
1694620582412 0.024330968966194244 114
1694620582441 0.024854398482755613 115
1694620582469 0.02538837209736655 116
1694620582494 0.025933082432039067 117
1694620582521 0.026488724834388022 118
1694620582546 0.027055497393150385 119
1694620582572 0.027633600952418402 120
1694620582596 0.028223239124516852 121
1694620582622 0.028824618301463545 122
1694620582647 0.029437947664942565 123
1694620582673 0.030063439194723762 124
1694620582697 0.030701307675454093 125
1694620582723 0.03135177070175166 126
1694620582751 0.03201504868151572 127
1694620582776 0.03269136483738999 128
1694620582800 0.03338094520628254 129
1694620582826 0.03408401863686894 130
1694620582851 0.034800816784990585 131
1694620582876 0.03553157410686847 132
1694620582902 0.036276527850010565 133
1694620582927 0.03703591804178008 134
1694620582954 0.037809987475469375 135
1694620582982 0.03859898169382081 136
1694620583007 0.03940314896988251 137
1694620583036 0.04022274028510309 138
1694620583060 0.0410580093045575 139
1694620583087 0.04190921234921763 140
1694620583113 0.04277660836511732 141
1694620583139 0.04366045888937331 142
1694620583164 0.04456102801288575 143
1694620583189 0.04547858233964408 144
1694620583213 0.046413390942527166 145
1694620583240 0.047365725315444585 146
1694620583266 0.048335859321772534 147
1694620583294 0.04932406913889831 148
1694620583318 0.050330633198800157 149
1694620583346 0.051355832124527545 150
1694620583381 0.05239994866246822 151
1694620583414 0.053463267610281084 152
1694620583441 0.05454607574037551 153
1694620583467 0.05564866171883032 154
1694620583494 0.056771316019589846 155
1694620583519 0.05791433083389552 156
1694620583545 0.05907799997475316 157
1694620583571 0.060262618776385835 158
1694620583596 0.061468483988486144 159
1694620583621 0.06269589366524564 160
1694620583647 0.06394514704895793 161
1694620583674 0.06521654444814495 162
1694620583699 0.06651038711006885 163
1694620583725 0.06782697708755392 164
1694620583754 0.06916661709995986 165
1694620583780 0.0705296103882943 166
1694620583805 0.07191626056428746 167
1694620583830 0.073326871453402 168
1694620583855 0.07476174693162374 169
1694620583881 0.0762211907560646 170
1694620583906 0.07770550638916884 171
1694620583931 0.07921499681656974 172
1694620583957 0.0807499643584616 173
1694620583988 0.08231071047449123 174
1694620584015 0.08389753556207047 175
1694620584043 0.0855107387481111 176
1694620584072 0.08715061767413801 177
1694620584099 0.08881746827476711 178
1694620584125 0.09051158454953745 179
1694620584151 0.09223325832810125 180
1694620584175 0.09398277902878482 181
1694620584200 0.0957604334105453 182
1694620584224 0.09756650531836253 183
1694620584250 0.09940127542211152 184
1694620584275 0.1012650209490017 185
1694620584301 0.10315801540960001 186
1694620584325 0.10508052831763226 187
1694620584349 0.1070328249035658 188
1694620584374 0.10901516582218185 189
1694620584399 0.11102780685419045 190
1694620584425 0.11307099860217296 191
1694620584455 0.11514498618086333 192
1694620584484 0.11725000890213777 193
1694620584510 0.11938629995475092 194
1694620584538 0.1215540860792036 195
1694620584565 0.12375358723789742 196
1694620584591 0.12598501628084402 197
1694620584619 0.1282485786073022 198
1694620584646 0.1305444718235541 199
1694620584674 0.13287288539723086 200
1694620584701 0.13523400030845678 201
1694620584734 0.13762798869829462 202
1694620584768 0.14005501351479377 203
1694620584800 0.14251522815708462 204
1694620584831 0.14500877611797403 205
1694620584859 0.1475357906255066 206
1694620584884 0.15009639428392318 207
1694620584908 0.1526906987145863 208
1694620584932 0.15531880419731003 209
1694620584958 0.15798079931274467 210
1694620584985 0.1606767605862749 211
1694620585011 0.16340675213407463 212
1694620585036 0.16617082531191563 213
1694620585060 0.16896901836729072 214
1694620585087 0.17180135609559422 215
1694620585124 0.17466784950090342 216
1694620585156 0.1775684954620963 217
1694620585192 0.1805032764049629 218
1694620585224 0.18347215998101174 219
1694620585257 0.18647509875367785 220
1694620585288 0.1895120298926486 221
1694620585322 0.19258287487703996 222
1694620585356 0.19568753920814785 223
1694620585385 0.19882591213252643 224
1694620585420 0.2019978663761277 225
1694620585459 0.20520325789025418 226
1694620585489 0.20844192561008557 227
1694620585521 0.2117136912264621 228
1694620585552 0.21501835897179322 229
1694620585579 0.21835571542065402 230
1694620585606 0.22172552930596934 231
1694620585634 0.2251275513513683 232
1694620585661 0.22856151412050596 233
1694620585686 0.23202713188394786 234
1694620585713 0.2355241005044041 235
1694620585747 0.2390520973408523 236
1694620585779 0.24261078117223944 237
1694620585809 0.2461997921413629 238
1694620585842 0.2498187517194641 239
1694620585872 0.2534672626921174 240
1694620585899 0.25714490916695243 241
1694620585932 0.26085125660357544 242
1694620585962 0.26458585186627925 243
1694620585994 0.26834822329981967 244
1694620586026 0.2721378808286773 245
1694620586057 0.2759543160801009 246
1694620586091 0.27979700253121553 247
1694620586119 0.28366539568037186 248
1694620586147 0.2875589332429679 249
1694620586173 0.2914770353718006 250
1694620586198 0.29541910490206735 251
1694620586222 0.2993845276209748 252
1694620586248 0.3033726725619438 253
1694620586274 0.3073828923232915 254
1694620586301 0.311414523411239 255
1694620586325 0.3154668866070127 256
1694620586350 0.3195392873577715 257
1694620586381 0.32363101619101653 258
1694620586409 0.32774134915207764 259
1694620586434 0.3318695482642484 260
1694620586459 0.33601486201100605 261
1694620586484 0.3401765258397772 262
1694620586524 0.3443537626866262 263
1694620586560 0.3485457835211516 264
1694620586597 0.3527517879108232 265
1694620586631 0.356970964604052 266
1694620586666 0.36120249213104016 267
1694620586700 0.3654455394215933 268
1694620586733 0.3696992664388776 269
1694620586769 0.3739628248281859 270
1694620586802 0.37823535857966506 271
1694620586839 0.3825160047038988 272
1694620586876 0.3868038939192633 273
1694620586919 0.3910981513499001 274
1694620586960 0.395397897233125 275
1694620586998 0.3997022476350729 276
1694620587026 0.4040103151733375 277
1694620587055 0.40832120974537345 278
1694620587088 0.4126340392613774 279
1694620587125 0.4169479103803714 280
1694620587159 0.42126192924822026 281
1694620587190 0.4255752022362427 282
1694620587222 0.4298868366791617 283
1694620587257 0.43419594161111175 284
1694620587298 0.43850162849834273 285
1694620587338 0.44280301196742267 286
1694620587372 0.44709921052765544 287
1694620587400 0.4513893472864342 288
1694620587427 0.45567255065634515 289
1694620587461 0.45994795505281283 290
1694620587497 0.46421470158110734 291
1694620587534 0.4684719387115869 292
1694620587573 0.4727188229420708 293
1694620587610 0.47695451944626555 294
1694620587648 0.48117820270723854 295
1694620587691 0.48538905713494696 296
1694620587732 0.4895862776668818 297
1694620587774 0.49376907035094775 298
1694620587815 0.49793665290975775 299
1694620587854 0.5020882552855221 300
1694620587898 0.5062231201648335 301
1694620587948 0.5103405034826514 302
1694620588023 0.5144396749048875 303
1694620588061 0.5185199182890101 304
1694620588095 0.5225805321221788 305
1694620588123 0.526620829936457 306
1694620588152 0.5306401407007214 307
1694620588180 0.5346378091889341 308
1694620588208 0.5386131963245218 309
1694620588236 0.5425656795006465 310
1694620588265 0.5464946528761911 311
1694620588294 0.55039952764743 312
1694620588326 0.5542797322952697 313
1694620588354 0.5581347128081403 314
1694620588383 0.5619639328805459 315
1694620588410 0.5657668740874805 316
1694620588439 0.5695430360347828 317
1694620588472 0.573291936485755 318
1694620588513 0.5770131114642156 319
1694620588551 0.5807061153343969 320
1694620588580 0.5843705208579695 321
1694620588615 0.5880059192286391 322
1694620588642 0.5916119200847323 323
1694620588670 0.5951881515002522 324
1694620588696 0.5987342599549168 325
1694620588729 0.602249910283712 326
1694620588761 0.6057347856065306 327
1694620588791 0.6091885872385103 328
1694620588820 0.6126110345816438 329
1694620588857 0.6160018649983721 330
1694620588891 0.6193608336677725 331
1694620588925 0.6226877134250133 332
1694620588959 0.625982294584835 333
1694620589000 0.6292443847496636 334
1694620589041 0.6324738086031796 335
1694620589081 0.6356704076899595 336
1694620589121 0.638834040182026 337
1694620589160 0.6419645806329299 338
1694620589201 0.6450619197201948 339
1694620589236 0.6481259639767939 340
1694620589270 0.651156635512414 341
1694620589304 0.6541538717252295 342
1694620589342 0.6571176250049084 343
1694620589378 0.6600478624275584 344
1694620589419 0.6629445654433159 345
1694620589453 0.6658077295572905 346
1694620589486 0.6686373640045087 347
1694620589517 0.6714334914195597 348
1694620589547 0.6741961475015895 349
1694620589575 0.6769253806752549 350
1694620589607 0.679621251748306 351
1694620589639 0.6822838335663655 352
1694620589669 0.6849132106655114 353
1694620589696 0.6875094789232159 354
1694620589723 0.6900727452082204 355
1694620589751 0.6926031270298318 356
1694620589777 0.6951007521872083 357
1694620589812 0.6975657584190645 358
1694620589845 0.6999982930543134 359
1694620589872 0.7023985126640695 360
1694620589899 0.704766582715451 361
1694620589926 0.7071026772275799 362
1694620589957 0.7094069784301795 363
1694620589988 0.7116796764251176 364
1694620590015 0.7139209688512667 365
1694620590043 0.7161310605529667 366
1694620590070 0.7183101632524465 367
1694620590096 0.720458495226429 368
1694620590162 0.7225762809872406 369
1694620590287 0.7246637509686344 370
1694620590355 0.7267211412165657 371
1694620590412 0.7287486930851301 372
1694620590482 0.7307466529378501 373
1694620590539 0.7327152718544864 374
1694620590596 0.7346548053435232 375
1694620590665 0.7365655130604818 376
1694620590703 0.7384476585321613 377
1694620590736 0.7403015088869414 378
1694620590771 0.74212733459122 379
1694620590806 0.7439254091920675 380
1694620590833 0.74569600906618 381
1694620590862 0.7474394131751521 382
1694620590888 0.7491559028271382 383
1694620590916 0.7508457614449074 384
1694620590944 0.7525092743403264 385
1694620590973 0.7541467284952549 386
1694620591002 0.755758412348869 387
1694620591041 0.7573446155913709 388
1694620591077 0.7589056289640885 389
1694620591112 0.7604417440659189 390
1694620591141 0.7619532531660573 391
1694620591169 0.7634404490229996 392
1694620591196 0.7649036247097247 393
1694620591221 0.7663430734450158 394
1694620591246 0.7677590884308476 395
1694620591278 0.769151962695758 396
1694620591310 0.7705219889441256 397
1694620591339 0.7718694594112813 398
1694620591364 0.7731946657243405 399
1694620591391 0.7744978987686834 400
1694620591418 0.7757794485599784 401
1694620591450 0.7770396041216474 402
1694620591493 0.7782786533676676 403
1694620591529 0.7794968829906164 404
1694620591564 0.780694578354829 405
1694620591597 0.7818720233945913 406
1694620591625 0.783029500517218 407
1694620591652 0.7841672905109391 408
1694620591680 0.7852856724574607 409
1694620591708 0.7863849236490849 410
1694620591736 0.7874653195102894 411
1694620591765 0.7885271335236357 412
1694620591791 0.7895706371598997 413
1694620591820 0.7905960998123021 414
1694620591847 0.7916037887347378 415
1694620591877 0.792593968983866 416
1694620591913 0.793566903364981 417
1694620591955 0.7945228523815127 418
1694620592003 0.795462074188076 419
1694620592043 0.7963848245469402 420
1694620592078 0.7972913567878206 421
1694620592111 0.798181921770871 422
1694620592145 0.7990567678527795 423
1694620592173 0.7999161408558628 424
1694620592203 0.8007602840400498 425
1694620592233 0.8015894380776527 426
1694620592270 0.8024038410308308 427
1694620592304 0.8032037283316414 428
1694620592333 0.8039893327645865 429
1694620592426 0.8047608844515557 430
1694620592457 0.805518610839079 431
1694620592485 0.8062627366877845 432
1694620592516 0.806993484063995 433
1694620592544 0.8077110723333509 434
1694620592572 0.8084157181563902 435
1694620592601 0.8091076354860011 436
1694620592628 0.8097870355666615 437
1694620592655 0.8104541269353897 438
1694620592685 0.8111091154243254 439
1694620592713 0.8117522041648717 440
1694620592748 0.8123835935933235 441
1694620592785 0.8130034814579088 442
1694620592825 0.8136120628271776 443
1694620592863 0.8142095300996686 444
1694620592904 0.8147960730147883 445
1694620592935 0.8153718786648481 446
1694620592963 0.8159371315081876 447
1694620592992 0.8164920133833246 448
1694620593024 0.8170367035240914 449
1694620593052 0.8175713785756781 450
1694620593081 0.8180962126115497 451
1694620593107 0.8186113771511725 452
1694620593134 0.8191170411785053 453
1694620593163 0.8196133711612064 454
1694620593189 0.8201005310705111 455
1694620593222 0.8205786824017308 456
1694620593255 0.8210479841953335 457
1694620593287 0.8215085930585659 458
1694620593322 0.8219606631875697 459
1694620593364 0.8224043463899645 460
1694620593412 0.8228397921078492 461
1694620593464 0.8232671474411904 462
1694620593508 0.8236865571715695 463
1694620593545 0.8240981637862436 464
1694620593590 0.8245021075024992 465
1694620593637 0.8248985262922652 466
1694620593678 0.8252875559069486 467
1694620593709 0.8256693299024791 468
1694620593748 0.8260439796645267 469
1694620593787 0.8264116344338656 470
1694620593825 0.8267724213318663 471
1694620593858 0.8271264653860906 472
1694620593892 0.8274738895559606 473
1694620593927 0.8278148147584938 474
1694620593962 0.8281493598940695 475
1694620593998 0.8284776418722214 476
1694620594032 0.8287997756374234 477
1694620594065 0.829115874194865 478
1694620594095 0.8294260486361906 479
1694620594133 0.8297304081651913 480
1694620594165 0.8300290601234322 481
1694620594192 0.8303221100158025 482
1694620594217 0.8306096615359738 483
1694620594243 0.8308918165917583 484
1694620594270 0.8311686753303456 485
1694620594300 0.8314403361634171 486
1694620594329 0.8317068957921233 487
1694620594355 0.8319684492319106 488
1694620594385 0.8322250898371959 489
1694620594411 0.8324769093258712 490
1694620594437 0.8327239978036391 491
1694620594462 0.8329664437881641 492
1694620594486 0.833204334233038 493
1694620594511 0.8334377545515479 494
1694620594536 0.8336667886402463 495
1694620594561 0.8338915189023107 496
1694620594597 0.8341120262706948 497
1694620594637 0.8343283902310602 498
1694620594681 0.834540688844488 499
1694620594719 0.8347489987699657 500
1694620594751 0.8349533952866435 501
1694620594782 0.8351539523158575 502
1694620594813 0.8353507424429216 503
1694620594850 0.8355438369386765 504
1694620594883 0.8357333057808007 505
1694620594915 0.8359192176748793 506
1694620594941 0.8361016400752261 507
1694620594968 0.8362806392054628 508
1694620594997 0.8364562800788492 509
1694620595022 0.8366286265183656 510
1694620595046 0.8367977411765449 511
1694620595072 0.8369636855550591 512
1694620595097 0.8371265200240496 513
1694620595132 0.8372863038412134 514
1694620595182 0.8374430951706346 515
1694620595228 0.8375969511013696 516
1694620595267 0.837747927665778 517
1694620595303 0.8378960798576093 518
1694620595334 0.8380414616498384 519
1694620595362 0.8381841260122525 520
1694620595387 0.8383241249287944 521
1694620595414 0.8384615094146561 522
1694620595439 0.8385963295331315 523
1694620595468 0.838728634412223 524
1694620595499 0.8388584722610075 525
1694620595543 0.8389858903857634 526
1694620595624 0.8391109352058546 527
1694620595655 0.8392336522693815 528
1694620595690 0.8393540862685952 529
1694620595725 0.8394722810550765 530
1694620595772 0.8395882796546867 531
1694620595821 0.8397021242822846 532
1694620595863 0.8398138563562174 533
1694620595895 0.8399235165125885 534
1694620595923 0.8400311446192967 535
1694620595957 0.840136779789858 536
1694620595994 0.840240460397007 537
1694620596038 0.8403422240860803 538
1694620596098 0.8404421077881861 539
1694620596150 0.8405401477331624 540
1694620596189 0.8406363794623228 541
1694620596228 0.840730837840997 542
1694620596275 0.8408235570708641 543
1694620596326 0.8409145707020838 544
1694620596374 0.8410039116452275 545
1694620596412 0.8410916121830104 546
1694620596454 0.8411777039818293 547
1694620596496 0.841262218103105 548
1694620596536 0.8413451850144358 549
1694620596580 0.8414266346005629 550
1694620596626 0.8415065961741484 551
1694620596662 0.841585098486371 552
1694620596697 0.8416621697373403 553
1694620596748 0.841737837586334 554
1694620596785 0.841812129161856 555
1694620596827 0.8418850710715247 556
1694620596898 0.8419566894117874 557
1694620596935 0.8420270097774668 558
1694620596969 0.8420960572711416 559
1694620597004 0.8421638565123625 560
1694620597044 0.8422304316467076 561
1694620597080 0.8422958063546766 562
1694620597115 0.8423600038604316 563
1694620597153 0.8424230469403804 564
1694620597184 0.8424849579316074 565
1694620597220 0.8425457587401586 566
1694620597248 0.8426054708491747 567
1694620597274 0.8426641153268805 568
1694620597301 0.8427217128344323 569
1694620597332 0.8427782836336242 570
1694620597360 0.8428338475944523 571
1694620597400 0.8428884242025494 572
1694620597436 0.8429420325664783 573
1694620597469 0.8429946914248977 574
1694620597502 0.8430464191535961 575
1694620597537 0.8430972337723996 576
1694620597564 0.843147152951951 577
1694620597593 0.8431961940203678 578
1694620597621 0.8432443739697767 579
1694620597648 0.8432917094627317 580
1694620597675 0.8433382168385077 581
1694620597712 0.843383912119288 582
1694620597758 0.8434288110162277 583
1694620597799 0.843472928935414 584
1694620597840 0.8435162809837091 585
1694620597880 0.843558881974492 586
1694620597928 0.843600746433288 587
1694620597976 0.8436418886032967 588
1694620598022 0.843682322450817 589
1694620598061 0.8437220616705702 590
1694620598103 0.8437611196909256 591
1694620598146 0.8437995096790256 592
1694620598193 0.8438372445458193 593
1694620598241 0.8438743369509973 594
1694620598286 0.8439107993078372 595
1694620598329 0.8439466437879575 596
1694620598372 0.8439818823259813 597
1694620598416 0.8440165266241131 598
1694620598460 0.8440505881566295 599
1694620598503 0.8440840781742847 600
1694620598543 0.8441170077086333 601
1694620598580 0.8441493875762721 602
1694620598612 0.8441812283829989 603
1694620598643 0.8442125405278967 604
1694620598674 0.8442433342073371 605
1694620598704 0.84427361941891 606
1694620598733 0.8443034059652773 607
1694620598758 0.8443327034579533 608
1694620598793 0.8443615213210148 609
1694620598836 0.8443898687947384 610
1694620598879 0.8444177549391709 611
1694620598924 0.844445188637629 612
1694620598960 0.844472178600134 613
1694620598997 0.8444987333667807 614
1694620599033 0.8445248613110417 615
1694620599071 0.844550570643007 616
1694620599108 0.8445758694125652 617
1694620599149 0.8446007655125193 618
1694620599186 0.8446252666816463 619
1694620599224 0.8446493805076964 620
1694620599254 0.8446731144303348 621
1694620599290 0.8446964757440272 622
1694620599323 0.8447194716008697 623
1694620599359 0.8447421090133649 624
1694620599403 0.8447643948571429 625
1694620599450 0.8447863358736316 626
1694620599488 0.8448079386726747 627
1694620599540 0.8448292097350996 628
1694620599605 0.8448501554152352 629
1694620599664 0.8448707819433813 630
1694620599700 0.8448910954282313 631
1694620599739 0.844911101859246 632
1694620599780 0.8449308071089832 633
1694620599821 0.8449502169353821 634
1694620599863 0.8449693369840018 635
1694620599898 0.8449881727902193 636
1694620599933 0.8450067297813827 637
1694620599969 0.8450250132789221 638
1694620600004 0.8450430285004232 639
1694620600039 0.8450607805616559 640
1694620600070 0.8450782744785663 641
1694620600102 0.8450955151692312 642
1694620600132 0.8451125074557708 643
1694620600164 0.8451292560662274 644
1694620600197 0.8451457656364069 645
1694620600224 0.8451620407116829 646
1694620600255 0.8451780857487686 647
1694620600281 0.8451939051174513 648
1694620600319 0.8452095031022948 649
1694620600347 0.8452248839043078 650
1694620600374 0.8452400516425815 651
1694620600400 0.8452550103558925 652
1694620600426 0.8452697640042763 653
1694620600451 0.8452843164705707 654
1694620600477 0.8452986715619265 655
1694620600502 0.8453128330112919 656
1694620600527 0.8453268044788655 657
1694620600554 0.8453405895535224 658
1694620600579 0.8453541917542102 659
1694620600605 0.8453676145313228 660
1694620600633 0.8453808612680398 661
1694620600658 0.8453939352816471 662
1694620600685 0.8454068398248263 663
1694620600714 0.8454195780869226 664
1694620600743 0.8454321531951849 665
1694620600771 0.8454445682159848 666
1694620600799 0.8454568261560078 667
1694620600825 0.8454689299634248 668
1694620600851 0.8454808825290394 669
1694620600879 0.8454926866874117 670
1694620600907 0.8455043452179616 671
1694620600933 0.8455158608460496 672
1694620600959 0.8455272362440365 673
1694620600988 0.8455384740323235 674
1694620601014 0.8455495767803689 675
1694620601039 0.845560547007689 676
1694620601064 0.8455713871848363 677
1694620601090 0.8455820997343598 678
1694620601115 0.8455926870317454 679
1694620601141 0.8456031514063396 680
1694620601165 0.8456134951422533 681
1694620601189 0.8456237204792495 682
1694620601215 0.8456338296136117 683
1694620601242 0.8456438246989975 684
1694620601267 0.8456537078472727 685
1694620601292 0.8456634811293321 686
1694620601317 0.8456731465759015 687
1694620601342 0.8456827061783259 688
1694620601369 0.845692161889341 689
1694620601393 0.8457015156238301 690
1694620601425 0.8457107692595658 691
1694620601451 0.8457199246379377 692
1694620601477 0.8457289835646645 693
1694620601538 0.8457379478104948 694
1694620601615 0.8457468191118909 695
1694620601700 0.8457555991717012 696
1694620601773 0.8457642896598176 697
1694620601841 0.8457728922138242 698
1694620601900 0.8457814084396272 699
1694620601954 0.8457898399120767 700
1694620601992 0.8457981881755754 701
1694620602022 0.845806454744674 702
1694620602049 0.8458146411046568 703
1694620602079 0.8458227487121144 704
1694620602115 0.8458307789955058 705
1694620602150 0.8458387333557095 706
1694620602183 0.8458466131665622 707
1694620602217 0.8458544197753903 708
1694620602249 0.8458621545035272 709
1694620602277 0.845869818646823 710
1694620602308 0.8458774134761426 711
1694620602336 0.8458849402378551 712
1694620602365 0.8458924001543138 713
1694620602392 0.8458997944243241 714
1694620602419 0.8459071242236066 715
1694620602449 0.8459143907052477 716
1694620602483 0.8459215950001411 717
1694620602526 0.8459287382174243 718
1694620602562 0.8459358214449023 719
1694620602591 0.845942845749465 720
1694620602619 0.8459498121774964 721
1694620602649 0.8459567217552764 722
1694620602682 0.8459635754893712 723
1694620602711 0.8459703743670213 724
1694620602741 0.8459771193565178 725
1694620602774 0.8459838114075732 726
1694620602808 0.8459904514516833 727
1694620602843 0.845997040402485 728
1694620602874 0.8460035791561034 729
1694620602903 0.846010068591494 730
1694620602929 0.846016509570779 731
1694620602955 0.8460229029395746 732
1694620602990 0.8460292495273146 733
1694620603027 0.8460355501475649 734
1694620603060 0.8460418055983345 735
1694620603093 0.8460480166623772 736
1694620603125 0.846054184107491 737
1694620603156 0.8460603086868098 738
1694620603187 0.8460663911390873 739
1694620603215 0.8460724321889802 740
1694620603245 0.8460784325473206 741
1694620603273 0.8460843929113872 742
1694620603302 0.8460903139651691 743
1694620603330 0.8460961963796234 744
1694620603359 0.8461020408129313 745
1694620603388 0.8461078479107451 746
1694620603421 0.8461136183064331 747
1694620603452 0.846119352621319 748
1694620603479 0.8461250514649156 749
1694620603505 0.8461307154351554 750
1694620603533 0.8461363451186158 751
1694620603561 0.8461419410907396 752
1694620603598 0.8461475039160524 753
1694620603626 0.8461530341483743 754
1694620603654 0.846158532331028 755
1694620603682 0.8461639989970438 756
1694620603711 0.8461694346693582 757
1694620603740 0.846174839861012 758
1694620603766 0.846180215075341 759
1694620603793 0.8461855608061644 760
1694620603818 0.846190877537971 761
1694620603843 0.8461961657460995 762
1694620603867 0.8462014258969162 763
1694620603893 0.846206658447989 764
1694620603917 0.8462118638482587 765
1694620603942 0.8462170425382063 766
1694620603967 0.8462221949500155 767
1694620603995 0.8462273215077362 768
1694620604024 0.8462324226274403 769
1694620604054 0.846237498717377 770
1694620604086 0.8462425501781243 771
1694620604128 0.8462475774027379 772
1694620604168 0.846252580776896 773
1694620604208 0.8462575606790431 774
1694620604244 0.8462625174805297 775
1694620604277 0.8462674515457498 776
1694620604324 0.8462723632322745 777
1694620604360 0.8462772528909855 778
1694620604394 0.8462821208662037 779
1694620604429 0.8462869674958156 780
1694620604463 0.846291793111398 781
1694620604493 0.8462965980383412 782
1694620604521 0.8463013825959661 783
1694620604550 0.846306147097643 784
1694620604577 0.8463108918509064 785
1694620604604 0.846315617157567 786
1694620604629 0.8463203233138231 787
1694620604655 0.8463250106103677 788
1694620604684 0.8463296793324957 789
1694620604725 0.8463343297602071 790
1694620604760 0.8463389621683098 791
1694620604793 0.8463435768265193 792
1694620604825 0.8463481739995566 793
1694620604854 0.846352753947245 794
1694620604880 0.8463573169246034 795
1694620604910 0.8463618631819395 796
1694620604940 0.8463663929649402 797
1694620604974 0.8463709065147609 798
1694620605007 0.8463754040681115 799
1694620605049 0.846379885857343 800
1694620605089 0.846384352110531 801
1694620605126 0.8463888030515572 802
1694620605160 0.8463932389001902 803
1694620605189 0.8463976598721651 804
1694620605220 0.8464020661792597 805
1694620605254 0.8464064580293721 806
1694620605287 0.8464108356265926 807
1694620605322 0.8464151991712792 808
1694620605359 0.8464195488601279 809
1694620605400 0.8464238848862424 810
1694620605435 0.846428207439204 811
1694620605466 0.8464325167051382 812
1694620605499 0.8464368128667811 813
1694620605528 0.8464410961035442 814
1694620605557 0.8464453665915777 815
1694620605587 0.8464496245038337 816
1694620605619 0.8464538700101261 817
1694620605648 0.8464581032771912 818
1694620605680 0.8464623244687459 819
1694620605711 0.8464665337455465 820
1694620605742 0.8464707312654443 821
1694620605770 0.8464749171834405 822
1694620605795 0.8464790916517411 823
1694620605821 0.8464832548198107 824
1694620605852 0.8464874068344238 825
1694620605882 0.8464915478397164 826
1694620605915 0.8464956779772358 827
1694620605950 0.8464997973859906 828
1694620605984 0.8465039062024979 829
1694620606012 0.8465080045608321 830
1694620606049 0.8465120925926697 831
1694620606093 0.846516170427336 832
1694620606137 0.8465202381918485 833
1694620606166 0.8465242960109625 834
1694620606199 0.8465283440072122 835
1694620606237 0.8465323823009534 836
1694620606266 0.8465364110104058 837
1694620606294 0.8465404302516908 838
1694620606332 0.8465444401388749 839
1694620606375 0.8465484407840048 840
1694620606416 0.8465524322971485 841
1694620606445 0.8465564147864308 842
1694620606472 0.8465603883580712 843
1694620606499 0.8465643531164194 844
1694620606524 0.8465683091639902 845
1694620606551 0.846572256601498 846
1694620606578 0.846576195527893 847
1694620606617 0.8465801260403903 848
1694620606665 0.8465840482345066 849
1694620606707 0.8465879622040899 850
1694620606736 0.8465918680413509 851
1694620606768 0.846595765836895 852
1694620606805 0.8465996556797517 853
1694620606839 0.8466035376574038 854
1694620606879 0.8466074118558173 855
1694620606920 0.8466112783594695 856
1694620606951 0.8466151372513758 857
1694620606990 0.8466189886131199 858
1694620607029 0.8466228325248772 859
1694620607066 0.8466266690654439 860
1694620607109 0.8466304983122608 861
1694620607149 0.8466343203414401 862
1694620607204 0.8466381352277896 863
1694620607254 0.8466419430448369 864
1694620607300 0.846645743864853 865
1694620607341 0.8466495377588773 866
1694620607380 0.8466533247967386 867
1694620607419 0.8466571050470788 868
1694620607456 0.8466608785773744 869
1694620607492 0.8466646454539594 870
1694620607524 0.8466684057420439 871
1694620607562 0.8466721595057382 872
1694620607597 0.846675906808071 873
1694620607633 0.8466796477110106 874
1694620607670 0.8466833822754836 875
1694620607704 0.8466871105613949 876
1694620607744 0.8466908326276469 877
1694620607787 0.8466945485321565 878
1694620607833 0.8466982583318761 879
1694620607878 0.8467019620828077 880
1694620607920 0.8467056598400242 881
1694620607958 0.8467093516576842 882
1694620608004 0.846713037589049 883
1694620608052 0.8467167176865005 884
1694620608094 0.8467203920015558 885
1694620608133 0.8467240605848843 886
1694620608172 0.8467277234863223 887
1694620608212 0.8467313807548897 888
1694620608253 0.846735032438803 889
1694620608292 0.8467386785854919 890
1694620608330 0.8467423192416129 891
1694620608366 0.8467459544530631 892
1694620608408 0.8467495842649949 893
1694620608446 0.8467532087218295 894
1694620608479 0.8467568278672694 895
1694620608521 0.8467604417443123 896
1694620608559 0.846764050395264 897
1694620608598 0.846767653861751 898
1694620608639 0.846771252184732 899
1694620608673 0.8467748454045116 900
1694620608701 0.8467784335607507 901
1694620608730 0.8467820166924787 902
1694620608760 0.8467855948381058 903
1694620608785 0.8467891680354331 904
1694620608815 0.8467927363216643 905
1694620608846 0.8467962997334156 906
1694620608882 0.8467998583067282 907
1694620608918 0.8468034120770767 908
1694620608947 0.8468069610793801 909
1694620608978 0.8468105053480124 910
1694620609017 0.8468140449168113 911
1694620609051 0.846817579819089 912
1694620609087 0.846821110087641 913
1694620609122 0.8468246357547553 914
1694620609152 0.846828156852222 915
1694620609179 0.8468316734113419 916
1694620609206 0.8468351854629351 917
1694620609232 0.8468386930373502 918
1694620609257 0.8468421961644725 919
1694620609281 0.8468456948737315 920
1694620609307 0.8468491891941105 921
1694620609335 0.8468526791541535 922
1694620609360 0.846856164781973 923
1694620609390 0.8468596461052585 924
1694620609418 0.8468631231512835 925
1694620609450 0.8468665959469124 926
1694620609491 0.846870064518609 927
1694620609524 0.8468735288924423 928
1694620609564 0.8468769890940946 929
1694620609634 0.8468804451488673 930
1694620609696 0.846883897081689 931
1694620609758 0.84688734491712 932
1694620609815 0.8468907886793613 933
1694620609866 0.8468942283922589 934
1694620609903 0.8468976640793116 935
1694620609934 0.8469010957636754 936
1694620609967 0.8469045234681712 937
1694620610009 0.8469079472152898 938
1694620610046 0.8469113670271976 939
1694620610078 0.846914782925743 940
1694620610105 0.8469181949324605 941
1694620610133 0.8469216030685786 942
1694620610160 0.8469250073550225 943
1694620610187 0.8469284078124213 944
1694620610214 0.8469318044611123 945
1694620610240 0.8469351973211459 946
1694620610280 0.8469385864122914 947
1694620610321 0.8469419717540408 948
1694620610363 0.8469453533656149 949
1694620610408 0.8469487312659669 950
1694620610457 0.8469521054737874 951
1694620610509 0.8469554760075089 952
1694620610562 0.8469588428853103 953
1694620610606 0.8469622061251219 954
1694620610646 0.8469655657446279 955
1694620610688 0.8469689217612724 956
1694620610731 0.8469722741922632 957
1694620610774 0.8469756230545751 958
1694620610805 0.8469789683649545 959
1694620610833 0.8469823101399228 960
1694620610862 0.8469856483957808 961
1694620610896 0.8469889831486125 962
1694620610933 0.8469923144142882 963
1694620610981 0.8469956422084686 964
1694620611034 0.8469989665466078 965
1694620611099 0.8470022874439577 966
1694620611155 0.8470056049155712 967
1694620611187 0.8470089189763039 968
1694620611231 0.8470122296408209 969
1694620611271 0.8470155369235959 970
1694620611310 0.8470188408389182 971
1694620611345 0.8470221414008928 972
1694620611382 0.8470254386234456 973
1694620611420 0.8470287325203247 974
1694620611455 0.847032023105105 975
1694620611483 0.8470353103911902 976
1694620611510 0.8470385943918156 977
1694620611536 0.847041875120051 978
1694620611565 0.8470451525888036 979
1694620611592 0.8470484268108213 980
1694620611623 0.8470516977986937 981
1694620611653 0.8470549655648563 982
1694620611684 0.8470582301215922 983
1694620611714 0.8470614914810352 984
1694620611750 0.8470647496551716 985
1694620611785 0.8470680046558434 986
1694620611824 0.8470712564947499 987
1694620611863 0.8470745051834501 988
1694620611904 0.8470777507333663 989
1694620612024 0.847080993155784 990
1694620612054 0.8470842324618566 991
1694620612082 0.8470874686626056 992
1694620612111 0.8470907017689242 993
1694620612139 0.8470939317915782 994
1694620612167 0.847097158741209 995
1694620612193 0.8471003826283354 996
1694620612219 0.8471036034633543 997
1694620612244 0.8471068212565451 998
1694620612271 0.8471100360180697 999
