1694621074601 0.3562343124827687 0
1694621074816 0.011103053781760042 1
1694621075019 0.014038393320060282 2
1694621075240 0.06471490503052241 3
1694621075437 0.013709010763290761 4
1694621075634 0.002695175792713403 5
1694621075850 0.08754104774723205 6
1694621076089 0.07211876429039302 7
1694621076314 0.00026798137894850727 8
1694621076498 0.008493409775404468 9
1694621076691 0.04805125578156219 10
1694621076930 0.10448888144547884 11
1694621077151 0.040573739966983 12
1694621077381 0.0012799720195509482 13
1694621077600 0.796830709573292 14
1694621077865 0.1740879860892546 15
1694621078106 0.11859706965188219 16
1694621078381 0.06522107410398575 17
1694621078680 0.04589857391962557 18
1694621078940 0.2567501137926352 19
1694621079185 0.23475827375765265 20
1694621079440 0.6737034215229066 21
1694621079742 0.44443828968609944 22
1694621079977 0.3545217092484201 23
1694621080214 0.09378063052910726 24
1694621080537 0.0012022159751931948 25
1694621080824 0.0006038884880040008 26
1694621081042 0.0003928438515538129 27
1694621081228 0.011861883670942376 28
1694621081453 0.153736446478439 29
1694621081663 0.014954679735918132 30
1694621081833 0.016786724256315496 31
1694621082012 0.003203014026622107 32
1694621082251 0.000748828569926059 33
1694621082441 0.00017290323796026165 34
1694621082621 0.0611837179895658 35
1694621082814 0.008928673267856941 36
1694621082977 0.002417974957884555 37
1694621083184 0.0034742138563864837 38
1694621083456 1.1739524882169694 39
1694621083708 0.05226886931297116 40
1694621083931 1.415057716327491 41
1694621084172 0.028885299440980526 42
1694621084436 0.19380343963399324 43
1694621084677 0.0009042111578952726 44
1694621084966 0.01070368687994543 45
1694621085188 0.09993232129636702 46
1694621085398 0.07857330778449062 47
1694621085598 0.022972115476394078 48
1694621085802 0.017702996512005183 49
1694621086013 0.022125725289375293 50
1694621086249 0.04372089887377911 51
1694621086536 0.011751834486844357 52
1694621086784 0.012134140473697244 53
1694621086998 0.0953683438757151 54
1694621087206 0.00010108492635785701 55
1694621087423 0.026425396381642298 56
1694621087641 0.0085221283187981 57
1694621087851 0.0003728246143555044 58
1694621088062 0.014523020867827299 59
1694621088272 0.06937517379931435 60
1694621088478 0.0008809054608203001 61
1694621088695 0.020960577400763188 62
1694621088892 0.002253164247526977 63
1694621089101 0.7827454005932994 64
1694621089267 0.07504094737848588 65
1694621089475 0.5397380950412629 66
1694621089706 0.4002451071283744 67
1694621089960 0.0011166796162170804 68
1694621090194 0.009865689737007837 69
1694621090412 0.037809762826839774 70
1694621090582 0.07000865854161353 71
1694621090852 0.05004372561023517 72
1694621091049 0.23360575712211054 73
1694621091256 0.12998012304762538 74
1694621091549 0.008575779014411667 75
1694621091817 7.52291122616623e-05 76
1694621092110 0.006635930884540689 77
1694621092338 0.0007875282146338537 78
1694621092563 0.04782930548966267 79
1694621092789 0.2892800383974317 80
1694621093011 0.055489609927545765 81
1694621093214 0.0010003054034031218 82
1694621093455 0.025223380288702933 83
1694621093659 0.19609067910226213 84
1694621093875 0.05427109160824908 85
1694621094087 7.376526168384286e-05 86
1694621094320 0.0005784288484602135 87
1694621094527 0.002530553059238224 88
1694621094748 0.0007457807117277392 89
1694621094956 0.3116107540011135 90
1694621095149 0.11383451482910614 91
1694621095333 1.485622537872709 92
1694621095539 0.015865555982592483 93
1694621095769 0.0001475581246218085 94
1694621095984 0.8026663866346222 95
1694621096198 0.04300261219645866 96
1694621096429 3.739712425259443e-05 97
1694621096604 3.665474347554521e-05 98
1694621096801 0.12286677718163504 99
1694621096999 0.022497541775464 100
1694621097195 0.11458634162132576 101
1694621097392 0.006491169854030223 102
1694621097559 0.09526381997543862 103
1694621097726 0.16826862100343906 104
1694621097919 0.07907909397052747 105
1694621098115 0.13769834851941207 106
1694621098317 0.011808203648651813 107
1694621098511 0.2135024665545231 108
1694621098737 0.010164773350574897 109
1694621098918 0.0807230420594308 110
1694621099109 0.000859907121156457 111
1694621099322 0.0112163344835834 112
1694621099571 0.026442121698659775 113
1694621099787 0.004211028917520524 114
1694621100115 0.02563726109479132 115
1694621100506 0.006499750138444073 116
1694621100849 0.06907865446107896 117
1694621101074 0.08634191857066142 118
1694621101255 0.11774077400597341 119
1694621101464 0.012118088584381221 120
1694621101684 0.20776948850017057 121
1694621101882 0.5201645920588929 122
1694621102068 0.048722435582850276 123
1694621102289 0.2697062599131118 124
1694621102502 0.21822589830451947 125
1694621102719 0.0414261987358439 126
1694621102933 0.05577966502502611 127
1694621103128 0.06625303151672945 128
1694621103323 0.0003256574776254545 129
1694621103522 0.13943170428425442 130
1694621103710 0.0880730037118971 131
1694621103890 0.09014982514642453 132
1694621104084 0.009027516598786969 133
1694621104283 0.015192753058300177 134
1694621104451 0.04271207008077213 135
1694621104669 0.004326970974432399 136
1694621104854 0.15153101358833318 137
1694621105027 0.10945918747146126 138
1694621105228 0.00681961995830266 139
1694621105436 0.29861270551504115 140
1694621105635 0.03483184213355005 141
1694621105841 0.14177288574701716 142
1694621106059 0.0038395241915185987 143
1694621106294 0.08229329957604335 144
1694621106510 0.0179895000775249 145
1694621106715 0.06762765550966143 146
1694621106911 0.0038857903758896324 147
1694621107116 0.21204616608155294 148
1694621107349 0.023406338778307518 149
1694621107563 0.3165900989814002 150
1694621107805 0.017613068078165896 151
1694621107992 0.00020824528306531996 152
1694621108159 0.009423659315756375 153
1694621108386 6.8274777622383685e-06 154
1694621108580 0.05051251069312554 155
1694621108815 0.007245508145234562 156
1694621109062 0.001850534327830653 157
1694621109297 0.02192577988736049 158
1694621109470 0.054637098332103264 159
1694621109666 0.02146885219641874 160
1694621109902 0.059153576552583416 161
1694621110112 2.651828574619209e-06 162
1694621110326 0.06476965326556705 163
1694621110506 0.11799407487771786 164
1694621110677 0.0004588131530313657 165
1694621110878 0.0008757997908024558 166
1694621111091 0.02426634654891012 167
1694621111299 0.019661281284214502 168
1694621111508 0.1007027533841457 169
1694621111732 0.0060730229357977 170
1694621111908 0.13233154503170014 171
1694621112086 0.29966061648877956 172
1694621112249 0.2625937159884157 173
1694621112420 1.3922620404514857e-05 174
1694621112587 0.002762930741887631 175
1694621112756 0.09956269634543616 176
1694621112961 0.17439008243890028 177
1694621113165 0.4975644174957189 178
1694621113375 0.1909410189735473 179
1694621113580 0.0041237457040188726 180
1694621113761 0.057272802466940775 181
1694621113954 0.02055441567795262 182
1694621114156 0.0008778904619387453 183
1694621114397 0.0005652424784482387 184
1694621114644 0.0035788507364059616 185
1694621114871 0.011954423418406602 186
1694621115085 0.8828268925587136 187
1694621115369 0.04572684763703352 188
1694621115647 0.017463423052200833 189
1694621115931 0.11784306003747422 190
1694621116201 0.012449694071521314 191
1694621116453 0.00010745339711931161 192
1694621116690 0.0018086120522868981 193
1694621116902 0.04106467533761113 194
1694621117125 0.13232677364959072 195
1694621117353 0.00805546825487002 196
1694621117631 0.032232877535735546 197
1694621117875 0.38915244612164374 198
1694621118078 0.013647320918414028 199
1694621118282 0.10421051873107173 200
1694621118501 0.7179355486501515 201
1694621118780 0.06872544736182708 202
1694621119013 0.00042407607404605955 203
1694621119248 0.0007124009736051708 204
1694621119513 0.0046574901997506754 205
1694621119733 0.011786332487282737 206
1694621119954 0.10309004800113362 207
1694621120202 0.04419034186440456 208
1694621120455 0.0865140005565492 209
1694621120689 0.3581838238773814 210
1694621120902 0.1501251007028037 211
1694621121085 0.08281992314060634 212
1694621121307 0.3854553252437772 213
1694621121509 0.013810232770118043 214
1694621121762 0.001760654126922604 215
1694621121995 0.255145840186029 216
1694621122203 0.01625053663508764 217
1694621122440 0.002500554735255855 218
1694621122671 0.059749310712770086 219
1694621122905 0.15264117468354163 220
1694621123136 0.0007569717039132 221
1694621123273 0.056219315907360366 222
1694621123629 0.02167108273457044 223
1694621123911 0.0012967387857463978 224
1694621124182 0.02749968948750271 225
1694621124416 0.006913039949485412 226
1694621124614 0.07527040565382181 227
1694621124833 0.00841128330330747 228
1694621124994 0.05186027675575417 229
1694621125214 0.41287898651721455 230
1694621125392 0.04610422738386559 231
1694621125558 0.02173478797917746 232
1694621125742 0.0611522939138624 233
1694621125966 0.19614746761875068 234
1694621126192 0.0007120511691918537 235
1694621126397 0.059124565606356094 236
1694621126617 0.0012058703016903246 237
1694621126830 0.0012671123603411867 238
1694621127035 0.00021499806641904587 239
1694621127238 0.0014846562138957783 240
1694621127428 0.0111455566677871 241
1694621127632 5.0231697049874364e-05 242
1694621127861 0.007313854041396395 243
1694621128077 0.15116329521034383 244
1694621128296 0.025803554981496623 245
1694621128523 0.0003261757074674297 246
1694621128778 0.12513843622438464 247
1694621128987 0.19253982604441 248
1694621129187 0.24262099967872933 249
1694621129394 0.1560868186700596 250
1694621129694 0.008536851218013735 251
1694621130106 0.20158470043754886 252
1694621130456 0.0006977952736133016 253
1694621130801 0.0023145314272334824 254
1694621130991 0.018729005260780782 255
1694621131220 0.09475158991189236 256
1694621131448 0.0024670820509448597 257
1694621131696 0.02155528847327141 258
1694621131899 0.08789701023080752 259
1694621132138 0.02975329909946221 260
1694621132357 0.06110746605798708 261
1694621132591 0.006898376527322558 262
1694621132809 0.024131882588874914 263
1694621132975 0.014097798093177698 264
1694621133153 0.673510747562845 265
1694621133338 0.1215657228886939 266
1694621133511 0.061578874291047934 267
1694621133721 0.0636448471658565 268
1694621133928 0.02000518922074301 269
1694621134156 0.0365824879749887 270
1694621134351 0.019239075422168295 271
1694621134568 0.1330416618957693 272
1694621134868 0.0014709642218532879 273
1694621135123 0.0026857348789596 274
1694621135394 5.9973836773701365e-05 275
1694621135722 8.954132029413394e-08 276
1694621136091 0.03631732450665514 277
1694621136336 0.012143333787972978 278
1694621136595 0.04267179835942352 279
1694621136828 0.010091407185465483 280
1694621137034 0.04238203982798654 281
1694621137197 0.27011126190195206 282
1694621137390 0.10571847005197461 283
1694621137595 9.791283578542503e-06 284
1694621137860 0.12474527754122852 285
1694621138115 0.11690948610984082 286
1694621138322 0.05164444566857436 287
1694621138539 0.005141933549299028 288
1694621138710 0.1871691740117597 289
1694621138882 0.01089127893737789 290
1694621139068 1.2370179634494416 291
1694621139310 0.015069210234176641 292
1694621139513 0.0035917301355875694 293
1694621139716 0.0020690206904618075 294
1694621139943 0.02973906484270353 295
1694621140094 0.012294180049589544 296
1694621140327 0.016750331049670428 297
1694621140601 0.1017649943421369 298
1694621140798 0.1372658923639543 299
1694621140989 0.03772838943094169 300
1694621141183 0.021194529890702838 301
1694621141357 0.2703287774962206 302
1694621141526 0.15072947095335057 303
1694621141723 0.10677411169426816 304
1694621141918 0.18487409884986264 305
1694621142109 0.10834455741085781 306
1694621142300 0.05899465497981046 307
1694621142492 0.04944999460150031 308
1694621142702 0.3689576721017176 309
1694621142896 0.018936918824417826 310
1694621143088 0.01464709818179843 311
1694621143284 0.01772817291958958 312
1694621143481 0.02062081677032596 313
1694621143678 0.15182788585639762 314
1694621143889 0.0012429393478984817 315
1694621144061 0.1432474289343551 316
1694621144270 0.10270385628962132 317
1694621144459 0.03162931673898075 318
1694621144649 0.036535834906712306 319
1694621144858 0.02968872252784293 320
1694621145078 0.019271723261493158 321
1694621145289 9.330524754429617e-06 322
1694621145542 0.0351461007949624 323
1694621145754 0.2890694061722436 324
1694621145936 0.16467892519783828 325
1694621146101 0.09680274081759817 326
1694621146288 0.00023323585423837411 327
1694621146453 0.03501009476059069 328
1694621146650 0.014182832671327522 329
1694621146852 0.06354999158308172 330
1694621147048 0.06150562132516216 331
1694621147241 0.03624570332438565 332
1694621147438 0.00013339304787894063 333
1694621147612 0.00022583087542808706 334
1694621147815 0.18228067675222182 335
1694621148037 0.06647294486692783 336
1694621148234 0.00043417725305159807 337
1694621148430 0.009055053768021296 338
1694621148591 0.0028934990422712047 339
1694621148754 0.08429058483102177 340
1694621148913 0.02764509566132884 341
1694621149074 0.1188738009817357 342
1694621149210 0.056796005801354396 343
1694621149482 0.008996654628846103 344
1694621149687 0.005696402441984761 345
1694621149881 1.1269346999365584 346
1694621150079 0.09971921323495642 347
1694621150271 0.0266732763230324 348
1694621150477 0.004525881470199267 349
1694621150650 0.06744112424014831 350
1694621150818 0.003191314466894139 351
1694621151010 0.02546058926434702 352
1694621151207 0.11527618038135327 353
1694621151410 0.07511822225034699 354
1694621151609 0.0008498472753165361 355
1694621151800 0.006047513999345646 356
1694621151997 0.0017471785561844146 357
1694621152193 0.11047658987719068 358
1694621152400 0.2908148924427615 359
1694621152596 0.012127102526789103 360
1694621152790 0.0371209631201263 361
1694621152993 0.033007076486957596 362
1694621153162 0.0026038432556596902 363
1694621153330 0.025574096811445426 364
1694621153493 0.10943433645459463 365
1694621153658 0.009242165309392378 366
1694621153826 0.004297899739186656 367
1694621154013 0.008206253450113749 368
1694621154202 0.01915441885368254 369
1694621154372 0.013349883201200256 370
1694621154550 0.01931333189230834 371
1694621154721 0.00041119711836147776 372
1694621154892 0.07178598802426375 373
1694621155060 0.13360518836868993 374
1694621155268 0.055757245194972105 375
1694621155483 0.04920266729247024 376
1694621155651 0.012566443752619954 377
1694621155836 0.013731239460752382 378
1694621156006 0.007696816334466 379
1694621156170 0.006229445282545038 380
1694621156354 0.05626255386444476 381
1694621156527 0.18994255496741003 382
1694621156729 0.003327323329249684 383
1694621156919 0.07959170363474051 384
1694621157087 0.002745624971825472 385
1694621157289 0.0009391475770449702 386
1694621157494 0.009942349608053309 387
1694621157714 0.036347433291897 388
1694621157882 0.02357833095717942 389
1694621158087 0.010941338383835542 390
1694621158278 0.12142110062107264 391
1694621158472 0.05007401221604539 392
1694621158652 0.18900806850204896 393
1694621158823 0.06847811824791758 394
1694621158987 0.19222514901818447 395
1694621159152 0.016920306297471103 396
1694621159366 2.469048556464789e-06 397
1694621159574 0.02419727337566181 398
1694621159779 0.052109022758573896 399
1694621159982 0.0771184684257255 400
1694621160178 0.0821736443759432 401
1694621160368 0.0022623679748664683 402
1694621160550 0.024994857722666092 403
1694621160722 0.020708387407014174 404
1694621160895 0.0005331520520451207 405
1694621161065 0.0580799184380099 406
1694621161257 0.0019857227745240726 407
1694621161432 0.009556014588761184 408
1694621161634 0.05400437190174186 409
1694621161860 0.01292433396330863 410
1694621162037 3.439907439902405e-05 411
1694621162200 0.008784532424244141 412
1694621162380 0.1494810033369126 413
1694621162549 0.030640741820755192 414
1694621162734 0.2885367875695952 415
1694621162922 0.05796390790468186 416
1694621163094 0.14197882776069218 417
1694621163245 0.03621218064807076 418
1694621163461 0.002208033311186053 419
1694621163646 0.011490192376164051 420
1694621163817 0.1718429762930063 421
1694621164034 0.501594610159624 422
1694621164205 0.02087032719363282 423
1694621164376 0.019442612517181046 424
1694621164541 0.04435323067517133 425
1694621164706 0.09822646245398843 426
1694621164898 0.008785359321714663 427
1694621165061 0.014219764800719873 428
1694621165233 0.1121305018337888 429
1694621165439 0.4564820516330232 430
1694621165636 0.2245638548793728 431
1694621165824 0.0011585374974148394 432
1694621165995 0.01714734930507952 433
1694621166169 0.17376926753318736 434
1694621166363 0.09100753002636698 435
1694621166543 0.39907747135583893 436
1694621166726 0.050194586371702654 437
1694621166892 0.002987857632810377 438
1694621167083 0.0009491538566160322 439
1694621167245 0.031085361571944654 440
1694621167412 0.04524637436305902 441
1694621167577 0.00015176464003551363 442
1694621167770 0.22912693886988456 443
1694621167940 0.03923180256400275 444
1694621168109 0.0010064421191172991 445
1694621168272 0.2248103970921928 446
1694621168447 0.04488184933069687 447
1694621168649 0.17591485735063128 448
1694621168856 0.02532160850067592 449
1694621169073 0.09854924764865255 450
1694621169266 0.001157072862261746 451
1694621169464 0.14811250459850306 452
1694621169629 0.11828780929503814 453
1694621169799 0.0018174063305353661 454
1694621169997 0.06266940251042212 455
1694621170205 0.037561894269751414 456
1694621170421 0.08260903161138836 457
1694621170625 0.08816352504680026 458
1694621170815 0.030550056571430614 459
1694621170986 0.0013153603909416686 460
1694621171181 0.0007097108537462644 461
1694621171392 0.00039682030119586966 462
1694621171561 0.00025192125097701787 463
1694621171728 0.09783438465189709 464
1694621171895 0.008071028771488577 465
1694621172060 0.06855516504558742 466
1694621172224 0.06323981122383872 467
1694621172388 0.0024618232582093716 468
1694621172585 10.978706556646374 469
1694621172789 0.020691156881238026 470
1694621172986 0.0030644037441641186 471
1694621173173 0.04356768184916405 472
1694621173345 0.0708334595310749 473
1694621173510 0.6939450480994691 474
1694621173676 0.007041618891945734 475
1694621173863 0.02604712179620717 476
1694621174036 0.0006772378868132887 477
1694621174200 0.005236530761465328 478
1694621174366 0.04068929800936824 479
1694621174531 0.6769085690214968 480
1694621174703 0.0328333643467261 481
1694621174878 0.004917682327646196 482
1694621175040 0.19723850089274733 483
1694621175261 0.1627365548207553 484
1694621175459 0.00029782422664556595 485
1694621175633 0.0011427913064359467 486
1694621175798 0.09268515705752965 487
1694621175960 0.007808867185536902 488
1694621176096 0.013223251645606176 489
1694621176298 0.052157796674510475 490
1694621176464 0.08566753266327204 491
1694621176656 0.4262834880697517 492
1694621176838 0.04501964384952778 493
1694621177004 0.0093196203173696 494
1694621177216 0.0021619703525806743 495
1694621177386 0.13180514874795493 496
1694621177568 0.06809433083797556 497
1694621177749 0.07318117275295799 498
1694621177912 0.0014532220007534141 499
1694621178076 0.00011636175794653987 500
1694621178241 0.07025530480268799 501
1694621178435 0.15202929187888684 502
1694621178606 0.05812587429101672 503
1694621178781 0.0043265815449989725 504
1694621178991 0.03712677255043926 505
1694621179158 0.13483408446057846 506
1694621179356 0.04694829464660985 507
1694621179530 0.0012236429685887255 508
1694621179694 0.2761226232955164 509
1694621179868 1.8789015565492269 510
1694621180027 0.0631522546636589 511
1694621180246 0.1170050335307252 512
1694621180415 0.710226011805539 513
1694621180602 0.02542768016633604 514
1694621180779 0.0018983865074436645 515
1694621180946 0.11555292513824224 516
1694621181125 0.06179931769846388 517
1694621181301 0.06133998455950899 518
1694621181473 0.0027044448194885225 519
1694621181680 0.0017509621885620987 520
1694621181888 0.0003048934238906759 521
1694621182098 0.012455583555107562 522
1694621182302 0.13247521843880153 523
1694621182505 0.08136196947222654 524
1694621182713 0.0003598045539177328 525
1694621182881 0.00159144104396559 526
1694621183075 0.058694478626877634 527
1694621183272 0.010348943023160634 528
1694621183480 0.007352291294438558 529
1694621183683 0.0650152851437771 530
1694621183854 0.8774263281652427 531
1694621184053 0.15014462366127565 532
1694621184249 0.3460155082934443 533
1694621184443 0.00036405767768490167 534
1694621184634 0.0725742113478205 535
1694621184804 0.0053611479436685575 536
1694621184967 0.1487085218631964 537
1694621185134 0.04841718248642462 538
1694621185306 0.1780697571503574 539
1694621185468 1.65925933073115e-06 540
1694621185657 0.004473395492471074 541
1694621185825 0.09511423364066258 542
1694621185987 0.004200764686322927 543
1694621186148 0.0007373114140584092 544
1694621186308 0.0051198017765489365 545
1694621186491 0.10577641722258475 546
1694621186685 0.15588203797892417 547
1694621186878 0.009594191189383827 548
1694621187070 0.057752505057578084 549
1694621187286 0.05399778993486317 550
1694621187475 0.11803404850357796 551
1694621187676 0.011776861213675617 552
1694621187843 0.06347865499871203 553
1694621188007 0.05420938994691693 554
1694621188171 0.03192045368083089 555
1694621188334 0.20656705497832695 556
1694621188526 8.528581172943104e-06 557
1694621188742 0.028286088790321212 558
1694621188908 0.000698206444251443 559
1694621189070 0.030519194787136647 560
1694621189229 0.01980076537272895 561
1694621189403 0.018742882633908484 562
1694621189563 0.686263676358483 563
1694621189724 0.029436558943445358 564
1694621189890 0.02480095406024313 565
1694621190078 0.18017847786434033 566
1694621190269 0.01865439245983549 567
1694621190462 0.08030412858050603 568
1694621190657 9.688405330376618e-05 569
1694621190824 0.28880131231671013 570
1694621191023 0.015520502301300955 571
1694621191240 0.0006643366066185985 572
1694621191438 0.0006134368668000282 573
1694621191607 0.28951999586580235 574
1694621191778 0.00905509666607511 575
1694621191943 0.056439398756784095 576
1694621192109 0.11288267902053471 577
1694621192275 0.008385521579291075 578
1694621192476 0.5105784053760271 579
1694621192661 0.1767578113281646 580
1694621192878 0.031970175857811124 581
1694621193044 0.0008423659976576379 582
1694621193235 0.0003763962739592589 583
1694621193434 0.06924065938653652 584
1694621193605 0.11942654657419877 585
1694621193835 0.12514361423244297 586
1694621194042 0.00012632994382526835 587
1694621194267 0.007110894080229286 588
1694621194445 0.4394537102531339 589
1694621194633 0.00034681998311263964 590
1694621194838 0.08901584645628496 591
1694621195038 0.1659211572526627 592
1694621195207 0.0015805217428579515 593
1694621195407 0.6044568781905142 594
1694621195598 0.005475775899038764 595
1694621195823 0.2636151943248939 596
1694621196111 0.00022788762890263854 597
1694621196457 0.011364518006261906 598
1694621196731 0.007729419222340597 599
1694621197022 0.26990607585951765 600
1694621197246 0.06716095370126805 601
1694621197509 0.15899101419745681 602
1694621197741 0.0014622088109517732 603
1694621197954 0.09313118139971908 604
1694621198177 0.011192042609311018 605
1694621198385 0.18428142246319643 606
1694621198580 0.11908183219103662 607
1694621198797 0.06037823847819392 608
1694621199003 0.11771128622184764 609
1694621199182 0.0071417478277563525 610
1694621199368 0.0007785429531704556 611
1694621199530 0.24578071746244004 612
1694621199692 0.054760021955912314 613
1694621199856 0.0019060974917978534 614
1694621200022 0.06589218576490483 615
1694621200192 0.10269276349749507 616
1694621200402 0.3090632140929827 617
1694621200606 0.0162887054116502 618
1694621200822 0.003962806397969152 619
1694621201044 0.05827138873883252 620
1694621201258 0.1347026591885604 621
1694621201481 0.14848948026560585 622
1694621201646 0.027287004921106892 623
1694621201818 0.007119797737595746 624
1694621202022 0.0915062124293257 625
1694621202237 0.04094179244598191 626
1694621202554 0.45171304020304087 627
1694621202837 7.63351440488156e-06 628
1694621203095 0.046567589601798326 629
1694621203395 0.0041660683869767495 630
1694621203662 0.012002940630915882 631
1694621203960 0.10997751707783274 632
1694621204180 0.010047536928762521 633
1694621204397 0.050132114175704956 634
1694621204561 0.03299462623155246 635
1694621204725 0.04816130529845051 636
1694621204898 0.00440987817991681 637
1694621205097 0.0022040682258940157 638
1694621205306 0.15957050754971544 639
1694621205526 0.04699758651002866 640
1694621205695 0.024954153934075986 641
1694621205877 0.01692645878486058 642
1694621206071 0.0445651703466008 643
1694621206273 0.13698131476984987 644
1694621206483 0.0008495411582428219 645
1694621206655 0.06361754995130896 646
1694621206827 0.03698159989700239 647
1694621207039 0.016790976179473165 648
1694621207291 0.014240397637123233 649
1694621207607 0.032250158704585474 650
1694621207878 0.1767647898062651 651
1694621208136 0.0003394385347505747 652
1694621208422 0.4047727081761744 653
1694621208707 0.023031043127121953 654
1694621208932 0.0028675050458564478 655
1694621209176 0.04209211990480249 656
1694621209433 0.07494615041741741 657
1694621209644 0.01474283935123973 658
1694621209860 9.608380152860202e-05 659
1694621210074 0.09296042359889262 660
1694621210297 0.007028768362495705 661
1694621210485 0.0033500919652293755 662
1694621210664 0.0015897985374924832 663
1694621210872 0.20492258414726058 664
1694621211071 0.03224010253826334 665
1694621211237 0.0006969265915570903 666
1694621211429 0.34136447518961294 667
1694621211598 0.0011208828483376717 668
1694621211767 1.0104713827662926 669
1694621211961 0.03306095534179392 670
1694621212141 0.10462118936163747 671
1694621212356 0.2038818331257204 672
1694621212534 0.05969671892543134 673
1694621212709 0.9230695393428805 674
1694621212924 0.003837244325673263 675
1694621213147 0.0724597300333177 676
1694621213336 0.01167537344657186 677
1694621213512 0.02584975070732921 678
1694621213685 0.057576522742481914 679
1694621213942 0.5029493978428723 680
1694621214159 1.956537283288936e-07 681
1694621214386 0.00293179549900176 682
1694621214620 0.40630389610389583 683
1694621214805 0.06819119168167834 684
1694621214996 0.007402832878849563 685
1694621215178 0.002937964240452062 686
1694621215357 0.011083825822828883 687
1694621215569 0.001406796441505107 688
1694621215779 0.009697602501115257 689
1694621216018 5.365712842211489e-06 690
1694621216239 0.05065976133238265 691
1694621216454 0.00018946945825577022 692
1694621216638 0.1546721646539228 693
1694621216845 0.06592249619636398 694
1694621217045 0.008948950289800733 695
1694621217241 0.06543850269630444 696
1694621217419 0.002558253585584512 697
1694621217612 0.4646127066541304 698
1694621217821 0.030237532899132193 699
1694621218025 0.010766887974888489 700
1694621218199 0.0839109650060129 701
1694621218371 0.002484129670808717 702
1694621218539 0.00044078001903785294 703
1694621218712 0.0867253991769632 704
1694621218931 0.04154329108741907 705
1694621219153 0.005977581079699081 706
1694621219328 0.02094873349781617 707
1694621219549 0.004548732738492727 708
1694621219809 0.04876751230743678 709
1694621220064 0.12255067019798763 710
1694621220314 0.00038475818804545737 711
1694621220531 0.08761763864498473 712
1694621220729 0.057486756227765085 713
1694621220949 0.045251881049784684 714
1694621221201 0.00858098587982697 715
1694621221439 0.05235488790924289 716
1694621221642 0.0014883561787041514 717
1694621221821 0.4615881690217149 718
1694621222059 0.010570848067919617 719
1694621222280 0.06542960715595839 720
1694621222505 0.2508445671551517 721
1694621222750 0.0005939609193902174 722
1694621222993 0.0911840968519997 723
1694621223233 0.024067772254629617 724
1694621223451 0.012029891786075475 725
1694621223692 0.0377821437952801 726
1694621223902 0.04967789497184546 727
1694621224193 0.16173753146351716 728
1694621224424 0.023435585833954716 729
1694621224655 0.003253674734695919 730
1694621224852 0.009848320570071623 731
1694621225058 0.05813185112408729 732
1694621225291 0.11246958042084723 733
1694621225489 0.10041286371695098 734
1694621225695 0.007547102068172748 735
1694621225900 0.012726758224683032 736
1694621226084 0.05192304949232028 737
1694621226282 0.29679025747324517 738
1694621226489 0.004509568266526835 739
1694621226675 0.03837138128604261 740
1694621226865 0.04973491906675257 741
1694621227071 0.020547260634793185 742
1694621227286 0.032332959362157694 743
1694621227469 0.07582687134110574 744
1694621227679 0.02679132219165956 745
1694621227852 0.4089185568657574 746
1694621228051 0.007548504365332035 747
1694621228217 0.11570686638372256 748
1694621228386 3.471178306152591e-05 749
1694621228561 0.01907824844828681 750
1694621228729 0.03610832458533018 751
1694621228901 0.02359170608288673 752
1694621229066 0.10455283005110685 753
1694621229277 0.009292969655353167 754
1694621229502 0.004463612229636 755
1694621229714 0.15913208522819186 756
1694621229926 0.01298138309608981 757
1694621230121 0.051227505210066096 758
1694621230315 0.0007028521981997318 759
1694621230484 0.0058600197254543174 760
1694621230692 0.0004307573538596717 761
1694621230903 0.12973375123557232 762
1694621231095 0.21333318512058702 763
1694621231292 0.14516967800353284 764
1694621231487 0.06580690113489536 765
1694621231655 0.17799963597993954 766
1694621231852 0.13454282063163103 767
1694621232050 0.04053435456339997 768
1694621232225 0.03554259002005916 769
1694621232391 0.006133643664634717 770
1694621232560 0.04491897849474928 771
1694621232727 5.007337249142901e-05 772
1694621232943 0.014458005246375165 773
1694621233142 0.1181242796217964 774
1694621233342 0.1295757816787811 775
1694621233541 0.00010323854417087107 776
1694621233748 0.08241460840382593 777
1694621233955 0.46468137072596666 778
1694621234160 0.17700042693569626 779
1694621234353 0.010205903925743073 780
1694621234519 0.001900703415398207 781
1694621234695 0.03205153318053941 782
1694621234869 0.006682997757746654 783
1694621235033 0.3815763258011466 784
1694621235241 0.8771461479625063 785
1694621235457 0.08693383396994113 786
1694621235625 0.0835132825592708 787
1694621235794 0.0017815899329836008 788
1694621235983 0.0031664397883436686 789
1694621236169 0.006487954215063043 790
1694621236393 0.003443460986501113 791
1694621236592 0.09341745279161993 792
1694621236794 0.008534437188956334 793
1694621237121 0.1673441313748522 794
1694621237420 0.04380269796872185 795
1694621237662 0.0010020752275574157 796
1694621237863 0.0358382555355604 797
1694621238029 0.06099148099384969 798
1694621238200 0.009045586774967874 799
1694621238370 0.2529971705621591 800
1694621238536 0.0005868528315027598 801
1694621238703 0.0002906535767026095 802
1694621238890 0.019565291713540336 803
1694621239059 0.025901576259605697 804
1694621239253 0.00016747867400807793 805
1694621239459 0.1526367944010664 806
1694621239672 0.0403241310349308 807
1694621239841 0.008590400024424426 808
1694621240012 3.8993774822583986e-05 809
1694621240178 0.00033044344031467473 810
1694621240363 0.3214399555229413 811
1694621240535 0.005185641449353713 812
1694621240781 0.0004697828443410491 813
1694621240994 0.025294829777924813 814
1694621241240 0.01803445674091558 815
1694621241491 0.026164754882604786 816
1694621241723 0.21021183208092958 817
1694621241899 0.008366258756392776 818
1694621242074 2.540438547749297e-07 819
1694621242275 0.03442627309817233 820
1694621242459 0.0034777499649971157 821
1694621242656 1.24399314643436 822
1694621242886 0.13120316923008607 823
1694621243098 0.010584862486290534 824
1694621243307 0.05445412997531359 825
1694621243568 3.937855432778954e-05 826
1694621243787 0.12171408307377872 827
1694621243984 0.001894768541426071 828
1694621244218 0.025561697429395326 829
1694621244448 0.10166477219719208 830
1694621244667 0.3408865466344979 831
1694621244867 0.10280995334890755 832
1694621245033 0.04687998254139749 833
1694621245243 0.05458873307146861 834
1694621245455 0.26651317121112805 835
1694621245646 0.0006402054021907395 836
1694621245826 0.15402480948317335 837
1694621246028 0.21855132700689148 838
1694621246239 0.024784037417376757 839
1694621246419 0.20565651683349712 840
1694621246593 0.04250085475457821 841
1694621246762 0.0005600862486764955 842
1694621246957 0.005409637100460691 843
1694621247150 0.011443633080840813 844
1694621247332 0.002543859126173083 845
1694621247508 0.04720929374337834 846
1694621247686 0.03518923534961393 847
1694621247882 0.03658248898443705 848
1694621248057 0.011348399270856378 849
1694621248261 0.18713819466524534 850
1694621248468 0.0879307975816785 851
1694621248667 0.7157444826761736 852
1694621248847 0.011944173004939617 853
1694621249066 0.003666784393879791 854
1694621249260 0.22448782563385888 855
1694621249429 0.09581601455008261 856
1694621249622 0.34279684565949553 857
1694621249827 0.15296165725109281 858
1694621250027 0.010498484953342865 859
1694621250228 0.00031244688254183846 860
1694621250398 0.1800045809978723 861
1694621250594 0.017620837218366728 862
1694621250802 0.03915703153676182 863
1694621251049 0.15472649191679838 864
1694621251221 0.0007387888312951729 865
1694621251423 3.175172377876488e-07 866
1694621251628 0.08549499262729204 867
1694621251797 0.05954519131308196 868
1694621251984 0.01883771113148601 869
1694621252279 0.0015496071648618166 870
1694621252473 0.0018752852733854614 871
1694621252687 0.14743362582291053 872
1694621252965 0.024039768408074334 873
1694621253192 0.03383745559149215 874
1694621253416 0.01884658331934111 875
1694621253636 0.11109041533546862 876
1694621253922 0.08258461737172341 877
1694621254098 0.021734345197034596 878
1694621254334 0.021878556223468036 879
1694621254544 0.007531907837113034 880
1694621254724 0.41054744833434376 881
1694621254911 7.180701280422344e-06 882
1694621255120 0.07993624389087269 883
1694621255314 0.05081833787201886 884
1694621255528 0.011375413788018346 885
1694621255701 0.030315840542774416 886
1694621255967 0.010360542133713504 887
1694621256242 0.19476612868605714 888
1694621256479 0.00013730496332101832 889
1694621256690 4.388423548996042e-05 890
1694621256970 0.28136494802331546 891
1694621257171 0.04363191225036531 892
1694621257372 0.03140465712689054 893
1694621257562 0.03728428312293986 894
1694621257756 0.12917496058557107 895
1694621257954 0.10432818687221745 896
1694621258209 0.01722084508055789 897
1694621258398 0.02058117988268953 898
1694621258663 0.1402344576034029 899
1694621258947 0.021996370141479822 900
1694621259159 0.9542913331647049 901
1694621259409 0.10202740173411821 902
1694621259593 0.18567774654839386 903
1694621259780 0.07825529224284805 904
1694621259995 0.1789940471245967 905
1694621260247 0.024890619807448583 906
1694621260426 0.37544161891842026 907
1694621260677 0.030445936848154952 908
1694621260901 0.007252274206277867 909
1694621261123 0.10762748362352538 910
1694621261360 0.045736174090387285 911
1694621261609 0.2777504596036511 912
1694621261804 0.09328615387452222 913
1694621261978 0.0002796564102098265 914
1694621262187 0.019998214920219196 915
1694621262442 0.06492375596233457 916
1694621262738 0.002403562969805899 917
1694621262955 0.049538729739883186 918
1694621263166 0.16298642775101627 919
1694621263377 0.027398820535097023 920
1694621263556 0.3247094597007287 921
1694621263766 0.3991111442081716 922
1694621263978 0.008786256911315043 923
1694621264227 0.03145830535382111 924
1694621264433 0.004857327409676935 925
1694621264630 0.04579891273041713 926
1694621264805 0.0006321606073662559 927
1694621265001 0.05994864388442852 928
1694621265196 0.14963237709397526 929
1694621265400 0.02081534565567363 930
1694621265588 0.08587960782325628 931
1694621265831 0.07492142315619447 932
1694621266052 0.02356696352891589 933
1694621266221 0.1590436255010987 934
1694621266413 0.00667225818163813 935
1694621266584 0.09617756197810008 936
1694621266764 0.15798924115196694 937
1694621266933 0.25835245937769924 938
1694621267099 0.11801939867287882 939
1694621267281 0.00043570884257437007 940
1694621267451 0.011070267357401093 941
1694621267623 0.043138996963654516 942
1694621267806 0.006664896168137044 943
1694621268024 0.011699120205006784 944
1694621268217 0.01454731838541721 945
1694621268395 0.015889643770579283 946
1694621268610 0.012715462402905761 947
1694621268823 0.015260990416402236 948
1694621269020 0.03954661077026232 949
1694621269184 0.0062951286210729054 950
1694621269383 0.0016469996071679363 951
1694621269557 0.03962631702646579 952
1694621269719 0.06610518145579293 953
1694621269889 0.11391003580847804 954
1694621270062 0.06822810148703981 955
1694621270251 0.004130375220324893 956
1694621270429 0.20538096698085156 957
1694621270608 0.012607637230519693 958
1694621270774 0.08952208363688667 959
1694621270942 0.008567931409082347 960
1694621271171 0.03504264501557169 961
1694621271433 0.05401592938993896 962
1694621271637 0.0030196758658227133 963
1694621271848 0.08630690594974909 964
1694621272065 0.20267096913405963 965
1694621272291 0.012173379239800611 966
1694621272488 0.018068875153453463 967
1694621272662 0.016993237948233406 968
1694621272864 0.040134019823917635 969
1694621273071 0.0005268799647631552 970
1694621273273 0.008198578002821876 971
1694621273482 0.03101555452363701 972
1694621273679 0.14803655914013603 973
1694621273847 0.0009191267799731358 974
1694621274050 0.039319376113462236 975
1694621274252 0.035476626798394084 976
1694621274453 0.0003330886981910419 977
1694621274643 0.013573575171296298 978
1694621274809 0.011552085491550701 979
1694621275012 0.029333672059306194 980
1694621275215 0.06595275931752656 981
1694621275421 0.017102491852962014 982
1694621275621 0.005692624257594316 983
1694621275827 0.003868489374419189 984
1694621275996 0.0296384532647659 985
1694621276182 0.0021598583691011786 986
1694621276380 0.01206730219345186 987
1694621276575 0.11886828946039613 988
1694621276768 5.283541902257802e-05 989
1694621276935 0.03304141132622383 990
1694621277105 0.05701792005731165 991
1694621277293 0.03239154482200297 992
1694621277463 0.2592871001247839 993
1694621277654 0.09933725016733443 994
1694621277841 0.0795104628486289 995
1694621278013 0.09996877546130714 996
1694621278197 0.08148626749589302 997
1694621278392 0.013357980381445742 998
1694621278591 0.1806182249792267 999
