1694627030037 149.63846581596556 0
1694627030086 120.53826878931285 1
1694627030137 98.75660406145958 2
1694627030198 78.07791826365639 3
1694627030272 62.87256991020047 4
1694627030338 49.827965672375285 5
1694627030392 40.65262785354521 6
1694627030443 32.220982355155044 7
1694627030501 26.410051763212966 8
1694627030553 21.1880361846192 9
1694627030602 16.79336127898574 10
1694627030642 13.928606182213786 11
1694627030685 11.354475455035839 12
1694627030726 8.92677538068065 13
1694627030774 7.088693080385007 14
1694627030821 6.0891183678119605 15
1694627030874 4.816720051836429 16
1694627030925 4.12094856479013 17
1694627030977 3.277604444750873 18
1694627031036 2.705311972890439 19
1694627031094 2.2233104032242013 20
1694627031137 1.7716607862672813 21
1694627031182 1.5030876014093921 22
1694627031238 1.224845539871369 23
1694627031293 1.1590263802004832 24
1694627031350 0.8523618328351201 25
1694627031416 0.8274354042409565 26
1694627031481 0.6036031044875879 27
1694627031530 0.6558241424631618 28
1694627031584 0.4368886474474937 29
1694627031648 0.48419820971183797 30
1694627031705 0.36918247002438087 31
1694627031756 0.31846311299757857 32
1694627031797 0.31188392828661127 33
1694627031838 0.23943890121886383 34
1694627031882 0.23566736110801897 35
1694627031924 0.21447275540428093 36
1694627031968 0.21841654046734663 37
1694627032004 0.19690982113679475 38
1694627032045 0.1566525108298562 39
1694627032092 0.17926020343252527 40
1694627032149 0.17121153446160814 41
1694627032202 0.16142805929976203 42
1694627032258 0.14169103443359718 43
1694627032304 0.13423154321517317 44
1694627032351 0.1808006907672156 45
1694627032401 0.14419271683786206 46
1694627032453 0.16548820041924275 47
1694627032504 0.1410807274754797 48
1694627032556 0.1456050311180102 49
1694627032602 0.12658078282788524 50
1694627032643 0.12173048472166223 51
1694627032689 0.1714358637589493 52
1694627032732 0.1399151704124007 53
1694627032776 0.14035774782727525 54
1694627032817 0.1711131393663614 55
1694627032857 0.12771525481532425 56
1694627032899 0.12290779987517315 57
1694627032939 0.11645499778879298 58
1694627032980 0.111805791259349 59
1694627033023 0.11724557458578794 60
1694627033074 0.13544666960314042 61
1694627033122 0.11532202672624398 62
1694627033185 0.1183937045337961 63
1694627033226 0.1190476086885259 64
1694627033265 0.11624932316425218 65
1694627033312 0.12338778316547344 66
1694627033356 0.1377310500975382 67
1694627033396 0.1361011018110763 68
1694627033453 0.13693634717076414 69
1694627033509 0.12926479185620057 70
1694627033565 0.10533578802570684 71
1694627033610 0.11521032963560421 72
1694627033658 0.11370335498536056 73
1694627033696 0.18100787500396964 74
1694627033737 0.1625430066810248 75
1694627033777 0.11405140838437254 76
1694627033818 0.11018601808217143 77
1694627033856 0.13106872202688238 78
1694627033901 0.12456023478774574 79
1694627033951 0.13370971199904455 80
1694627033997 0.11527037298076058 81
1694627034046 0.0982197516036047 82
1694627034090 0.12244034278762993 83
1694627034133 0.1555727852598884 84
1694627034174 0.14677200360850895 85
1694627034215 0.11504935966570934 86
