1694627450428 0.0019120587116295829 0
1694627450476 0.002242040153207503 1
1694627450559 0.001827323152651994 2
1694627450704 0.0019576079048435613 3
1694627450793 0.0021493301189602354 4
1694627450875 0.0018602355880416033 5
1694627450919 0.002299923958160366 6
1694627450962 0.0022828972003862136 7
1694627451002 0.002369025018823967 8
1694627451061 0.002080505372219821 9
1694627451121 0.002333498678690704 10
1694627451186 0.001925821014333584 11
1694627451245 0.0018796301272809846 12
1694627451297 0.0018073431886725944 13
1694627451359 0.0018557390140047092 14
1694627451422 0.001693393230647544 15
1694627451513 0.0022426153669700133 16
1694627451585 0.002885935536804829 17
1694627451698 0.0020134437396314153 18
1694627451795 0.001664843781222225 19
1694627451873 0.002546758871624477 20
1694627451947 0.0021526350866639676 21
1694627452007 0.0024462733420042015 22
1694627452054 0.002726432862368844 23
1694627452109 0.002394613802130796 24
1694627452180 0.0014896105738534393 25
1694627452233 0.0017016914398390037 26
1694627452286 0.0022283371726828927 27
1694627452327 0.002315635932495397 28
1694627452368 0.0020261854055431128 29
1694627452415 0.002159976852027734 30
1694627452468 0.001991070183969712 31
1694627452522 0.0015546713092764453 32
1694627452593 0.0023950675746297057 33
1694627452663 0.002227850070920079 34
1694627452717 0.002603242556592944 35
1694627452767 0.002818738338106308 36
1694627452815 0.002676606790330327 37
1694627452859 0.002375368287578117 38
1694627452906 0.0030490200961595937 39
1694627452951 0.0024495731509446284 40
1694627452998 0.0020915738095904635 41
1694627453042 0.0019258238428554453 42
1694627453087 0.002678988626184431 43
1694627453128 0.0026095203780194254 44
1694627453165 0.0021111992491763543 45
1694627453210 0.002489163673181083 46
1694627453253 0.0024961962141284433 47
1694627453300 0.0024338308424933786 48
1694627453352 0.002236911036757716 49
1694627453396 0.002639447470171752 50
1694627453442 0.002370314820156816 51
1694627453501 0.0026644868256816556 52
1694627453559 0.0016330621108715526 53
1694627453623 0.002326925631081278 54
1694627453687 0.0025523527301865023 55
1694627453737 0.003135183644891071 56
1694627453781 0.0023591561907769787 57
1694627453833 0.0024866059348658265 58
1694627453887 0.0020856013255030614 59
1694627453951 0.0019125419755482431 60
1694627454023 0.0024461995990917584 61
1694627454069 0.0024396325640655414 62
1694627454116 0.002205293632077776 63
1694627454172 0.0017967340471226612 64
1694627454217 0.0019504457250226759 65
1694627454259 0.0022802944149684645 66
1694627454330 0.002404060890219162 67
1694627454426 0.002290791819594906 68
1694627454519 0.0029000009460031784 69
1694627454586 0.0025840830746777232 70
1694627454681 0.002842966567757843 71
1694627454748 0.0023181488081591706 72
1694627454836 0.0026843987211264686 73
1694627454933 0.0026868515774474133 74
1694627455009 0.002758268924024976 75
1694627455079 0.002444831147398685 76
1694627455175 0.0020033287659454446 77
1694627455261 0.002940586871321038 78
1694627455363 0.002952556487910596 79
1694627455471 0.0028173663158213014 80
1694627455593 0.003633544952733603 81
1694627455684 0.0034545825799159324 82
1694627455756 0.0031921326224636504 83
1694627455842 0.003295474907455076 84
1694627455924 0.002309028512161193 85
1694627456002 0.002554350532124494 86
1694627456070 0.002331961578235564 87
1694627456117 0.002496918723994046 88
1694627456155 0.003368449792204631 89
1694627456207 0.002004268145385568 90
1694627456260 0.0022341767388781575 91
1694627456318 0.002049728740843082 92
1694627456377 0.0022792118716504772 93
1694627456433 0.0025912881124481313 94
1694627456487 0.0017378404576542383 95
1694627456543 0.0032560882449212958 96
1694627456608 0.0025458929412330855 97
1694627456684 0.002569422250445874 98
1694627456763 0.0029641537402994578 99
1694627456824 0.002812316369392831 100
1694627456894 0.0024884008848348182 101
1694627456955 0.002493498705242736 102
1694627457012 0.0027356349243800038 103
1694627457057 0.0027733088593642208 104
1694627457109 0.002434951851145617 105
1694627457147 0.0026934855898907983 106
1694627457192 0.0025397296079316956 107
1694627457236 0.0020628459328166926 108
1694627457278 0.002308698560008149 109
1694627457322 0.003302905591588745 110
1694627457384 0.002816845530302925 111
1694627457472 0.0032382756980398053 112
1694627457536 0.003314614768362034 113
1694627457586 0.0031658199541749754 114
1694627457644 0.0023722635335110542 115
1694627457724 0.0023454110965118735 116
1694627457802 0.002855049840353341 117
1694627457852 0.002792292893505244 118
1694627457895 0.0025072817975995143 119
1694627457944 0.0028508459085333504 120
1694627457989 0.00313954862803989 121
1694627458034 0.002182061639481203 122
1694627458086 0.002498130206457061 123
1694627458144 0.002586514140214935 124
1694627458199 0.0032503839301706305 125
1694627458251 0.0028903093919793177 126
1694627458308 0.0026609374707953215 127
1694627458365 0.002500868323557337 128
1694627458422 0.002274150431555655 129
1694627458480 0.0027908059450685307 130
1694627458529 0.002756410644438101 131
1694627458571 0.0026974600873554966 132
1694627458616 0.0023340435989125385 133
1694627458661 0.002296650501984021 134
1694627458703 0.0026354514840885024 135
1694627458753 0.003059687108464604 136
1694627458805 0.0024565953263741003 137
1694627458858 0.003661150202283525 138
1694627458907 0.002910373460303539 139
1694627458959 0.003024366420581459 140
1694627459003 0.002884467465461782 141
1694627459051 0.003915187284480592 142
1694627459100 0.0037522033108875474 143
1694627459145 0.0024794574377504652 144
1694627459192 0.002667954952628171 145
1694627459243 0.002344922136471972 146
1694627459295 0.0027465221839891862 147
1694627459353 0.0029073943791285695 148
1694627459402 0.003179995733652241 149
1694627459450 0.0023531361925632766 150
1694627459499 0.0029271081848348812 151
1694627459544 0.002890746956358714 152
1694627459588 0.003804250920276586 153
1694627459628 0.002348671066718988 154
1694627459671 0.0021484866285299553 155
1694627459720 0.0018479381590852384 156
1694627459766 0.0028546678281490268 157
1694627459814 0.002789663417645971 158
1694627459862 0.0025162722935579973 159
1694627459911 0.002941646165419365 160
1694627459973 0.0034427011546582786 161
1694627460053 0.0035185095792278354 162
1694627460145 0.0033861650545337074 163
1694627460219 0.0025193832896491797 164
1694627460290 0.0028910260290295753 165
1694627460366 0.0029652984533705684 166
1694627460431 0.0028760335071722487 167
1694627460483 0.0029886630034142714 168
1694627460542 0.0025478356965574767 169
1694627460611 0.0027912330637969163 170
1694627460694 0.002482865152835134 171
1694627460764 0.0031670720684791043 172
1694627460851 0.0027038913608613546 173
1694627460924 0.0029834406540587555 174
1694627460986 0.0031796781126073315 175
1694627461064 0.0034140941974691863 176
1694627461140 0.0030084403320359554 177
1694627461202 0.003095729178460127 178
1694627461259 0.0028858841309188366 179
1694627461307 0.0027296209709621877 180
1694627461359 0.002851340583045703 181
1694627461400 0.0028276059759749783 182
1694627461445 0.0035425800691780696 183
1694627461501 0.0031695148188460864 184
1694627461560 0.0035215032247675193 185
1694627461611 0.002430876375366209 186
1694627461669 0.0031233968245421018 187
1694627461713 0.0031228180232937275 188
1694627461762 0.0023646960940257866 189
1694627461815 0.002874155809261536 190
1694627461870 0.0024912299409910466 191
1694627461931 0.0033444327072532642 192
1694627461982 0.002756210329483255 193
1694627462021 0.002675599009307472 194
1694627462066 0.0022155513840199648 195
1694627462107 0.00326661714967158 196
1694627462156 0.004032272261787484 197
1694627462205 0.003007626462883106 198
1694627462263 0.0029035596015045684 199
1694627462316 0.0029509691428259988 200
1694627462362 0.0034642857962527973 201
1694627462419 0.0034482406871968463 202
1694627462468 0.0034090507716083573 203
1694627462538 0.0026506668869430428 204
1694627462613 0.0027135057145899477 205
1694627462693 0.003223862056586757 206
1694627462767 0.002692438597479696 207
1694627462836 0.0034975316543149892 208
1694627462918 0.0033386591738111537 209
1694627462998 0.003240578446251252 210
1694627463082 0.0032817870645536207 211
1694627463168 0.004406825688895055 212
1694627463253 0.0035982861604301197 213
1694627463331 0.003485146897170721 214
1694627463402 0.003573997984091859 215
1694627463495 0.0028934389214075873 216
1694627463564 0.0033156687964267517 217
1694627463618 0.0033668966250552934 218
1694627463680 0.0035145412265454867 219
1694627463721 0.0029946930269597605 220
1694627463774 0.0031509862123605403 221
1694627463829 0.0025482140795297648 222
1694627463882 0.003052677564660655 223
1694627463929 0.0024547830931226367 224
1694627463984 0.0034024351438534106 225
1694627464031 0.002716102195041925 226
1694627464078 0.003084940661635116 227
1694627464122 0.002926294684927777 228
1694627464168 0.00340878119566157 229
1694627464217 0.003278176181620407 230
1694627464270 0.004367498642241285 231
1694627464328 0.0037752711281724416 232
1694627464398 0.0029922495627505707 233
1694627464451 0.0037188138259843795 234
1694627464499 0.0027792333415176396 235
1694627464542 0.003831373560396756 236
1694627464589 0.0032364669837464666 237
1694627464654 0.003495184367841131 238
1694627464715 0.0030918348654457306 239
1694627464771 0.0029611362593686685 240
1694627464820 0.0026846185230388064 241
1694627464865 0.004125145162539923 242
1694627464906 0.0024270187108902386 243
1694627464952 0.002698174583598778 244
1694627464997 0.002804946500037042 245
1694627465043 0.003588046607200579 246
1694627465093 0.003737759070644997 247
1694627465139 0.003305886890884291 248
1694627465186 0.0032026237446447503 249
1694627465232 0.00403282554293849 250
1694627465281 0.004657422103619302 251
1694627465341 0.0038849148134976197 252
1694627465399 0.0025875861932345146 253
1694627465445 0.004327924132958572 254
1694627465501 0.0037692049354479673 255
1694627465563 0.0035107620743908274 256
1694627465623 0.0032864096906285445 257
1694627465664 0.0030951264141698687 258
1694627465704 0.0034207902934499934 259
1694627465750 0.003498591151347985 260
1694627465802 0.0034057904678825857 261
1694627465861 0.0033515694221351033 262
1694627465906 0.003022134657014841 263
1694627465948 0.003719194649262736 264
1694627465987 0.003640282052370991 265
1694627466027 0.0042678294634584946 266
1694627466065 0.002661429351866307 267
1694627466102 0.0031016010122651982 268
1694627466142 0.0038602832340436377 269
1694627466182 0.0031543829122390177 270
1694627466219 0.0036609125431830147 271
1694627466258 0.0028368888913711254 272
1694627466305 0.002855170720629019 273
1694627466365 0.0026506703347148886 274
1694627466418 0.003340760627288719 275
1694627466473 0.003212919621930155 276
1694627466514 0.004157431934129208 277
1694627466553 0.0032596514735123705 278
1694627466607 0.003388952045506488 279
1694627466655 0.0036582372227754734 280
1694627466701 0.003212605719247197 281
1694627466753 0.0034532334827505062 282
1694627466811 0.004084053052130443 283
1694627466899 0.0028940706549582806 284
1694627466980 0.0034441203121020614 285
1694627467048 0.003547462079882102 286
1694627467097 0.00271111241155797 287
1694627467139 0.0036369301287599853 288
1694627467194 0.0030014743813208122 289
1694627467266 0.003982629900300294 290
1694627467343 0.0033664191791202835 291
1694627467396 0.0033308947364159014 292
1694627467440 0.003621021880342856 293
1694627467490 0.003657050360411196 294
1694627467533 0.003303701413533311 295
1694627467598 0.0024845269198513487 296
1694627467652 0.0034646463582694853 297
1694627467706 0.0031595476554260316 298
1694627467755 0.004029912116688905 299
1694627467792 0.004713832721221833 300
1694627467842 0.004567656944604037 301
1694627467886 0.003267108313471212 302
1694627467928 0.0025390714784788715 303
1694627467974 0.0031393523528805423 304
1694627468017 0.003470278337259658 305
1694627468069 0.004084819363913694 306
1694627468122 0.0044485085766213794 307
1694627468191 0.004884966848777372 308
1694627468243 0.0034814643902202347 309
1694627468291 0.003786376972820138 310
1694627468337 0.003973319446745172 311
1694627468386 0.002785030369418018 312
1694627468440 0.003340905817826534 313
1694627468493 0.003587809432638478 314
1694627468545 0.003736788889951992 315
1694627468589 0.0036909897110248835 316
1694627468629 0.004634951703778811 317
1694627468669 0.0028927718025278937 318
1694627468721 0.002667081434494345 319
1694627468776 0.004435296433196512 320
1694627468827 0.004170707173302257 321
1694627468879 0.003929687305781804 322
1694627468928 0.00418231159778526 323
1694627468969 0.004373197805645268 324
1694627469006 0.003125356356681541 325
1694627469049 0.0038795591618101533 326
1694627469096 0.004438223611047953 327
1694627469148 0.0036420831077248472 328
1694627469189 0.004377558915171442 329
1694627469244 0.0036255566988406818 330
1694627469305 0.0041784866795291364 331
1694627469363 0.0023232458361405195 332
1694627469412 0.004410742769604514 333
1694627469456 0.003993961805857871 334
1694627469503 0.004733675653950442 335
1694627469551 0.003572971678558856 336
1694627469618 0.003904720828961983 337
1694627469694 0.003812279014275055 338
1694627469763 0.003479956540212159 339
1694627469835 0.0028364691442399614 340
1694627469889 0.004008624614720069 341
1694627469939 0.0037390813947267842 342
1694627470020 0.0045015064912667935 343
1694627470088 0.0033010995199930226 344
1694627470160 0.0042935726415549436 345
1694627470225 0.0030813910939556655 346
1694627470295 0.004431434043584814 347
1694627470368 0.0034889775912684273 348
1694627470447 0.0042311621428369195 349
1694627470533 0.0043529199406077135 350
1694627470607 0.0025534068704989865 351
1694627470667 0.004847665256134892 352
1694627470713 0.003716773457162925 353
1694627470762 0.0035112948097648644 354
1694627470824 0.0035657264036166314 355
1694627470890 0.004104134015231242 356
1694627470947 0.003858114898316556 357
1694627471009 0.0035635908172797492 358
1694627471082 0.004055487500012944 359
1694627471147 0.00441926954599503 360
1694627471218 0.004357538041986464 361
1694627471295 0.0032875703551037416 362
1694627471366 0.004346647930819958 363
1694627471421 0.004790940788134579 364
1694627471473 0.006176177828921325 365
1694627471526 0.004185620339607565 366
1694627471583 0.0035654328652644507 367
1694627471645 0.0038562714684123867 368
1694627471699 0.003847479923221764 369
1694627471750 0.004424881345669207 370
1694627471796 0.0031531753924988193 371
1694627471842 0.004223743035172034 372
1694627471893 0.004284608244451316 373
1694627471954 0.002759023829539853 374
1694627472005 0.004748226372915498 375
1694627472055 0.003589998425786778 376
1694627472113 0.0039290704238967855 377
1694627472188 0.005076642555174704 378
1694627472256 0.004477881595272293 379
1694627472313 0.002779543631945325 380
1694627472360 0.003893032193270085 381
1694627472419 0.004253669941019389 382
1694627472476 0.004230193398685911 383
1694627472529 0.003657192076127691 384
1694627472575 0.003661412391763985 385
1694627472620 0.0036237994692646103 386
1694627472665 0.003191858932265146 387
1694627472707 0.0047611701612246815 388
1694627472747 0.005127775621845521 389
1694627472799 0.004674680695169076 390
1694627472851 0.0041991629922830676 391
1694627472905 0.0037500754513373202 392
1694627472951 0.004566671365985098 393
1694627472997 0.004160245807922958 394
1694627473042 0.0028940136443355025 395
1694627473085 0.004908622968486043 396
1694627473134 0.00433210124849992 397
1694627473180 0.0035745004021713322 398
1694627473221 0.0037977805408995202 399
1694627473260 0.004910377140323607 400
1694627473301 0.005879669107411112 401
1694627473346 0.004682788886322786 402
1694627473392 0.0037095448359671934 403
1694627473440 0.004704673764965861 404
1694627473496 0.004403671219310845 405
1694627473539 0.003958243805387118 406
1694627473585 0.005992354636805253 407
1694627473632 0.004653297907830312 408
1694627473670 0.0041022504163901186 409
1694627473711 0.004229720470216081 410
1694627473755 0.004150914295329322 411
1694627473804 0.004055115073755333 412
1694627473853 0.005379187660195295 413
1694627473908 0.005661910706215578 414
1694627473958 0.0050969011638667405 415
1694627473999 0.004639399822022883 416
1694627474043 0.0038676641923124366 417
1694627474089 0.004544310292474152 418
1694627474131 0.0036077584830341847 419
1694627474171 0.005099544865207473 420
1694627474210 0.004823053024758828 421
1694627474251 0.004988147834051548 422
1694627474292 0.004407449018843046 423
1694627474337 0.004491365403921699 424
1694627474386 0.004189697519350499 425
1694627474437 0.005432552284180492 426
1694627474488 0.0042526321956692925 427
1694627474529 0.005661034729620873 428
1694627474570 0.0035206020759114276 429
1694627474609 0.004560808997581489 430
1694627474651 0.004073754654109751 431
1694627474691 0.004943554477584433 432
1694627474730 0.004994711228836435 433
1694627474777 0.0052944095141738146 434
1694627474830 0.004650300891617887 435
1694627474879 0.003748054604628459 436
1694627474927 0.00559926163442348 437
1694627474967 0.004572714736129635 438
1694627475011 0.005635163591706349 439
1694627475059 0.00530100380390508 440
1694627475105 0.004984460940866464 441
1694627475151 0.0042295002781791435 442
1694627475196 0.004608698597281746 443
1694627475233 0.005356833981305709 444
1694627475272 0.0039737923767071415 445
1694627475311 0.003615572071740014 446
1694627475361 0.003676491770000734 447
1694627475412 0.004816955749800567 448
1694627475464 0.004625255644278958 449
1694627475509 0.004973161274508642 450
1694627475550 0.003770992774800863 451
1694627475593 0.005005448282868863 452
1694627475635 0.004658983230071079 453
1694627475678 0.004832025875308177 454
1694627475717 0.004664008740082326 455
1694627475766 0.0039031142747079084 456
1694627475816 0.004890236050468899 457
1694627475862 0.00508764354265856 458
1694627475913 0.006185257155896573 459
1694627475954 0.005787597085201046 460
1694627475995 0.004791534637136552 461
1694627476035 0.005663839754421085 462
1694627476075 0.004560206211961959 463
1694627476116 0.004665397697038776 464
1694627476155 0.00595993416348628 465
1694627476197 0.005164392692010189 466
1694627476240 0.005010107001793607 467
1694627476288 0.004287905686129911 468
1694627476342 0.0036132227315330834 469
1694627476394 0.005072014554924009 470
1694627476442 0.004211962568427596 471
1694627476498 0.00453815229456167 472
1694627476557 0.005310743465776646 473
1694627476602 0.005489653274180051 474
1694627476654 0.0065467108429785315 475
1694627476693 0.0059585312168694005 476
1694627476742 0.004735472330511192 477
1694627476789 0.004629026471155151 478
1694627476841 0.004909876440368444 479
1694627476886 0.00562735425232741 480
1694627476940 0.0047056440608974626 481
1694627476985 0.005247385596446108 482
1694627477035 0.004049539172540362 483
1694627477083 0.005441899166897413 484
1694627477126 0.004483215551211006 485
1694627477170 0.006135242924353301 486
1694627477216 0.004302996224571198 487
1694627477254 0.00554850262249007 488
1694627477304 0.004325868735958638 489
1694627477363 0.004923171790205405 490
1694627477407 0.004978259932825857 491
1694627477460 0.004795151191918534 492
1694627477503 0.004702977818550669 493
1694627477545 0.005047470915684915 494
1694627477585 0.005152464634679443 495
1694627477624 0.004395271597827377 496
1694627477668 0.004917809009785334 497
1694627477710 0.0063615158221749235 498
1694627477760 0.0052103609285670816 499
1694627477817 0.0042121042459232205 500
1694627477869 0.004161283291685525 501
1694627477918 0.005673257430363288 502
1694627477962 0.004302037903492928 503
1694627478007 0.004891125120619955 504
1694627478046 0.0067023288309838724 505
1694627478088 0.005075470023307105 506
1694627478130 0.004935198510298888 507
1694627478167 0.0032838374256565217 508
1694627478206 0.007266081056107709 509
1694627478248 0.006487695034096297 510
1694627478294 0.005418109811124672 511
1694627478338 0.004929598545397429 512
1694627478387 0.005616810326596222 513
1694627478437 0.005686922081587831 514
1694627478481 0.00435878980575688 515
1694627478527 0.004775023537126999 516
1694627478571 0.005021619859770676 517
1694627478610 0.005618895501186549 518
1694627478656 0.005976011143902671 519
1694627478710 0.004313976313521373 520
1694627478765 0.004981397589783554 521
1694627478816 0.005754557189840304 522
1694627478863 0.0064343704863429885 523
1694627478900 0.004070204651840048 524
1694627478943 0.00479276933452677 525
1694627478985 0.004983639547185836 526
1694627479021 0.00444957423965997 527
1694627479063 0.006252359691063081 528
1694627479098 0.006976112930868417 529
1694627479135 0.00524544588765663 530
1694627479176 0.005732122532490336 531
1694627479213 0.005237706798131181 532
1694627479258 0.006181062538723747 533
1694627479304 0.006087029540271738 534
1694627479355 0.0058697860557612724 535
1694627479407 0.004945842349916685 536
1694627479453 0.006837774059248125 537
1694627479499 0.0053900355391320875 538
1694627479547 0.005638035048722845 539
1694627479590 0.005356350484938099 540
1694627479638 0.004956315228977326 541
1694627479697 0.005758365343077609 542
1694627479762 0.006743318886172078 543
1694627479832 0.0056718360201554185 544
1694627479892 0.005964894519831954 545
1694627479939 0.006148739576964268 546
1694627479985 0.006528931055871934 547
1694627480027 0.006170360291251398 548
1694627480072 0.004645398120523558 549
1694627480138 0.006434545832883942 550
1694627480186 0.00547161016037645 551
1694627480241 0.005913125310859524 552
1694627480297 0.006667567631129856 553
1694627480359 0.006400428901232269 554
1694627480410 0.006505879156762928 555
1694627480463 0.006696841739061488 556
1694627480507 0.006603090347557461 557
1694627480550 0.005866519015245708 558
1694627480602 0.005384318606908245 559
1694627480653 0.004458819526067748 560
1694627480699 0.005600070345104902 561
1694627480749 0.006201442543589231 562
1694627480794 0.006519669815189477 563
1694627480842 0.005188811731589693 564
1694627480892 0.005608682958160416 565
1694627480956 0.006436864982035995 566
1694627481034 0.005920655673188002 567
1694627481106 0.006305665057432797 568
1694627481175 0.006991491540075279 569
1694627481225 0.006838673660783945 570
1694627481268 0.003833095098569772 571
1694627481310 0.005759798215756229 572
1694627481354 0.00634838020349715 573
1694627481392 0.006433762711667956 574
1694627481433 0.005712940847602432 575
1694627481478 0.006091348625465232 576
1694627481520 0.004588481318336779 577
1694627481566 0.005703878531454709 578
1694627481604 0.004428897868727577 579
1694627481642 0.007641740102593664 580
1694627481683 0.006133334574325633 581
1694627481722 0.006720985724906203 582
1694627481761 0.005774288888771739 583
1694627481802 0.005330981390666234 584
1694627481853 0.007509512984091082 585
1694627481905 0.007742897611608512 586
1694627481958 0.007219464359495609 587
1694627482006 0.006563861059453169 588
1694627482059 0.0062008649585240105 589
1694627482101 0.0057654357872134465 590
1694627482144 0.006873108682886375 591
1694627482183 0.0059443478852579945 592
1694627482228 0.007116349608359163 593
1694627482276 0.0052814550151233375 594
1694627482327 0.00524077878860596 595
1694627482373 0.007746144109980535 596
1694627482415 0.008033062851764305 597
1694627482462 0.006073549297664349 598
1694627482512 0.00761192720229753 599
1694627482560 0.008659451385439443 600
1694627482609 0.006241113173377721 601
1694627482658 0.007938313005928621 602
1694627482707 0.0056479935202794485 603
1694627482749 0.005987693592284682 604
1694627482794 0.006755361819487105 605
1694627482831 0.0070622224223763075 606
1694627482871 0.006189381936646532 607
1694627482914 0.0061386720432854425 608
1694627482961 0.008610006843392859 609
1694627483095 0.005962154771893102 610
1694627483152 0.006117879902646006 611
1694627483207 0.0074587586184512444 612
1694627483247 0.0066751181136217586 613
1694627483288 0.004210169129460262 614
1694627483333 0.008962907935539999 615
1694627483382 0.005474036736714871 616
1694627483424 0.005972055059595305 617
1694627483467 0.00888451276271729 618
1694627483516 0.007849119899877355 619
1694627483554 0.0080424018201668 620
1694627483596 0.005449982237738515 621
1694627483636 0.0067935496011973795 622
1694627483674 0.0055894585171220035 623
1694627483714 0.0071796745784081795 624
1694627483756 0.007035785190420918 625
1694627483805 0.0071429497279169585 626
1694627483857 0.007590506460467439 627
1694627483908 0.0052681939902019526 628
1694627483956 0.008603868904396017 629
1694627484000 0.006553864116652819 630
1694627484043 0.00807049543048688 631
1694627484087 0.008075132606205404 632
1694627484127 0.007260853717516613 633
1694627484164 0.005690305737009016 634
1694627484215 0.0060830387580513845 635
1694627484261 0.007975690559339665 636
1694627484310 0.007587729144328037 637
1694627484358 0.004576599405284987 638
1694627484398 0.006896922412979678 639
1694627484440 0.005830170144241809 640
1694627484483 0.006187506213505944 641
1694627484529 0.006675688250989076 642
1694627484579 0.00737713450695876 643
1694627484634 0.007585141568348663 644
1694627484686 0.0074335715693237825 645
1694627484737 0.005906259654862911 646
1694627484783 0.0069709035313413326 647
1694627484827 0.007631361980482532 648
1694627484865 0.008265450670916885 649
1694627484912 0.0074222146739204575 650
1694627484954 0.008968694590064885 651
1694627484995 0.007492259855788608 652
1694627485046 0.007425483614878492 653
1694627485097 0.007485929861096419 654
1694627485141 0.005805430335701467 655
1694627485185 0.006668606887622497 656
1694627485224 0.0072569633822046065 657
1694627485266 0.006156622386864319 658
1694627485312 0.005839949981717885 659
1694627485352 0.008247044561434214 660
1694627485398 0.008084766331014182 661
1694627485436 0.008557481365952913 662
1694627485477 0.006530830639987939 663
1694627485519 0.007487651125050898 664
1694627485556 0.0035707008731358236 665
1694627485597 0.0065176396273410875 666
1694627485635 0.007975804918335605 667
1694627485686 0.00571347882098705 668
1694627485736 0.007731983215197191 669
1694627485790 0.007507133597917548 670
1694627485842 0.008049523700706773 671
1694627485882 0.007594086240121589 672
1694627485926 0.0076865181646481595 673
1694627485965 0.007546561119625039 674
1694627486009 0.007546724984064279 675
1694627486059 0.0057928535171909434 676
1694627486111 0.009418757856884397 677
1694627486159 0.00949734200161223 678
1694627486203 0.0072316934115508325 679
1694627486244 0.008507325801211829 680
1694627486284 0.006412227049974906 681
1694627486325 0.008834856681598557 682
1694627486365 0.007419071846332392 683
1694627486405 0.007411164930887448 684
1694627486444 0.007569515466251842 685
1694627486485 0.007418422668458935 686
1694627486525 0.008231682049630318 687
1694627486566 0.008530834750757332 688
1694627486625 0.007927530985991194 689
1694627486681 0.0071958031787900945 690
1694627486735 0.007251242348623066 691
1694627486778 0.007177856270271121 692
1694627486822 0.006980755674476091 693
1694627486871 0.0076520959196392235 694
1694627486920 0.009189040655744107 695
1694627486977 0.007926279450845675 696
1694627487033 0.006433149064073218 697
1694627487084 0.004949084145909777 698
1694627487133 0.006222511272024556 699
1694627487176 0.008882170480621676 700
1694627487217 0.010069601070555989 701
1694627487262 0.010305961658978124 702
1694627487308 0.0058181975492513915 703
1694627487353 0.006417321108011076 704
1694627487403 0.008788706739224827 705
1694627487453 0.007023490990324066 706
1694627487505 0.006803456522191942 707
1694627487555 0.007370494929859972 708
1694627487596 0.007752902358136304 709
1694627487639 0.00705983792969922 710
1694627487682 0.007069237315847077 711
1694627487719 0.006567708084199264 712
1694627487760 0.0046640717836095025 713
1694627487803 0.008148001904897395 714
1694627487858 0.006458696669849551 715
1694627487916 0.00812756711995799 716
1694627487970 0.006186072825462019 717
1694627488015 0.009635855411694427 718
1694627488063 0.00928903674024728 719
1694627488102 0.010040748675841704 720
1694627488146 0.00904621829018093 721
1694627488187 0.008113809403515582 722
1694627488228 0.008536615813594661 723
1694627488270 0.005770898686431214 724
1694627488311 0.00851495447067252 725
1694627488353 0.008617796041089476 726
1694627488397 0.009527305622146542 727
1694627488449 0.00922873586449291 728
1694627488517 0.009063963692392485 729
1694627488576 0.007864257708919298 730
1694627488632 0.008872179668121594 731
1694627488679 0.007827752034292645 732
1694627488725 0.010618893918429961 733
1694627488770 0.007573283370959416 734
1694627488816 0.007414144837787795 735
1694627488867 0.007996165769215358 736
1694627488919 0.0068037149835898925 737
1694627488968 0.008569574904094046 738
1694627489018 0.008414658599358305 739
1694627489057 0.00895134658062191 740
1694627489098 0.007282838507350786 741
1694627489137 0.006416848923209373 742
1694627489178 0.009241675771008317 743
1694627489216 0.006728339857756782 744
1694627489258 0.007174021410668585 745
1694627489300 0.010056578810543892 746
1694627489345 0.0093564284257861 747
1694627489392 0.007855579484370434 748
1694627489443 0.012254491978768378 749
1694627489499 0.009502173890372112 750
1694627489551 0.006822103678329694 751
1694627489593 0.008740874972183343 752
1694627489631 0.004953808352180067 753
1694627489672 0.00784252516801942 754
1694627489715 0.006992818720356175 755
1694627489755 0.0069907004665829 756
1694627489799 0.007649931644347352 757
1694627489848 0.009991417029225791 758
1694627489894 0.00843510352981236 759
1694627489948 0.008602778208680828 760
1694627489991 0.00959720277151832 761
1694627490039 0.009347621559236186 762
1694627490081 0.007985839018100793 763
1694627490120 0.007194462180638794 764
1694627490161 0.008468732543304713 765
1694627490200 0.008211461339851955 766
1694627490246 0.012105198983222043 767
1694627490288 0.011777283196116484 768
1694627490328 0.00898572305181422 769
1694627490377 0.00984159089686798 770
1694627490430 0.012263158017797648 771
1694627490482 0.010959028513130797 772
1694627490529 0.011674469724532899 773
1694627490572 0.012881552661009432 774
1694627490612 0.00971775051968804 775
1694627490664 0.006596510216154705 776
1694627490704 0.009213720695841254 777
1694627490744 0.0107133652455349 778
1694627490791 0.006942447260423035 779
1694627490839 0.007293064504739877 780
1694627490891 0.010283720382423978 781
1694627490938 0.00827978900295423 782
1694627490977 0.008113812757509331 783
1694627491022 0.007270619705437742 784
1694627491065 0.009954286592089745 785
1694627491103 0.00891511127671718 786
1694627491144 0.011019143086616445 787
1694627491186 0.011013349558793739 788
1694627491224 0.008990286190474595 789
1694627491268 0.00821739892319251 790
1694627491305 0.01121959194356481 791
1694627491350 0.007533434242478654 792
1694627491402 0.009320821780980704 793
1694627491453 0.008427386915272561 794
1694627491503 0.012724553738185151 795
1694627491548 0.009737266144029588 796
1694627491590 0.011173763927741942 797
1694627491634 0.008533521439082481 798
1694627491676 0.00904685835190111 799
1694627491721 0.01055818764861427 800
1694627491783 0.010200755998069577 801
1694627491835 0.006752953623246127 802
1694627491891 0.009751816703694516 803
1694627491933 0.009480703147903502 804
1694627491970 0.011162910547299676 805
1694627492007 0.007279720377863619 806
1694627492053 0.010312237147572678 807
1694627492095 0.008271731021473716 808
1694627492141 0.009692564893596267 809
1694627492190 0.01057019986454144 810
1694627492233 0.009492934327163027 811
1694627492278 0.008685148037602897 812
1694627492318 0.008432637480867422 813
1694627492369 0.010690399837651299 814
1694627492418 0.009329382505330552 815
1694627492469 0.009813103665501033 816
1694627492513 0.011152311451598451 817
1694627492554 0.009790380415434563 818
1694627492594 0.008988292752438176 819
1694627492637 0.009213747916215764 820
1694627492681 0.01078575218086375 821
1694627492726 0.008335208671492511 822
1694627492786 0.010499458934940309 823
1694627492840 0.01082282736613116 824
1694627492888 0.013204327040813424 825
1694627492931 0.00800658112889785 826
1694627492970 0.008725980051616178 827
1694627493012 0.012098606213894136 828
1694627493055 0.011350474755600803 829
1694627493094 0.009236653719787769 830
1694627493133 0.008546218764985514 831
1694627493175 0.008480893297970082 832
1694627493213 0.011910347091230067 833
1694627493254 0.00804311816194736 834
1694627493295 0.009685808327805856 835
1694627493343 0.008712699416692171 836
1694627493395 0.010392562184901921 837
1694627493448 0.008856853935771625 838
1694627493501 0.01039058219724931 839
1694627493549 0.010545197473078805 840
1694627493593 0.01033493679099795 841
1694627493630 0.009439058446031323 842
1694627493675 0.014779553664840073 843
1694627493713 0.010456381325781305 844
1694627493759 0.013416128888194656 845
1694627493805 0.010611054762199035 846
1694627493857 0.009917020480624816 847
1694627493902 0.012341857233848175 848
1694627493945 0.010314679830813023 849
1694627493988 0.010220250628672156 850
1694627494025 0.012014406432244717 851
1694627494069 0.009644097072709745 852
1694627494110 0.010845908815442895 853
1694627494152 0.009578383968874116 854
1694627494197 0.007957730561873766 855
1694627494235 0.014225106060988035 856
1694627494282 0.008614338999923477 857
1694627494332 0.010097835828555612 858
1694627494377 0.010803786123446235 859
1694627494428 0.01171487463439791 860
1694627494482 0.009457688726982827 861
1694627494523 0.011036152037405822 862
1694627494565 0.01141340815009606 863
1694627494604 0.010296025375570284 864
1694627494647 0.011042017002722226 865
1694627494689 0.009813338387492654 866
1694627494734 0.012477015557219473 867
1694627494787 0.0102930259999785 868
1694627494835 0.013262345739157078 869
1694627494883 0.013258909006188868 870
1694627494929 0.011539320677965925 871
1694627494979 0.010602023356777401 872
1694627495019 0.009903569904457288 873
1694627495062 0.012736201804739333 874
1694627495104 0.011417408854040745 875
1694627495150 0.009770912798493736 876
1694627495190 0.011764250309276525 877
1694627495230 0.014160541350682787 878
1694627495277 0.010880513458208618 879
1694627495325 0.008915766788789026 880
1694627495378 0.01354869439141504 881
1694627495429 0.010783382958510113 882
1694627495469 0.01069917975379675 883
1694627495514 0.01327282370707239 884
1694627495559 0.008372516990236112 885
1694627495602 0.011927571391486147 886
1694627495647 0.010657633237102115 887
1694627495700 0.012723520670309019 888
1694627495751 0.011775418256020465 889
1694627495808 0.008433064960507552 890
1694627495852 0.008635335558532131 891
1694627495893 0.009090190980054147 892
1694627495936 0.011011232657179737 893
1694627495983 0.010695585414087105 894
1694627496043 0.008302232765082795 895
1694627496100 0.011585098938760585 896
1694627496152 0.00987908983019159 897
1694627496205 0.00861583048160175 898
1694627496283 0.012044559458954551 899
1694627496353 0.014136640650910914 900
1694627496410 0.012879481587744879 901
1694627496458 0.01416318036716846 902
1694627496506 0.01146342543055856 903
1694627496546 0.011276851461192283 904
1694627496587 0.013276237842841043 905
1694627496638 0.011127196628482938 906
1694627496701 0.012893498234680112 907
1694627496768 0.012679370084842434 908
1694627496829 0.014126637121585017 909
1694627496880 0.014528842063886604 910
1694627496926 0.013985150543240454 911
1694627496974 0.010199180627066373 912
1694627497026 0.012377281593429545 913
1694627497079 0.013163818983389919 914
1694627497139 0.01247615892051468 915
1694627497204 0.012483030332568368 916
1694627497272 0.013278572417581569 917
1694627497335 0.014180261176682474 918
1694627497394 0.009282615273123573 919
1694627497449 0.010323662838470749 920
1694627497518 0.017682258115311433 921
1694627497581 0.010938584346104951 922
1694627497644 0.014391039858384636 923
1694627497706 0.01046916821304189 924
1694627497755 0.013490869188526489 925
1694627497805 0.009185422227777962 926
1694627497853 0.009678406327353284 927
1694627497901 0.013010707956570444 928
1694627497958 0.009051991089989442 929
1694627498007 0.012416599846488352 930
1694627498055 0.01144967916266415 931
1694627498105 0.009904998475475879 932
1694627498152 0.0113821028895853 933
1694627498203 0.010047851599534363 934
1694627498255 0.01177986573432832 935
1694627498303 0.008549815303159347 936
1694627498345 0.01148831717363441 937
1694627498393 0.012613315534566905 938
1694627498447 0.013956586789517944 939
1694627498512 0.014043996831684669 940
1694627498579 0.013455952710953678 941
1694627498643 0.010109434068885759 942
1694627498715 0.012573064095957487 943
1694627498765 0.011178205586512058 944
1694627498829 0.011943067162802468 945
1694627498917 0.014772172041146892 946
1694627498991 0.011929355812302034 947
1694627499055 0.012709434347608406 948
1694627499131 0.014993758272281665 949
1694627499235 0.016100395877836737 950
1694627499307 0.009001497940940295 951
1694627499372 0.009088188804304398 952
1694627499425 0.010820014376267006 953
1694627499483 0.009682086042839377 954
1694627499534 0.01233043096759523 955
1694627499575 0.01503118126846259 956
1694627499624 0.011281432675544711 957
1694627499678 0.0119922060930856 958
1694627499730 0.013047948249442998 959
1694627499774 0.014256033209129493 960
1694627499817 0.013500820655356072 961
1694627499889 0.013279500925914012 962
1694627499969 0.012688354123002177 963
1694627500032 0.011314779454245416 964
1694627500095 0.010589699158677135 965
1694627500169 0.010108867363727514 966
1694627500219 0.011922231988248155 967
1694627500267 0.01390880734347788 968
1694627500321 0.014926822342119728 969
1694627500385 0.014607438561205166 970
1694627500447 0.015061669730787375 971
1694627500504 0.012020518450021722 972
1694627500550 0.015084946049109038 973
1694627500595 0.014029285877137587 974
1694627500637 0.012180945531919063 975
1694627500683 0.01725619322079508 976
1694627500729 0.018359905115726938 977
1694627500779 0.01626459782510048 978
1694627500825 0.010526412421358433 979
1694627500874 0.014323786770352287 980
1694627500930 0.01297964861291201 981
1694627500982 0.014022887913224147 982
1694627501035 0.012914300871904039 983
1694627501079 0.01607709702859117 984
1694627501130 0.01117331218667339 985
1694627501179 0.013836534751578089 986
1694627501223 0.014253996452908813 987
1694627501283 0.01398780449923176 988
1694627501358 0.01748069187107215 989
1694627501444 0.010948739969009247 990
1694627501533 0.018994886176890713 991
1694627501612 0.015356058462144828 992
1694627501690 0.014061019322210933 993
1694627501755 0.014032141972778689 994
1694627501817 0.011923478887989392 995
1694627501903 0.010673840969722681 996
1694627501982 0.013818894851265418 997
1694627502043 0.01227772979122832 998
1694627502086 0.014449184023756612 999
