1694627450415 161.55929155031035 0
1694627450465 160.7670735310373 1
1694627450526 161.19386535839902 2
1694627450650 160.55293966937103 3
1694627450773 160.01737413344642 4
1694627450861 158.89607910006532 5
1694627450911 159.30349504778403 6
1694627450950 159.5195862384476 7
1694627450994 158.46845632025708 8
1694627451046 157.83736889641486 9
1694627451106 157.79250688361066 10
1694627451171 158.04817035112558 11
1694627451230 158.26742440252607 12
1694627451284 156.74792357027238 13
1694627451344 157.21331351119935 14
1694627451406 157.14997789503104 15
1694627451491 156.12480046802784 16
1694627451569 156.51149266170708 17
1694627451659 155.64234892018703 18
1694627451776 156.50256454883132 19
1694627451853 154.13924451225196 20
1694627451931 154.125522525095 21
1694627451996 153.44710685489926 22
1694627452043 153.06236538440606 23
1694627452099 152.44130804718262 24
1694627452161 152.89230985685904 25
1694627452222 153.11987461940492 26
1694627452276 153.3729235269999 27
1694627452316 151.89798621300238 28
1694627452359 150.65375729159098 29
1694627452399 150.5378394734087 30
1694627452455 151.29857885834272 31
1694627452506 151.79140565587673 32
1694627452576 150.6280266205443 33
1694627452647 149.58210705379142 34
1694627452705 149.85040818849671 35
1694627452754 149.61984579562454 36
1694627452803 148.75172192693452 37
1694627452850 148.3577930371015 38
1694627452896 148.7258659297982 39
1694627452939 148.6134341194483 40
1694627452986 147.82486080953473 41
1694627453031 147.6745346588648 42
1694627453078 148.25150936338602 43
1694627453117 146.8990032630115 44
1694627453157 145.63220565702917 45
1694627453196 145.18386011244104 46
1694627453244 145.91022899059635 47
1694627453287 145.9130993261876 48
1694627453341 145.21995930244478 49
1694627453386 145.0185511807018 50
1694627453426 144.87803458438088 51
1694627453483 144.32666460577155 52
1694627453547 143.11975298353371 53
1694627453608 144.0281673525501 54
1694627453673 143.9966878079601 55
1694627453729 142.4102026374676 56
1694627453770 142.93200871368006 57
1694627453817 142.08103239168665 58
1694627453870 142.55749242083246 59
1694627453932 142.45578511442642 60
1694627454008 142.30261973194698 61
1694627454060 140.8674236272669 62
1694627454104 140.36570528520988 63
1694627454160 140.0431916299708 64
1694627454205 139.52422510918765 65
1694627454248 140.260657454051 66
1694627454312 138.89820254733897 67
1694627454398 139.69461169975688 68
1694627454501 139.62188233489667 69
1694627454569 138.66352163268402 70
1694627454660 139.22937978069442 71
1694627454732 137.88515113059432 72
1694627454817 138.1694680719466 73
1694627454914 136.80771375432903 74
1694627454990 137.37911291087232 75
1694627455061 137.61559923408544 76
1694627455155 137.17861042149954 77
1694627455237 136.04114706047469 78
1694627455329 135.96887177991556 79
1694627455446 135.74812130959467 80
1694627455567 136.62446519076076 81
1694627455659 135.45046995310216 82
1694627455741 134.9771115434256 83
1694627455824 135.0800684273855 84
1694627455904 134.9087643049841 85
1694627455982 134.10865633835655 86
1694627456056 133.6992119664694 87
1694627456104 134.00173645601234 88
1694627456147 132.91986327643517 89
1694627456191 132.85803372096464 90
1694627456244 132.4626911760739 91
1694627456306 132.87305568547595 92
1694627456365 133.2002326304713 93
1694627456420 131.12836852504824 94
1694627456473 131.64671604118962 95
1694627456530 130.79189113722398 96
1694627456586 131.7641410187195 97
1694627456667 130.94891774403985 98
1694627456746 130.43741088008588 99
1694627456808 129.38625509069755 100
1694627456880 129.27112177300236 101
1694627456941 129.0392679196449 102
1694627456997 129.4675666185821 103
1694627457046 129.22549082646069 104
1694627457095 129.33626512810795 105
1694627457139 128.65137218327476 106
1694627457182 128.03648918716195 107
1694627457224 128.31756815434434 108
1694627457267 126.52302986803562 109
1694627457311 126.77548179726652 110
1694627457370 127.02470610881468 111
1694627457457 127.35198712865528 112
1694627457526 126.07032780103238 113
1694627457571 126.82821238087216 114
1694627457625 125.21206843363433 115
1694627457704 126.35843993172236 116
1694627457780 125.4027580739774 117
1694627457841 124.7059910362028 118
1694627457884 125.01125119676422 119
1694627457934 124.44917731983425 120
1694627457978 123.62726974563604 121
1694627458025 123.66270109473912 122
1694627458073 122.7296924896898 123
1694627458134 123.37293560088249 124
1694627458187 123.20140324182768 125
1694627458240 122.67717074331522 126
1694627458292 122.36434698680912 127
1694627458349 121.13942223249693 128
1694627458408 121.99946584760765 129
1694627458467 121.70936296406349 130
1694627458520 120.38815529912043 131
1694627458561 120.99887410907623 132
1694627458605 120.44007297523795 133
1694627458651 120.23236902202858 134
1694627458694 120.33598429466724 135
1694627458743 120.4585107894191 136
1694627458797 119.45083555330272 137
1694627458847 119.337969602666 138
1694627458891 119.76419335176793 139
1694627458948 119.04801839415995 140
1694627458994 119.1870316930043 141
1694627459039 118.69700525449724 142
1694627459088 118.15800759383124 143
1694627459136 118.68245170998384 144
1694627459180 117.4318629733404 145
1694627459231 117.44923941353127 146
1694627459278 116.81038161232634 147
1694627459340 116.98185059298596 148
1694627459392 117.16587509341976 149
1694627459441 116.39902480821571 150
1694627459488 116.51236325075014 151
1694627459533 115.09623667024886 152
1694627459577 115.5319762039851 153
1694627459620 115.1693684778234 154
1694627459662 115.54423309914532 155
1694627459709 114.89857207280647 156
1694627459756 115.06742670417071 157
1694627459802 114.49162294202276 158
1694627459852 114.25858902800948 159
1694627459897 113.99765121765272 160
1694627459954 113.08349704731587 161
1694627460033 113.21494501556678 162
1694627460124 113.0822446443186 163
1694627460203 113.25580930247355 164
1694627460263 112.69390374260833 165
1694627460350 112.34295754267455 166
1694627460415 111.80637484971858 167
1694627460470 111.13283893235793 168
1694627460526 111.5483857998616 169
1694627460593 112.09218788497849 170
1694627460674 110.27712132294052 171
1694627460747 110.36844132103342 172
1694627460833 110.74860075214883 173
1694627460908 110.48212286716814 174
1694627460971 110.54498229502643 175
1694627461045 110.17577081051826 176
1694627461121 109.5231075942128 177
1694627461191 109.43505133163355 178
1694627461245 109.28755877598093 179
1694627461295 108.55038978072535 180
1694627461348 109.11194767523104 181
1694627461392 108.53499830960475 182
1694627461433 108.29142892571012 183
1694627461488 108.4012064633474 184
1694627461549 107.58377869919305 185
1694627461601 107.92160172133627 186
1694627461657 107.27233610659874 187
1694627461703 106.9616881490169 188
1694627461751 107.67454719296883 189
1694627461801 107.06889061984135 190
1694627461858 106.32073094047803 191
1694627461919 106.28477817888 192
1694627461964 105.55206684653838 193
1694627462013 105.64476936654866 194
1694627462053 105.84766866070042 195
1694627462098 105.46482443311659 196
1694627462145 106.11409166108066 197
1694627462197 105.52798786784057 198
1694627462249 104.86642861893509 199
1694627462304 104.98039914579826 200
1694627462352 104.60650637300006 201
1694627462407 104.5282109786279 202
1694627462456 104.66465430792229 203
1694627462520 102.99871629812733 204
1694627462594 103.64585692193656 205
1694627462672 103.14584425769469 206
1694627462750 103.11019864490373 207
1694627462819 102.85619209160645 208
1694627462899 102.29203767127568 209
1694627462977 101.85691848402108 210
1694627463063 102.16932324937167 211
1694627463147 102.0524546696269 212
1694627463231 101.87837489669705 213
1694627463314 101.6107951851005 214
1694627463385 101.24493156061847 215
1694627463472 102.17585063124818 216
1694627463549 100.2961246187741 217
1694627463607 100.9392233710946 218
1694627463669 99.86243000206726 219
1694627463710 99.80071674671865 220
1694627463761 99.46145059291122 221
1694627463815 100.15256778265865 222
1694627463871 99.12306426575532 223
1694627463917 99.45576958265379 224
1694627463970 98.72724914802187 225
1694627464018 98.49207095873204 226
1694627464066 99.29952657643372 227
1694627464114 98.37594013469977 228
1694627464158 98.80110792675127 229
1694627464206 98.56743132309623 230
1694627464259 98.2843927444229 231
1694627464315 97.2138106928796 232
1694627464385 97.27125683559176 233
1694627464439 96.86202343290906 234
1694627464489 96.20298043593276 235
1694627464530 96.41533971967986 236
1694627464576 96.6003263215029 237
1694627464634 96.17198064481272 238
1694627464704 96.09313772496047 239
1694627464760 95.87672206774765 240
1694627464810 94.943086389223 241
1694627464854 95.86558194226289 242
1694627464895 95.14252134822662 243
1694627464941 95.30429069324693 244
1694627464987 94.48335977643043 245
1694627465032 94.97324971264216 246
1694627465083 94.78831215828345 247
1694627465128 93.93923774073946 248
1694627465175 93.49127412463356 249
1694627465223 93.67952061266861 250
1694627465270 93.32056862107406 251
1694627465327 93.6674298141653 252
1694627465387 93.50272523355305 253
1694627465435 92.84451419422949 254
1694627465487 92.41732708032634 255
1694627465547 92.1236368883348 256
1694627465610 92.76242060462971 257
1694627465654 91.55626510398083 258
1694627465694 92.59175492450129 259
1694627465739 91.35339626002482 260
1694627465791 91.74788022579345 261
1694627465849 91.24576456247514 262
1694627465897 92.03966758743233 263
1694627465938 90.31364535772734 264
1694627465978 89.9076839317025 265
1694627466015 90.95796217945546 266
1694627466053 90.45489676879981 267
1694627466094 89.55606528372682 268
1694627466132 90.05295829522541 269
1694627466172 89.65019079490182 270
1694627466208 90.3365327102089 271
1694627466250 88.71441884869282 272
1694627466293 89.0622142604282 273
1694627466353 88.3744410380795 274
1694627466407 88.58716118221639 275
1694627466463 87.95641013556634 276
1694627466505 88.74270212512067 277
1694627466543 88.48943002746353 278
1694627466594 88.19815932281266 279
1694627466645 88.04683469812056 280
1694627466692 87.45884878868924 281
1694627466740 87.01707767595289 282
1694627466799 87.18265839172835 283
1694627466881 86.46619135722689 284
1694627466964 86.62330490522491 285
1694627467038 85.77966691662934 286
1694627467086 86.722375109699 287
1694627467130 86.5347234320092 288
1694627467175 86.02382680700835 289
1694627467249 86.30974367060399 290
1694627467324 85.70972791801776 291
1694627467385 85.73078026947292 292
1694627467428 85.36246426563042 293
1694627467477 85.44770203791954 294
1694627467523 85.50145512721161 295
1694627467582 84.72734462804297 296
1694627467637 84.65225918763305 297
1694627467691 84.37096142154171 298
1694627467743 84.53332429700825 299
1694627467785 83.77436283475491 300
1694627467830 84.23247172412015 301
1694627467875 83.98858254091826 302
1694627467918 84.27010744267537 303
1694627467965 83.61220332638727 304
1694627468007 83.00112973991153 305
1694627468052 82.98304602506498 306
1694627468108 82.77708313552694 307
1694627468174 82.95276183561705 308
1694627468227 82.75743776102708 309
1694627468277 80.88911404447254 310
1694627468327 82.62253042265787 311
1694627468375 81.2607987072259 312
1694627468425 81.79754266352218 313
1694627468475 82.13421546877771 314
1694627468534 81.32602732427371 315
1694627468577 81.34363662573767 316
1694627468618 81.24698422107052 317
1694627468661 81.45535149062856 318
1694627468709 80.68126140519833 319
1694627468764 79.79233050705649 320
1694627468817 80.77104523632038 321
1694627468871 79.84989489809 322
1694627468917 79.22953640116975 323
1694627468959 80.40733235454347 324
1694627468998 79.80571856269404 325
1694627469039 79.38539584796256 326
1694627469083 80.16730739716023 327
1694627469134 79.2346607769052 328
1694627469179 79.31532673063128 329
1694627469229 79.14880835536437 330
1694627469291 78.3379129722963 331
1694627469351 78.38187438545262 332
1694627469401 78.05153881554315 333
1694627469445 78.04644564477917 334
1694627469492 77.57405310594092 335
1694627469539 76.71697483892704 336
1694627469601 77.2985422268879 337
1694627469676 77.05316115783752 338
1694627469744 76.83439186862624 339
1694627469824 77.77104795533958 340
1694627469876 76.89761464768397 341
1694627469928 76.72659955193306 342
1694627470006 76.92449517680588 343
1694627470074 76.14736880993637 344
1694627470145 76.39964035309146 345
1694627470216 75.9977362559833 346
1694627470271 75.58765736920407 347
1694627470350 75.62346172802941 348
1694627470431 75.79300583977005 349
1694627470495 75.40877244157656 350
1694627470593 74.98669892330355 351
1694627470654 75.33644537458835 352
1694627470699 75.31613922741313 353
1694627470747 74.49761938728243 354
1694627470813 74.57255762619151 355
1694627470874 74.18376835260402 356
1694627470931 74.45771285417806 357
1694627470991 73.51813033563504 358
1694627471065 73.81841410547803 359
1694627471131 73.77543307553316 360
1694627471201 74.0711838937018 361
1694627471277 74.43313168444729 362
1694627471351 73.36701358019157 363
1694627471407 73.36916495708981 364
1694627471458 72.94415713365815 365
1694627471517 72.90511500972232 366
1694627471569 71.97712457561137 367
1694627471632 72.8831566412939 368
1694627471687 71.80313144460392 369
1694627471737 71.8814947592593 370
1694627471787 71.8335136769711 371
1694627471833 71.7411533337945 372
1694627471878 71.61771383978332 373
1694627471941 71.66033931914438 374
1694627471994 71.18635689576054 375
1694627472043 71.49209396765579 376
1694627472098 71.83002751696773 377
1694627472171 71.23180597081243 378
1694627472238 71.02173987475065 379
1694627472303 70.61392811562274 380
1694627472350 70.59883854567298 381
1694627472407 70.94452579949699 382
1694627472462 70.4007993747678 383
1694627472517 69.16677590895199 384
1694627472562 69.65652008541198 385
1694627472611 69.36187875854378 386
1694627472654 69.35810941594548 387
1694627472696 69.37829861301506 388
1694627472738 70.07757777893534 389
1694627472790 69.30880687005406 390
1694627472837 69.00193657333601 391
1694627472893 68.69853498615159 392
1694627472943 69.14954146209733 393
1694627472983 68.48071293681669 394
1694627473030 67.85945110052104 395
1694627473076 68.22413524770963 396
1694627473123 67.97998382990198 397
1694627473167 67.4212623601722 398
1694627473211 67.07800567012407 399
1694627473250 67.22780283480184 400
1694627473292 67.66243795153649 401
1694627473336 67.43266581844331 402
1694627473383 67.47094571352966 403
1694627473429 66.7440383557613 404
1694627473484 67.47333387340507 405
1694627473531 67.23044401519309 406
1694627473571 66.16119829121929 407
1694627473619 66.07207920629227 408
1694627473661 66.0396790381375 409
1694627473701 66.3453748736801 410
1694627473746 66.09706798223152 411
1694627473794 65.73004877660792 412
1694627473843 65.8838241377197 413
1694627473895 65.91207107981514 414
1694627473946 65.4107254695943 415
1694627473990 66.06152260967276 416
1694627474032 65.40095909306615 417
1694627474079 65.51843376247318 418
1694627474119 64.85140815742773 419
1694627474161 64.01076801899082 420
1694627474202 64.20696123014294 421
1694627474239 64.66905376476154 422
1694627474282 64.18415361233406 423
1694627474325 64.36582669550586 424
1694627474373 64.4533015866115 425
1694627474423 63.887639274062614 426
1694627474474 64.15766569232608 427
1694627474518 64.15330379464783 428
1694627474559 63.38683172275979 429
1694627474598 63.403585078848465 430
1694627474643 63.33735113876732 431
1694627474680 63.0941393210571 432
1694627474721 62.756196009392035 433
1694627474766 62.926130198251876 434
1694627474817 63.33078119447242 435
1694627474866 62.659631693338895 436
1694627474917 63.231624577281124 437
1694627474958 62.18276508650023 438
1694627474999 62.65291528296999 439
1694627475048 62.14953275729465 440
1694627475093 61.949608992348935 441
1694627475140 62.044593187955776 442
1694627475189 62.02830066270326 443
1694627475224 62.0378420515799 444
1694627475264 61.214864755494844 445
1694627475302 60.57503867770756 446
1694627475351 60.61197588353476 447
1694627475400 61.406069025109296 448
1694627475450 60.81899738065971 449
1694627475499 60.736337876356295 450
1694627475540 60.375658955186005 451
1694627475583 59.888734761925285 452
1694627475624 60.69288788166813 453
1694627475667 60.20731142520183 454
1694627475708 60.448988107914936 455
1694627475755 60.344088876712476 456
1694627475804 59.83014050345996 457
1694627475850 59.90189105552403 458
1694627475900 59.410268372412276 459
1694627475945 59.21255289139395 460
1694627475987 59.98841410752059 461
1694627476024 59.57927374652549 462
1694627476067 58.586439481556134 463
1694627476104 58.968674468396685 464
1694627476147 58.691607989377395 465
1694627476186 59.21440003891928 466
1694627476230 58.7391256080408 467
1694627476275 58.32102098984908 468
1694627476327 58.411449421511485 469
1694627476381 58.16331231044366 470
1694627476429 58.608424787462745 471
1694627476484 58.382832651351 472
1694627476545 57.86562473974644 473
1694627476591 58.26978676037094 474
1694627476644 57.4636163947027 475
1694627476685 57.04480276427264 476
1694627476730 57.534272843384485 477
1694627476778 56.77538754993947 478
1694627476826 57.29978757648927 479
1694627476876 56.89172882885579 480
1694627476924 57.48468855296933 481
1694627476973 56.86801981204577 482
1694627477025 56.92199697057307 483
1694627477071 55.951292293570916 484
1694627477114 56.54819032980021 485
1694627477162 56.00116469080817 486
1694627477204 55.79211542772294 487
1694627477245 55.76030897211527 488
1694627477291 56.0365647118613 489
1694627477352 56.158914418526486 490
1694627477396 56.44394969905022 491
1694627477447 55.44423442202529 492
1694627477493 55.515442758646614 493
1694627477533 54.67361206951519 494
1694627477574 55.39061997506748 495
1694627477615 55.18485132866879 496
1694627477657 55.05473979338803 497
1694627477698 54.38548213645803 498
1694627477750 55.42882221272565 499
1694627477803 54.06642768980106 500
1694627477857 53.95118472487762 501
1694627477906 54.30332834342216 502
1694627477951 53.96036978621248 503
1694627477996 54.23927448921839 504
1694627478037 54.364316952320884 505
1694627478079 54.280823957037526 506
1694627478118 53.775845135499 507
1694627478160 53.08364295949421 508
1694627478195 53.63861884878897 509
1694627478240 53.40530157366818 510
1694627478282 53.0030332869371 511
1694627478326 53.2157638821232 512
1694627478373 52.56166037855906 513
1694627478425 52.958979196540774 514
1694627478471 52.70715845689922 515
1694627478518 52.74726644164357 516
1694627478561 51.80693399935501 517
1694627478601 53.1270557307853 518
1694627478645 51.96149652769677 519
1694627478694 52.94659887091491 520
1694627478752 52.019880293373795 521
1694627478806 52.39197731890639 522
1694627478851 51.25477875533438 523
1694627478891 51.54578112683775 524
1694627478934 51.620893415207625 525
1694627478971 51.73149814959924 526
1694627479012 52.03781080154824 527
1694627479051 51.70000390013674 528
1694627479092 51.43326787302727 529
1694627479127 51.819893721886395 530
1694627479168 50.47369957751839 531
1694627479203 50.94252101832108 532
1694627479247 50.67869336354814 533
1694627479294 50.390201827057005 534
1694627479342 50.543396057827685 535
1694627479395 50.08031913406515 536
1694627479442 50.56065870614855 537
1694627479488 49.84202186753347 538
1694627479536 50.21680292498924 539
1694627479581 49.895258618502616 540
1694627479624 50.01671402372232 541
1694627479682 49.92779222787838 542
1694627479746 49.701511962604165 543
1694627479813 49.465675515733125 544
1694627479882 49.389058078821606 545
1694627479928 48.833257538872516 546
1694627479975 48.54688002082636 547
1694627480015 49.25018864347402 548
1694627480059 49.22685263654766 549
1694627480129 49.0990939316187 550
1694627480175 48.99812612044237 551
1694627480230 48.487077567215366 552
1694627480285 48.77183871191409 553
1694627480343 48.80220945224838 554
1694627480401 48.30563550888753 555
1694627480451 48.18288063646729 556
1694627480497 47.63969549340123 557
1694627480542 47.73877627441947 558
1694627480591 47.98409172107247 559
1694627480641 47.804027210858315 560
1694627480691 47.104458324711885 561
1694627480738 47.95808966507939 562
1694627480783 47.90927146342474 563
1694627480831 47.459587056256204 564
1694627480882 46.914917141118146 565
1694627480944 47.081669302442805 566
1694627481017 46.483322804198394 567
1694627481088 46.567183291349004 568
1694627481162 46.92384748670323 569
1694627481212 47.002064279392705 570
1694627481258 46.94388688448848 571
1694627481301 47.28219077354917 572
1694627481340 46.145274049144284 573
1694627481384 46.14546622682667 574
1694627481422 46.25613656952011 575
1694627481466 46.50455874492594 576
1694627481511 46.07123212638312 577
1694627481557 45.44103367332515 578
1694627481595 45.765555556510925 579
1694627481632 45.47668585036116 580
1694627481673 45.81900079515666 581
1694627481711 45.92746275851335 582
1694627481752 45.08111088867103 583
1694627481792 45.942962838228354 584
1694627481838 45.858851547641585 585
1694627481894 45.412374048097135 586
1694627481946 44.93565611715967 587
1694627481994 44.868124274826656 588
1694627482047 45.04570867344392 589
1694627482091 45.06765793139389 590
1694627482134 44.50691358824876 591
1694627482175 44.704951149871135 592
1694627482214 44.64228982005927 593
1694627482266 44.5786973409154 594
1694627482313 45.00941384666035 595
1694627482363 44.70612080478221 596
1694627482404 43.541125738965974 597
1694627482452 43.706576425631326 598
1694627482500 43.677036990680456 599
1694627482546 43.36793753187311 600
1694627482595 43.92188908814136 601
1694627482643 44.1528061568007 602
1694627482697 43.46306162402293 603
1694627482742 43.51294912093209 604
1694627482783 43.82713386546164 605
1694627482822 42.991318686343085 606
1694627482863 42.963618892445595 607
1694627482902 43.07428741021168 608
1694627482951 43.06083175609692 609
1694627482995 43.43413361826381 610
1694627483131 43.27600347896557 611
1694627483194 42.516693965039664 612
1694627483238 42.777414750017584 613
1694627483279 42.45421595459719 614
1694627483320 42.32737667731778 615
1694627483371 42.104278453580626 616
1694627483415 41.88141153583468 617
1694627483457 42.460774621826026 618
1694627483507 42.20224443265624 619
1694627483545 41.95413414659091 620
1694627483588 42.01721485165354 621
1694627483626 42.12613856210337 622
1694627483666 41.904123435506655 623
1694627483703 41.81004059670384 624
1694627483746 41.66296871533399 625
1694627483795 41.64438717179798 626
1694627483846 41.07737233848501 627
1694627483898 40.97066261537563 628
1694627483945 41.157663056972055 629
1694627483991 41.40760687494419 630
1694627484032 40.983866921779835 631
1694627484077 40.61258528723467 632
1694627484116 41.09719570397752 633
1694627484156 40.833362496719964 634
1694627484201 41.135509498004666 635
1694627484251 40.602211885096175 636
1694627484297 40.54147715349678 637
1694627484347 40.54913664560287 638
1694627484389 40.65172408711482 639
1694627484431 40.27899272459163 640
1694627484471 39.7405121114834 641
1694627484518 39.80606107702131 642
1694627484566 40.04981314147321 643
1694627484623 40.06449259625961 644
1694627484676 39.78323952524703 645
1694627484729 39.569228590108885 646
1694627484771 39.32946226196067 647
1694627484815 39.144468712342764 648
1694627484856 39.18691220009876 649
1694627484899 39.066734726306144 650
1694627484944 39.218202148525435 651
1694627484985 39.564338523463995 652
1694627485036 39.20767365495128 653
1694627485085 38.970741637464656 654
1694627485130 39.203385754701216 655
1694627485174 38.94172199865654 656
1694627485216 38.8239249187682 657
1694627485256 39.0634049899596 658
1694627485299 38.46911677473849 659
1694627485344 38.51875370519476 660
1694627485387 38.67274433714847 661
1694627485428 38.6455267437591 662
1694627485466 38.42143917268142 663
1694627485508 38.76058749004995 664
1694627485549 38.347703708116725 665
1694627485586 37.86090061964569 666
1694627485628 37.93413806110203 667
1694627485671 37.51267376485115 668
1694627485722 38.00778072092443 669
1694627485778 38.13061579170522 670
1694627485830 37.46858042358636 671
1694627485871 37.74220518307756 672
1694627485915 37.165536917238136 673
1694627485954 37.14316777709262 674
1694627485999 36.90961314502456 675
1694627486049 37.191900522920264 676
1694627486101 37.21617069165062 677
1694627486151 37.58474903736445 678
1694627486195 36.76118455406788 679
1694627486234 37.227393946089215 680
1694627486275 37.00171376116937 681
1694627486314 36.75376844544135 682
1694627486357 36.46483356140557 683
1694627486396 36.87966170590865 684
1694627486434 36.81678959137685 685
1694627486471 36.8929113543222 686
1694627486515 36.57742176630138 687
1694627486555 35.81052172560808 688
1694627486610 36.19773557170773 689
1694627486668 36.56276422197588 690
1694627486726 35.99534927220778 691
1694627486769 35.629502397867014 692
1694627486810 35.755068993982356 693
1694627486861 35.765981547357434 694
1694627486908 36.325621337216376 695
1694627486966 35.59787776987425 696
1694627487018 35.724090671892526 697
1694627487072 35.920172637941505 698
1694627487121 35.565584651707816 699
1694627487167 35.52920275628387 700
1694627487207 35.536421313110615 701
1694627487249 34.86706444599888 702
1694627487298 35.65276308214635 703
1694627487344 34.72908429773089 704
1694627487391 35.529315669707536 705
1694627487443 34.98825078529653 706
1694627487495 34.47548925056263 707
1694627487545 34.70792053216564 708
1694627487586 35.07916802666894 709
1694627487629 34.776477822961006 710
1694627487671 34.31308279462705 711
1694627487710 34.41689586900422 712
1694627487751 34.20577223082783 713
1694627487792 34.4901477913971 714
1694627487844 33.90456543896548 715
1694627487900 34.294248738321365 716
1694627487960 34.43754989837133 717
1694627488005 33.91638252542058 718
1694627488052 34.63203664993665 719
1694627488094 34.14482547527516 720
1694627488136 33.742324831912846 721
1694627488176 33.758459079182565 722
1694627488216 33.776821392222686 723
1694627488259 33.497091706654224 724
1694627488303 33.629305140653756 725
1694627488345 33.6885950545081 726
1694627488384 33.23279095273757 727
1694627488436 32.9077300370356 728
1694627488501 33.335900257590694 729
1694627488564 33.068486842547486 730
1694627488619 33.1023992521676 731
1694627488666 33.440255217451956 732
1694627488716 33.32267815837063 733
1694627488761 32.84310331498711 734
1694627488802 33.075755412940886 735
1694627488853 33.41302889227366 736
1694627488905 32.75566821956907 737
1694627488955 32.28802158419767 738
1694627489005 32.74668875683183 739
1694627489048 32.4338930227683 740
1694627489086 32.38311828121674 741
1694627489128 32.150854837934865 742
1694627489167 32.000823593133134 743
1694627489207 31.75503719652801 744
1694627489246 32.31029259890815 745
1694627489290 31.936745744577866 746
1694627489333 32.1349424465423 747
1694627489378 31.692950472580822 748
1694627489428 31.736606365933067 749
1694627489484 31.79641270475814 750
1694627489542 31.711403233473384 751
1694627489582 31.35034448507857 752
1694627489622 31.678243257014746 753
1694627489662 31.265337442713058 754
1694627489704 31.084853648297003 755
1694627489746 31.120162687675343 756
1694627489787 31.53435389492655 757
1694627489835 31.143459849094537 758
1694627489884 31.258705463945827 759
1694627489936 30.902095580175686 760
1694627489981 31.02208086209814 761
1694627490030 30.832352428730456 762
1694627490069 30.69081296988187 763
1694627490112 30.805165542901765 764
1694627490152 30.701674830324492 765
1694627490192 30.635556146836503 766
1694627490234 30.6398409406126 767
1694627490278 30.600310465391587 768
1694627490318 30.06475567057231 769
1694627490366 30.617103868028636 770
1694627490417 30.332985592064556 771
1694627490469 30.4726063197809 772
1694627490520 30.066369095279352 773
1694627490560 30.07607137970082 774
1694627490602 30.12911987061318 775
1694627490651 30.03762593671105 776
1694627490696 30.1207601674754 777
1694627490734 29.873275352366477 778
1694627490782 30.155556510083464 779
1694627490828 29.691389143890888 780
1694627490878 29.64398071342215 781
1694627490928 29.797316302480343 782
1694627490967 29.680998567449354 783
1694627491010 29.609504473270384 784
1694627491056 29.446460641978632 785
1694627491094 29.39540035036673 786
1694627491135 29.212537576437548 787
1694627491175 29.216720074210585 788
1694627491214 29.016106060046493 789
1694627491258 29.084522675079175 790
1694627491296 29.197968682754887 791
1694627491341 28.593911104650253 792
1694627491392 29.432975192470693 793
1694627491439 28.87458849070673 794
1694627491495 28.811877479393377 795
1694627491536 28.823336272909934 796
1694627491583 28.75017254804657 797
1694627491622 28.87871826098749 798
1694627491665 28.498949491539065 799
1694627491708 28.462274421759727 800
1694627491769 28.576198138513906 801
1694627491819 27.96962974082514 802
1694627491876 28.149337968570965 803
1694627491923 28.280711606524754 804
1694627491961 28.309880952565678 805
1694627491999 28.198345113073668 806
1694627492044 27.71820884657253 807
1694627492084 27.70618836396176 808
1694627492129 28.102733139962186 809
1694627492179 27.97297866672712 810
1694627492226 27.791465853644763 811
1694627492267 27.876450049909423 812
1694627492306 27.49075441566533 813
1694627492358 27.599229085249934 814
1694627492407 27.731973382277612 815
1694627492458 27.373489492110746 816
1694627492503 27.35230443142109 817
1694627492542 27.29005424524956 818
1694627492586 27.225588419640722 819
1694627492626 26.80282271103909 820
1694627492670 26.86921366402414 821
1694627492713 27.13111041464479 822
1694627492771 27.15827559449265 823
1694627492826 27.309174539293767 824
1694627492878 27.092187557307298 825
1694627492922 26.623356180383766 826
1694627492960 27.1206665908371 827
1694627493004 27.508166227818652 828
1694627493046 27.189801539408645 829
1694627493085 26.28634668170902 830
1694627493123 26.722692751539068 831
1694627493164 26.39510040343623 832
1694627493204 26.776064985756232 833
1694627493244 26.383352583559283 834
1694627493286 26.61844812617734 835
1694627493331 26.446630172805186 836
1694627493383 26.35981556627219 837
1694627493437 25.798550134681264 838
1694627493491 26.112238595980774 839
1694627493540 26.57362741049623 840
1694627493583 25.980638428993217 841
1694627493621 26.329336081581644 842
1694627493664 26.02928619287394 843
1694627493703 25.85664398857341 844
1694627493751 25.88840591992739 845
1694627493795 25.567149404639306 846
1694627493844 25.478680855954536 847
1694627493893 25.811567518486807 848
1694627493935 25.598537728413074 849
1694627493978 26.142272699886036 850
1694627494017 25.722386804319587 851
1694627494059 25.579982067390105 852
1694627494099 25.604506096550207 853
1694627494144 25.662649048647378 854
1694627494188 25.30084166657526 855
1694627494227 25.4211417200434 856
1694627494268 25.069165867552183 857
1694627494320 25.173200327337184 858
1694627494364 24.995271328942355 859
1694627494415 25.03264528625875 860
1694627494466 24.821076977406037 861
1694627494513 24.959716911324506 862
1694627494555 24.863127725132006 863
1694627494594 24.89688703581396 864
1694627494637 24.809072551399893 865
1694627494678 24.640874059247977 866
1694627494722 24.833657071546778 867
1694627494776 24.619651487961917 868
1694627494823 24.589202607609135 869
1694627494873 24.70726681437614 870
1694627494919 24.84874391917643 871
1694627494968 24.473870121266895 872
1694627495009 24.394211374544767 873
1694627495053 24.534077743435574 874
1694627495096 24.688105644447507 875
1694627495138 23.65598327911617 876
1694627495182 24.075028075875785 877
1694627495220 24.104496775548675 878
1694627495265 24.17406457060049 879
1694627495315 24.12258090902222 880
1694627495365 23.4535935003632 881
1694627495419 23.459391957773047 882
1694627495460 24.58157183292774 883
1694627495502 23.796774594740803 884
1694627495549 23.77271435434801 885
1694627495594 23.775212591595952 886
1694627495634 23.701449121691073 887
1694627495687 23.707393892682752 888
1694627495735 23.27540821239855 889
1694627495795 23.250937281670048 890
1694627495840 23.158338028629377 891
1694627495884 23.342546950448003 892
1694627495926 23.618176778833234 893
1694627495969 22.988610516505698 894
1694627496031 23.339801835189764 895
1694627496087 23.130528712767408 896
1694627496138 23.023006507971434 897
1694627496193 23.473646307079335 898
1694627496263 23.28578985033166 899
1694627496340 22.925537341142107 900
1694627496398 23.063026955385553 901
1694627496448 22.943427659713564 902
1694627496497 22.586790114352294 903
1694627496538 22.774391554240026 904
1694627496575 22.702251937681933 905
1694627496624 22.55298607425875 906
1694627496685 22.438608842522928 907
1694627496750 22.930563206056338 908
1694627496814 22.63847703738941 909
1694627496869 22.020945228585063 910
1694627496914 22.57366420452121 911
1694627496965 22.622279236320253 912
1694627497012 22.4995890509629 913
1694627497067 22.254399861310304 914
1694627497125 22.163427407307893 915
1694627497189 22.071314468853664 916
1694627497258 22.168399306980838 917
1694627497319 21.89596778520289 918
1694627497381 21.788225233586438 919
1694627497437 22.569714738550115 920
1694627497500 22.16848332336739 921
1694627497567 22.123180256667034 922
1694627497629 21.888501953475988 923
1694627497689 21.78908791666043 924
1694627497745 21.84015998043784 925
1694627497792 21.69991842341956 926
1694627497839 21.301593781955333 927
1694627497886 21.434503130562323 928
1694627497945 21.58196490105669 929
1694627497993 21.959550964076286 930
1694627498042 21.806532691950796 931
1694627498090 21.828186807814003 932
1694627498143 21.261130498197613 933
1694627498192 21.432543226186123 934
1694627498242 21.220685904755886 935
1694627498291 21.551495272559777 936
1694627498333 21.04512912294855 937
1694627498384 21.32807804065015 938
1694627498433 20.92412171950634 939
1694627498499 21.254483738888414 940
1694627498561 21.275228440704094 941
1694627498630 21.09332300670676 942
1694627498698 21.042910778341618 943
1694627498754 21.3000568047745 944
1694627498810 20.915857523930033 945
1694627498899 20.965883487586563 946
1694627498971 20.52575961974921 947
1694627499042 20.64403678291335 948
1694627499106 20.71090274833365 949
1694627499204 20.960875739406234 950
1694627499287 20.533372865888474 951
1694627499360 20.64364188460774 952
1694627499412 20.842448807203255 953
1694627499468 20.207465876139064 954
1694627499522 20.23405899187522 955
1694627499566 20.587749654610512 956
1694627499612 20.31088048900999 957
1694627499664 20.65316923486874 958
1694627499714 20.24626386097025 959
1694627499764 20.42118725802911 960
1694627499804 20.162580199606953 961
1694627499870 20.201622628601513 962
1694627499951 20.122822047109697 963
1694627500017 20.00058446456027 964
1694627500078 20.365203237806885 965
1694627500155 19.9779361350265 966
1694627500206 19.764067584565417 967
1694627500255 19.78120696558476 968
1694627500310 19.767567657453124 969
1694627500369 19.898335637026452 970
1694627500430 19.699885061948805 971
1694627500492 19.708622654646167 972
1694627500540 19.6104702512346 973
1694627500584 19.598606629710748 974
1694627500627 19.572804859391976 975
1694627500673 19.510950479276058 976
1694627500718 19.844092140836604 977
1694627500767 18.962433148890625 978
1694627500812 19.5940431385355 979
1694627500860 19.246591059909687 980
1694627500915 19.255393555581616 981
1694627500969 19.24261849413881 982
1694627501021 19.420077936470996 983
1694627501068 19.067839063444755 984
1694627501118 19.345820626267475 985
1694627501168 18.927242586541073 986
1694627501215 18.88695831861518 987
1694627501269 18.848832267946495 988
1694627501336 18.998695905131978 989
1694627501422 19.18614786084737 990
1694627501512 18.83360986263898 991
1694627501590 19.078185167024714 992
1694627501673 18.804629772708896 993
1694627501743 19.04544824205417 994
1694627501800 19.13595862057507 995
1694627501887 18.648138943198784 996
1694627501962 18.680340412256637 997
1694627502030 18.8149738199333 998
1694627502078 18.780281723023425 999
