1694631810649 -0.004255230607638216 0
1694631810706 -0.00425216632509362 1
1694631810774 -0.004249092503643803 2
1694631810836 -0.0042460091239329145 3
1694631810964 -0.004242916166570243 4
1694631811007 -0.004239813612129106 5
1694631811048 -0.004236701441148183 6
1694631811092 -0.004233579634130402 7
1694631811138 -0.004230448171541834 8
1694631811184 -0.004227307033815908 9
1694631811225 -0.004224156201348528 10
1694631811280 -0.004220995654500959 11
1694631811324 -0.0042178253735964955 12
1694631811375 -0.004214645338925127 13
1694631811422 -0.004211455530741315 14
1694631811470 -0.0042082559292608845 15
1694631811522 -0.004205046514667243 16
1694631811582 -0.004201827267104941 17
1694631811641 -0.004198598166684775 18
1694631811693 -0.004195295074994387 19
1694631811737 -0.004191982143913142 20
1694631811788 -0.00418865935404078 21
1694631811828 -0.004185326685940849 22
1694631811867 -0.004181984120146698 23
1694631811911 -0.004178631637154817 24
1694631811950 -0.004175269217429278 25
1694631812016 -0.004171896841398404 26
1694631812056 -0.004168514489458319 27
1694631812091 -0.0041651221419680695 28
1694631812136 -0.004161719779256501 29
1694631812182 -0.004158307381614712 30
1694631812219 -0.004154884929300717 31
1694631812257 -0.004151452402538558 32
1694631812292 -0.004148009781517414 33
1694631812340 -0.004144557046390496 34
1694631812413 -0.004141094177279925 35
1694631812468 -0.004137621154268745 36
1694631812526 -0.004134137957410244 37
1694631812578 -0.004130644566719521 38
1694631812621 -0.004127140962176812 39
1694631812675 -0.0041236271237306 40
1694631812717 -0.004120103031292288 41
1694631812757 -0.004116568664736864 42
1694631812798 -0.004113024003909116 43
1694631812839 -0.004109469028613422 44
1694631812880 -0.004105903718623072 45
1694631812919 -0.004102328053675164 46
1694631812953 -0.004098742013469936 47
1694631812991 -0.004095145577675208 48
1694631813029 -0.0040915387259226055 49
1694631813074 -0.004087921437806008 50
1694631813130 -0.004084293692888208 51
1694631813183 -0.004080655470693806 52
1694631813229 -0.004077006750712764 53
1694631813271 -0.004073347512399739 54
1694631813314 -0.004069677735172084 55
1694631813360 -0.004065997398415622 56
1694631813399 -0.004062306481475542 57
1694631813442 -0.004058604963665724 58
1694631813477 -0.0040548928242614135 59
1694631813537 -0.004051170042503882 60
1694631813579 -0.004047436597597098 61
1694631813615 -0.004043692468711502 62
1694631813651 -0.004039937634977786 63
1694631813699 -0.00403617207549356 64
1694631813754 -0.004032395769321351 65
1694631813806 -0.004028608695483493 66
1694631813849 -0.004024810832971015 67
1694631813885 -0.004021002160736309 68
1694631813931 -0.004017182657693796 69
1694631813973 -0.004013352302725259 70
1694631814022 -0.00400951107467451 71
1694631814059 -0.004005658952348723 72
1694631814105 -0.00400179591451888 73
1694631814151 -0.003997921939920435 74
1694631814198 -0.003994037007249318 75
1694631814243 -0.003990141095169264 76
1694631814287 -0.003986234182304038 77
1694631814330 -0.0039823162472423235 78
1694631814371 -0.003978387268535721 79
1694631814413 -0.003974447224698752 80
1694631814469 -0.003970496094209297 81
1694631814513 -0.003966533855509047 82
1694631814553 -0.003962560487002609 83
1694631814592 -0.003958575967055067 84
1694631814632 -0.003954580273998642 85
1694631814685 -0.003950573386126255 86
1694631814726 -0.00394655528169352 87
1694631814759 -0.003942525938919861 88
1694631814797 -0.003938485335986508 89
1694631814834 -0.003934433451038055 90
1694631814869 -0.003930370262182015 91
1694631814910 -0.003926295747487929 92
1694631814946 -0.003922209884988259 93
1694631814978 -0.003918112652677719 94
1694631815016 -0.003914004028514384 95
1694631815051 -0.003909883990416807 96
1694631815095 -0.003905752516268235 97
1694631815135 -0.003901609583913279 98
1694631815178 -0.0038974551711588035 99
1694631815235 -0.003893289255774146 100
1694631815280 -0.0038891118154893434 101
1694631815333 -0.0038849228279995707 102
1694631815382 -0.003880722270959147 103
1694631815447 -0.0038765101219868647 104
1694631815510 -0.0038722863586611034 105
1694631815561 -0.0038680509585236056 106
1694631815642 -0.003863803899077478 107
1694631815701 -0.0038595451577894124 108
1694631815756 -0.0038552747120850217 109
1694631815807 -0.003850992539354392 110
1694631815856 -0.003846698616946753 111
1694631815901 -0.0038423929221735875 112
1694631815941 -0.003838075432311072 113
1694631815974 -0.0038337461245916415 114
1694631816011 -0.0038294049762139792 115
1694631816047 -0.0038250519643352465 116
1694631816085 -0.0038206870660757453 117
1694631816124 -0.003816310258515143 118
1694631816164 -0.0038119215186962485 119
1694631816213 -0.003807520823623012 120
1694631816260 -0.0038031081502580832 121
1694631816307 -0.003798683475528808 122
1694631816352 -0.0037942467763214527 123
1694631816389 -0.0037897980294836486 124
1694631816453 -0.003785337211824169 125
1694631816515 -0.0037808643001127074 126
1694631816570 -0.0037763792710807653 127
1694631816617 -0.00377188210141699 128
1694631816658 -0.003767372767775834 129
1694631816712 -0.0037628512467697828 130
1694631816756 -0.0037583175149720205 131
1694631816798 -0.003753771548916651 132
1694631816837 -0.003749213325098477 133
1694631816882 -0.0037446428199729986 134
1694631816921 -0.003740060009955082 135
1694631816967 -0.0037354648714218452 136
1694631817012 -0.0037308573807095513 137
1694631817056 -0.003726237514113606 138
1694631817113 -0.0037216052478927786 139
1694631817161 -0.003716960558263427 140
1694631817214 -0.0037123034214030515 141
1694631817254 -0.003707633813449629 142
1694631817316 -0.0037029517105002796 143
1694631817370 -0.0036982570886126 144
1694631817422 -0.003693549923804218 145
1694631817462 -0.0036888301920525723 146
1694631817514 -0.003684097869294467 147
1694631817552 -0.0036793529314282925 148
1694631817618 -0.0036745953543095844 149
1694631817663 -0.0036698251137543547 150
1694631817701 -0.0036650421855404236 151
1694631817754 -0.0036602465454034228 152
1694631817794 -0.0036554381690365734 153
1694631817834 -0.0036506170320977915 154
1694631817879 -0.00364578311019792 155
1694631817927 -0.0036409363789138283 156
1694631817964 -0.003636076813775979 157
1694631818008 -0.0036312043902779756 158
1694631818045 -0.0036263190838714543 159
1694631818082 -0.0036214208699663075 160
1694631818118 -0.0036165097239317934 161
1694631818161 -0.00361158562109809 162
1694631818205 -0.0036066485367529655 163
1694631818256 -0.003601698446142665 164
1694631818300 -0.0035967353244734657 165
1694631818344 -0.003591759146909901 166
1694631818395 -0.003586769888575425 167
1694631818459 -0.003581767524552193 168
1694631818505 -0.0035767520298819466 169
1694631818541 -0.00357172337956313 170
1694631818583 -0.0035666815485555503 171
1694631818637 -0.003561626511773719 172
1694631818688 -0.003556558244095065 173
1694631818739 -0.003551476720353053 174
1694631818796 -0.0035463819153391807 175
1694631818853 -0.0035412738038047564 176
1694631818918 -0.0035361523604586775 177
1694631818966 -0.003531017559966765 178
1694631819007 -0.0035258693769562033 179
1694631819045 -0.003520707786009103 180
1694631819091 -0.003515532761668272 181
1694631819132 -0.0035103442784321093 182
1694631819172 -0.0035051423107590463 183
1694631819216 -0.0034999268330644373 184
1694631819250 -0.0034946978197216705 185
1694631819293 -0.0034894552450621674 186
1694631819338 -0.0034841990833749392 187
1694631819381 -0.0034789293089068085 188
1694631819432 -0.0034736458958630756 189
1694631819473 -0.0034683488184037436 190
1694631819538 -0.0034630380506512903 191
1694631819590 -0.0034577135666804537 192
1694631819651 -0.003452375340528002 193
1694631819704 -0.003447023346184297 194
1694631819753 -0.0034416575576008412 195
1694631819806 -0.003436277948682287 196
1694631819868 -0.0034308844932944282 197
1694631819914 -0.0034254771652590943 198
1694631819952 -0.003420055938352151 199
1694631819991 -0.003414620786311273 200
1694631820034 -0.0034091716828288376 201
1694631820079 -0.003403708601554589 202
1694631820118 -0.003398231516094752 203
1694631820168 -0.003392740400013805 204
1694631820215 -0.003387235226830043 205
1694631820266 -0.0033817159700229027 206
1694631820308 -0.0033761826030251907 207
1694631820373 -0.003370635099227748 208
1694631820424 -0.003365073431978338 209
1694631820468 -0.003359497574580539 210
1694631820535 -0.0033539075002946284 211
1694631820584 -0.0033493925140197778 212
1694631820632 -0.003344865583505774 213
1694631820672 -0.003340326685994155 214
1694631820730 -0.003335775798685825 215
1694631820778 -0.003331212898745939 216
1694631820822 -0.003326637963301904 217
1694631820874 -0.0033220509694427136 218
1694631820943 -0.00331745189422028 219
1694631820990 -0.0033128407146507666 220
1694631821028 -0.0033082174077097015 221
1694631821068 -0.0033035819503368646 222
1694631821099 -0.003298934319434288 223
1694631821141 -0.0032942744918655897 224
1694631821186 -0.0032896024444564187 225
1694631821222 -0.003284918153994898 226
1694631821260 -0.003280221597231847 227
1694631821299 -0.00327551275087945 228
1694631821350 -0.003270791591610811 229
1694631821394 -0.0032660580960635066 230
1694631821458 -0.0032613122408349238 231
1694631821509 -0.003256554002485812 232
1694631821550 -0.0032517833575376187 233
1694631821590 -0.003247000282474044 234
1694631821629 -0.003242204753740374 235
1694631821673 -0.0032373967477434817 236
1694631821716 -0.0032325762408522696 237
1694631821767 -0.003227743209397227 238
1694631821799 -0.003222897629669541 239
1694631821833 -0.003218039477923318 240
1694631821868 -0.0032131687303733614 241
1694631821911 -0.0032082853631940633 242
1694631821952 -0.0032033893525249546 243
1694631822017 -0.003198480674465376 244
1694631822065 -0.003193559305072924 245
1694631822104 -0.0031886252203707777 246
1694631822140 -0.0031836783963412607 247
1694631822189 -0.0031787188089291707 248
1694631822230 -0.0031737464340362287 249
1694631822265 -0.003168761247531293 250
1694631822305 -0.003163763225239924 251
1694631822345 -0.003158752342950155 252
1694631822396 -0.0031537285764109413 253
1694631822440 -0.0031486919013303805 254
1694631822480 -0.0031436422933805996 255
1694631822521 -0.0031385797281922034 256
1694631822575 -0.0031335041813569386 257
1694631822618 -0.00312841562842725 258
1694631822666 -0.003123314044916725 259
1694631822744 -0.0031181994062989826 260
1694631822832 -0.0031130716880083398 261
1694631822891 -0.00310793086543959 262
1694631822948 -0.00310277691394778 263
1694631822991 -0.00309760980885021 264
1694631823029 -0.003092429525419327 265
1694631823079 -0.003087236038894936 266
1694631823121 -0.003082029324472435 267
1694631823160 -0.0030768093573085853 268
1694631823211 -0.0030715761125212904 269
1694631823245 -0.0030663295651858213 270
1694631823284 -0.003061069690342144 271
1694631823349 -0.0030557964629842616 272
1694631823418 -0.0030505098580722034 273
1694631823490 -0.003045209850523145 274
1694631823554 -0.0030398964152127395 275
1694631823600 -0.0030345695269777817 276
1694631823638 -0.0030292291606175414 277
1694631823680 -0.003023875290885547 278
1694631823721 -0.003018507892500466 279
1694631823770 -0.003013126940137445 280
1694631823837 -0.003007732408432995 281
1694631823891 -0.003002324271980328 282
1694631823948 -0.0029969025053360188 283
1694631824005 -0.002991467083013788 284
1694631824072 -0.0029860179794873876 285
1694631824115 -0.0029805551691899357 286
1694631824162 -0.0029750786265143603 287
1694631824210 -0.0029695883258107347 288
1694631824253 -0.002964084241392273 289
1694631824297 -0.002958566347528002 290
1694631824348 -0.0029530346184478695 291
1694631824393 -0.002947489028340522 292
1694631824430 -0.0029419295513537502 293
1694631824486 -0.0029363561615936007 294
1694631824538 -0.0029307688331265958 295
1694631824580 -0.0029251675399768473 296
1694631824618 -0.002919552256128277 297
1694631824663 -0.002913922955523951 298
1694631824709 -0.0029082796120629695 299
1694631824750 -0.002902622199607796 300
1694631824797 -0.0028969506919758192 301
1694631824843 -0.0028912650629453474 302
1694631824895 -0.0028855652862516123 303
1694631824934 -0.002879851335590544 304
1694631824978 -0.00287412318461322 305
1694631825030 -0.0028683808069329686 306
1694631825066 -0.002862624176119599 307
1694631825108 -0.002856853265702952 308
1694631825148 -0.002851068049166683 309
1694631825196 -0.0028452684999591416 310
1694631825256 -0.0028394545914831593 311
1694631825299 -0.0028336262970989345 312
1694631825347 -0.00282778359012803 313
1694631825406 -0.002821926443848488 314
1694631825450 -0.00281605483149594 315
1694631825511 -0.0028101687262640507 316
1694631825555 -0.0028042681013062953 317
1694631825595 -0.002798352929731962 318
1694631825651 -0.002792423184610371 319
1694631825710 -0.0027864788389651007 320
1694631825776 -0.002780519865782205 321
1694631825819 -0.0027745462380011077 322
1694631825856 -0.002768557928523485 323
1694631825896 -0.0027625549102048286 324
1694631825944 -0.002756537155860439 325
1694631825983 -0.0027505046382616527 326
1694631826028 -0.0027444573301391717 327
1694631826077 -0.0027383952041797333 328
1694631826119 -0.00273231823302833 329
1694631826166 -0.002726226389287767 330
1694631826217 -0.002720119645515995 331
1694631826262 -0.002713997974229887 332
1694631826316 -0.002707861347905016 333
1694631826358 -0.0027017097389723244 334
1694631826401 -0.002695543119821231 335
1694631826440 -0.002689361462794526 336
1694631826489 -0.002683164740198807 337
1694631826542 -0.0026769529242900436 338
1694631826583 -0.002670725987288236 339
1694631826624 -0.0026644839013665322 340
1694631826666 -0.0026582266386552256 341
1694631826711 -0.002651954171242643 342
1694631826748 -0.0026456664711718147 343
1694631826788 -0.0026393635104458024 344
1694631826830 -0.002633045261022149 345
1694631826874 -0.0026267116948162084 346
1694631826916 -0.00262036278369715 347
1694631826956 -0.0026139984994952847 348
1694631827019 -0.002607618813995627 349
1694631827071 -0.002601223698936561 350
1694631827111 -0.0025948131260180585 351
1694631827151 -0.0025883870668943487 352
1694631827190 -0.0025819454931739205 353
1694631827230 -0.0025754883764252945 354
1694631827272 -0.002569015688171472 355
1694631827313 -0.002562527399891934 356
1694631827363 -0.00255602348302042 357
1694631827403 -0.002549503908951589 358
1694631827454 -0.002542968649031252 359
1694631827512 -0.0025364176745632516 360
1694631827547 -0.002529850956809021 361
1694631827590 -0.00252326846698403 362
1694631827629 -0.0025166701762606714 363
1694631827664 -0.0025100560557662632 364
1694631827695 -0.002503426076584603 365
1694631827730 -0.0024967802097557446 366
1694631827763 -0.002490118426274446 367
1694631827797 -0.0024834406970923872 368
1694631827837 -0.0024767469931159525 369
1694631827872 -0.0024700372852080044 370
1694631827925 -0.0024633115441861086 371
1694631827969 -0.0024565697408249765 372
1694631828012 -0.0024498118458513574 373
1694631828058 -0.002443037829952921 374
1694631828108 -0.0024362476637664887 375
1694631828146 -0.0024294413178900243 376
1694631828188 -0.0024226187628741958 377
1694631828234 -0.002415779969222598 378
1694631828277 -0.0024089249073995234 379
1694631828321 -0.002402053547819749 380
1694631828369 -0.0023951658608556414 381
1694631828410 -0.0023882618168336034 382
1694631828452 -0.0023813413860362953 383
1694631828505 -0.002374404538699748 384
1694631828540 -0.002367451245016472 385
1694631828587 -0.002360481475133014 386
1694631828662 -0.002353495199151512 387
1694631828714 -0.002346492387129251 388
1694631828758 -0.0023394730090764426 389
1694631828810 -0.0023324370349586676 390
1694631828860 -0.00232538443469954 391
1694631828908 -0.002318315178173158 392
1694631828966 -0.0023112292352105435 393
1694631829008 -0.002304126575595644 394
1694631829062 -0.0022970071690688876 395
1694631829099 -0.002289870985324516 396
1694631829140 -0.002282717994011252 397
1694631829183 -0.002275548164730301 398
1694631829226 -0.0022683614670409025 399
1694631829291 -0.0022611578704541113 400
1694631829334 -0.002253937344436352 401
1694631829374 -0.0022466998584085296 402
1694631829411 -0.0022394453817431437 403
1694631829451 -0.002232173883769839 404
1694631829497 -0.0022248853337731855 405
1694631829534 -0.002217579700987571 406
1694631829579 -0.0022102569546058604 407
1694631829623 -0.0022029170637722917 408
1694631829661 -0.0021955599975864715 409
1694631829700 -0.002188185725100933 410
1694631829733 -0.002180794215322912 411
1694631829766 -0.0021733854372127936 412
1694631829802 -0.002165959359684999 413
1694631829838 -0.0021585159516082086 414
1694631829877 -0.002151055181803585 415
1694631829919 -0.00214357701904877 416
1694631829956 -0.002136081432070114 417
1694631829999 -0.0021285683895526653 418
1694631830034 -0.002121037860132624 419
1694631830078 -0.0021134898124002266 420
1694631830114 -0.0021059242148970814 421
1694631830154 -0.0020983410361221644 422
1694631830191 -0.0020907402445247136 423
1694631830231 -0.002083121808509114 424
1694631830278 -0.0020754856964324553 425
1694631830324 -0.0020678318766025328 426
1694631830374 -0.002060160317286286 427
1694631830420 -0.0020524709866969193 428
1694631830461 -0.0020447638530070034 429
1694631830507 -0.0020370388843380383 430
1694631830541 -0.002029296048766005 431
1694631830576 -0.0020215353143202552 432
1694631830608 -0.002013756648982401 433
1694631830648 -0.002005960020687425 434
1694631830690 -0.0019981453973236807 435
1694631830729 -0.001990312746729561 436
1694631830767 -0.001982462036700827 437
1694631830808 -0.0019745932349828355 438
1694631830849 -0.001966706309274535 439
1694631830892 -0.001958801227227802 440
1694631830942 -0.0019508779564465506 441
1694631830984 -0.0019429364644880653 442
1694631831022 -0.0019349767188612255 443
1694631831068 -0.001926998687029391 444
1694631831118 -0.0019190023364055175 445
1694631831181 -0.0019109876343557097 446
1694631831217 -0.001902954548202107 447
1694631831268 -0.0018949030452148907 448
1694631831319 -0.0018868330926187227 449
1694631831358 -0.0018787446575898592 450
1694631831396 -0.0018706377072554847 451
1694631831434 -0.0018625122086981527 452
1694631831465 -0.0018543681289502345 453
1694631831507 -0.0018462054349974721 454
1694631831546 -0.0018380240937769798 455
1694631831598 -0.0018298240721768 456
1694631831649 -0.0018216053370394558 457
1694631831704 -0.0018133678551579546 458
1694631831759 -0.001805111593277564 459
1694631831817 -0.0017968365180955903 460
1694631831851 -0.0017885425962607115 461
1694631831891 -0.0017802297943740886 462
1694631831927 -0.0017718980789882544 463
1694631831966 -0.0017635474166071141 464
1694631832004 -0.0017551777736870555 465
1694631832055 -0.0017467891166360605 466
1694631832106 -0.0017383814118130392 467
1694631832153 -0.0017299546255298281 468
1694631832206 -0.0017215087240465277 469
1694631832254 -0.0017130436735799393 470
1694631832311 -0.0017045594402940178 471
1694631832359 -0.001696055990306533 472
1694631832406 -0.0016875332896848505 473
1694631832454 -0.0016789913044503724 474
1694631832512 -0.0016704300005707662 475
1694631832554 -0.001661849343971289 476
1694631832599 -0.001653249300525239 477
1694631832638 -0.0016446298360552891 478
1694631832677 -0.0016359909163394803 479
1694631832717 -0.0016273325071038958 480
1694631832757 -0.0016186545740271008 481
1694631832809 -0.0016099570827377008 482
1694631832858 -0.0016012399988161174 483
1694631832901 -0.0015925032877939227 484
1694631832959 -0.0015837469151538386 485
1694631833015 -0.0015749708463264067 486
1694631833063 -0.0015661750466968716 487
1694631833114 -0.001557359481602072 488
1694631833155 -0.0015485241163237795 489
1694631833194 -0.0015396689161009114 490
1694631833234 -0.0015307938461199821 491
1694631833276 -0.0015218988715193227 492
1694631833335 -0.0015129839573855275 493
1694631833376 -0.0015040490687578956 494
1694631833426 -0.0014950941706282084 495
1694631833472 -0.0014861192279334023 496
1694631833526 -0.001477124205566227 497
1694631833571 -0.0014681090683683617 498
1694631833608 -0.001459073781127973 499
1694631833643 -0.0014500183085901508 500
1694631833681 -0.0014409426154469163 501
1694631833722 -0.0014318466663383322 502
1694631833760 -0.0014227304258604967 503
1694631833795 -0.0014135938585531083 504
1694631833836 -0.001404436928913455 505
1694631833881 -0.0013952596013808716 506
1694631833937 -0.0013860618403522817 507
1694631834005 -0.0013768436101699866 508
1694631834051 -0.0013676048751292136 509
1694631834108 -0.0013583455994710114 510
1694631834151 -0.0013490657473917977 511
1694631834191 -0.0013397652830355877 512
1694631834233 -0.001330444170493772 513
1694631834276 -0.00132110237381311 514
1694631834337 -0.0013117398569841843 515
1694631834405 -0.00130235658395228 516
1694631834462 -0.0012929525186102797 517
1694631834516 -0.0012835276248011063 518
1694631834568 -0.0012740818663186104 519
1694631834629 -0.001264615206902464 520
1694631834677 -0.0012551276102454878 521
1694631834741 -0.0012456190399914302 522
1694631834796 -0.0012375489553460017 523
1694631834838 -0.001229460311980679 524
1694631834901 -0.0012213530766940206 525
1694631834958 -0.0012132272162352908 526
1694631834997 -0.0012050826973115658 527
1694631835035 -0.001196919486577519 528
1694631835077 -0.0011887375506425268 529
1694631835119 -0.0011805368560682261 530
1694631835159 -0.0011723173693656275 531
1694631835196 -0.001164079057002887 532
1694631835237 -0.0011558218853973123 533
1694631835288 -0.0011475458209195821 534
1694631835335 -0.001139250829892191 535
1694631835374 -0.001130936878587896 536
1694631835429 -0.0011226039332363769 537
1694631835489 -0.001114251960013135 538
1694631835541 -0.0011058809250517054 539
1694631835584 -0.0010974907944341084 540
1694631835632 -0.001089081534196179 541
1694631835692 -0.0010806531103231265 542
1694631835747 -0.0010722054887535304 543
1694631835794 -0.001063738635379563 544
1694631835860 -0.0010552525160432147 545
1694631835903 -0.001046747096538736 546
1694631835943 -0.001038222342612416 547
1694631835988 -0.0010296782199619159 548
1694631836034 -0.0010211146942367133 549
1694631836079 -0.0010125317310381021 550
1694631836119 -0.0010039292959203028 551
1694631836168 -0.000995307354384467 552
1694631836207 -0.0009866658718900023 553
1694631836251 -0.0009780048138434694 554
1694631836297 -0.0009693241456043555 555
1694631836345 -0.0009606238324832983 556
1694631836381 -0.0009519038397418633 557
1694631836423 -0.0009431641325936546 558
1694631836467 -0.0009344046762038705 559
1694631836511 -0.0009256254356881932 560
1694631836553 -0.0009168263761152318 561
1694631836599 -0.0009080074625051893 562
1694631836646 -0.000899168659824312 563
1694631836686 -0.0008903099329973241 564
1694631836733 -0.0008814312468954366 565
1694631836791 -0.0008725325663432315 566
1694631836831 -0.0008636138561157747 567
1694631836886 -0.0008546750809363957 568
1694631836952 -0.0008457162054853473 569
1694631836999 -0.0008367371943893698 570
1694631837039 -0.0008277380122274636 571
1694631837098 -0.0008187186235300015 572
1694631837155 -0.0008096789927793946 573
1694631837205 -0.0008006190844036531 574
1694631837250 -0.000791538862789487 575
1694631837293 -0.0007824382922687612 576
1694631837336 -0.0007733173371260449 577
1694631837377 -0.0007641759615970578 578
1694631837411 -0.0007550141298680035 579
1694631837457 -0.0007458318060746816 580
1694631837517 -0.00073662895430604 581
1694631837644 -0.0007274055385981804 582
1694631837690 -0.0007181615229405747 583
1694631837726 -0.0007088968712734012 584
1694631837768 -0.0006996115474862119 585
1694631837805 -0.0006903055154203752 586
1694631837846 -0.0006809787388639688 587
1694631837884 -0.0006716311815613274 588
1694631837925 -0.0006622628072037173 589
1694631837966 -0.000652873579433999 590
1694631838012 -0.0006434634618421864 591
1694631838056 -0.0006340324179747725 592
1694631838107 -0.0006245804113238496 593
1694631838149 -0.0006151074053333261 594
1694631838195 -0.0006056133633973726 595
1694631838248 -0.0005960982488601996 596
1694631838305 -0.0005865620250162795 597
1694631838363 -0.0005770046551116792 598
1694631838412 -0.0005674261023380645 599
1694631838461 -0.0005578263298440245 600
1694631838506 -0.0005482053007228593 601
1694631838548 -0.0005385629780219059 602
1694631838585 -0.0005288993247325458 603
1694631838624 -0.0005192143038048602 604
1694631838664 -0.0005095078781296447 605
1694631838701 -0.0004997800105559502 606
1694631838749 -0.0004900306638784269 607
1694631838798 -0.00048025980084021036 608
1694631838848 -0.0004704673841382512 609
1694631838898 -0.00046065337641798543 610
1694631838944 -0.0004508177402724467 611
1694631838980 -0.00044096043824626285 612
1694631839016 -0.00043108143283565603 613
1694631839057 -0.0004211806864842238 614
1694631839100 -0.00041125816158538164 615
1694631839144 -0.00040131382048413933 616
1694631839201 -0.00039134762547132773 617
1694631839241 -0.00038135953879048223 618
1694631839279 -0.00037134952263606635 619
1694631839320 -0.00036131753914903086 620
1694631839360 -0.0003512635504214767 621
1694631839398 -0.00034118751849443463 622
1694631839439 -0.0003310894053591973 623
1694631839481 -0.00032096917295709737 624
1694631839527 -0.00031082678317417844 625
1694631839572 -0.00030066219785362946 626
1694631839612 -0.0002904753787829062 627
1694631839648 -0.0002802662877001705 628
1694631839699 -0.0002700348862938462 629
1694631839747 -0.00025978113619817833 630
1694631839808 -0.0002495049990014486 631
1694631839866 -0.00023920643623975835 632
1694631839906 -0.00022888540939636215 633
1694631839957 -0.00021854187990655305 634
1694631840008 -0.00020817580915122313 635
1694631840068 -0.0001977871584659674 636
1694631840115 -0.00018737588913086967 637
1694631840168 -0.00017694196237716397 638
1694631840211 -0.00016648533938479204 639
1694631840260 -0.00015600598128240328 640
1694631840331 -0.00014550384914957526 641
1694631840370 -0.00013497890401215074 642
1694631840406 -0.00012443110684667857 643
1694631840444 -0.0001138604185777492 644
1694631840483 -0.00010326680008154732 645
1694631840527 -9.265021218096692e-05 646
1694631840566 -8.201061564894196e-05 647
1694631840603 -7.134797120378344e-05 648
1694631840645 -6.0662239518949335e-05 649
1694631840694 -4.995338121327464e-05 650
1694631840734 -3.922135685141548e-05 651
1694631840789 -2.8466126953174964e-05 652
1694631840839 -1.7687651983733232e-05 653
1694631840902 -6.8858923574222075e-06 654
1694631840958 3.939191563162581e-06 655
1694631841016 1.4787639465607683e-05 656
1694631841072 2.5659491088569908e-05 657
1694631841116 3.655478622344166e-05 658
1694631841157 4.7473564710465155e-05 659
1694631841213 5.841586644594887e-05 660
1694631841252 6.938173137149839e-05 661
1694631841316 8.037119948378635e-05 662
1694631841373 9.138431083000054e-05 663
1694631841409 0.00010242110550806593 664
1694631841450 0.00011348162366897618 665
1694631841498 0.00012456590551379598 666
1694631841553 0.00013567399129399416 667
1694631841601 0.0001468059213171058 668
1694631841637 0.0001579617359350749 669
1694631841680 0.00016914147555890935 670
1694631841732 0.00018034518064491412 671
1694631841785 0.00019157289170368408 672
1694631841837 0.00020282464929743949 673
1694631841880 0.00021410049404013698 674
1694631841925 0.0002254004665950271 675
1694631841981 0.0002367246076815377 676
1694631842024 0.0002480729580670582 677
1694631842061 0.00025944555857093654 678
1694631842098 0.00027084245006447905 679
1694631842134 0.00028226367347183867 680
1694631842172 0.0002937092697676835 681
1694631842213 0.00030517927997864014 682
1694631842254 0.0003166737451831825 683
1694631842290 0.0003281927065117429 684
1694631842341 0.000339736205145047 685
1694631842393 0.0003513042823196644 686
1694631842431 0.0003628969793184611 687
1694631842481 0.00037451433747826 688
1694631842536 0.00038615639819206127 689
1694631842583 0.0003978232028968298 690
1694631842627 0.00040951479308726224 691
1694631842668 0.00042123121030746 692
1694631842716 0.0004329724961544823 693
1694631842753 0.00044473869227645846 694
1694631842794 0.00045652984037358735 695
1694631842841 0.00046834598219902546 696
1694631842904 0.0004801871595552232 697
1694631842955 0.0004920534143008082 698
1694631843008 0.0005039447883438131 699
1694631843063 0.0005158613236414533 700
1694631843108 0.0005278030622100083 701
1694631843160 0.0005397700461106103 702
1694631843207 0.0005517623174592368 703
1694631843263 0.000563779918426377 704
1694631843324 0.0005758228912319252 705
1694631843369 0.0005878912781467349 706
1694631843421 0.0005999851214960605 707
1694631843467 0.0006121044636550055 708
1694631843518 0.0006242493470555166 709
1694631843565 0.0006364198141743937 710
1694631843597 0.0006486159075479447 711
1694631843632 0.0006608376697574414 712
1694631843667 0.0006730851434431084 713
1694631843714 0.0006853583712927991 714
1694631843757 0.0006976573960491006 715
1694631843822 0.00070998226050345 716
1694631843873 0.0007223330075017964 717
1694631843908 0.0007347096799437125 718
1694631843950 0.0007471123207798414 719
1694631843993 0.0007595409730098979 720
1694631844043 0.0007719956796889971 721
1694631844080 0.000784476483926877 722
1694631844118 0.0007969834288792388 723
1694631844157 0.0008095165577585162 724
1694631844209 0.000822075913828435 725
1694631844245 0.0008346615404045687 726
1694631844301 0.0008472734808552262 727
1694631844342 0.0008599117786005639 728
1694631844382 0.0008725764771133626 729
1694631844416 0.0008852676199184728 730
1694631844458 0.0008979852505933694 731
1694631844501 0.0009107294127675969 732
1694631844541 0.0009235001501229911 733
1694631844574 0.0009362975063936796 734
1694631844630 0.0009491215253660812 735
1694631844667 0.0009619722508799056 736
1694631844718 0.0009748497268254885 737
1694631844759 0.0009877539971456795 738
1694631844802 0.00100068510584006 739
1694631844845 0.0010136430969533983 740
1694631844888 0.0010266280145874163 741
1694631844939 0.0010396399028943515 742
1694631844989 0.0010526788060826187 743
1694631845042 0.0010657447684072618 744
1694631845088 0.0010788378341781701 745
1694631845167 0.0010919580477602997 746
1694631845226 0.0011051054535676785 747
1694631845279 0.0011182800960686246 748
1694631845336 0.0011314820197811937 749
1694631845412 0.0011447112692773986 750
1694631845490 0.0011579678891852074 751
1694631845559 0.0011712519241786623 752
1694631845616 0.0011845634189870946 753
1694631845655 0.001197902418395902 754
1694631845694 0.0012112689672362231 755
1694631845753 0.0012246631103955963 756
1694631845793 0.001238084892813851 757
1694631845846 0.0012515343594824424 758
1694631845890 0.001265011555445228 759
1694631845954 0.0012785165257992448 760
1694631846018 0.0012920493156932666 761
1694631846060 0.0013056099703285806 762
1694631846117 0.0013191985349584323 763
1694631846174 0.0013328150548921336 764
1694631846216 0.0013464595754852926 765
1694631846258 0.0013601321421489176 766
1694631846303 0.001373832800349195 767
1694631846350 0.0013875615956020493 768
1694631846392 0.0014013185734740308 769
1694631846435 0.0014151037795866461 770
1694631846477 0.0014289172596141375 771
1694631846521 0.0014427590592807071 772
1694631846563 0.0014566292243682888 773
1694631846602 0.0014705278007030032 774
1694631846647 0.0014844548341729213 775
1694631846690 0.0014984103707095242 776
1694631846730 0.0015123944563030234 777
1694631846770 0.0015264071369929244 778
1694631846811 0.0015404484588713574 779
1694631846848 0.001554518468087518 780
1694631846891 0.0015686172108337892 781
1694631846928 0.0015827447333653932 782
1694631846972 0.0015969010819815166 783
1694631847016 0.0016110863030383005 784
1694631847055 0.0016253004429429563 785
1694631847094 0.00163954354815532 786
1694631847141 0.001653815665186631 787
1694631847203 0.0016681168406045277 788
1694631847262 0.0016824471210230563 789
1694631847314 0.0016968065531122178 790
1694631847355 0.001711195183593861 791
1694631847401 0.001725613059242459 792
1694631847463 0.0017400602268841103 793
1694631847539 0.001754536733397316 794
1694631847602 0.00176904262571409 795
1694631847659 0.0017835779508171834 796
1694631847700 0.0017981427557429708 797
1694631847741 0.0018127370875791193 798
1694631847809 0.0018273609934664758 799
1694631847846 0.0018420145205979566 800
1694631847894 0.0018566977162171039 801
1694631847967 0.0018714106276237485 802
1694631848038 0.0018861533021680144 803
1694631848101 0.001900925787248986 804
1694631848143 0.0019157281303224805 805
1694631848185 0.001930560378894941 806
1694631848236 0.0019454225805248804 807
1694631848296 0.001960314782823769 808
1694631848336 0.001975237033454147 809
1694631848372 0.001990189380132068 810
1694631848408 0.002005171870625322 811
1694631848463 0.0020201845527531015 812
1694631848519 0.0020352274743881127 813
1694631848581 0.0020503006834542425 814
1694631848636 0.0020654042279280027 815
1694631848682 0.0020805381558380853 816
1694631848736 0.0020957025152638087 817
1694631848782 0.0021108973543416676 818
1694631848828 0.002126122721253232 819
1694631848868 0.0021413786642353605 820
1694631848903 0.0021566652315805346 821
1694631848944 0.0021719824716268654 822
1694631848987 0.0021873304327687526 823
1694631849036 0.002202709163451 824
1694631849089 0.0022181187121709245 825
1694631849141 0.0022335591274805777 826
1694631849200 0.002249030457978085 827
1694631849271 0.0022645327523178604 828
1694631849337 0.0022800660592041666 829
1694631849393 0.002295630427398221 830
1694631849441 0.0023112259057054274 831
1694631849502 0.002326852542988478 832
1694631849554 0.002342510388160246 833
1694631849596 0.002358199490185786 834
1694631849638 0.0023739198980817777 835
1694631849684 0.002389671660917858 836
1694631849737 0.0024054548278137355 837
1694631849774 0.002421269447942298 838
1694631849812 0.002437115570527504 839
1694631849851 0.0024529932448457137 840
1694631849894 0.0024689025202235815 841
1694631849940 0.0024848434460439384 842
1694631849987 0.0025008160717345795 843
1694631850030 0.0025168204467795885 844
1694631850070 0.00253285662071423 845
1694631850111 0.002548924643124284 846
1694631850173 0.002565024563648488 847
1694631850224 0.00258115643197554 848
1694631850276 0.0025973202978477605 849
1694631850340 0.0026135162110560994 850
1694631850406 0.002629744221448682 851
1694631850499 0.002646004378918154 852
1694631850552 0.0026622967334122283 853
1694631850597 0.0026786213349319077 854
1694631850635 0.0026949782335274897 855
1694631850674 0.0027113674792994535 856
1694631850713 0.002727789122400237 857
1694631850748 0.0027442432130379 858
1694631850787 0.0027607298014681314 859
1694631850824 0.002777248937994803 860
1694631850864 0.00279380067298185 861
1694631850906 0.0028103850568362843 862
1694631850943 0.002827002140020296 863
1694631850985 0.002843651973045258 864
1694631851029 0.0028603346064793866 865
1694631851073 0.0028770500909340857 866
1694631851123 0.0028937984770770475 867
1694631851165 0.0029105798156260354 868
1694631851215 0.002927394157349106 869
1694631851259 0.0029442415530668287 870
1694631851309 0.0029611220536484018 871
1694631851354 0.002978035710019533 872
1694631851416 0.0029949825731497848 873
1694631851472 0.0030119626940631195 874
1694631851537 0.003028976123838234 875
1694631851575 0.0030460229135955696 876
1694631851629 0.003063103114517407 877
1694631851675 0.00308021677782766 878
1694631851717 0.003097363954805532 879
1694631851760 0.003114544696781185 880
1694631851807 0.00313175905513452 881
1694631851866 0.0031490070812961735 882
1694631851916 0.003166288826747854 883
1694631851962 0.0031836043430222283 884
1694631852008 0.0032009536817018125 885
1694631852050 0.003218336894420526 886
1694631852089 0.00323575403286247 887
1694631852131 0.0032532051487615954 888
1694631852174 0.003270690293904921 889
1694631852209 0.0032882095201275385 890
1694631852248 0.0033057628793161653 891
1694631852322 0.0033233504234080335 892
1694631852384 0.003340972204388115 893
1694631852421 0.003358628274295228 894
1694631852489 0.00337631868521715 895
1694631852553 0.0033940434892917315 896
1694631852597 0.003411802738707892 897
1694631852637 0.0034295964857039563 898
1694631852679 0.0034474247825688753 899
1694631852729 0.00346528768164156 900
1694631852787 0.0034831852353108816 901
1694631852847 0.003501117496016115 902
1694631852905 0.0035190845162467177 903
1694631852981 0.0035370863485415516 904
1694631853032 0.003555123045489661 905
1694631853084 0.003573194659730494 906
1694631853133 0.0035913012439527936 907
1694631853193 0.0036094428508948173 908
1694631853232 0.00362761953334767 909
1694631853267 0.003645831344146977 910
1694631853310 0.003664078336181986 911
1694631853359 0.003682360562389131 912
1694631853405 0.003700678075758468 913
1694631853452 0.003719030929326572 914
1694631853509 0.0037374191761783138 915
1694631853552 0.003755842869450965 916
1694631853591 0.0037743020623298706 917
1694631853634 0.003792796808050114 918
1694631853686 0.0038113271598952947 919
1694631853733 0.0038298931712029693 920
1694631853769 0.003848494895351884 921
1694631853813 0.0038671323857767392 922
1694631853873 0.0038858056959569787 923
1694631853916 0.0039045148794276674 924
1694631853958 0.003923259989763617 925
1694631854006 0.003942041080598813 926
1694631854062 0.003960858205608098 927
1694631854123 0.003979711418518828 928
1694631854169 0.003998600773106542 929
1694631854208 0.004017526323199627 930
1694631854253 0.004036488122667992 931
1694631854301 0.004055486225435945 932
1694631854345 0.004074520685474203 933
1694631854385 0.004093591556803 934
1694631854423 0.0041126988934904185 935
1694631854474 0.004131842749655501 936
1694631854524 0.0041510231794633645 937
1694631854569 0.004170240237129863 938
1694631854611 0.004189493976914371 939
1694631854658 0.004208784453130887 940
1694631854704 0.004228111720137817 941
1694631854744 0.00424747583234375 942
1694631854777 0.004266876844203793 943
1694631854819 0.004286314810225789 944
1694631854864 0.004305789784959213 945
1694631854907 0.00432530182300539 946
1694631854956 0.004344850979013493 947
1694631855018 0.004364437307680213 948
1694631855070 0.004384060863748873 949
1694631855113 0.0044037217020159725 950
1694631855158 0.004423419877318868 951
1694631855206 0.0044431554445460986 952
1694631855249 0.004462928458634052 953
1694631855303 0.004482738974566636 954
1694631855349 0.004502587047374718 955
1694631855396 0.0045224727321377944 956
1694631855435 0.004542396083980105 957
1694631855486 0.004562357158080177 958
1694631855556 0.004582356009653621 959
1694631855621 0.004602392693974333 960
1694631855687 0.00462246726635418 961
1694631855753 0.00464257978215632 962
1694631855819 0.004662730296794648 963
1694631855867 0.004682918865722696 964
1694631855909 0.0047031455444462855 965
1694631855973 0.004723410388516758 966
1694631856042 0.0047437134535323056 967
1694631856169 0.004764054795137973 968
1694631856277 0.004784434469024879 969
1694631856321 0.0048048525309334345 970
1694631856361 0.004825309036649683 971
1694631856404 0.004845804042002855 972
1694631856445 0.004866337602873139 973
1694631856490 0.004886909775185022 974
1694631856538 0.004907520614910399 975
1694631856595 0.004928170178066682 976
1694631856665 0.004948858520718136 977
1694631856722 0.004969585698975321 978
1694631856783 0.004990351768995094 979
1694631856836 0.005011156786979498 980
1694631856892 0.005032000809177539 981
1694631856942 0.005052883891882631 982
1694631856984 0.005073806091439259 983
1694631857025 0.0050947674642283225 984
1694631857064 0.005115768066687343 985
1694631857113 0.005136807955289702 986
1694631857160 0.0051578871865631815 987
1694631857216 0.005179005817073978 988
1694631857255 0.005200163903436139 989
1694631857318 0.005221361502313782 990
1694631857360 0.005242598670407883 991
1694631857421 0.005263875464471601 992
1694631857473 0.005285191941300171 993
1694631857537 0.005306548157734681 994
1694631857603 0.005327944170661625 995
1694631857647 0.005349380037010909 996
1694631857705 0.005370855813761177 997
1694631857753 0.005392371557933484 998
1694631857794 0.0054139273265909615 999
