1694631810634 178.38336697351738 0
1694631810696 178.02421347832433 1
1694631810755 177.66580145205177 2
1694631810818 177.30812934176086 3
1694631810948 176.9511955978035 4
1694631810996 176.5949986738153 5
1694631811037 176.2395370267087 6
1694631811081 175.8848091166656 7
1694631811124 175.5308134071306 8
1694631811172 175.17754836480404 9
1694631811218 174.8250124596347 10
1694631811265 174.47320416481315 11
1694631811314 174.1221219567646 12
1694631811366 173.7717643151421 13
1694631811409 173.42212972281934 14
1694631811459 173.0732166658842 15
1694631811514 172.72502363363134 16
1694631811564 172.37754911855563 17
1694631811630 172.03079161634528 18
1694631811683 171.68736259481489 19
1694631811728 171.34463962587063 20
1694631811777 171.00262123403255 21
1694631811819 170.6613059469436 22
1694631811857 170.32069229536276 23
1694631811904 169.9807788131584 24
1694631811939 169.6415640373017 25
1694631812006 169.30304650785985 26
1694631812047 168.96522476798958 27
1694631812085 168.62809736393038 28
1694631812127 168.29166284499794 29
1694631812172 167.95591976357753 30
1694631812212 167.62086667511758 31
1694631812247 167.2865021381228 32
1694631812284 166.95282471414797 33
1694631812322 166.61983296779104 34
1694631812386 166.2875254666869 35
1694631812453 165.95590078150076 36
1694631812515 165.62495748592167 37
1694631812570 165.2946941566559 38
1694631812614 164.96510937342072 39
1694631812656 164.63620171893774 40
1694631812706 164.30796977892658 41
1694631812747 163.98041214209832 42
1694631812787 163.65352740014924 43
1694631812829 163.32731414775438 44
1694631812869 163.001770982561 45
1694631812908 162.67689650518244 46
1694631812946 162.3526893191916 47
1694631812984 162.02914803111472 48
1694631813020 161.7062712504248 49
1694631813055 161.38405758953573 50
1694631813118 161.06250566379552 51
1694631813173 160.74161409148027 52
1694631813220 160.42138149378783 53
1694631813264 160.10180649483158 54
1694631813306 159.78288772163407 55
1694631813351 159.464623804121 56
1694631813388 159.14701337511474 57
1694631813429 158.83005507032829 58
1694631813469 158.513747528359 59
1694631813530 158.19808939068258 60
1694631813571 157.88307930164663 61
1694631813606 157.56871590846475 62
1694631813641 157.25499786121017 63
1694631813687 156.94192381280988 64
1694631813746 156.62949241903837 65
1694631813796 156.31770233851142 66
1694631813840 156.0065522326804 67
1694631813875 155.69604076582564 68
1694631813920 155.38616660505093 69
1694631813965 155.07692842027697 70
1694631814007 154.76832488423582 71
1694631814051 154.4603546724645 72
1694631814097 154.15301646329914 73
1694631814138 153.846308937869 74
1694631814186 153.54023078009044 75
1694631814229 153.234780676661 76
1694631814274 152.92995731705338 77
1694631814318 152.62575939350955 78
1694631814360 152.32218560103487 79
1694631814402 152.01923463739203 80
1694631814458 151.71690520309522 81
1694631814504 151.41519600140435 82
1694631814542 151.11410573831895 83
1694631814585 150.81363312257253 84
1694631814625 150.5137768656266 85
1694631814667 150.21453568166478 86
1694631814719 149.9159082875872 87
1694631814751 149.61789340300436 88
1694631814789 149.32048975023162 89
1694631814822 149.02369605428336 90
1694631814861 148.727511042867 91
1694631814901 148.43193344637743 92
1694631814937 148.1369619978913 93
1694631814970 147.842595433161 94
1694631815004 147.54883249060933 95
1694631815042 147.2556719113235 96
1694631815085 146.96311243904947 97
1694631815126 146.67115282018636 98
1694631815169 146.37979180378073 99
1694631815223 146.08902814152088 100
1694631815270 145.7988605877312 101
1694631815319 145.50928789936668 102
1694631815369 145.22030883600695 103
1694631815435 144.93192215985104 104
1694631815499 144.6441266357116 105
1694631815547 144.3569210310092 106
1694631815630 144.07030411576704 107
1694631815690 143.78427466260518 108
1694631815747 143.49883144673493 109
1694631815788 143.2139732459535 110
1694631815848 142.92969884063834 111
1694631815890 142.6460070137417 112
1694631815933 142.36289655078502 113
1694631815966 142.0803662398536 114
1694631816004 141.79841487159086 115
1694631816039 141.51704123919316 116
1694631816072 141.23624413840426 117
1694631816115 140.95602236750966 118
1694631816154 140.67637472733142 119
1694631816201 140.39730002122266 120
1694631816252 140.1187970550622 121
1694631816300 139.84086463724896 122
1694631816343 139.56350157869682 123
1694631816381 139.28670669282909 124
1694631816441 139.01047879557325 125
1694631816491 138.73481670535548 126
1694631816554 138.4597192430955 127
1694631816608 138.18518523220095 128
1694631816649 137.9112134985624 129
1694631816702 137.63780287054786 130
1694631816747 137.3649521789975 131
1694631816786 137.09266025721834 132
1694631816825 136.82092594097918 133
1694631816870 136.549748068505 134
1694631816912 136.27912548047203 135
1694631816958 136.00905702000242 136
1694631817003 135.73954153265876 137
1694631817048 135.47057786643938 138
1694631817103 135.20216487177262 139
1694631817151 134.93430140151196 140
1694631817204 134.66698631093075 141
1694631817245 134.40021845771713 142
1694631817304 134.13399670196858 143
1694631817360 133.86831990618714 144
1694631817413 133.6031869352741 145
1694631817454 133.33859665652483 146
1694631817503 133.07454793962376 147
1694631817543 132.81103965663925 148
1694631817591 132.5480706820185 149
1694631817654 132.28563989258245 150
1694631817690 132.02374616752073 151
1694631817739 131.76238838838663 152
1694631817786 131.50156543909193 153
1694631817824 131.24127620590207 154
1694631817868 130.98151957743096 155
1694631817918 130.72229444463602 156
1694631817955 130.46359970081315 157
1694631817996 130.20543424159183 158
1694631818038 129.94779696493003 159
1694631818071 129.69068677110928 160
1694631818108 129.43410256272966 161
1694631818151 129.17804324470504 162
1694631818193 128.9225077242579 163
1694631818247 128.66749491091454 164
1694631818288 128.4130037165001 165
1694631818332 128.15903305513373 166
1694631818385 127.90558184322364 167
1694631818451 127.65264899946214 168
1694631818497 127.40023344482101 169
1694631818534 127.14833410254634 170
1694631818572 126.89694989815385 171
1694631818621 126.64607975942404 172
1694631818680 126.39572261639732 173
1694631818725 126.14587740136915 174
1694631818786 125.89654304888536 175
1694631818837 125.64771849573715 176
1694631818902 125.39940268095656 177
1694631818957 125.15159454581138 178
1694631818998 124.90429303380068 179
1694631819035 124.65749709064985 180
1694631819083 124.41120566430597 181
1694631819122 124.16541770493286 182
1694631819164 123.92013216490676 183
1694631819206 123.67534799881115 184
1694631819241 123.43106416343232 185
1694631819284 123.18727961775467 186
1694631819331 122.94399332295586 187
1694631819370 122.70120424240227 188
1694631819422 122.45891134164432 189
1694631819463 122.21711358841173 190
1694631819523 121.97580995260898 191
1694631819582 121.73499940631064 192
1694631819639 121.49468092375656 193
1694631819690 121.25485348134765 194
1694631819741 121.01551605764087 195
1694631819791 120.77666763334491 196
1694631819854 120.53830719131543 197
1694631819901 120.30043371655057 198
1694631819940 120.06304619618636 199
1694631819983 119.82614361949214 200
1694631820022 119.5897249778661 201
1694631820068 119.35378926483065 202
1694631820107 119.11833547602788 203
1694631820151 118.88336260921508 204
1694631820205 118.64886966426037 205
1694631820255 118.41485564313791 206
1694631820295 118.1813195499236 207
1694631820357 117.94826039079064 208
1694631820415 117.71567717400494 209
1694631820457 117.48356890992073 210
1694631820518 117.25193461097602 211
1694631820573 117.02088741583452 212
1694631820621 116.79031164525392 213
1694631820663 116.56020632024436 214
1694631820715 116.33057046387307 215
1694631820768 116.10140310126015 216
1694631820813 115.87270325957404 217
1694631820857 115.64446996802734 218
1694631820934 115.41670225787233 219
1694631820983 115.18939916239671 220
1694631821018 114.96255971691929 221
1694631821059 114.73618295878559 222
1694631821091 114.51026792736369 223
1694631821128 114.28481366403976 224
1694631821176 114.05981921221391 225
1694631821214 113.83528361729583 226
1694631821252 113.61120592670062 227
1694631821287 113.38758518984439 228
1694631821340 113.16442045814013 229
1694631821384 112.94171078499346 230
1694631821448 112.71945522579831 231
1694631821498 112.49765283793286 232
1694631821540 112.27630268075515 233
1694631821579 112.05540381559896 234
1694631821620 111.83495530576968 235
1694631821663 111.61495621654004 236
1694631821704 111.39540561514583 237
1694631821758 111.1763025707821 238
1694631821791 110.95764615459855 239
1694631821824 110.73943543969574 240
1694631821858 110.52166950112068 241
1694631821903 110.30434741586289 242
1694631821941 110.08746826285024 243
1694631822006 109.87103112294474 244
1694631822056 109.65503507893858 245
1694631822096 109.43947921554982 246
1694631822133 109.22436261941863 247
1694631822174 109.00968437910292 248
1694631822220 108.79544358507432 249
1694631822257 108.58163932971432 250
1694631822298 108.36827070730993 251
1694631822336 108.15533681404989 252
1694631822388 107.94283674802041 253
1694631822429 107.73076960920142 254
1694631822469 107.51913449946224 255
1694631822514 107.30793052255781 256
1694631822564 107.09715678412458 257
1694631822607 106.88681239167656 258
1694631822654 106.67689645460129 259
1694631822727 106.46740808415593 260
1694631822812 106.25834639346327 261
1694631822881 106.04971049750772 262
1694631822936 105.84149951313144 263
1694631822984 105.63371255903039 264
1694631823021 105.42634875575027 265
1694631823070 105.21940722568289 266
1694631823111 105.01288709306186 267
1694631823152 104.80678748395906 268
1694631823202 104.60110752628049 269
1694631823237 104.39584634976245 270
1694631823274 104.19100308596775 271
1694631823337 103.98657686828169 272
1694631823389 103.7825668319083 273
1694631823469 103.57897211386646 274
1694631823547 103.375791852986 275
1694631823591 103.17302518990392 276
1694631823631 102.97067126706058 277
1694631823671 102.7687292286958 278
1694631823714 102.5671982208451 279
1694631823757 102.36607739133584 280
1694631823822 102.16536588978354 281
1694631823881 101.96506286758792 282
1694631823934 101.76516747792923 283
1694631823994 101.56567887576446 284
1694631824055 101.36659621782361 285
1694631824106 101.16791866260583 286
1694631824149 100.96964537037576 287
1694631824201 100.77177550315966 288
1694631824243 100.57430822474194 289
1694631824287 100.37724270066109 290
1694631824326 100.1805780982063 291
1694631824385 99.98431358641345 292
1694631824421 99.78844833606168 293
1694631824473 99.59298151966941 294
1694631824525 99.39791231149091 295
1694631824569 99.2032398875125 296
1694631824608 99.00896342544888 297
1694631824651 98.81508210473947 298
1694631824701 98.62159510654483 299
1694631824740 98.42850161374292 300
1694631824785 98.23580081092548 301
1694631824833 98.04349188439441 302
1694631824885 97.85157402215818 303
1694631824925 97.66004641392814 304
1694631824969 97.46890825111504 305
1694631825021 97.27815872682524 306
1694631825058 97.08779703585728 307
1694631825100 96.8978223746983 308
1694631825138 96.70823394152026 309
1694631825187 96.51903093617666 310
1694631825246 96.33021256019872 311
1694631825288 96.14177801679199 312
1694631825336 95.95372651083277 313
1694631825396 95.7660572488645 314
1694631825438 95.57876943909433 315
1694631825502 95.39186229138949 316
1694631825545 95.20533501727391 317
1694631825585 95.01918682992456 318
1694631825639 94.83341694416806 319
1694631825699 94.64802457647714 320
1694631825766 94.4630089449672 321
1694631825809 94.2783692693927 322
1694631825849 94.0941047711439 323
1694631825887 93.91021467324317 324
1694631825935 93.72669820034173 325
1694631825973 93.54355457871601 326
1694631826018 93.36078303626446 327
1694631826064 93.17838280250383 328
1694631826107 92.99635310856598 329
1694631826154 92.81469318719431 330
1694631826205 92.63340227274037 331
1694631826253 92.45247960116058 332
1694631826305 92.27192441001264 333
1694631826349 92.09173593845232 334
1694631826391 91.91191342722995 335
1694631826429 91.73245611868705 336
1694631826473 91.55336325675312 337
1694631826533 91.374634086942 338
1694631826572 91.19626785634881 339
1694631826617 91.01826381364643 340
1694631826653 90.84062120908214 341
1694631826704 90.66333929447443 342
1694631826737 90.48641732320952 343
1694631826779 90.30985455023819 344
1694631826821 90.1336502320723 345
1694631826865 89.95780362678164 346
1694631826907 89.78231399399056 347
1694631826942 89.60718059487466 348
1694631827002 89.43240269215758 349
1694631827061 89.25797955010765 350
1694631827102 89.08391043453466 351
1694631827141 88.9101946127866 352
1694631827181 88.73683135374638 353
1694631827220 88.56381992782859 354
1694631827263 88.3911596069763 355
1694631827303 88.21884966465775 356
1694631827353 88.04688937586322 357
1694631827392 87.87527801710169 358
1694631827438 87.70401486639776 359
1694631827502 87.53309920328827 360
1694631827539 87.36253030881933 361
1694631827582 87.19230746554292 362
1694631827621 87.02242995751384 363
1694631827656 86.85289707028642 364
1694631827688 86.68370809091141 365
1694631827722 86.51486230793289 366
1694631827754 86.34635901138493 367
1694631827788 86.17819749278861 368
1694631827830 86.01037704514874 369
1694631827864 85.84289696295086 370
1694631827916 85.67575654215796 371
1694631827957 85.50895508020749 372
1694631827998 85.34249187600811 373
1694631828040 85.17636622993672 374
1694631828088 85.01057744383525 375
1694631828139 84.84512482100754 376
1694631828180 84.68000766621644 377
1694631828223 84.51522528568044 378
1694631828267 84.35077698707084 379
1694631828308 84.1866620795085 380
1694631828358 84.0228798735609 381
1694631828401 83.85942968123902 382
1694631828440 83.69631081599431 383
1694631828491 83.53352259271561 384
1694631828533 83.37106432772615 385
1694631828574 83.20893533878048 386
1694631828651 83.04713494506149 387
1694631828698 82.88566246717734 388
1694631828750 82.72451722715854 389
1694631828802 82.56369854845475 390
1694631828852 82.40320575593205 391
1694631828900 82.24303817586966 392
1694631828952 82.0831951359572 393
1694631828998 81.9236759652915 394
1694631829048 81.76447999437384 395
1694631829090 81.60560655510677 396
1694631829132 81.44705498079132 397
1694631829172 81.28882460612391 398
1694631829218 81.13091476719346 399
1694631829282 80.97332480147848 400
1694631829324 80.81605404784409 401
1694631829365 80.65910184653907 402
1694631829403 80.502467539193 403
1694631829442 80.34615046881332 404
1694631829487 80.19014997978229 405
1694631829525 80.03446541785435 406
1694631829570 79.87909613015296 407
1694631829606 79.72404146516784 408
1694631829652 79.56930077275207 409
1694631829692 79.4148734041192 410
1694631829724 79.26075871184037 411
1694631829758 79.10695604984139 412
1694631829792 78.95346477339997 413
1694631829830 78.80028423914285 414
1694631829867 78.64741380504289 415
1694631829908 78.49485283041626 416
1694631829948 78.34260067591958 417
1694631829989 78.19065670354713 418
1694631830026 78.03902027662802 419
1694631830069 77.8876907598233 420
1694631830104 77.73666751912326 421
1694631830146 77.58594992184449 422
1694631830183 77.43553733662716 423
1694631830221 77.28542913343227 424
1694631830269 77.13562468353874 425
1694631830316 76.98612335954071 426
1694631830355 76.8369245353447 427
1694631830404 76.68802758616697 428
1694631830451 76.53943188853054 429
1694631830497 76.39113682026263 430
1694631830534 76.24314176049177 431
1694631830569 76.09544608964516 432
1694631830600 75.94804918944584 433
1694631830638 75.80095044290998 434
1694631830682 75.65414923434416 435
1694631830721 75.50764494934266 436
1694631830756 75.36143697478467 437
1694631830798 75.21552469883169 438
1694631830839 75.06990751092466 439
1694631830881 74.92458480178148 440
1694631830933 74.7795559633941 441
1694631830974 74.63482038902595 442
1694631831014 74.49037747320921 443
1694631831057 74.34622661174213 444
1694631831105 74.20236720168646 445
1694631831172 74.05879864136452 446
1694631831207 73.91552033035693 447
1694631831253 73.77253166949953 448
1694631831308 73.62983206088106 449
1694631831349 73.48742090784035 450
1694631831387 73.34529761496371 451
1694631831424 73.20346158808233 452
1694631831457 73.06191223426961 453
1694631831499 72.92064896183857 454
1694631831537 72.77967118033918 455
1694631831586 72.63897830055583 456
1694631831633 72.49856973450467 457
1694631831690 72.35844489543099 458
1694631831742 72.21860319780669 459
1694631831806 72.07904405732768 460
1694631831842 71.93976689091116 461
1694631831881 71.80077111669333 462
1694631831919 71.66205615402647 463
1694631831957 71.52362142347667 464
1694631831997 71.38546634682106 465
1694631832040 71.24759034704539 466
1694631832097 71.10999284834142 467
1694631832141 70.97267327610433 468
1694631832196 70.83563105693031 469
1694631832241 70.6988656186139 470
1694631832299 70.56237639014547 471
1694631832351 70.42616280170886 472
1694631832397 70.29022428467857 473
1694631832439 70.15456027161757 474
1694631832500 70.0191701962745 475
1694631832543 69.8840534935814 476
1694631832588 69.74920959965107 477
1694631832630 69.61463795177465 478
1694631832669 69.4803379884191 479
1694631832709 69.34630914922465 480
1694631832748 69.21255087500256 481
1694631832790 69.07906260773237 482
1694631832849 68.94584379055956 483
1694631832891 68.81289386779315 484
1694631832944 68.68021228490316 485
1694631833005 68.54779848851811 486
1694631833053 68.41565192642278 487
1694631833104 68.28377204755553 488
1694631833147 68.15215830200599 489
1694631833185 68.02081014101266 490
1694631833224 67.88972701696042 491
1694631833267 67.75890838337814 492
1694631833320 67.62835369493624 493
1694631833366 67.49806240744434 494
1694631833418 67.36803397784878 495
1694631833464 67.23826786423031 496
1694631833517 67.1087635258016 497
1694631833562 66.97952042290497 498
1694631833601 66.85053801700984 499
1694631833635 66.72181577071055 500
1694631833673 66.59335314772387 501
1694631833714 66.4651496128866 502
1694631833751 66.3372046321533 503
1694631833788 66.20951767259392 504
1694631833825 66.08208820239139 505
1694631833866 65.9549156908393 506
1694631833922 65.8279996083396 507
1694631833990 65.70133942640015 508
1694631834038 65.57493461763258 509
1694631834090 65.44878465574972 510
1694631834142 65.32288901556352 511
1694631834180 65.19724717298251 512
1694631834223 65.0718586050097 513
1694631834267 64.94672278974006 514
1694631834320 64.82183920635843 515
1694631834383 64.69720733513704 516
1694631834441 64.57282665743331 517
1694631834506 64.44869665568758 518
1694631834557 64.32481681342078 519
1694631834618 64.20118661523213 520
1694631834667 64.07780554679695 521
1694631834730 63.954673094864326 522
1694631834786 63.83185587562166 523
1694631834829 63.70928591381265 524
1694631834883 63.58696270069032 525
1694631834940 63.46488572856776 526
1694631834988 63.343054490815845 527
1694631835026 63.22146848186103 528
1694631835068 63.10012719718318 529
1694631835108 62.979030133313266 530
1694631835151 62.85817678783126 531
1694631835185 62.737566659363814 532
1694631835225 62.617199247582185 533
1694631835276 62.49707405319995 534
1694631835324 62.37719057797084 535
1694631835364 62.25754832468656 536
1694631835420 62.13814679717462 537
1694631835474 62.018985500296154 538
1694631835532 61.900063939943706 539
1694631835574 61.781381623039174 540
1694631835621 61.66293805753148 541
1694631835685 61.54473275239455 542
1694631835737 61.426765217625125 543
1694631835781 61.3090349642406 544
1694631835845 61.19154150427685 545
1694631835892 61.074284350786165 546
1694631835935 60.95726301783507 547
1694631835980 60.84047702050216 548
1694631836024 60.72392587487607 549
1694631836071 60.60760909805324 550
1694631836107 60.49152620813587 551
1694631836152 60.375676724229834 552
1694631836200 60.26006016644247 553
1694631836239 60.14467605588058 554
1694631836288 60.02952391464824 555
1694631836335 59.91460326584478 556
1694631836373 59.799913633562696 557
1694631836414 59.68545454288547 558
1694631836458 59.57122551988562 559
1694631836503 59.457226091622495 560
1694631836542 59.343455786140304 561
1694631836588 59.22991413246599 562
1694631836632 59.11660066060721 563
1694631836675 59.00351490155019 564
1694631836720 58.890656387257785 565
1694631836780 58.77802465066735 566
1694631836821 58.665619225688694 567
1694631836870 58.5534396472021 568
1694631836934 58.441485451056245 569
1694631836987 58.32975617406612 570
1694631837028 58.218251354011095 571
1694631837087 58.10697052963284 572
1694631837139 57.9959132406333 573
1694631837197 57.88507902767271 574
1694631837241 57.77446743236755 575
1694631837283 57.66407799728853 576
1694631837321 57.55391026595864 577
1694631837365 57.443963782851135 578
1694631837403 57.334238093387484 579
1694631837447 57.22473274393542 580
1694631837506 57.115447281806965 581
1694631837635 57.00638125525646 582
1694631837678 56.897534213478515 583
1694631837717 56.78890570660612 584
1694631837759 56.680495285708616 585
1694631837798 56.57230250278975 586
1694631837837 56.464326910785736 587
1694631837875 56.356568063563216 588
1694631837916 56.24902551591743 589
1694631837956 56.141698823570174 590
1694631838001 56.03458754316789 591
1694631838048 55.92769123227973 592
1694631838096 55.82100944939557 593
1694631838138 55.714541753924145 594
1694631838184 55.60828770619109 595
1694631838237 55.502246867437 596
1694631838297 55.39641879981557 597
1694631838352 55.29080306639155 598
1694631838403 55.185399231138994 599
1694631838451 55.08020685893925 600
1694631838494 54.97522551557906 601
1694631838540 54.87045476774874 602
1694631838575 54.765894183040125 603
1694631838615 54.66154332994486 604
1694631838655 54.55740177785239 605
1694631838691 54.45346909704813 606
1694631838737 54.34974485871156 607
1694631838784 54.246228634914345 608
1694631838836 54.14291999861849 609
1694631838887 54.03981852367445 610
1694631838935 53.936923784819264 611
1694631838972 53.83423535767473 612
1694631839008 53.731752818745484 613
1694631839048 53.62947574541719 614
1694631839090 53.527403715954726 615
1694631839136 53.42553630950026 616
1694631839191 53.323873106071424 617
1694631839233 53.22241368655958 618
1694631839269 53.12115763272783 619
1694631839309 53.020104527209284 620
1694631839351 52.919253953505255 621
1694631839390 52.81860549598333 622
1694631839429 52.71815873987569 623
1694631839470 52.617913271277175 624
1694631839514 52.517868677143554 625
1694631839560 52.41802454528966 626
1694631839601 52.318380464387644 627
1694631839640 52.21893602396516 628
1694631839687 52.119690814403505 629
1694631839738 52.02064442693596 630
1694631839794 51.92179645364583 631
1694631839856 51.82314648746487 632
1694631839897 51.724694122171286 633
1694631839941 51.626438952388156 634
1694631839997 51.528380573581494 635
1694631840055 51.430518582058625 636
1694631840104 51.33285257496627 637
1694631840159 51.235382150288935 638
1694631840203 51.13810690684703 639
1694631840246 51.04102644429521 640
1694631840323 50.94414036312055 641
1694631840359 50.8474482646409 642
1694631840398 50.750949751003 643
1694631840436 50.65464442518084 644
1694631840472 50.55853189097392 645
1694631840520 50.46261175300549 646
1694631840557 50.366883616720855 647
1694631840594 50.2713470883856 648
1694631840635 50.176001775083904 649
1694631840685 50.080847284716846 650
1694631840725 49.98588322600061 651
1694631840774 49.8911092084649 652
1694631840831 49.7965248424511 653
1694631840889 49.7021297391107 654
1694631840945 49.60792351040346 655
1694631841001 49.51390576909584 656
1694631841059 49.42007612875925 657
1694631841104 49.32643420376835 658
1694631841149 49.2329796092994 659
1694631841204 49.13971196132857 660
1694631841244 49.046630876630225 661
1694631841291 48.953735972775306 662
1694631841355 48.861026868129635 663
1694631841401 48.76850318185225 664
1694631841438 48.67616453389373 665
1694631841489 48.584010544994555 666
1694631841539 48.49204083668346 667
1694631841589 48.40025503127572 668
1694631841627 48.308652751871584 669
1694631841671 48.21723362235455 670
1694631841723 48.12599726738981 671
1694631841772 48.03494331242255 672
1694631841828 47.9440713836763 673
1694631841870 47.85338110815136 674
1694631841917 47.76287211362313 675
1694631841970 47.67254402864051 676
1694631842016 47.58239648252426 677
1694631842051 47.492429105365346 678
1694631842088 47.402641528023466 679
1694631842126 47.313033382125255 680
1694631842162 47.22360430006279 681
1694631842203 47.134353914991955 682
1694631842244 47.04528186083084 683
1694631842281 46.956387772258154 684
1694631842331 46.86767128471162 685
1694631842383 46.77913203438639 686
1694631842421 46.690769658233464 687
1694631842470 46.602583793958054 688
1694631842523 46.51457408001808 689
1694631842571 46.42674015562256 690
1694631842618 46.33908166073002 691
1694631842657 46.25159823604694 692
1694631842707 46.164289523026184 693
1694631842745 46.07715516386543 694
1694631842784 45.99019480150562 695
1694631842834 45.90340807962941 696
1694631842873 45.81679464265956 697
1694631842940 45.73035413575745 698
1694631842999 45.64408620482153 699
1694631843054 45.557990496485694 700
1694631843099 45.47206665811786 701
1694631843150 45.38631433781832 702
1694631843198 45.30073318441827 703
1694631843249 45.215322847478284 704
1694631843309 45.13008297728672 705
1694631843359 45.04501322485828 706
1694631843408 44.960113241932426 707
1694631843457 44.875382680971896 708
1694631843506 44.790821195161136 709
1694631843552 44.70642843840487 710
1694631843589 44.622204065326535 711
1694631843624 44.53814773126678 712
1694631843659 44.454259092281994 713
1694631843705 44.37053780514273 714
1694631843749 44.28698352733231 715
1694631843808 44.20359591704527 716
1694631843860 44.12037463318588 717
1694631843901 44.03731933536668 718
1694631843941 43.95442968390694 719
1694631843983 43.87170533983123 720
1694631844032 43.789145964867934 721
1694631844072 43.70675122144778 722
1694631844109 43.62452077270234 723
1694631844149 43.5424542824626 724
1694631844198 43.460551415257434 725
1694631844237 43.37881183631225 726
1694631844292 43.297235211547395 727
1694631844335 43.21582120757682 728
1694631844369 43.13456949170654 729
1694631844407 43.05347973193324 730
1694631844448 42.9725515969428 731
1694631844490 42.891784756108855 732
1694631844531 42.81117887949139 733
1694631844567 42.73073363783523 734
1694631844619 42.65044870256867 735
1694631844658 42.57032374580201 736
1694631844701 42.49035844032614 737
1694631844749 42.41055245961113 738
1694631844789 42.330905477804755 739
1694631844835 42.251417169731134 740
1694631844877 42.17208721088929 741
1694631844926 42.092915277451695 742
1694631844975 42.013901046262966 743
1694631845032 41.935044194838355 744
1694631845076 41.85634440136237 745
1694631845158 41.777801344687404 746
1694631845214 41.69941470433231 747
1694631845265 41.621184160481036 748
1694631845323 41.54310939398116 749
1694631845388 41.46519008634259 750
1694631845468 41.3874259197361 751
1694631845550 41.309816576992034 752
1694631845604 41.23236174159883 753
1694631845645 41.15506109770169 754
1694631845685 41.07791433010121 755
1694631845742 41.000921124252 756
1694631845786 40.924081166261296 757
1694631845829 40.84739414288763 758
1694631845880 40.770859741539425 759
1694631845940 40.69447765027368 760
1694631846008 40.61824755779456 761
1694631846052 40.5421691534521 762
1694631846100 40.46624212724077 763
1694631846159 40.39046616979823 764
1694631846205 40.31484097240389 765
1694631846247 40.23936622697765 766
1694631846292 40.16404162607847 767
1694631846340 40.0888668629031 768
1694631846383 40.013841631284734 769
1694631846425 39.938965625691644 770
1694631846468 39.86423854122588 771
1694631846513 39.78966007362193 772
1694631846553 39.71522991924544 773
1694631846592 39.64094777509179 774
1694631846638 39.56681333878488 775
1694631846681 39.49282630857579 776
1694631846721 39.418986383341405 777
1694631846763 39.34529326258321 778
1694631846804 39.27174664642587 779
1694631846839 39.198346235616 780
1694631846882 39.12509173152088 781
1694631846920 39.05198283612705 782
1694631846963 38.97901925203916 783
1694631847006 38.90620068247851 784
1694631847048 38.833526831281944 785
1694631847085 38.760997402900394 786
1694631847129 38.688612102397705 787
1694631847185 38.61637063544931 788
1694631847251 38.544272708340934 789
1694631847303 38.47231802796737 790
1694631847345 38.400506301831136 791
1694631847384 38.32883723804126 792
1694631847449 38.257310545311995 793
1694631847526 38.185925932961545 794
1694631847584 38.114683110910775 795
1694631847648 38.04358178968202 796
1694631847689 37.972621680397765 797
1694631847725 37.90180249477939 798
1694631847800 37.83112394514596 799
1694631847837 37.76058574441294 800
1694631847883 37.69018760609098 801
1694631847952 37.61992924428459 802
1694631848016 37.54981037369102 803
1694631848090 37.4798307095989 804
1694631848134 37.4099899678871 805
1694631848174 37.3402878650234 806
1694631848220 37.270724118063356 807
1694631848286 37.201298444649005 808
1694631848325 37.13201056300766 809
1694631848365 37.062860191950676 810
1694631848398 36.99384705087222 811
1694631848448 36.9249708597481 812
1694631848501 36.856231339134474 813
1694631848563 36.78762821016671 814
1694631848623 36.71916119455811 815
1694631848670 36.65083001459875 816
1694631848721 36.58263439315426 817
1694631848771 36.51457405366458 818
1694631848820 36.446648720142825 819
1694631848860 36.378858117174026 820
1694631848892 36.311201969913995 821
1694631848936 36.24368000408807 822
1694631848979 36.17629194598996 823
1694631849022 36.10903752248054 824
1694631849080 36.04191646098668 825
1694631849131 35.974928489500044 826
1694631849187 35.908073336575924 827
1694631849243 35.84135073133205 828
1694631849323 35.77476040344742 829
1694631849382 35.70830208316111 830
1694631849429 35.64197550127114 831
1694631849489 35.57578038913326 832
1694631849541 35.50971647865983 833
1694631849587 35.4437835023186 834
1694631849629 35.3779811931316 835
1694631849672 35.312309284673944 836
1694631849726 35.2467675110727 837
1694631849763 35.18135560700571 838
1694631849804 35.11607330770049 839
1694631849841 35.05092034893298 840
1694631849885 34.985896467026535 841
1694631849931 34.92100139885064 842
1694631849973 34.85623488181988 843
1694631850021 34.79159665389271 844
1694631850058 34.72708645357041 845
1694631850100 34.66270401989587 846
1694631850156 34.598449092452476 847
1694631850207 34.53432141136303 848
1694631850257 34.470320717288566 849
1694631850324 34.406446751427225 850
1694631850391 34.34269925551318 851
1694631850481 34.279077971815475 852
1694631850540 34.215582643136905 853
1694631850587 34.152213012812915 854
1694631850625 34.088968824710506 855
1694631850664 34.025849823227055 856
1694631850702 33.962855753289304 857
1694631850740 33.899986360352145 858
1694631850780 33.83724139039764 859
1694631850815 33.77462058993379 860
1694631850853 33.71212370599351 861
1694631850895 33.649750486133534 862
1694631850935 33.5875006784333 863
1694631850975 33.525374031493854 864
1694631851022 33.46337029443677 865
1694631851066 33.401489216903045 866
1694631851106 33.33973054905205 867
1694631851152 33.27809404156039 868
1694631851205 33.21657944562088 869
1694631851251 33.15518651294145 870
1694631851300 33.09391499574402 871
1694631851344 33.032764646763525 872
1694631851401 32.97173521924671 873
1694631851461 32.910826466951185 874
1694631851523 32.85003814414429 875
1694631851567 32.78937000560206 876
1694631851619 32.7288218066081 877
1694631851666 32.66839330295262 878
1694631851709 32.60808425093131 879
1694631851749 32.54789440734429 880
1694631851793 32.487823529495074 881
1694631851856 32.4278713751895 882
1694631851904 32.36803770273472 883
1694631851952 32.30832227093806 884
1694631851997 32.24872483910613 885
1694631852036 32.1892451670436 886
1694631852081 32.12988301505229 887
1694631852122 32.07063814393008 888
1694631852165 32.011510314969875 889
1694631852202 31.95249928995859 890
1694631852238 31.893604831176056 891
1694631852287 31.83482670139411 892
1694631852375 31.77616466387545 893
1694631852411 31.717618482372668 894
1694631852470 31.65918792112719 895
1694631852541 31.600872744868326 896
1694631852588 31.542672718812153 897
1694631852627 31.484587608660544 898
1694631852669 31.426617180600193 899
1694631852720 31.368761201301545 900
1694631852775 31.311019437917807 901
1694631852838 31.253391658083924 902
1694631852888 31.195877629915593 903
1694631852956 31.13847712200825 904
1694631853021 31.081189903436083 905
1694631853073 31.024015743750994 906
1694631853125 30.966954412981636 907
1694631853186 30.910005681632395 908
1694631853222 30.853169320682436 909
1694631853256 30.796445101584634 910
1694631853301 30.739832796264658 911
1694631853347 30.68333217711997 912
1694631853396 30.62694301701879 913
1694631853440 30.57066508929919 914
1694631853499 30.514498167768036 915
1694631853542 30.458442026700055 916
1694631853583 30.40249644083686 917
1694631853622 30.346661185385944 918
1694631853675 30.290936036019726 919
1694631853722 30.235320768874587 920
1694631853759 30.179815160549882 921
1694631853803 30.12441898810698 922
1694631853857 30.06913202906833 923
1694631853903 30.01395406141643 924
1694631853947 29.958884863592925 925
1694631853993 29.90392421449763 926
1694631854050 29.849071893487558 927
1694631854107 29.794327680376007 928
1694631854158 29.739691355431546 929
1694631854200 29.685162699377116 930
1694631854240 29.63074149338905 931
1694631854291 29.576427519096146 932
1694631854335 29.522220558578717 933
1694631854373 29.468120394367638 934
1694631854413 29.414126809443403 935
1694631854458 29.36023958723523 936
1694631854514 29.306458511620033 937
1694631854557 29.25278336692159 938
1694631854602 29.19921393790955 939
1694631854649 29.14575000979851 940
1694631854697 29.09239136824709 941
1694631854735 29.039137799357007 942
1694631854770 28.98598908967215 943
1694631854807 28.932945026177656 944
1694631854854 28.880005396298984 945
1694631854899 28.827169987901016 946
1694631854949 28.7744385892871 947
1694631855001 28.72181098919818 948
1694631855057 28.669286976811843 949
1694631855104 28.616866341741428 950
1694631855149 28.564548874035104 951
1694631855197 28.512334364175008 952
1694631855236 28.460222603076254 953
1694631855293 28.40821338208611 954
1694631855335 28.356306492983045 955
1694631855387 28.304501727975847 956
1694631855422 28.252798879702738 957
1694631855471 28.201197741230448 958
1694631855542 28.14969810605334 959
1694631855603 28.098299768092513 960
1694631855665 28.04700252169492 961
1694631855741 27.995806161632455 962
1694631855805 27.944710483101083 963
1694631855856 27.893715281719963 964
1694631855898 27.842820353530552 965
1694631855960 27.792025494995706 966
1694631856020 27.741330502998846 967
1694631856138 27.69073517484304 968
1694631856267 27.640239308250152 969
1694631856312 27.589842701359952 970
1694631856354 27.539545152729236 971
1694631856393 27.489346461330985 972
1694631856435 27.439246426553474 973
1694631856479 27.38924484819941 974
1694631856526 27.339341526485068 975
1694631856581 27.28953626203942 976
1694631856647 27.23982885590329 977
1694631856707 27.190219109528496 978
1694631856768 27.140706824776952 979
1694631856825 27.091291803919873 980
1694631856880 27.041973849636868 981
1694631856932 26.992752765015123 982
1694631856973 26.94362835354853 983
1694631857015 26.894600419136847 984
1694631857054 26.845668766084845 985
1694631857103 26.796833199101464 986
1694631857149 26.748093523298994 987
1694631857206 26.699449544192177 988
1694631857247 26.650901067697436 989
1694631857306 26.60244790013198 990
1694631857352 26.554089848213014 991
1694631857405 26.50582671905684 992
1694631857456 26.457658320178098 993
1694631857523 26.4095844594889 994
1694631857587 26.361604945297994 995
1694631857638 26.313719586309933 996
1694631857691 26.26592819162428 997
1694631857743 26.21823057073477 998
1694631857785 26.170626533528463 999
