1694620324090 176.90414189780856 0
1694620324125 174.8935439973442 1
1694620324164 172.80795375984053 2
1694620324203 174.56809977358554 3
1694620324234 174.74092273729033 4
1694620324295 176.14360786768728 5
1694620324370 171.28853823436674 6
1694620324411 172.3945106097426 7
1694620324450 173.0617850723529 8
1694620324520 169.2610627051786 9
1694620324557 172.5245686651397 10
1694620324596 168.59493904507912 11
1694620324640 170.49575957961875 12
1694620324676 173.01565980019902 13
1694620324721 169.88832418990893 14
1694620324765 170.3778735261535 15
1694620324795 171.9813312249758 16
1694620324832 171.60035800847172 17
1694620324882 171.48060488569894 18
1694620324925 165.1663804177769 19
1694620324966 168.35285080862133 20
1694620325025 169.28548050325776 21
1694620325058 168.89165413143064 22
1694620325122 165.591809043364 23
1694620325192 165.6018845901213 24
1694620325239 167.15552049961366 25
1694620325286 162.91040358612037 26
1694620325326 163.0481963708832 27
1694620325373 164.8010145593259 28
1694620325409 165.74286697481224 29
1694620325461 165.87450612878726 30
1694620325552 163.9690867355803 31
1694620325651 169.0609034665002 32
1694620325702 162.79759928063788 33
1694620325738 166.25084590643445 34
1694620325775 162.67406328477165 35
1694620325813 157.5538153795216 36
1694620325856 164.37509797699747 37
1694620325889 159.04665613579422 38
1694620325921 159.95195030914994 39
1694620325954 161.64638549216747 40
1694620325992 157.52979651491117 41
1694620326052 158.673663788528 42
1694620326087 158.8937617803327 43
1694620326126 156.6151514368335 44
1694620326178 157.91188749299414 45
1694620326215 160.65451828202865 46
1694620326250 158.04956351785583 47
1694620326290 158.57365438357732 48
1694620326324 159.12739042143542 49
1694620326358 154.10809986709714 50
1694620326409 159.6370294550614 51
1694620326468 158.10237191572915 52
1694620326504 156.11202531224106 53
1694620326535 156.60361438673678 54
1694620326575 153.16763524976784 55
1694620326610 156.0367559069205 56
1694620326641 153.8377694928397 57
1694620326675 151.77769018524458 58
1694620326709 154.04550219391 59
1694620326740 152.2420662688587 60
1694620326789 151.6720079698235 61
1694620326838 152.37615262578072 62
1694620326893 152.09165417707638 63
1694620326939 151.32522347536985 64
1694620326972 152.11850628971376 65
1694620327020 150.54936339255374 66
1694620327059 152.99171832937964 67
1694620327092 149.9332838605053 68
1694620327121 149.2210988818895 69
1694620327152 146.545605274331 70
1694620327192 150.07650078356392 71
1694620327227 148.62687346798478 72
1694620327260 149.24240510590613 73
1694620327297 150.6726393716874 74
1694620327327 146.21917649161077 75
1694620327359 147.2004236807387 76
1694620327416 146.2157757153882 77
1694620327450 146.74937456602296 78
1694620327525 146.5609431556741 79
1694620327562 147.19179170936437 80
1694620327598 144.80722627764203 81
1694620327635 147.22052729704964 82
1694620327681 144.7670403012213 83
1694620327725 146.1646346490269 84
1694620327760 143.54861572772114 85
1694620327819 143.8712098937026 86
1694620327854 143.5586810534902 87
1694620327892 144.74119068188716 88
1694620327928 143.56903822603297 89
1694620327972 141.32847572565075 90
1694620328006 144.01417953181974 91
1694620328038 141.98363091783943 92
1694620328069 141.75382755612404 93
1694620328101 139.55276832793584 94
1694620328136 140.38069744007072 95
1694620328170 142.04362266089993 96
1694620328202 142.53989291205485 97
1694620328240 140.49112855306916 98
1694620328282 140.388571532537 99
1694620328317 138.4512870625543 100
1694620328352 140.208082777923 101
1694620328393 138.91782722119754 102
1694620328438 138.9909504478718 103
1694620328485 139.49180449625467 104
1694620328528 138.7193099917455 105
1694620328569 136.6475456595609 106
1694620328616 139.73050668814616 107
1694620328677 138.30192804202295 108
1694620328740 136.7839010246662 109
1694620328801 137.49516947608802 110
1694620328858 136.08514763475029 111
1694620328886 134.91422247764498 112
1694620328914 136.15301072164988 113
1694620328952 136.39448250701076 114
1694620328989 137.515578379419 115
1694620329030 134.6183121305654 116
1694620329078 135.39482268690423 117
1694620329114 134.5382559375862 118
1694620329146 134.61919839943022 119
1694620329179 134.2873832230617 120
1694620329217 133.670961376341 121
1694620329258 132.83326625945665 122
1694620329292 133.7021140202571 123
1694620329326 131.9566675409193 124
1694620329363 132.45049701350908 125
1694620329393 130.90159835003416 126
1694620329425 132.55379261973042 127
1694620329460 130.33312813631946 128
1694620329510 131.97520415282895 129
1694620329551 132.55134882997126 130
1694620329589 130.39990845561005 131
1694620329623 130.74552603832856 132
1694620329658 131.84726879673016 133
1694620329695 129.55033775614297 134
1694620329726 128.8523987261869 135
1694620329768 128.4319734272426 136
1694620329812 128.46415403844958 137
1694620329844 127.10812982132533 138
1694620329877 127.65994927212621 139
1694620329909 128.03302023229105 140
1694620329953 126.22619548904612 141
1694620329989 125.30376404263065 142
1694620330027 126.10847399579794 143
1694620330079 127.32773108539816 144
1694620330126 126.70416436858046 145
1694620330183 126.0070040685795 146
1694620330221 125.84609633407086 147
1694620330270 126.68547326442575 148
1694620330308 126.06070509769513 149
1694620330342 127.22314785175624 150
1694620330377 124.35335254011325 151
1694620330430 124.34102356970476 152
1694620330463 123.98711674212173 153
1694620330500 122.60254548718645 154
1694620330540 123.32573204518914 155
1694620330578 123.59931843573287 156
1694620330609 123.05585533674004 157
1694620330640 122.77140681172168 158
1694620330677 124.33464672615744 159
1694620330708 122.0018060358301 160
1694620330741 122.36429165186 161
1694620330802 121.61714090368962 162
1694620330852 121.79638616938574 163
1694620330917 121.78400295112311 164
1694620330959 120.54557877751347 165
1694620331006 121.35805944530095 166
1694620331038 120.92930291220337 167
1694620331069 119.30128552094273 168
1694620331107 118.99472082165858 169
1694620331137 119.6498306406019 170
1694620331191 119.36945147536997 171
1694620331242 119.70871122603182 172
1694620331290 118.68105363911523 173
1694620331329 119.18037708478063 174
1694620331375 118.48536704492987 175
1694620331418 118.43640384220846 176
1694620331451 119.45092818091132 177
1694620331514 116.08680045050117 178
1694620331573 117.91519125162236 179
1694620331626 116.41947899511219 180
1694620331667 116.92089436444927 181
1694620331705 116.6363464661048 182
1694620331743 117.01687358412521 183
1694620331775 114.57602347664223 184
1694620331804 116.0643623798433 185
1694620331835 114.72875972404634 186
1694620331866 116.441048962011 187
1694620331897 114.04930582228107 188
1694620331929 115.01884189670815 189
1694620331976 114.60124495817165 190
1694620332022 114.48497478346236 191
1694620332078 114.4203395815446 192
1694620332138 116.32804196262393 193
1694620332174 113.48532515333164 194
1694620332226 112.57435696400992 195
1694620332285 112.00376214049652 196
1694620332340 112.5641722695987 197
1694620332371 113.02786004953977 198
1694620332399 112.62475337937173 199
1694620332430 111.59283779109565 200
1694620332462 111.67776456616194 201
1694620332496 111.12016193695884 202
1694620332528 111.5960584738833 203
1694620332559 111.88085687478333 204
1694620332596 111.05678543640502 205
1694620332635 110.73414243356417 206
1694620332674 110.20932340369666 207
1694620332712 111.8481958679841 208
1694620332753 110.28585026454172 209
1694620332793 110.45796168096315 210
1694620332829 110.29266096650481 211
1694620332862 109.3468871800323 212
1694620332893 108.77717107072431 213
1694620332926 109.19293438244964 214
1694620332958 108.9302982933583 215
1694620332990 107.50783948391964 216
1694620333023 107.8220596099264 217
1694620333054 107.735928858779 218
1694620333089 108.06054698422439 219
1694620333124 107.39763129492744 220
1694620333152 108.59086090894438 221
1694620333188 105.91919709664192 222
1694620333216 106.38635854154847 223
1694620333246 105.62806821362136 224
1694620333276 105.7431146055373 225
1694620333309 106.2256845458394 226
1694620333342 105.59875530202525 227
1694620333373 104.67205220670093 228
1694620333417 104.28481130628528 229
1694620333451 105.20970478153558 230
1694620333489 104.34334444557496 231
1694620333519 104.50470515485175 232
1694620333558 103.96063400837555 233
1694620333605 103.93404651412045 234
1694620333651 103.54328837258407 235
1694620333697 102.87697642783164 236
1694620333733 102.78080002923481 237
1694620333781 103.55953998070416 238
1694620333814 103.20918426933733 239
1694620333854 102.94964771293641 240
1694620333906 102.60121229802067 241
1694620333974 102.59049641541532 242
1694620334013 102.03552082169938 243
1694620334047 101.62656519429986 244
1694620334089 101.68184274004675 245
1694620334120 101.98686290745292 246
1694620334150 101.05966832806638 247
1694620334182 100.43951184239432 248
1694620334210 101.30241643799815 249
1694620334242 100.14894868803577 250
1694620334277 99.56138664842122 251
1694620334309 99.63624637637238 252
1694620334340 98.85743929607786 253
1694620334370 99.79197358727099 254
1694620334402 98.8142877995125 255
1694620334445 99.45571787063582 256
1694620334488 98.56636068583461 257
1694620334529 97.81197259810088 258
1694620334564 97.31706533702688 259
1694620334609 98.2099725610992 260
1694620334640 97.69956497275805 261
1694620334669 97.88198294675895 262
1694620334698 96.95896060544172 263
1694620334728 97.33065624139374 264
1694620334759 96.91214884837898 265
1694620334788 97.46487059335917 266
1694620334819 96.16497930222248 267
1694620334845 95.965718516846 268
1694620334874 95.23946229792166 269
1694620334906 96.24725104442433 270
1694620334940 95.89991474757943 271
1694620334971 96.11195822955082 272
1694620335007 94.87980534929609 273
1694620335039 95.593326414801 274
1694620335068 94.62214986262472 275
1694620335104 94.88653960854722 276
1694620335137 94.57791492436411 277
1694620335164 95.67203458434132 278
1694620335210 93.89385219509427 279
1694620335247 93.48838397441752 280
1694620335286 93.34616410430979 281
1694620335337 92.52556907403837 282
1694620335375 92.70746004476608 283
1694620335409 93.29903476608668 284
1694620335439 93.18210990424815 285
1694620335474 92.06508750507847 286
1694620335512 92.67139052353126 287
1694620335559 92.42307386227913 288
1694620335610 91.29535622961198 289
1694620335639 92.5687971696143 290
1694620335669 91.9801230133875 291
1694620335709 90.3395505692009 292
1694620335742 91.23293118509119 293
1694620335774 90.46983866526058 294
1694620335808 90.90065952010742 295
1694620335838 90.75880365730232 296
1694620335875 90.42481599984848 297
1694620335940 90.04968148279431 298
1694620335974 89.82027583882538 299
1694620336013 90.88456837156527 300
1694620336044 89.88475258603998 301
1694620336079 88.60698383263693 302
1694620336114 88.49442335630759 303
1694620336145 88.62275283218602 304
1694620336179 89.34144703063991 305
1694620336212 88.19706376549767 306
1694620336240 87.6788268050431 307
1694620336272 88.09980890171326 308
1694620336308 88.09845229941304 309
1694620336345 88.53352113662959 310
1694620336378 89.00881628836298 311
1694620336415 88.22635323145946 312
1694620336444 88.63928866688227 313
1694620336482 87.33000235503764 314
1694620336527 86.95796691464615 315
1694620336572 86.33827015421004 316
1694620336611 87.03210801729091 317
1694620336642 86.19549438335527 318
1694620336670 86.49142167432974 319
1694620336706 85.3434850872808 320
1694620336735 85.257907746609 321
1694620336771 85.52892731267437 322
1694620336806 86.03476927974496 323
1694620336836 85.78887902748998 324
1694620336863 85.05382935535475 325
1694620336891 84.23845775880554 326
1694620336923 84.35411454455776 327
1694620336958 85.0068655039734 328
1694620336987 83.88188437254004 329
1694620337019 84.18779785957595 330
1694620337055 83.7849678019138 331
1694620337100 83.3993552793661 332
1694620337132 83.85122401821219 333
1694620337167 83.5491599552957 334
1694620337207 83.04242394091985 335
1694620337236 82.805895091094 336
1694620337269 82.18326214594559 337
1694620337305 82.5333290350422 338
1694620337333 82.38207832935151 339
1694620337364 82.37598861613941 340
1694620337402 82.22565170009544 341
1694620337441 82.20428113546244 342
1694620337474 81.6627950477738 343
1694620337507 81.10614792910874 344
1694620337536 81.32026852453485 345
1694620337569 81.18635178149104 346
1694620337612 80.68965349032688 347
1694620337645 80.68983500662637 348
1694620337682 80.42574362499322 349
1694620337724 80.22032359979099 350
1694620337761 79.4478044878328 351
1694620337796 80.0689549876773 352
1694620337827 80.3330573220792 353
1694620337859 79.19324158629658 354
1694620337889 79.42868041654155 355
1694620337920 79.68304638987054 356
1694620337956 78.96950008588419 357
1694620337992 79.30886269340196 358
1694620338029 78.12735601749546 359
1694620338062 77.9495719957526 360
1694620338092 78.81509262135779 361
1694620338146 78.12723294210575 362
1694620338189 78.42769457177099 363
1694620338228 77.43002126537452 364
1694620338272 77.46480929826035 365
1694620338314 78.08079581444238 366
1694620338352 77.36281071807343 367
1694620338387 77.50162468741856 368
1694620338427 76.97917919047379 369
1694620338464 76.9723663919761 370
1694620338501 76.42168761200878 371
1694620338541 76.58280766046425 372
1694620338581 76.7116937858355 373
1694620338611 75.73298338308052 374
1694620338651 76.0530722174636 375
1694620338688 76.4987716354532 376
1694620338728 75.71295715897628 377
1694620338783 75.62057678807581 378
1694620338843 75.81626708165395 379
1694620338885 75.61332805835728 380
1694620338931 75.38226586555466 381
1694620338973 75.21585334063761 382
1694620339014 74.54061179271622 383
1694620339052 74.98739218007606 384
1694620339082 74.62786220073274 385
1694620339138 74.1256480433265 386
1694620339172 75.06624677959948 387
1694620339207 74.48360162954711 388
1694620339244 74.04301112619358 389
1694620339277 73.42488335719317 390
1694620339312 73.38829364391681 391
1694620339358 73.17001035793187 392
1694620339388 73.18756564936598 393
1694620339430 73.31160714218903 394
1694620339468 72.54705791051288 395
1694620339498 72.52960356955985 396
1694620339532 73.23342453630339 397
1694620339563 72.8023965449606 398
1694620339600 72.54717009910183 399
1694620339634 72.33782917615326 400
1694620339670 72.29865169672803 401
1694620339703 72.48170235938336 402
1694620339743 72.5693745764963 403
1694620339777 71.47499949862386 404
1694620339812 71.39799466213583 405
1694620339847 70.76131107655907 406
1694620339884 71.56378246950246 407
1694620339916 71.2098505133314 408
1694620339951 70.93488727259508 409
1694620339982 70.3835314158551 410
1694620340019 70.83636496410429 411
1694620340051 70.25862792546842 412
1694620340085 69.79968112681398 413
1694620340117 70.43779458917584 414
1694620340148 70.15467586562274 415
1694620340185 70.45869902134888 416
1694620340217 70.25804383020301 417
1694620340251 68.49856154227247 418
1694620340286 69.34139825218774 419
1694620340318 69.02441285958966 420
1694620340352 69.097830763408 421
1694620340388 68.6588561964122 422
1694620340423 68.404638651392 423
1694620340456 68.13187944053564 424
1694620340489 67.85128285357614 425
1694620340521 67.37923261823553 426
1694620340553 67.59668431159612 427
1694620340586 67.75185536014095 428
1694620340627 67.83219050874038 429
1694620340658 67.59279160201069 430
1694620340690 67.47503363598861 431
1694620340720 67.27888824764 432
1694620340751 66.43640513548569 433
1694620340789 67.2542553082807 434
1694620340834 66.98727097499494 435
1694620340875 67.17671160900781 436
1694620340912 66.61421711636024 437
1694620340952 66.61589810302607 438
1694620340986 66.42830475800302 439
1694620341013 66.29546084777904 440
1694620341042 65.79857602011481 441
1694620341073 66.0212500682333 442
1694620341101 65.25422606643149 443
1694620341140 65.54025713340154 444
1694620341174 65.26073411684393 445
1694620341204 65.11232079582993 446
1694620341235 64.57291808460879 447
1694620341268 64.86358381886721 448
1694620341300 64.40618834382734 449
1694620341336 64.33906855857941 450
1694620341372 63.985871811409545 451
1694620341405 64.20173681393692 452
1694620341436 63.768041183550814 453
1694620341485 64.08022843042178 454
1694620341534 64.3428426704671 455
1694620341583 64.66044812465604 456
1694620341623 63.66780293934264 457
1694620341670 63.860460552015205 458
1694620341730 62.83031866879763 459
1694620341773 63.653252345697716 460
1694620341814 63.38561872193518 461
1694620341846 62.56718600866686 462
1694620341879 63.16954634192596 463
1694620341912 62.79661317229984 464
1694620341945 62.491516409793945 465
1694620341989 62.8054457573982 466
1694620342033 62.289715194802305 467
1694620342077 61.21972750348365 468
1694620342111 61.67711903406816 469
1694620342142 61.5429878577011 470
1694620342175 61.82133565943628 471
1694620342207 61.688997675774566 472
1694620342239 61.26720616972162 473
1694620342276 61.76174989047227 474
1694620342315 61.50880853333283 475
1694620342354 61.26479987056792 476
1694620342392 60.14378668136889 477
1694620342434 60.67866063774188 478
1694620342479 60.43941354274526 479
1694620342514 60.394121565823795 480
1694620342548 59.610526240237434 481
1694620342587 60.28081150826847 482
1694620342617 59.863927436767064 483
1694620342645 59.87605167717515 484
1694620342678 60.160839571118984 485
1694620342711 59.69593253862001 486
1694620342748 59.85301340235062 487
1694620342787 59.46861508080703 488
1694620342825 59.07529868666944 489
1694620342857 59.5305371811036 490
1694620342900 58.719918518074174 491
1694620342944 58.71293329643551 492
1694620342984 58.99059963145801 493
1694620343016 58.3528133883672 494
1694620343053 58.73144750509632 495
1694620343092 58.41009473392156 496
1694620343145 58.3995579874145 497
1694620343179 57.93517431214738 498
1694620343213 58.29479798791548 499
1694620343245 58.24937636793542 500
1694620343284 57.821631742347066 501
1694620343318 57.5803077208851 502
1694620343353 57.680699398921604 503
1694620343389 58.38450300288969 504
1694620343422 57.58166880919581 505
1694620343455 57.16443428051254 506
1694620343499 56.9684088684595 507
1694620343541 56.86321545375246 508
1694620343588 57.03999758495221 509
1694620343620 56.401597086805864 510
1694620343659 56.411486884806735 511
1694620343699 56.539610498621535 512
1694620343730 55.615555161466055 513
1694620343771 56.041969012305735 514
1694620343806 56.00833639142801 515
1694620343835 56.36783671023876 516
1694620343864 56.31707482866673 517
1694620343894 55.99097499524232 518
1694620343926 55.17820930273074 519
1694620343966 55.46149460183463 520
1694620344005 54.83314621103351 521
1694620344034 55.29125006543694 522
1694620344066 55.04075826256059 523
1694620344101 55.032269680371336 524
1694620344148 54.24539766938238 525
1694620344182 54.96354821053064 526
1694620344214 54.40681234740712 527
1694620344244 53.92564054320657 528
1694620344272 54.16590345467998 529
1694620344303 54.28625519937466 530
1694620344332 53.647687441906434 531
1694620344363 53.37086464552871 532
1694620344392 53.683358730340586 533
1694620344424 53.99330826826381 534
1694620344461 53.21641606404656 535
1694620344492 53.77214955857938 536
1694620344522 53.39472668688758 537
1694620344557 53.104235331515746 538
1694620344592 52.980472833942976 539
1694620344624 51.83871435261519 540
1694620344659 52.90412085264168 541
1694620344696 53.130712193210876 542
1694620344724 52.53700410693332 543
1694620344754 52.52345531843382 544
1694620344786 52.33488387822195 545
1694620344816 52.50197939180347 546
1694620344853 52.19035060566057 547
1694620344884 51.851097333736824 548
1694620344911 52.100522366778954 549
1694620344940 51.479429125343074 550
1694620344970 51.22135673901946 551
1694620345000 51.806825130927336 552
1694620345029 51.34603040833585 553
1694620345057 51.147871236605916 554
1694620345092 51.05093668154774 555
1694620345123 51.4031754878879 556
1694620345156 50.885282073986104 557
1694620345187 50.94282678115631 558
1694620345221 51.01823480900017 559
1694620345264 50.34333537779581 560
1694620345295 50.794685711758405 561
1694620345324 50.26961122297789 562
1694620345361 50.390696514128734 563
1694620345397 50.292124883482984 564
1694620345427 50.372783544424756 565
1694620345473 50.003479422373424 566
1694620345503 49.57829119384016 567
1694620345530 49.588408977393705 568
1694620345573 49.58627124628847 569
1694620345611 49.205150209311846 570
1694620345658 49.86135977022472 571
1694620345701 49.20415357272643 572
1694620345735 49.38413752654644 573
1694620345765 48.96588005994492 574
1694620345799 49.38142225179739 575
1694620345828 48.71207799335001 576
1694620345862 48.53444413906526 577
1694620345892 49.00243123078394 578
1694620345923 48.789260545084055 579
1694620345958 48.97542439940996 580
1694620345989 49.203627874883786 581
1694620346018 48.44219323330768 582
1694620346059 47.7057447320541 583
1694620346089 48.4419401619408 584
1694620346118 48.113301617764435 585
1694620346159 47.42550049095761 586
1694620346185 47.697909318464156 587
1694620346220 47.528366787185114 588
1694620346253 47.76624432477591 589
1694620346287 47.809635079625664 590
1694620346325 47.78808165843649 591
1694620346367 46.85291337244583 592
1694620346406 47.27834862331069 593
1694620346442 47.210248582813286 594
1694620346473 46.52457744748632 595
1694620346509 46.837789161641936 596
1694620346545 46.432616782674955 597
1694620346577 46.99541740006501 598
1694620346653 46.982588400716345 599
1694620346694 46.2306462120342 600
1694620346734 46.09281969443866 601
1694620346768 47.257415900947436 602
1694620346807 46.73408429234203 603
1694620346837 45.99605812085342 604
1694620346872 45.523310363119776 605
1694620346924 45.731584756644246 606
1694620346975 45.7257206498277 607
1694620347022 45.815521182338074 608
1694620347059 45.602807016132665 609
1694620347096 45.34516109414239 610
1694620347129 45.04540460989315 611
1694620347168 44.76910318952584 612
1694620347204 45.43184613666847 613
1694620347233 45.03875431721193 614
1694620347293 44.960149117405344 615
1694620347333 44.819402456743326 616
1694620347371 44.66562313217342 617
1694620347407 44.999150937331756 618
1694620347435 44.3325748486258 619
1694620347474 44.46484419318463 620
1694620347511 45.15483048201642 621
1694620347542 43.824996671605135 622
1694620347586 43.760692691928654 623
1694620347618 44.40962841381326 624
1694620347647 43.90242993014347 625
1694620347681 44.3041833803135 626
1694620347709 43.9586190634156 627
1694620347740 43.43027011156652 628
1694620347773 43.677851198769794 629
1694620347808 43.49913515593811 630
1694620347836 44.00958327025619 631
1694620347876 43.14684613052452 632
1694620347905 42.96142774082723 633
1694620347934 43.040205883470556 634
1694620347976 43.381790312634266 635
1694620348010 43.039916517985596 636
1694620348040 42.98450025076104 637
1694620348079 42.326358538303154 638
1694620348111 42.51723530121393 639
1694620348141 42.89960330053615 640
1694620348173 42.40393479730808 641
1694620348207 42.135600925493506 642
1694620348235 42.561252177500215 643
1694620348275 42.09618937770885 644
1694620348308 41.62657580369829 645
1694620348338 42.050733827679856 646
1694620348373 42.05832802509673 647
1694620348414 41.4968152965516 648
1694620348447 41.517765410042 649
1694620348478 41.525390581455234 650
1694620348509 41.619257741256924 651
1694620348535 42.06716792710859 652
1694620348568 41.26981170926013 653
1694620348604 41.5719702645003 654
1694620348633 41.05500031041087 655
1694620348669 41.17379989392614 656
1694620348712 40.68550457276049 657
1694620348744 40.96532952654831 658
1694620348771 40.651597814467635 659
1694620348807 40.308183383518966 660
1694620348836 40.44958354802786 661
1694620348874 40.071647385988875 662
1694620348914 40.636856934502696 663
1694620348944 40.50989639600484 664
1694620348988 39.846380557778325 665
1694620349021 39.90740260881702 666
1694620349060 39.76878890669796 667
1694620349112 39.68583842847771 668
1694620349153 40.14444018738269 669
1694620349180 40.196730899900935 670
1694620349208 39.35493256991509 671
1694620349234 39.461838249718035 672
1694620349272 39.308752485288295 673
1694620349302 39.77560618543253 674
1694620349331 39.268499867918074 675
1694620349360 39.322132509323374 676
1694620349391 39.01900291247818 677
1694620349422 39.17346949510161 678
1694620349450 39.047476441897395 679
1694620349488 38.677270691775675 680
1694620349520 38.64179233905956 681
1694620349549 39.13496129043029 682
1694620349585 38.50060379465254 683
1694620349621 38.63990024363508 684
1694620349649 38.73144599241012 685
1694620349689 38.2679082961935 686
1694620349730 38.6878350480219 687
1694620349773 37.940832325302985 688
1694620349809 37.874366877745544 689
1694620349841 37.90740454358658 690
1694620349888 38.31839446640459 691
1694620349926 38.42198771875755 692
1694620349971 38.00268693434542 693
1694620350004 38.150013659167804 694
1694620350034 37.44908630369107 695
1694620350072 37.895704980521906 696
1694620350125 37.44990623488108 697
1694620350161 37.35198786695651 698
1694620350192 37.0786308323205 699
1694620350225 37.305990080822205 700
1694620350254 37.37452012634801 701
1694620350286 37.10572438435917 702
1694620350326 36.74644070463781 703
1694620350351 36.95445545746904 704
1694620350381 37.10202863203418 705
1694620350409 37.0300564370654 706
1694620350438 37.063287491925315 707
1694620350475 36.73918359249135 708
1694620350503 36.364834165588846 709
1694620350533 36.893873692401414 710
1694620350576 35.96894959184199 711
1694620350610 36.527708631507615 712
1694620350638 36.0281523445604 713
1694620350666 36.462155964270956 714
1694620350695 36.233545673946466 715
1694620350724 36.17117928976481 716
1694620350753 36.1950726018686 717
1694620350786 35.968958656226384 718
1694620350819 35.93981133216465 719
1694620350844 35.642950656934964 720
1694620350875 35.72031148345613 721
1694620350904 35.489661299755696 722
1694620350935 35.75102436699637 723
1694620350967 35.36334919930919 724
1694620350999 35.41337578930086 725
1694620351032 35.53039495295054 726
1694620351065 34.4609322639717 727
1694620351098 34.955985584999894 728
1694620351129 34.830386036242174 729
1694620351156 35.04301683538116 730
1694620351188 34.829125649650365 731
1694620351224 35.017435959562526 732
1694620351255 34.51533333801949 733
1694620351287 35.13479698052455 734
1694620351319 34.544801847544576 735
1694620351348 34.71268801682759 736
1694620351380 34.053334625055065 737
1694620351408 34.18749493653426 738
1694620351441 34.13676231412378 739
1694620351476 34.01328727928845 740
1694620351509 33.88732391713299 741
1694620351538 33.97189201349227 742
1694620351567 33.684444128220534 743
1694620351602 33.83572704918696 744
1694620351641 34.00265532425814 745
1694620351689 33.7488421364587 746
1694620351726 33.50927523330309 747
1694620351755 33.75194194916823 748
1694620351789 33.17619348130923 749
1694620351819 33.58062757547161 750
1694620351846 33.28669521658514 751
1694620351880 33.01904709862805 752
1694620351909 32.93874807716441 753
1694620351942 32.94716457275441 754
1694620351973 33.46053849837501 755
1694620352016 33.621515867768615 756
1694620352043 33.00208749721248 757
1694620352084 32.97279033846539 758
1694620352123 33.34448954360801 759
1694620352154 32.8524245796069 760
1694620352208 32.75669714646375 761
1694620352238 33.19802804602118 762
1694620352285 32.38292594318872 763
1694620352328 32.55921252705543 764
1694620352364 32.18924483213636 765
1694620352401 32.374601176073334 766
1694620352435 32.10864249267735 767
1694620352465 32.42134328452616 768
1694620352501 32.525698363039226 769
1694620352534 31.441804416085134 770
1694620352565 31.729305078676976 771
1694620352598 31.766492615496286 772
1694620352630 31.816453307783288 773
1694620352660 32.149962176473814 774
1694620352696 31.74324140298381 775
1694620352735 31.46108652364398 776
1694620352770 31.415631586586148 777
1694620352810 31.62904938283344 778
1694620352842 31.28647419267598 779
1694620352869 31.565575304619657 780
1694620352901 31.277019908826876 781
1694620352936 31.132944951148406 782
1694620352970 31.316431058765595 783
1694620353000 31.311756669487288 784
1694620353030 31.15646262151309 785
1694620353057 30.59988856310798 786
1694620353091 31.014079605356475 787
1694620353121 30.754896039387962 788
1694620353146 31.08967888690805 789
1694620353175 30.859004763558566 790
1694620353209 30.836740785625732 791
1694620353235 30.46036161802873 792
1694620353266 30.35340342643992 793
1694620353298 30.493011265019287 794
1694620353326 30.15642874001296 795
1694620353353 30.02157509276052 796
1694620353385 30.19018149301106 797
1694620353428 30.08134095861408 798
1694620353461 29.98401340983426 799
1694620353507 30.294496853395504 800
1694620353539 30.0187688334883 801
1694620353569 30.34921548273903 802
1694620353602 30.13491979294412 803
1694620353633 29.665930796321845 804
1694620353661 29.666148980129275 805
1694620353694 29.457873472424115 806
1694620353728 29.786890336758095 807
1694620353762 29.149798263379537 808
1694620353796 29.727091554413466 809
1694620353840 29.616555601330564 810
1694620353868 29.30136065476515 811
1694620353899 28.675297154078873 812
1694620353930 28.983805933064087 813
1694620353960 29.040742213241188 814
1694620353996 28.79075398482957 815
1694620354027 28.71753043583365 816
1694620354055 28.89208648520103 817
1694620354091 29.17455846769474 818
1694620354119 28.754807958436903 819
1694620354147 28.327415348370543 820
1694620354175 28.355728826756195 821
1694620354209 28.499442526452928 822
1694620354243 28.52726232100869 823
1694620354276 28.382250423481974 824
1694620354310 27.967405511557224 825
1694620354341 28.549232264787694 826
1694620354370 28.52565521189931 827
1694620354405 27.838701848139344 828
1694620354438 28.120099023461187 829
1694620354471 28.28296776449743 830
1694620354507 27.788061450880246 831
1694620354536 27.91068727824038 832
1694620354568 27.837887241675844 833
1694620354604 27.695771356427073 834
1694620354638 27.70405824267309 835
1694620354670 27.473011744958498 836
1694620354706 27.675751104635374 837
1694620354738 27.360103249987073 838
1694620354769 27.249688729096285 839
1694620354806 27.180813834651737 840
1694620354841 27.46738849251543 841
1694620354876 27.448276951620205 842
1694620354912 27.360238698428674 843
1694620354944 27.14003640031338 844
1694620354975 27.07855945316974 845
1694620355011 27.285927259348743 846
1694620355040 27.181223608696666 847
1694620355072 26.8198591128958 848
1694620355107 26.841877473959965 849
1694620355138 26.787122841942068 850
1694620355170 26.54714045748368 851
1694620355204 26.877673206678466 852
1694620355234 26.92107871999389 853
1694620355263 26.80810072135438 854
1694620355295 26.932459891198327 855
1694620355329 27.06039912418193 856
1694620355356 26.67507330168171 857
1694620355386 26.543906334759917 858
1694620355418 26.305972795612597 859
1694620355446 26.130411677725274 860
1694620355474 26.242458283671546 861
1694620355512 25.975697554494413 862
1694620355544 25.950713569508657 863
1694620355578 26.141729838791065 864
1694620355620 26.097321168720196 865
1694620355656 25.70575389059613 866
1694620355706 25.743961437934672 867
1694620355753 25.38478561751058 868
1694620355795 25.474103367354164 869
1694620355846 25.57293948713294 870
1694620355893 25.977844518311603 871
1694620355961 26.072540828503058 872
1694620356030 25.662846468081987 873
1694620356070 25.3493086786877 874
1694620356109 25.856075372721385 875
1694620356140 25.075692863828895 876
1694620356175 25.191997783277923 877
1694620356227 25.652343438359928 878
1694620356272 25.328776289662088 879
1694620356312 25.273183810510393 880
1694620356360 25.126104685358797 881
1694620356408 24.663850194044635 882
1694620356437 24.88870753532067 883
1694620356468 25.071925059496014 884
1694620356504 24.524552060292166 885
1694620356533 24.922142698770568 886
1694620356565 24.51537927697956 887
1694620356596 24.846067279759936 888
1694620356625 24.74216049776647 889
1694620356656 24.57156424940459 890
1694620356693 24.810722891169174 891
1694620356737 24.73576042195335 892
1694620356781 24.781422754613494 893
1694620356818 24.388095454700487 894
1694620356858 24.61939700796532 895
1694620356887 24.135664249439316 896
1694620356926 24.462249923792335 897
1694620356973 24.110466804302593 898
1694620357020 24.25443335503619 899
1694620357057 24.253463629899077 900
1694620357090 23.998056838715883 901
1694620357126 24.19823651133435 902
1694620357160 24.347251427656758 903
1694620357193 23.887068828043954 904
1694620357223 23.89979397696659 905
1694620357254 23.93947594202279 906
1694620357281 23.489103111158826 907
1694620357310 23.410565065447727 908
1694620357347 23.911336008485264 909
1694620357382 23.766141218047693 910
1694620357413 23.341898687905882 911
1694620357445 23.603664576426365 912
1694620357472 23.609443795619026 913
1694620357501 23.121224713257412 914
1694620357529 23.42655608224564 915
1694620357557 23.50141646888 916
1694620357585 23.343265096192333 917
1694620357614 23.408546539298463 918
1694620357642 23.391794757980303 919
1694620357674 23.0694623141752 920
1694620357709 22.90729006863816 921
1694620357741 22.66827806418963 922
1694620357772 23.01781604859639 923
1694620357813 22.979300279622596 924
1694620357854 22.608654091799195 925
1694620357881 22.163876155518558 926
1694620357911 22.74096523121378 927
1694620357944 22.60415651801785 928
1694620357980 22.478567538162142 929
1694620358022 22.67466658381803 930
1694620358063 22.329544561042606 931
1694620358110 22.611351584661403 932
1694620358141 22.376609009949497 933
1694620358171 22.346851464505907 934
1694620358199 22.054095605498432 935
1694620358229 22.01984280168783 936
1694620358267 22.342933292023858 937
1694620358302 22.29013553500488 938
1694620358339 21.8882075461469 939
1694620358372 21.898602863048588 940
1694620358411 21.865226347411344 941
1694620358446 21.978798264892223 942
1694620358478 21.65259499887485 943
1694620358508 21.705435141540278 944
1694620358535 21.87456574766418 945
1694620358567 21.97932971167869 946
1694620358594 21.438283825898765 947
1694620358625 21.815578535686097 948
1694620358656 21.78812878641601 949
1694620358687 21.652255246121992 950
1694620358718 21.627724371022104 951
1694620358757 21.397067303181817 952
1694620358790 21.473449628274306 953
1694620358825 21.59894054878416 954
1694620358856 21.078375996738362 955
1694620358883 21.22182157248912 956
1694620358910 21.3983709092806 957
1694620358940 20.80111960014787 958
1694620358970 21.18980476307611 959
1694620358998 21.08353689138995 960
1694620359027 21.073873748831534 961
1694620359056 21.077751024912253 962
1694620359088 21.0036401656701 963
1694620359127 20.82745236133903 964
1694620359175 20.792523723054572 965
1694620359215 20.737212981650192 966
1694620359261 20.973960562993835 967
1694620359321 20.737631215705118 968
1694620359361 20.52436462208834 969
1694620359398 20.39123959172405 970
1694620359436 20.442094807564526 971
1694620359469 20.643329293227307 972
1694620359499 20.436304162022516 973
1694620359527 20.415301040648757 974
1694620359553 20.47621929515286 975
1694620359584 20.500616937991882 976
1694620359614 20.52891630686423 977
1694620359643 20.2347668918838 978
1694620359674 20.055179518587202 979
1694620359704 20.5965434053513 980
1694620359738 19.97772661722218 981
1694620359772 20.33614643454797 982
1694620359803 20.206506920582683 983
1694620359839 20.052794086227927 984
1694620359874 19.961034610289342 985
1694620359906 19.881457433368826 986
1694620359940 19.753003933764564 987
1694620359970 19.66383733831585 988
1694620359997 19.72075967411298 989
1694620360027 19.531861448681386 990
1694620360053 19.762371902781947 991
1694620360085 19.77910335376302 992
1694620360116 19.776037307367737 993
1694620360144 19.796792793111536 994
1694620360177 19.492171764099023 995
1694620360219 19.667999565786168 996
1694620360277 19.53504425202936 997
1694620360312 19.530084476413034 998
1694620360357 19.49472817961891 999
