1694620324096 -0.007585756005765942 0
1694620324137 -0.008109695867901223 1
1694620324174 -0.005918941111481946 2
1694620324210 -0.006504564481786712 3
1694620324241 -0.006487979866869997 4
1694620324322 -0.006211927864652189 5
1694620324381 -0.005157556336483404 6
1694620324420 -0.007122271764506749 7
1694620324463 -0.008152287683822923 8
1694620324532 -0.00526238383521016 9
1694620324564 -0.0059139125563461015 10
1694620324604 -0.007420274441340968 11
1694620324649 -0.006605691812658465 12
1694620324685 -0.00875657951430231 13
1694620324737 -0.006172327497288244 14
1694620324771 -0.005592045965338466 15
1694620324802 -0.008569048863358297 16
1694620324842 -0.0074763305981373485 17
1694620324890 -0.0069251536720524864 18
1694620324936 -0.005482341749332598 19
1694620324979 -0.006474176281239474 20
1694620325033 -0.006071695316655745 21
1694620325069 -0.006202068022951979 22
1694620325148 -0.005495820766971082 23
1694620325210 -0.006652206430902474 24
1694620325258 -0.0062802637712400244 25
1694620325294 -0.004899891910218335 26
1694620325335 -0.005361314178566445 27
1694620325383 -0.005744881530705737 28
1694620325427 -0.006286936055599934 29
1694620325492 -0.0053145430168632934 30
1694620325580 -0.006818939025193371 31
1694620325658 -0.007105551817578215 32
1694620325710 -0.006997415293139353 33
1694620325746 -0.007799333945988085 34
1694620325786 -0.005509133682193079 35
1694620325824 -0.004733342229573667 36
1694620325863 -0.0071751985148909014 37
1694620325896 -0.004658788138547809 38
1694620325928 -0.00538966910631733 39
1694620325962 -0.005696297444277354 40
1694620326022 -0.004858230703699062 41
1694620326061 -0.00514686240945017 42
1694620326094 -0.005397368671697711 43
1694620326137 -0.004816146310836045 44
1694620326186 -0.004555011151034183 45
1694620326223 -0.005186725629797051 46
1694620326262 -0.0044995133499630136 47
1694620326298 -0.005908869336986422 48
1694620326331 -0.005640172648746056 49
1694620326368 -0.005536782302808074 50
1694620326420 -0.005944663569340536 51
1694620326476 -0.004985300430184303 52
1694620326511 -0.005621580813963911 53
1694620326542 -0.006678802475894585 54
1694620326583 -0.003932365244147862 55
1694620326618 -0.004053984436921176 56
1694620326650 -0.004399798424556067 57
1694620326682 -0.0038149829635110155 58
1694620326716 -0.004227566047964482 59
1694620326754 -0.0050535650376408725 60
1694620326800 -0.004535740096015317 61
1694620326850 -0.004529113748043434 62
1694620326906 -0.0038658377396985077 63
1694620326948 -0.0037303510272808094 64
1694620326980 -0.004133653637031998 65
1694620327027 -0.003876119731681671 66
1694620327069 -0.004223251558678864 67
1694620327099 -0.00480486966797411 68
1694620327127 -0.003719670096765215 69
1694620327159 -0.0036391362796432958 70
1694620327202 -0.004018414304494788 71
1694620327235 -0.0030571963718399875 72
1694620327269 -0.004277949370934397 73
1694620327305 -0.005122942680063192 74
1694620327334 -0.0035660683497824586 75
1694620327374 -0.004159821080240045 76
1694620327425 -0.003286518810548422 77
1694620327458 -0.0032352455817643566 78
1694620327536 -0.0040125289902532835 79
1694620327570 -0.003378948349048061 80
1694620327606 -0.004045451493543517 81
1694620327642 -0.003102267519908608 82
1694620327689 -0.0030815852246328657 83
1694620327734 -0.0037441294835576233 84
1694620327777 -0.003363144843087751 85
1694620327828 -0.002602208004297113 86
1694620327862 -0.0027486058794321533 87
1694620327900 -0.0037687349049146945 88
1694620327938 -0.0038832199008487223 89
1694620327980 -0.003908838751115029 90
1694620328012 -0.0031016252982274395 91
1694620328045 -0.0024376108933856777 92
1694620328076 -0.003078434159829113 93
1694620328109 -0.0020079350420745268 94
1694620328143 -0.0018700685217076796 95
1694620328178 -0.0024545222601453087 96
1694620328209 -0.0036219884361163857 97
1694620328248 -0.002786324237289417 98
1694620328289 -0.0026107717204824077 99
1694620328325 -0.0025156657291576234 100
1694620328361 -0.0020225592566907036 101
1694620328402 -0.0029470730544987056 102
1694620328446 -0.0026413481774629766 103
1694620328493 -0.002287660045604545 104
1694620328537 -0.0030474661096815403 105
1694620328587 -0.0017777978327713218 106
1694620328630 -0.0033163935182987103 107
1694620328688 -0.0023237865814955683 108
1694620328758 -0.0020625412610251193 109
1694620328816 -0.001851528176445294 110
1694620328865 -0.002152620244817882 111
1694620328893 -0.0024586343401467037 112
1694620328922 -0.002280455603063114 113
1694620328960 -0.0012641140809490636 114
1694620328997 -0.0016311357556402228 115
1694620329041 -0.002337250140641567 116
1694620329087 -0.0023579120496652894 117
1694620329123 -0.0018889953149681116 118
1694620329155 -0.002412681887828727 119
1694620329191 -0.002369746967088693 120
1694620329226 -0.0014933350787100785 121
1694620329265 -0.0019600476819932044 122
1694620329301 -0.0015347218189958323 123
1694620329336 -0.0014963312752127589 124
1694620329371 -0.00134906103324961 125
1694620329400 -0.0015495872843489522 126
1694620329434 -0.0017274613554489893 127
1694620329472 -0.0011691819428270023 128
1694620329521 -0.0012218956082521437 129
1694620329562 -0.0017358394059225901 130
1694620329598 -0.0017663885778504973 131
1694620329633 -0.0014075133515754068 132
1694620329667 -0.001883413397236966 133
1694620329705 -0.001296208544350197 134
1694620329735 -0.0012278371793379428 135
1694620329775 -0.0016348775545209637 136
1694620329821 -0.0013318307248779693 137
1694620329852 -0.0010773849335645735 138
1694620329887 -0.002202178539429056 139
1694620329919 -0.0010607335322254663 140
1694620329961 -0.0010368475929076748 141
1694620329996 -0.0010884142068501301 142
1694620330039 -0.0007318360155519343 143
1694620330089 -0.0005520705902557488 144
1694620330138 -0.0005297452765347099 145
1694620330192 -0.001106457025820129 146
1694620330237 -0.0012319923683843381 147
1694620330277 -0.0017602676163799291 148
1694620330317 -0.0009369855470184874 149
1694620330351 -0.001042421132265936 150
1694620330391 -0.00031487439256294714 151
1694620330437 -0.0008378498178260863 152
1694620330471 -0.0004666475894821165 153
1694620330509 -0.0002667061965995199 154
1694620330550 -0.00036801528616159374 155
1694620330585 -0.0013895684574485312 156
1694620330615 -0.0004965587220657763 157
1694620330649 0.00038146839139974187 158
1694620330686 -0.00015756878337280789 159
1694620330714 -0.0008967025230801617 160
1694620330756 -0.0004570466592348499 161
1694620330811 -6.0403922677254585e-05 162
1694620330862 -0.0007240887091706227 163
1694620330924 -0.00020941583765043958 164
1694620330969 -0.00028359163246749475 165
1694620331013 -0.0003630524864901563 166
1694620331044 -0.00033265347885880203 167
1694620331075 0.00015024262211726924 168
1694620331113 0.0005857428208597693 169
1694620331148 0.00010986292953518717 170
1694620331203 0.00033875130139260357 171
1694620331256 -4.039297274660569e-05 172
1694620331303 -7.408987766521768e-05 173
1694620331337 -0.00011097424639006093 174
1694620331389 0.0002494969863918728 175
1694620331424 2.7304353874324505e-05 176
1694620331458 9.935807843131084e-05 177
1694620331525 0.00042261127752751815 178
1694620331583 -0.0004164310108945024 179
1694620331636 -1.49513917127031e-05 180
1694620331676 0.0003904392065658957 181
1694620331714 -0.00028582921760733626 182
1694620331751 0.0006647308758933601 183
1694620331783 -0.00033742512271217606 184
1694620331811 0.0004682515115204122 185
1694620331841 0.0007109298080272275 186
1694620331874 6.850597454199914e-06 187
1694620331905 6.315345350216273e-05 188
1694620331939 0.0004803179154949655 189
1694620331987 0.0009784585888844566 190
1694620332033 0.000532290516954137 191
1694620332091 0.0004588733893674535 192
1694620332145 0.0008876164187376911 193
1694620332181 0.000893068496792937 194
1694620332236 0.000693434704228113 195
1694620332308 0.0005794204796579772 196
1694620332347 0.00031027233347524774 197
1694620332378 0.0011975455999274631 198
1694620332405 0.0005106297662008652 199
1694620332439 0.0008276077264656179 200
1694620332470 0.0007858874387842718 201
1694620332505 0.0005714735491647582 202
1694620332535 0.0009905182903749976 203
1694620332568 0.001820160905137258 204
1694620332605 0.0013649983011757572 205
1694620332644 0.0010477158760590077 206
1694620332683 0.0011923465120670107 207
1694620332722 0.0010862802515277936 208
1694620332762 0.00136407105750036 209
1694620332801 0.0011731609590918124 210
1694620332837 0.0010166588398483611 211
1694620332869 0.001472180463060191 212
1694620332902 0.001756295863118762 213
1694620332935 0.0014533476260870648 214
1694620332965 0.0016263202626798368 215
1694620332998 0.001226652906443304 216
1694620333031 0.001067130772772762 217
1694620333061 0.0016053318314313003 218
1694620333103 0.0014028646297303826 219
1694620333130 0.0015641096873202365 220
1694620333159 0.0022973713902739723 221
1694620333194 0.0013536894999712779 222
1694620333224 0.002097521505018962 223
1694620333254 0.001092862729337396 224
1694620333283 0.0020424738674514886 225
1694620333316 0.0019306275185618782 226
1694620333350 0.0017064115528254709 227
1694620333381 0.0020047748924147957 228
1694620333424 0.001296762732475365 229
1694620333458 0.0019151079667093507 230
1694620333494 0.001992533305707589 231
1694620333527 0.0014757009550194766 232
1694620333569 0.0018154724398343758 233
1694620333617 0.0016457096689423967 234
1694620333660 0.0015722501604508166 235
1694620333705 0.0016538207544484207 236
1694620333741 0.0023455009066184473 237
1694620333789 0.0026056973719509324 238
1694620333828 0.001869116497899559 239
1694620333863 0.001975825876958215 240
1694620333926 0.001624825565175736 241
1694620333987 0.0017912102186125045 242
1694620334022 0.0026951151991581046 243
1694620334055 0.0021826239976733275 244
1694620334096 0.001868189914346008 245
1694620334127 0.0015869407770535693 246
1694620334157 0.002163733958745251 247
1694620334189 0.0016182339286453518 248
1694620334219 0.001970400781626469 249
1694620334250 0.0020173945100088186 250
1694620334286 0.0027434776073207434 251
1694620334317 0.002112934196538241 252
1694620334347 0.002318631187497866 253
1694620334376 0.002590724641384212 254
1694620334410 0.0020922945225639866 255
1694620334454 0.0027697353880072884 256
1694620334499 0.0022315736074030035 257
1694620334538 0.002491493429918945 258
1694620334573 0.0021506991031254863 259
1694620334616 0.002381799199440593 260
1694620334646 0.002788896568744481 261
1694620334676 0.0028907598924449163 262
1694620334705 0.0025745711193737586 263
1694620334736 0.002303482600108042 264
1694620334766 0.003784616613967118 265
1694620334796 0.003358023491627282 266
1694620334825 0.0022179554369169407 267
1694620334853 0.003072409813068555 268
1694620334880 0.0032295174580267982 269
1694620334913 0.003763994304653351 270
1694620334946 0.0027601573798395895 271
1694620334977 0.003298821436331867 272
1694620335013 0.003803518615520418 273
1694620335045 0.003571933354285517 274
1694620335074 0.0023410838155661917 275
1694620335110 0.0037931079364513787 276
1694620335143 0.0035014583874385385 277
1694620335172 0.003460906224706517 278
1694620335218 0.003897048375612888 279
1694620335257 0.0028724478658302965 280
1694620335303 0.003657824783248831 281
1694620335343 0.0032838928631763187 282
1694620335382 0.0030735363214755562 283
1694620335416 0.003765072590874663 284
1694620335445 0.0039034651181649727 285
1694620335481 0.0028050052592575314 286
1694620335519 0.0033099360955065604 287
1694620335571 0.003288047797939786 288
1694620335617 0.003919331359782285 289
1694620335645 0.00371200037423125 290
1694620335676 0.0031601869218516043 291
1694620335721 0.0028868151629494188 292
1694620335749 0.003342827656672709 293
1694620335779 0.00371272071794726 294
1694620335813 0.003982852392718894 295
1694620335844 0.004503501372380869 296
1694620335895 0.004097242733073436 297
1694620335947 0.00382790205799588 298
1694620335981 0.0035514565000948073 299
1694620336023 0.0036536713766193163 300
1694620336056 0.004073898978090518 301
1694620336089 0.0030026601305469525 302
1694620336121 0.00446284879278791 303
1694620336155 0.004359252029305094 304
1694620336186 0.0036046701383936064 305
1694620336219 0.0038732654327759963 306
1694620336247 0.0041941878712304925 307
1694620336278 0.0045778249004898575 308
1694620336322 0.0032052502284170004 309
1694620336353 0.0038847111766331377 310
1694620336390 0.002951602874796344 311
1694620336423 0.004323520773938605 312
1694620336453 0.004488927521602348 313
1694620336491 0.004295322164135307 314
1694620336538 0.0037152597668919096 315
1694620336582 0.003203753590077185 316
1694620336618 0.0032983733656076764 317
1694620336648 0.004253221640830307 318
1694620336677 0.0032831680690442733 319
1694620336712 0.004687144848535385 320
1694620336744 0.004697541045085352 321
1694620336777 0.004247449756585642 322
1694620336812 0.00444750328397181 323
1694620336843 0.004236541685216033 324
1694620336870 0.004421126846581802 325
1694620336899 0.0038712606390829407 326
1694620336930 0.003422703914061076 327
1694620336966 0.005079284418738839 328
1694620336995 0.004863023781563336 329
1694620337026 0.004935876625167368 330
1694620337064 0.0055027772391395 331
1694620337107 0.004497302625989241 332
1694620337141 0.0035730468063192022 333
1694620337173 0.004168448807831182 334
1694620337214 0.003996142495832022 335
1694620337244 0.004510694560484141 336
1694620337275 0.00557011570877497 337
1694620337311 0.006314154266281347 338
1694620337340 0.004853856527949341 339
1694620337371 0.004150345911349551 340
1694620337409 0.00522408765672655 341
1694620337451 0.005226665464274194 342
1694620337482 0.004654461204386284 343
1694620337514 0.0054419250111603645 344
1694620337544 0.004496342185536517 345
1694620337576 0.005559431410612992 346
1694620337620 0.005865522005525148 347
1694620337652 0.005884768374479155 348
1694620337689 0.0041390219653069105 349
1694620337732 0.004880169106290966 350
1694620337768 0.005087391194183444 351
1694620337802 0.004296207177148625 352
1694620337834 0.005810994936375602 353
1694620337867 0.006329584805385147 354
1694620337895 0.0060750181819566595 355
1694620337926 0.004323938616678014 356
1694620337962 0.008013157764907963 357
1694620337999 0.005500261730013389 358
1694620338036 0.005174235534930904 359
1694620338070 0.004669173608203847 360
1694620338109 0.005133335681835827 361
1694620338157 0.005364774651568371 362
1694620338203 0.006890126933145391 363
1694620338244 0.004728884597579253 364
1694620338281 0.005365910955203224 365
1694620338323 0.005531738127663388 366
1694620338360 0.006744488807484239 367
1694620338394 0.005960154758139824 368
1694620338435 0.005378696429270136 369
1694620338473 0.004996323016211002 370
1694620338512 0.004135637276983739 371
1694620338551 0.004728281812821256 372
1694620338589 0.006846699041583526 373
1694620338619 0.006465137163359835 374
1694620338658 0.006679717407095831 375
1694620338695 0.007488205740303733 376
1694620338737 0.00640273467288599 377
1694620338790 0.006287080077366225 378
1694620338855 0.005216056207326236 379
1694620338893 0.007338371498907592 380
1694620338944 0.005846190671897511 381
1694620338981 0.006405415446625318 382
1694620339021 0.006038248269764068 383
1694620339059 0.006636181423637089 384
1694620339093 0.007460647006763077 385
1694620339147 0.005012861165306304 386
1694620339178 0.005849743889307701 387
1694620339217 0.0047105004749019574 388
1694620339254 0.004852000346978413 389
1694620339285 0.00664539090390992 390
1694620339325 0.006559632246687652 391
1694620339365 0.006672059473205927 392
1694620339403 0.004177073742588022 393
1694620339443 0.007712609304829865 394
1694620339474 0.005807243577868548 395
1694620339508 0.006339664707053827 396
1694620339539 0.005894639408703162 397
1694620339572 0.0052308953206786635 398
1694620339607 0.006695731028200758 399
1694620339643 0.007344550690978169 400
1694620339678 0.007047285928912572 401
1694620339714 0.007059885634389418 402
1694620339754 0.007942176576850257 403
1694620339785 0.0078987858434455 404
1694620339820 0.0071466718992717615 405
1694620339857 0.006570754531634582 406
1694620339891 0.007006143056011882 407
1694620339923 0.007707924022950174 408
1694620339958 0.006776759617475148 409
1694620339990 0.005931547918638924 410
1694620340028 0.0053902106635644875 411
1694620340060 0.007953223723185854 412
1694620340093 0.007245606385182346 413
1694620340125 0.007494113478037301 414
1694620340157 0.007900036386050524 415
1694620340193 0.005239896050201143 416
1694620340228 0.0068346287723375365 417
1694620340260 0.004733407208439622 418
1694620340294 0.005068505282026181 419
1694620340327 0.0059792408875639635 420
1694620340361 0.006990063114306944 421
1694620340396 0.005872018766717169 422
1694620340431 0.00618358922261486 423
1694620340466 0.009154031283532982 424
1694620340496 0.008430054803026055 425
1694620340529 0.007016890871114012 426
1694620340561 0.005882461612453316 427
1694620340593 0.006906845565125996 428
1694620340634 0.008261169262182233 429
1694620340667 0.008099126409032764 430
1694620340697 0.007339607520513436 431
1694620340729 0.006620781275008425 432
1694620340765 0.006743754628153575 433
1694620340795 0.008653628653836565 434
1694620340842 0.006072659853156859 435
1694620340884 0.006628615480130051 436
1694620340921 0.0074053354222965995 437
1694620340962 0.008800854755592558 438
1694620340993 0.00571238737504054 439
1694620341019 0.009360686530588858 440
1694620341048 0.0076031515504543234 441
1694620341079 0.008613621041643205 442
1694620341110 0.007216432460357969 443
1694620341146 0.006932701417435183 444
1694620341181 0.0064035245430317245 445
1694620341211 0.006065994819201226 446
1694620341243 0.008012476716251937 447
1694620341275 0.007714273305916564 448
1694620341307 0.00740922490305751 449
1694620341343 0.0073435616701527096 450
1694620341379 0.007798681833790733 451
1694620341412 0.00780286021732346 452
1694620341444 0.007788773135057658 453
1694620341492 0.007340986117130632 454
1694620341540 0.0077106551047119165 455
1694620341589 0.009560340565534786 456
1694620341631 0.008592462743924889 457
1694620341677 0.006433030523505967 458
1694620341741 0.007867014742988343 459
1694620341785 0.006432320208583198 460
1694620341823 0.0066763454790294 461
1694620341854 0.0071283494910863165 462
1694620341887 0.0061461765106031185 463
1694620341919 0.007737650156467324 464
1694620341961 0.008797465410879668 465
1694620341997 0.007011215691573924 466
1694620342040 0.008886967193969197 467
1694620342086 0.009629214692694621 468
1694620342118 0.01153334042121068 469
1694620342150 0.009297059617333625 470
1694620342183 0.00825428792914873 471
1694620342214 0.0073849839528641326 472
1694620342246 0.007277234431001256 473
1694620342284 0.008281427097737715 474
1694620342323 0.008733613205683666 475
1694620342365 0.009563158604839361 476
1694620342402 0.008651231306227691 477
1694620342441 0.008369820872118017 478
1694620342488 0.010989786970588167 479
1694620342522 0.009421425222407853 480
1694620342560 0.007588283086669367 481
1694620342593 0.008110152316753494 482
1694620342624 0.008587292056083884 483
1694620342651 0.009464829761839266 484
1694620342688 0.011629405004273341 485
1694620342719 0.006067726205526314 486
1694620342756 0.00710340982607871 487
1694620342795 0.007713617637995274 488
1694620342833 0.00934221884465758 489
1694620342865 0.00941346574946067 490
1694620342909 0.008660488584532389 491
1694620342954 0.009164416625361715 492
1694620342991 0.0075681213877974995 493
1694620343026 0.007998935630783577 494
1694620343064 0.007862638525818255 495
1694620343107 0.009698127202080964 496
1694620343153 0.008441513369148557 497
1694620343187 0.008728348767060301 498
1694620343220 0.008342692753446568 499
1694620343255 0.00843844176050923 500
1694620343291 0.008565854450051757 501
1694620343328 0.006959568506142433 502
1694620343361 0.01006038799293052 503
1694620343396 0.009779533748418001 504
1694620343430 0.007260028702575916 505
1694620343462 0.010420988878926618 506
1694620343507 0.0077288044499417285 507
1694620343550 0.007515352308583245 508
1694620343596 0.007931029282872704 509
1694620343626 0.0067986329702447446 510
1694620343673 0.009597696870378813 511
1694620343706 0.007101654238663158 512
1694620343744 0.009670598451757328 513
1694620343780 0.008643641852490669 514
1694620343813 0.012287388909749564 515
1694620343842 0.010488598659108339 516
1694620343871 0.008924966655000088 517
1694620343904 0.010368888300283374 518
1694620343935 0.009030945346901742 519
1694620343974 0.008994498042867782 520
1694620344012 0.0076114528093677025 521
1694620344040 0.008606879826521086 522
1694620344076 0.009592575506694567 523
1694620344107 0.010324994541647592 524
1694620344159 0.007400949726438011 525
1694620344189 0.00759462780946607 526
1694620344221 0.007628854048500555 527
1694620344252 0.010007338654631326 528
1694620344279 0.008043787267408842 529
1694620344309 0.00992483753151241 530
1694620344339 0.008695569269612902 531
1694620344370 0.011323136694040503 532
1694620344398 0.007528727677640568 533
1694620344438 0.008642716050335286 534
1694620344467 0.01037495025182944 535
1694620344499 0.009793159844877608 536
1694620344528 0.012057213608647754 537
1694620344570 0.00980443434047551 538
1694620344600 0.011333722760565657 539
1694620344637 0.009734153337597862 540
1694620344673 0.01021762205677601 541
1694620344703 0.01096051101557749 542
1694620344730 0.010883742131256202 543
1694620344760 0.010246939160732715 544
1694620344792 0.010143703008865912 545
1694620344823 0.00833942764012685 546
1694620344859 0.010072314449561692 547
1694620344890 0.009908430688028602 548
1694620344918 0.010547403608598405 549
1694620344947 0.009324702195267376 550
1694620344978 0.013532552180800073 551
1694620345008 0.010958842176330363 552
1694620345036 0.01022242733505696 553
1694620345063 0.009183997307311564 554
1694620345101 0.008632382849242948 555
1694620345131 0.010750078824226073 556
1694620345162 0.010634015683878673 557
1694620345194 0.012714548832754247 558
1694620345238 0.013499934745352937 559
1694620345272 0.012892625770921762 560
1694620345303 0.009693780988731082 561
1694620345338 0.009507469049905737 562
1694620345375 0.010110429756377437 563
1694620345403 0.01171288012574756 564
1694620345440 0.012226527479145988 565
1694620345480 0.01010539574785585 566
1694620345509 0.011049253442192652 567
1694620345537 0.010290017956683828 568
1694620345584 0.011549200025465334 569
1694620345621 0.010118872455934014 570
1694620345675 0.013929896682122744 571
1694620345707 0.01020889076258269 572
1694620345741 0.009435611288876156 573
1694620345772 0.010565896276114706 574
1694620345807 0.01049602132002414 575
1694620345835 0.0131741173577814 576
1694620345868 0.009773154766510306 577
1694620345900 0.012316876497476925 578
1694620345930 0.012024877005265444 579
1694620345965 0.010557573596555181 580
1694620345996 0.012884028005341275 581
1694620346025 0.011981665005071584 582
1694620346066 0.0113626253486524 583
1694620346095 0.013075750663565477 584
1694620346125 0.010837139278637387 585
1694620346165 0.010783890454185041 586
1694620346192 0.011103021091017906 587
1694620346226 0.012773106799876754 588
1694620346261 0.011114965019491607 589
1694620346298 0.01040621994257196 590
1694620346338 0.009644507260801016 591
1694620346375 0.01277844013607754 592
1694620346414 0.010098839078342858 593
1694620346449 0.010369014188803982 594
1694620346480 0.01308899556369314 595
1694620346516 0.011026867905958082 596
1694620346553 0.010392269996244319 597
1694620346595 0.011730116668944301 598
1694620346664 0.012028180484709328 599
1694620346704 0.013925892440578957 600
1694620346741 0.013006493586836254 601
1694620346776 0.012154777777300896 602
1694620346816 0.01088621102260745 603
1694620346844 0.012954853601234717 604
1694620346878 0.01036246264736318 605
1694620346945 0.014475854135795774 606
1694620346992 0.011646001798958694 607
1694620347029 0.011395301765838695 608
1694620347068 0.011779298536876648 609
1694620347105 0.008790063070987397 610
1694620347135 0.012331498709091893 611
1694620347175 0.013719736779351788 612
1694620347210 0.012822714509012623 613
1694620347240 0.011381928432667165 614
1694620347303 0.012722084909778664 615
1694620347341 0.01155133101948247 616
1694620347378 0.00880093609130883 617
1694620347413 0.011806149857183978 618
1694620347442 0.012068317941499429 619
1694620347488 0.011628295699752211 620
1694620347520 0.01135928115365925 621
1694620347554 0.012470852693735712 622
1694620347594 0.011971101910515869 623
1694620347624 0.010565087315752453 624
1694620347657 0.012637077822095333 625
1694620347687 0.011245553316995283 626
1694620347716 0.012459797170706888 627
1694620347748 0.012758448067299644 628
1694620347779 0.011575860114819259 629
1694620347815 0.014654964324889885 630
1694620347842 0.014252625990122003 631
1694620347883 0.011108359774674947 632
1694620347912 0.010035877688639672 633
1694620347942 0.010246590501283404 634
1694620347986 0.01075358045209096 635
1694620348019 0.014015284028538466 636
1694620348053 0.013231170862511465 637
1694620348086 0.014503205273288189 638
1694620348119 0.01002837366072129 639
1694620348149 0.015117114760498485 640
1694620348180 0.01387826359041644 641
1694620348213 0.010805230220520379 642
1694620348241 0.012664668497778808 643
1694620348282 0.013078274859632533 644
1694620348316 0.009670782968753344 645
1694620348345 0.009906914814412748 646
1694620348379 0.014608643571542235 647
1694620348423 0.015327188305113149 648
1694620348455 0.01119192572934291 649
1694620348484 0.011558682004570664 650
1694620348516 0.014685896371312568 651
1694620348541 0.014978340421381686 652
1694620348574 0.017680276193506095 653
1694620348610 0.011663802492813624 654
1694620348639 0.011997914868296822 655
1694620348676 0.014224107761362625 656
1694620348722 0.012470981620947175 657
1694620348751 0.012340937215079117 658
1694620348777 0.013473362406131617 659
1694620348816 0.015965972196255063 660
1694620348842 0.017959493263445925 661
1694620348889 0.014948987767822164 662
1694620348921 0.009675770458581368 663
1694620348959 0.017034075147339345 664
1694620348996 0.015602402275464722 665
1694620349028 0.01626104113031024 666
1694620349073 0.013402059971058478 667
1694620349125 0.014847242654780657 668
1694620349159 0.014170681073320757 669
1694620349186 0.015338500753794615 670
1694620349214 0.01395376693204331 671
1694620349240 0.015710396862609555 672
1694620349279 0.015051992244766388 673
1694620349310 0.013838961712548392 674
1694620349338 0.015998832028165433 675
1694620349370 0.012603617115044319 676
1694620349397 0.015934826398583346 677
1694620349429 0.013125464374035833 678
1694620349458 0.015159955596112606 679
1694620349495 0.013846504651129021 680
1694620349527 0.012481527882852506 681
1694620349557 0.015189903568590624 682
1694620349592 0.015424115580220166 683
1694620349627 0.015247139337498772 684
1694620349655 0.014948818410318587 685
1694620349695 0.01532378163578052 686
1694620349737 0.01685232618223964 687
1694620349784 0.015305705677012171 688
1694620349819 0.010763896123499705 689
1694620349849 0.016254922019340423 690
1694620349897 0.02051060607662991 691
1694620349934 0.017002154327255936 692
1694620349978 0.016277035796083528 693
1694620350013 0.016309727379199557 694
1694620350040 0.016173745544473483 695
1694620350078 0.013113193168904913 696
1694620350132 0.013238309050638719 697
1694620350169 0.014005270987855645 698
1694620350199 0.01573193970782616 699
1694620350231 0.015998354732132403 700
1694620350263 0.015047400089878704 701
1694620350294 0.01643210877619783 702
1694620350332 0.013576055651509322 703
1694620350358 0.014726110600579712 704
1694620350388 0.015677543945064598 705
1694620350417 0.013376275469310417 706
1694620350445 0.01856845056411416 707
1694620350481 0.016205550387774936 708
1694620350510 0.012839278332723136 709
1694620350541 0.011341264163730158 710
1694620350586 0.01350796652921915 711
1694620350619 0.016170259410708265 712
1694620350644 0.014734267792318234 713
1694620350673 0.015366565121414988 714
1694620350701 0.013885410180041302 715
1694620350730 0.016019120860767733 716
1694620350760 0.013945565647836888 717
1694620350793 0.013181568614980765 718
1694620350825 0.014446866682264914 719
1694620350852 0.01674196693645469 720
1694620350882 0.017897041306669803 721
1694620350910 0.01444561061310179 722
1694620350941 0.01947068799250129 723
1694620350975 0.014181818805199642 724
1694620351009 0.013997358458737619 725
1694620351038 0.016640271307697962 726
1694620351071 0.0184660082190522 727
1694620351106 0.01967130991072208 728
1694620351135 0.015355793931091988 729
1694620351163 0.014959715028402765 730
1694620351195 0.015195520924337402 731
1694620351231 0.018139774607785042 732
1694620351261 0.017713611348069924 733
1694620351295 0.01620168531855981 734
1694620351327 0.01618116923766988 735
1694620351355 0.012434544537139325 736
1694620351387 0.01618479231969716 737
1694620351417 0.013645507457150208 738
1694620351450 0.015773540257261298 739
1694620351486 0.014174277810123481 740
1694620351518 0.01956824685420744 741
1694620351544 0.013291740201001545 742
1694620351576 0.015019705995029775 743
1694620351613 0.019486206597552624 744
1694620351647 0.01866870894113204 745
1694620351696 0.018321360019974198 746
1694620351733 0.016654383963851438 747
1694620351763 0.018939290547666743 748
1694620351796 0.016492377134334046 749
1694620351826 0.015682973590432914 750
1694620351854 0.0176099086536754 751
1694620351887 0.015576566765143185 752
1694620351919 0.012474027009517719 753
1694620351949 0.01581697582940389 754
1694620351981 0.017074637161734407 755
1694620352023 0.016549186622466294 756
1694620352051 0.018840994379788256 757
1694620352092 0.012946662866882952 758
1694620352129 0.0190681621042601 759
1694620352161 0.014483116835853904 760
1694620352218 0.016260175695708035 761
1694620352245 0.018692630707215496 762
1694620352293 0.012285331292878787 763
1694620352334 0.017695728518822507 764
1694620352376 0.018511911159882377 765
1694620352411 0.01634964318221499 766
1694620352441 0.02091487092512334 767
1694620352475 0.019691287563633142 768
1694620352510 0.018429739419711266 769
1694620352540 0.02372850828162132 770
1694620352574 0.02082300802010273 771
1694620352607 0.020545336559756544 772
1694620352637 0.016829676529684368 773
1694620352667 0.020092281915815358 774
1694620352704 0.014142599036799819 775
1694620352743 0.019318437441106395 776
1694620352784 0.0183758902863691 777
1694620352820 0.020595665641894634 778
1694620352848 0.01552181981072398 779
1694620352876 0.014968846925559443 780
1694620352907 0.01843114878253893 781
1694620352942 0.01890118020519349 782
1694620352978 0.017963662113481882 783
1694620353008 0.019129917573020516 784
1694620353036 0.016252521761897176 785
1694620353063 0.022622107174915196 786
1694620353098 0.02158482212798518 787
1694620353127 0.02076878166921281 788
1694620353153 0.021874222219172124 789
1694620353180 0.020597173160253446 790
1694620353217 0.01766385696434547 791
1694620353241 0.020457593067318425 792
1694620353273 0.020899328672392525 793
1694620353304 0.015621763132455557 794
1694620353332 0.018684769472886997 795
1694620353359 0.020822602883710295 796
1694620353391 0.015734084839007068 797
1694620353436 0.021686746175679672 798
1694620353483 0.017447387616238985 799
1694620353513 0.0178189863406506 800
1694620353545 0.019079618213521332 801
1694620353578 0.020893183733095122 802
1694620353610 0.02231621941795925 803
1694620353639 0.017697496434972426 804
1694620353668 0.019927290898941186 805
1694620353703 0.018172564594842622 806
1694620353736 0.016342208354813703 807
1694620353769 0.018770482794607135 808
1694620353804 0.017109753120615134 809
1694620353846 0.0205081777545697 810
1694620353875 0.01941927875528593 811
1694620353907 0.020946090725741717 812
1694620353939 0.01729753552784008 813
1694620353967 0.022773329578915757 814
1694620354005 0.019503189481840266 815
1694620354033 0.02075876856678227 816
1694620354062 0.022778695768985946 817
1694620354098 0.02053605796642699 818
1694620354127 0.022589331387535716 819
1694620354154 0.023526832344113124 820
1694620354184 0.023580527170183663 821
1694620354216 0.02042600346415535 822
1694620354253 0.019510798910218452 823
1694620354288 0.018794436832871075 824
1694620354318 0.021801196338953832 825
1694620354348 0.01773258389630117 826
1694620354377 0.021796399734225758 827
1694620354411 0.0210585790608091 828
1694620354445 0.015896736505105147 829
1694620354478 0.02053804961209038 830
1694620354513 0.018701682214263382 831
1694620354544 0.020652509364531002 832
1694620354575 0.021581861670828983 833
1694620354610 0.01846201213915699 834
1694620354646 0.016187836022182878 835
1694620354678 0.02007817387647981 836
1694620354713 0.02288607415380195 837
1694620354745 0.021834343588836846 838
1694620354775 0.019804081953167407 839
1694620354813 0.023071603585110623 840
1694620354848 0.016343972571143395 841
1694620354883 0.02027784579343339 842
1694620354919 0.019007514549902682 843
1694620354952 0.02020202702924101 844
1694620354983 0.01819729844333473 845
1694620355018 0.019671363293333965 846
1694620355047 0.022438385917191606 847
1694620355079 0.020550519921608945 848
1694620355114 0.01951084812821824 849
1694620355144 0.01607390722357549 850
1694620355176 0.020644857681793916 851
1694620355211 0.023937138737231356 852
1694620355240 0.021587829583755047 853
1694620355272 0.01873016845634856 854
1694620355304 0.016503492888599758 855
1694620355335 0.02604039990179563 856
1694620355363 0.014991349240664031 857
1694620355395 0.01463707743503162 858
1694620355426 0.016084216137076 859
1694620355453 0.018611860920344836 860
1694620355481 0.01912022715195849 861
1694620355519 0.01807534174622827 862
1694620355553 0.01998980332253464 863
1694620355586 0.02181743958870508 864
1694620355628 0.028246599793222527 865
1694620355663 0.02278086861826456 866
1694620355717 0.02022488699380265 867
1694620355762 0.01992954867103447 868
1694620355808 0.021448456341592315 869
1694620355859 0.022173396022284075 870
1694620355902 0.02176621355113051 871
1694620355977 0.026028145986809803 872
1694620356037 0.02403914247281791 873
1694620356077 0.021496978363191976 874
1694620356118 0.02350223480539626 875
1694620356147 0.023843415444210314 876
1694620356194 0.024109985738608897 877
1694620356249 0.020990234476473413 878
1694620356278 0.026459116598151367 879
1694620356323 0.02126673879269092 880
1694620356371 0.02350449953466016 881
1694620356414 0.02055489780000075 882
1694620356445 0.0227563476434699 883
1694620356475 0.018596087577695486 884
1694620356511 0.02419193092937799 885
1694620356542 0.021562823654079688 886
1694620356572 0.022996095459442922 887
1694620356603 0.025402166744525 888
1694620356632 0.02286118807455162 889
1694620356664 0.024035836026046753 890
1694620356703 0.0195350156765296 891
1694620356751 0.026805550165295178 892
1694620356789 0.024099142706914267 893
1694620356824 0.01809757057575334 894
1694620356867 0.030536667878053425 895
1694620356895 0.023374306680089885 896
1694620356943 0.02355038258530695 897
1694620356987 0.022045802495937572 898
1694620357028 0.01972680437814356 899
1694620357064 0.023149193674308233 900
1694620357100 0.02173856126642526 901
1694620357133 0.02825303873798579 902
1694620357169 0.01916687021564889 903
1694620357200 0.02402749130257842 904
1694620357229 0.025718506838056654 905
1694620357260 0.027852803898263834 906
1694620357288 0.025111200151264335 907
1694620357317 0.024908202742443764 908
1694620357355 0.025168587878765747 909
1694620357388 0.020683692100527118 910
1694620357421 0.023301463317700444 911
1694620357452 0.02720773518836217 912
1694620357479 0.02018974500843085 913
1694620357507 0.02315973584725506 914
1694620357535 0.0252290053728359 915
1694620357563 0.022800293961321216 916
1694620357592 0.025888759818177176 917
1694620357621 0.01999960190988692 918
1694620357649 0.02052147332492893 919
1694620357681 0.02588789681714998 920
1694620357716 0.023278897313317004 921
1694620357750 0.022489941356910848 922
1694620357787 0.028716643502107564 923
1694620357821 0.02939581509853717 924
1694620357860 0.02553177279822283 925
1694620357888 0.03146566181871557 926
1694620357919 0.025063864028643468 927
1694620357953 0.021778791632827033 928
1694620357991 0.026010161177364433 929
1694620358030 0.024069918825471714 930
1694620358072 0.02303373977303036 931
1694620358118 0.02625365519523526 932
1694620358147 0.02213260622978741 933
1694620358178 0.027736880879520975 934
1694620358207 0.029073295849713965 935
1694620358242 0.025901002583402333 936
1694620358275 0.022345160436258005 937
1694620358310 0.026296105489173605 938
1694620358349 0.02666315343083492 939
1694620358379 0.02106373865254596 940
1694620358419 0.024944006200476987 941
1694620358456 0.024744131203371156 942
1694620358486 0.027750309410572105 943
1694620358515 0.02922524349100797 944
1694620358543 0.018715682277716028 945
1694620358573 0.02561328241506211 946
1694620358600 0.027474955222972608 947
1694620358631 0.02637564939594128 948
1694620358663 0.02285974267534452 949
1694620358693 0.02436270579447597 950
1694620358725 0.026095716085781873 951
1694620358765 0.022431358502737364 952
1694620358796 0.023452341315297387 953
1694620358831 0.028102273052155846 954
1694620358862 0.032530022532217595 955
1694620358889 0.02144373758546192 956
1694620358918 0.021753529359579082 957
1694620358947 0.023954743994007655 958
1694620358977 0.026731637731607916 959
1694620359005 0.02580837082668863 960
1694620359034 0.026837659624952104 961
1694620359062 0.02816811426514443 962
1694620359094 0.02588808164219958 963
1694620359144 0.02973430158719581 964
1694620359184 0.02723279753424379 965
1694620359222 0.025864597156002644 966
1694620359275 0.02611710723664107 967
1694620359328 0.02344881386577069 968
1694620359368 0.0271129048475357 969
1694620359414 0.031168585746195188 970
1694620359443 0.01808671591400557 971
1694620359475 0.03408941445039648 972
1694620359505 0.02401396420602686 973
1694620359533 0.024313236149102302 974
1694620359561 0.029254723854136078 975
1694620359591 0.024724647915455034 976
1694620359621 0.029114261032664346 977
1694620359650 0.027045131787084453 978
1694620359681 0.02395583111466426 979
1694620359711 0.02520706715514276 980
1694620359745 0.02988840809896698 981
1694620359779 0.02810327914698796 982
1694620359810 0.025776224396778513 983
1694620359846 0.030924481293479578 984
1694620359880 0.030670455867036983 985
1694620359912 0.02769454611768518 986
1694620359947 0.024626773049583384 987
1694620359977 0.029238610913344565 988
1694620360005 0.028611029883725325 989
1694620360033 0.027346266971744915 990
1694620360061 0.022295685976278623 991
1694620360092 0.02868787387318139 992
1694620360123 0.024182985199682983 993
1694620360151 0.02529326406857091 994
1694620360184 0.02681355192271695 995
1694620360234 0.027785369132220294 996
1694620360286 0.03371955784618208 997
1694620360328 0.027226391216476298 998
1694620360363 0.026680839690138125 999
