1694626904292 7.339882335573651 0
1694626904603 5.145571307087726 1
1694626904862 2.5811745757826636 2
1694626905201 6.038052807465962 3
1694626905597 5.884951518009197 4
1694626905851 4.011584091613844 5
1694626906156 4.960182817452559 6
1694626906439 6.422918650677621 7
1694626906709 7.064519184435548 8
1694626906983 4.842390066387741 9
1694626907281 4.463619883299233 10
1694626907560 4.309658219914977 11
1694626907825 4.667345171611785 12
1694626908127 5.9359241736805375 13
1694626908410 5.245713351676027 14
1694626908711 2.3575684503207 15
1694626908986 3.6972116749503483 16
1694626909253 4.366388719534929 17
1694626909516 1.8705650572262797 18
1694626909835 4.191174845386518 19
1694626910120 4.220767728980239 20
1694626910401 5.414015576918873 21
1694626910672 3.8465308622732586 22
1694626910925 2.992991472096546 23
1694626911214 4.7550197524353015 24
1694626911509 5.789111201444625 25
1694626911754 5.041593825536484 26
1694626912035 5.868102059507135 27
1694626912305 5.68412395891078 28
1694626912630 5.3268723663495114 29
1694626912893 7.866749928552471 30
1694626913194 5.645326252273107 31
1694626913481 3.738821384534076 32
1694626913782 5.849641536622126 33
1694626914105 5.038111317595803 34
1694626914426 4.513822072209894 35
1694626914682 3.9052821937233744 36
1694626914969 9.876413209942923 37
1694626915219 6.41071236155231 38
1694626915515 5.977947889868166 39
1694626915775 5.178313979998045 40
1694626916045 1.8239616467426414 41
1694626916307 4.464092351979885 42
1694626916597 3.7180758227315915 43
1694626916850 4.086501850461867 44
1694626917099 5.802915456974677 45
1694626917379 3.4587598156101538 46
1694626917682 4.184618388500229 47
1694626917940 5.989600187000161 48
1694626918262 6.284954765768753 49
1694626918554 4.437488596275948 50
1694626918786 9.078068302723429 51
1694626919108 4.438447836640752 52
1694626919446 3.7309645115666163 53
1694626919706 5.829497548828225 54
1694626919998 4.528790108209789 55
1694626920299 3.1558954920387423 56
1694626920585 4.688946251099355 57
1694626920822 4.569902283422598 58
1694626921176 4.779462300401567 59
1694626921464 4.81579544032506 60
1694626921700 4.125989831188124 61
1694626921990 5.2272114486519055 62
1694626922300 5.564821675156306 63
1694626922580 4.223904632443975 64
1694626922834 7.820138970837395 65
1694626923137 3.743330995865784 66
1694626923416 5.1075359898404535 67
1694626923665 3.4536616866119356 68
1694626923943 4.908077416759904 69
1694626924183 3.640754569682214 70
1694626924452 5.154936658311208 71
