1694626904306 0.0 0
1694626904616 0.0 1
1694626904872 0.0 2
1694626905213 0.0 3
1694626905610 0.0 4
1694626905859 0.0 5
1694626906166 0.0 6
1694626906450 0.0 7
1694626906721 0.0 8
1694626906992 0.0 9
1694626907294 0.0 10
1694626907570 0.0 11
1694626907842 0.0 12
1694626908140 0.0 13
1694626908422 0.0 14
1694626908722 0.0 15
1694626908995 0.0 16
1694626909265 0.0 17
1694626909526 0.0 18
1694626909845 0.0 19
1694626910134 0.0 20
1694626910409 0.0 21
1694626910682 0.0 22
1694626910936 0.0 23
1694626911223 0.0 24
1694626911518 0.0 25
1694626911768 0.0 26
1694626912047 0.0 27
1694626912315 0.0 28
1694626912638 0.0 29
1694626912905 0.0 30
1694626913205 0.0 31
1694626913493 0.0 32
1694626913794 0.0 33
1694626914117 0.0 34
1694626914440 0.0 35
1694626914693 0.0 36
1694626914976 0.0 37
1694626915234 0.0 38
1694626915530 0.0 39
1694626915786 0.0 40
1694626916054 0.0 41
1694626916315 0.0 42
1694626916607 0.0 43
1694626916858 0.0 44
1694626917108 0.0 45
1694626917389 0.0 46
1694626917690 0.0 47
1694626917950 0.0 48
1694626918271 0.0 49
1694626918562 0.0 50
1694626918794 0.0 51
1694626919123 0.0 52
1694626919456 0.0 53
1694626919715 0.0 54
1694626920014 0.0 55
1694626920311 0.0 56
1694626920593 0.0 57
1694626920836 0.0 58
1694626921187 0.0 59
1694626921473 0.0 60
1694626921707 0.0 61
1694626922000 0.0 62
1694626922308 0.0 63
1694626922590 0.0 64
1694626922843 0.0 65
1694626923148 0.0 66
1694626923428 0.0 67
1694626923675 0.0 68
1694626923956 0.0 69
1694626924192 0.0 70
1694626924463 0.0 71
