1694624186584 -0.00039132785510376245 0
1694624186610 -0.0003869309424107126 1
1694624186639 -0.00038252483579426233 2
1694624186682 -0.00037810952281658317 3
1694624186713 -0.0003736849910336293 4
1694624186751 -0.0003692512279944715 5
1694624186799 -0.00036480822124262957 6
1694624186834 -0.00036035595831362954 7
1694624186880 -0.00035589442673811256 8
1694624186909 -0.0003514236140389482 9
1694624186938 -0.0003469435077332328 10
1694624186969 -0.00034245409533184556 11
1694624186999 -0.00033795536433878226 12
1694624187026 -0.0003334473022522655 13
1694624187053 -0.00032892989656407856 14
1694624187090 -0.0003244031347584553 15
1694624187121 -0.0003198670043158547 16
1694624187169 -0.00031532149270852017 17
1694624187204 -0.0003107665874035881 18
1694624187238 -0.00030620227586086735 19
1694624187272 -0.00030162854553572593 20
1694624187304 -0.00029704538387553825 21
1694624187334 -0.0002924527783227937 22
1694624187363 -0.0002878507163139865 23
1694624187394 -0.0002832391852787275 24
1694624187422 -0.00027861817264152045 25
1694624187453 -0.0002739876658199858 26
1694624187491 -0.000269347652227081 27
1694624187518 -0.00026469811926821407 28
1694624187545 -0.00026003905434435204 29
1694624187572 -0.0002553704448500227 30
1694624187600 -0.00025069227817353656 31
1694624187628 -0.00024600454169809716 32
1694624187655 -0.00024130722280069072 33
1694624187691 -0.0002366003088527524 34
1694624187721 -0.00023188378721994418 35
1694624187752 -0.00022715764526215487 36
1694624187786 -0.00022242187033372218 37
1694624187861 -0.0002176764497834327 38
1694624187954 -0.00021292137095429986 39
1694624188037 -0.00020815662118400802 40
1694624188115 -0.00020338218780402428 41
1694624188177 -0.00019859805814159692 42
1694624188219 -0.00019380421951731286 43
1694624188271 -0.00018900065924642995 44
1694624188315 -0.0001841873646395431 45
1694624188352 -0.00017936432300125205 46
1694624188392 -0.00017453152163104946 47
1694624188426 -0.00016968894782243282 48
1694624188452 -0.00016483658886490282 49
1694624188479 -0.0001599744320417429 50
1694624188507 -0.00015510246463068533 51
1694624188536 -0.00015022067390524363 52
1694624188566 -0.00014532904713315808 53
1694624188607 -0.00014042757157750607 54
1694624188639 -0.00013551623449536976 55
1694624188673 -0.00013059502313961247 56
1694624188708 -0.0001256639247575464 57
1694624188752 -0.00012072292659159878 58
1694624188796 -0.00011577201587931185 59
1694624188837 -0.00011081117985289879 60
1694624188883 -0.00010584040574102005 61
1694624188945 -0.00010085968076545271 62
1694624188980 -9.5868992143755e-05 63
1694624189019 -9.086832709059856e-05 64
1694624189056 -8.585767281110712e-05 65
1694624189091 -8.083701651151465e-05 66
1694624189127 -7.580634538983944e-05 67
1694624189155 -7.07656466396589e-05 68
1694624189196 -6.571490745055364e-05 69
1694624189253 -6.0654115006997245e-05 70
1694624189300 -5.558325648991058e-05 71
1694624189352 -5.0502319073775226e-05 72
1694624189389 -4.541128993063026e-05 73
1694624189427 -4.031015622607548e-05 74
1694624189461 -3.519890512238e-05 75
1694624189492 -3.007752377781614e-05 76
1694624189522 -2.4945999344883063e-05 77
1694624189553 -1.9804318972083124e-05 78
1694624189586 -1.4652469805032098e-05 79
1694624189632 -9.490438983794647e-06 80
1694624189663 -4.318213642440227e-06 81
1694624189695 8.642190855168153e-07 82
1694624189727 6.056872072668362e-06 83
1694624189756 1.125975819615821e-05 84
1694624189788 1.6472890337015933e-05 85
1694624189824 2.1696281379823823e-05 86
1694624189861 2.6929944213271995e-05 87
1694624189902 3.2173891730935544e-05 88
1694624189946 3.7428136829609215e-05 89
1694624189987 4.2692692410084554e-05 90
1694624190025 4.796757137726093e-05 91
1694624190056 5.3252786640145544e-05 92
1694624190086 5.854835111118728e-05 93
1694624190122 6.385427770683183e-05 94
1694624190153 6.917057934752169e-05 95
1694624190188 7.4497268956919e-05 96
1694624190220 7.983435946279371e-05 97
1694624190255 8.51818637968016e-05 98
1694624190299 9.053979489381803e-05 99
1694624190349 9.59081656921601e-05 100
1694624190395 0.00010128698913425271 101
1694624190436 0.0001066762781660735 102
1694624190469 0.00011207604573604257 103
1694624190503 0.00011748630479813116 104
1694624190544 0.00012290706830708764 105
1694624190582 0.0001283383492235446 106
1694624190630 0.0001337801605097999 107
1694624190665 0.0001392325151317042 108
1694624190700 0.000144695426059549 109
1694624190744 0.00015016890626540214 110
1694624190779 0.0001556529687253283 111
1694624190814 0.00016114762641827873 112
1694624190871 0.00016665289232686842 113
1694624190935 0.00017216877943615483 114
1694624190982 0.00017769530073441508 115
1694624191011 0.0001832324692128129 116
1694624191043 0.00018878029786606465 117
1694624191074 0.00019433879969177337 118
1694624191103 0.0001999079876894294 119
1694624191135 0.0002054878748621869 120
1694624191163 0.00021107847421675263 121
1694624191193 0.00021667979876083265 122
1694624191225 0.00022229186150646285 123
1694624191261 0.00022791467546767752 124
1694624191314 0.00023354825366150855 125
1694624191364 0.00023919260910687523 126
1694624191399 0.00024484775482636056 127
1694624191434 0.00025051370384499005 128
1694624191469 0.0002561904691887884 129
1694624191500 0.00026187806388833224 130
1694624191536 0.00026757650097519736 131
1694624191570 0.0002732857934845123 132
1694624191603 0.0002790059544526269 133
1694624191635 0.00028473699691899945 134
1694624191668 0.00029047893392475377 135
1694624191698 0.00029623177851434424 136
1694624191730 0.0003019955437330024 137
1694624191768 0.00030777024262895747 138
1694624191800 0.000313555888252659 139
1694624191846 0.00031935249365666607 140
1694624191888 0.00032516007189442586 141
1694624191928 0.0003309786360233824 142
1694624191968 0.00033680819910131277 143
1694624192000 0.0003426487741886586 144
1694624192035 0.0003485003743475268 145
1694624192068 0.00035436301264213377 146
1694624192101 0.00036023670213802816 147
1694624192143 0.00036612145590286804 148
1694624192178 0.00037201728700564374 149
1694624192224 0.0003779242085180101 150
1694624192270 0.0003838422335119551 151
1694624192323 0.00038977137506235326 152
1694624192371 0.0003957116462441901 153
1694624192425 0.0004016630601354487 154
1694624192465 0.0004076256298145564 155
1694624192499 0.0004135993683616057 156
1694624192533 0.0004195842888587986 157
1694624192568 0.00042558040438844813 158
1694624192600 0.00043158772803475465 159
1694624192635 0.0004376062728836949 160
1694624192671 0.00044363605202202283 161
1694624192705 0.00044967707853726946 162
1694624192742 0.0004557293655187422 163
1694624192773 0.00046179292605641464 164
1694624192810 0.00046786777324148154 165
1694624192853 0.00047395392016635896 166
1694624192891 0.0004800513799242401 167
1694624192943 0.00048616016560898423 168
1694624192979 0.0004922802903160051 169
1694624193016 0.0004984117671407162 170
1694624193047 0.0005045546091795305 171
1694624193078 0.0005107088295298601 172
1694624193108 0.0005168744412912263 173
1694624193138 0.0005230514575602641 174
1694624193168 0.0005292398914376051 175
1694624193195 0.0005354397560228819 176
1694624193229 0.000541651064416393 177
1694624193275 0.0005478738297191033 178
1694624193333 0.0005541080650326435 179
1694624193388 0.0005603537834585337 180
1694624193423 0.0005666109980991818 181
1694624193453 0.0005728797220565518 182
1694624193488 0.0005791599684340509 183
1694624193521 0.0005854517503343093 184
1694624193555 0.00059175508086029 185
1694624193585 0.0005980699731152894 186
1694624193625 0.0006043964402026036 187
1694624193654 0.000610734495226084 188
1694624193685 0.0006170841512885827 189
1694624193714 0.000623445421493618 190
1694624193750 0.0006298183189441531 191
1694624193786 0.0006362028567434841 192
1694624193837 0.0006425990479944632 193
1694624193887 0.0006490069057997205 194
1694624193949 0.0006554264432618861 195
1694624193999 0.000661857673482813 196
1694624194049 0.0006683006095639099 197
1694624194083 0.0006747552646069188 198
1694624194117 0.0006812216517124714 199
1694624194164 0.0006876997839807553 200
1694624194206 0.000694189674511736 201
1694624194255 0.0007006913364036027 202
1694624194299 0.0007072047827569872 203
1694624194349 0.000713730026667525 204
1694624194385 0.0007202670812330725 205
1694624194420 0.0007268159595501533 206
1694624194470 0.000733376674713293 207
1694624194506 0.0007399492398181273 208
1694624194550 0.0007465336679577383 209
1694624194590 0.0007531299722244311 210
1694624194620 0.0007597381657102886 211
1694624194650 0.0007663582615053954 212
1694624194685 0.0007729902726997251 213
1694624194719 0.0007796342123809197 214
1694624194765 0.0007862900936360662 215
1694624194798 0.0007929579295513633 216
1694624194848 0.0007996377332099014 217
1694624194893 0.0008063295176971019 218
1694624194944 0.0008130332960927245 219
1694624194986 0.0008197490814774167 220
1694624195019 0.0008264768869298278 221
1694624195053 0.0008332167255267198 222
1694624195088 0.0008399686103444104 223
1694624195122 0.0008467325544559978 224
1694624195155 0.0008535085709342471 225
1694624195188 0.0008602966728488148 226
1694624195219 0.0008670968732690243 227
1694624195262 0.0008739091852608682 228
1694624195304 0.0008807336218902284 229
1694624195343 0.0008875701962186566 230
1694624195387 0.0008944189213077047 231
1694624195423 0.000901279810216149 232
1694624195463 0.0009081528760007673 233
1694624195490 0.0009150381317162282 234
1694624195521 0.0009219355904144244 235
1694624195551 0.0009288452651450285 236
1694624195577 0.000935767168958157 237
1694624195605 0.0009427013148971541 238
1694624195641 0.000949647716005253 239
1694624195673 0.0009566063853233553 240
1694624195707 0.0009635773358896982 241
1694624195743 0.0009705605807397433 242
1694624195775 0.0009775561329061766 243
1694624195803 0.0009845640054196858 244
1694624195855 0.0009915842113070727 245
1694624195907 0.000998616763594029 246
1694624195968 0.0010056616753020275 247
1694624196012 0.0010127189594506536 248
1694624196051 0.0010197886290554958 249
1694624196085 0.0010268706971301444 250
1694624196117 0.0010339651766839708 251
1694624196155 0.0010410720807265683 252
1694624196191 0.0010481914222593147 253
1694624196230 0.001055323214284476 254
1694624196270 0.0010624674697991 255
1694624196307 0.001069624201797903 256
1694624196349 0.0010767934232713827 257
1694624196392 0.0010839751472078163 258
1694624196431 0.001091169386591373 259
1694624196464 0.0010983761544021142 260
1694624196495 0.001105595463617881 261
1694624196533 0.0011128273272119626 262
1694624196568 0.0011200717581544284 263
1694624196598 0.001127328769411573 264
1694624196641 0.0011345983739455834 265
1694624196672 0.0011418805847150937 266
1694624196705 0.0011491754146752964 267
1694624196746 0.001156482876776832 268
1694624196784 0.0011638029839671216 269
1694624196822 0.0011711357491883678 270
1694624196874 0.001178481185379665 271
1694624196921 0.0011858393054762217 272
1694624196963 0.0011932101224075842 273
1694624196995 0.0012005936491008562 274
1694624197032 0.0012079898984778126 275
1694624197068 0.0012153988834562313 276
1694624197099 0.0012228206169488942 277
1694624197129 0.0012302551118652527 278
1694624197163 0.001237702381109096 279
1694624197194 0.0012451624375804382 280
1694624197229 0.00125263529417452 281
1694624197264 0.0012601209637814748 282
1694624197303 0.001267619459286884 283
1694624197346 0.001275130793571777 284
1694624197386 0.0012826549795126319 285
1694624197419 0.001290192029980708 286
1694624197461 0.0012977419578418248 287
1694624197494 0.001305304775957028 288
1694624197527 0.0013128804971832553 289
1694624197567 0.0013204691343711161 290
1694624197596 0.001328070700366557 291
1694624197629 0.0013356852080103065 292
1694624197665 0.001343312670138097 293
1694624197698 0.0013509530995789998 294
1694624197737 0.001358606509158422 295
1694624197782 0.0013662729116957761 296
1694624197824 0.001373952320004368 297
1694624197873 0.0013816447468926185 298
1694624197907 0.0013893502051625095 299
1694624197944 0.0013970687076114707 300
1694624197978 0.0014048002670307147 301
1694624198006 0.0014125448962047926 302
1694624198038 0.0014203026079137038 303
1694624198070 0.0014280734149312302 304
1694624198096 0.0014358573300247146 305
1694624198125 0.0014436543659553935 306
1694624198158 0.0014514645354792854 307
1694624198190 0.0014592878513450813 308
1694624198230 0.0014671243262981415 309
1694624198265 0.001474973973072724 310
1694624198298 0.0014828368044006446 311
1694624198337 0.0014907128330058361 312
1694624198376 0.0014986020716067916 313
1694624198408 0.0015065045329145654 314
1694624198456 0.0015144202296338838 315
1694624198489 0.0015223491744627005 316
1694624198519 0.001530291380092974 317
1694624198556 0.0015382468592098908 318
1694624198583 0.0015462156244909764 319
1694624198608 0.0015541976886080944 320
1694624198636 0.0015621930642251147 321
1694624198664 0.0015702017639998012 322
1694624198691 0.0015782238005823679 323
1694624198718 0.0015862591866165898 324
1694624198752 0.0015943079347382483 325
1694624198786 0.0016023700575767963 326
1694624198820 0.0016104455677536933 327
1694624198863 0.0016185344778841815 328
1694624198902 0.0016266368005746212 329
1694624198940 0.0016347525484242675 330
1694624198977 0.0016428817340280455 331
1694624199005 0.0016510243699680016 332
1694624199038 0.0016591804688225187 333
1694624199078 0.0016673500431604316 334
1694624199110 0.0016755331055440248 335
1694624199150 0.0016837296685271452 336
1694624199185 0.0016919397446560902 337
1694624199217 0.0017001633464689414 338
1694624199262 0.00170840048649612 339
1694624199304 0.0017166511772600535 340
1694624199366 0.0017249154312747317 341
1694624199406 0.001733193261046262 342
1694624199454 0.0017414846790725358 343
1694624199491 0.0017497896978433403 344
1694624199523 0.0017581083298399136 345
1694624199557 0.0017664405875351674 346
1694624199587 0.0017747864833936866 347
1694624199612 0.0017831460298712853 348
1694624199643 0.001791519239415229 349
1694624199674 0.0017999061244650116 350
1694624199704 0.001808306697450024 351
1694624199740 0.0018167209707919962 352
1694624199771 0.001825148956903444 353
1694624199799 0.001833590668188001 354
1694624199830 0.001842046117040308 355
1694624199861 0.001850515315846346 356
1694624199887 0.0018589982769828817 357
1694624199918 0.001867495012817466 358
1694624199954 0.001876005535708325 359
1694624199983 0.001884529858004802 360
1694624200010 0.001893067992046804 361
1694624200043 0.0019016199501649123 362
1694624200079 0.0019101857446798265 363
1694624200113 0.0019187653879039201 364
1694624200162 0.0019273588921383533 365
1694624200192 0.0019359662696761815 366
1694624200222 0.001944587532800135 367
1694624200261 0.001953222693782841 368
1694624200289 0.0019618717648879347 369
1694624200317 0.001970534758368503 370
1694624200346 0.0019792116864681963 371
1694624200376 0.0019879025614204515 372
1694624200404 0.00199660739544838 373
1694624200436 0.002005326200765545 374
1694624200469 0.002014058989575296 375
1694624200502 0.002022805774069991 376
1694624200535 0.00203156656643233 377
1694624200577 0.002040341378834687 378
1694624200609 0.0020491302234383335 379
1694624200639 0.002057933112395327 380
1694624200673 0.0020667500578458453 381
1694624200702 0.002075581071920074 382
1694624200736 0.0020844261667373187 383
1694624200779 0.002093285354406338 384
1694624200807 0.002102158647025121 385
1694624200837 0.0021110460566802214 386
1694624200875 0.0021199475954478686 387
1694624200909 0.002128863275393078 388
1694624200952 0.0021377931085697632 389
1694624200994 0.0021467371070207353 390
1694624201036 0.002155695282777703 391
1694624201082 0.0021646676478608295 392
1694624201117 0.002173654214279286 393
1694624201156 0.002182654994030364 394
1694624201194 0.0021916699991006983 395
1694624201229 0.0022006992414637105 396
1694624201261 0.0022097427330851627 397
1694624201296 0.002218800485913719 398
1694624201331 0.002227872511890494 399
1694624201371 0.002236958822942725 400
1694624201405 0.0022460594309865467 401
1694624201457 0.0022551743479263253 402
1694624201497 0.002264303585654326 403
1694624201529 0.002273447156050379 404
1694624201558 0.0022826050709826573 405
1694624201596 0.0022917773423069 406
1694624201633 0.002300963981866966 407
1694624201678 0.0023101650014936137 408
1694624201710 0.0023193804130065 409
1694624201744 0.002328610228211847 410
1694624201781 0.0023378544589032213 411
1694624201815 0.0023471131168626425 412
1694624201854 0.0023563862138584746 413
1694624201888 0.0023656737616469803 414
1694624201921 0.0023749757719716547 415
1694624201955 0.002384292256563003 416
1694624201991 0.0023936232271382085 417
1694624202033 0.00240296869540213 418
1694624202079 0.0024123286730466376 419
1694624202121 0.002421703171749945 420
1694624202154 0.0024310922031773874 421
1694624202185 0.0024404957789802006 422
1694624202213 0.0024499139108001833 423
1694624202245 0.002459346610259816 424
1694624202275 0.002468793888972143 425
1694624202307 0.0024782557585356635 426
1694624202338 0.0024877322305354443 427
1694624202379 0.002497223316542674 428
1694624202416 0.0025067290281152177 429
1694624202486 0.002516249376796509 430
1694624202533 0.0025257843741173236 431
1694624202575 0.0025353340315933393 432
1694624202602 0.0025448983607269104 433
1694624202635 0.002554477373005848 434
1694624202746 0.0025640710799046396 435
1694624202797 0.0025736794928832296 436
1694624202832 0.002583302623387018 437
1694624202878 0.0025929404828470837 438
1694624202911 0.0026025930826812926 439
1694624202947 0.0026122604342913025 440
1694624202985 0.002621942549065892 441
1694624203018 0.002631639438378075 442
1694624203067 0.002641351113586987 443
1694624203106 0.002651077586035888 444
1694624203140 0.0026608188670560473 445
1694624203181 0.002670574967960304 446
1694624203212 0.0026803459000487306 447
1694624203247 0.0026901316746061887 448
1694624203282 0.002699932302900998 449
1694624203311 0.002709747796190376 450
1694624203337 0.002719578165711223 451
1694624203370 0.0027294234226883374 452
1694624203400 0.0027392835783301983 453
1694624203439 0.002749158643830407 454
1694624203505 0.0027590486303668005 455
1694624203550 0.0027689535491017825 456
1694624203602 0.0027788734111815483 457
1694624203635 0.002788808227738193 458
1694624203669 0.0027987580098860487 459
1694624203705 0.002808722768725236 460
1694624203749 0.002818702515339444 461
1694624203803 0.0028286972607962646 462
1694624203846 0.0028387070161475236 463
1694624203888 0.00284873179242906 464
1694624203922 0.0028587716006599484 465
1694624203966 0.002868826451844053 466
1694624204019 0.0028788963569682524 467
1694624204054 0.002888981327002771 468
1694624204104 0.0028990813729026232 469
1694624204148 0.0029091965056049496 470
1694624204185 0.002919326736031458 471
1694624204237 0.0029294720750863146 472
1694624204302 0.002939632533658032 473
1694624204348 0.0029498081226161377 474
1694624204404 0.0029599988528182797 475
1694624204448 0.0029702047350985694 476
1694624204499 0.002980425780279017 477
1694624204544 0.002990661999162425 478
1694624204591 0.003000913402535499 479
1694624204630 0.0030111800011667356 480
1694624204673 0.003021461805808423 481
1694624204733 0.0030317588271949747 482
1694624204800 0.0030420710760437064 483
1694624204843 0.0030523985630541706 484
1694624204890 0.003062741298908489 485
1694624204922 0.003073099294271131 486
1694624204955 0.0030834725597889134 487
1694624204989 0.0030938611060913335 488
1694624205020 0.0031042649437896808 489
1694624205046 0.0031146840834769263 490
1694624205081 0.0031251185357288325 491
1694624205123 0.0031355683111030652 492
1694624205162 0.0031460334201387496 493
1694624205206 0.0031565138733574694 494
1694624205247 0.003167009681261823 495
1694624205281 0.003177520854336424 496
1694624205312 0.003188047403048233 497
1694624205343 0.0031985893378435604 498
1694624205382 0.0032091466691550607 499
1694624205414 0.003219719407390631 500
1694624205445 0.003230307562942847 501
1694624205476 0.0032409111461861873 502
1694624205509 0.003251530167473593 503
1694624205549 0.003262164637143683 504
1694624205601 0.00327281456551054 505
1694624205643 0.003283479962873259 506
1694624205693 0.003294160839510396 507
1694624205735 0.0033048572056816328 508
1694624205774 0.0033155690716272224 509
1694624205815 0.003326296447568433 510
1694624205846 0.0033370393437075485 511
1694624205878 0.0033477977702258688 512
1694624205909 0.0033585717372869306 513
1694624205940 0.0033693612550340646 514
1694624205970 0.0033801663335907284 515
1694624205996 0.0033909869830610617 516
1694624206024 0.0034018232135289983 517
1694624206057 0.003412675035058599 518
1694624206101 0.00342354245769505 519
1694624206143 0.003434425491462001 520
1694624206198 0.003445324146364337 521
1694624206238 0.0034562384323861828 522
1694624206272 0.003467168359491457 523
1694624206318 0.0034781139376238723 524
1694624206351 0.003489075176706713 525
1694624206385 0.003500052086642169 526
1694624206418 0.0035110446773153337 527
1694624206454 0.003522052958585764 528
1694624206487 0.0035330769402951434 529
1694624206523 0.0035441166322646156 530
1694624206566 0.003555172044293564 531
1694624206635 0.0035662431861612776 532
1694624206697 0.003577330067625839 533
1694624206754 0.0035884326984239046 534
1694624206838 0.003599551088271924 535
1694624206890 0.0036106852468649198 536
1694624206924 0.003621835183876043 537
1694624206967 0.0036330009089581283 538
1694624207013 0.00364418243174236 539
1694624207048 0.0036553797618383843 540
1694624207083 0.0036665929088340876 541
1694624207117 0.0036778218822964837 542
1694624207151 0.003689066691770382 543
1694624207189 0.003700327346778831 544
1694624207222 0.0037116038568243415 545
1694624207253 0.003722896231385886 546
1694624207288 0.0037342044799213436 547
1694624207321 0.003745528611866833 548
1694624207352 0.003756868636636046 549
1694624207384 0.0037682245636201372 550
1694624207420 0.003779596402189278 551
1694624207454 0.003790984161690547 552
1694624207490 0.0038023878514484855 553
1694624207519 0.003813807480765652 554
1694624207555 0.0038252430589221786 555
1694624207592 0.0038366945951757714 556
1694624207631 0.00384816209876071 557
1694624207671 0.0038596455788892925 558
1694624207712 0.0038711450447506124 559
1694624207746 0.0038826605055115593 560
1694624207781 0.003894191970315708 561
1694624207821 0.0039057394482835406 562
1694624207856 0.003917302948512447 563
1694624207894 0.003928882480077389 564
1694624207934 0.003940478052029239 565
1694624207975 0.003952089673396109 566
1694624208021 0.003963717353182794 567
1694624208060 0.003975361100370334 568
1694624208093 0.003987020923916562 569
1694624208124 0.003998696832755888 570
1694624208155 0.004010388835798406 571
1694624208187 0.004022096941931785 572
1694624208225 0.0040338211600187135 573
1694624208254 0.004045561498898342 574
1694624208283 0.004057317967386953 575
1694624208318 0.004069090574274736 576
1694624208350 0.0040808793283300115 577
1694624208387 0.004092684238296118 578
1694624208425 0.0041045053128911935 579
1694624208466 0.00411634256081117 580
1694624208519 0.00412819599072578 581
1694624208563 0.0041400656112814405 582
1694624208620 0.0041519514310996986 583
1694624208649 0.004163853458777678 584
1694624208677 0.004175771702887743 585
1694624208709 0.004187706171977612 586
1694624208755 0.004199656874570357 587
1694624208818 0.0042116238191639566 588
1694624208862 0.0042236070142323 589
1694624208910 0.004235606468222963 590
1694624208951 0.004247622189559763 591
1694624208986 0.004259654186639983 592
1694624209017 0.004271702467837923 593
1694624209046 0.0042837670414997975 594
1694624209073 0.004295847915948947 595
1694624209104 0.004307945099482069 596
1694624209140 0.004320058600370769 597
1694624209176 0.0043321884268607835 598
1694624209214 0.00434433458717276 599
1694624209250 0.004356497089500699 600
1694624209285 0.0043686759420145105 601
1694624209321 0.004380871152856125 602
1694624209349 0.004393082730143716 603
1694624209380 0.004405310681968033 604
1694624209408 0.004417555016394403 605
1694624209438 0.004429815741461396 606
1694624209468 0.004442092865182934 607
1694624209495 0.0044543863955448515 608
1694624209523 0.00446669634050767 609
1694624209555 0.004479022708005265 610
1694624209585 0.004491365505945422 611
1694624209610 0.004503724742208504 612
1694624209639 0.00451610042464945 613
1694624209670 0.004528492561095332 614
1694624209707 0.004540901159347688 615
1694624209751 0.004553326227180299 616
1694624209789 0.00456576777234019 617
1694624209823 0.004578225802548075 618
1694624209858 0.00459070032549691 619
1694624209893 0.0046031913488527865 620
1694624209932 0.004615698880254704 621
1694624209963 0.004628222927314685 622
1694624209996 0.004640763497616662 623
1694624210038 0.004653320598718369 624
1694624210074 0.00466589423814856 625
1694624210108 0.004678484423410234 626
1694624210140 0.004691091161976968 627
1694624210171 0.00470371446129636 628
1694624210207 0.004716354328787031 629
1694624210238 0.004729010771840514 630
1694624210277 0.004741683797820251 631
1694624210330 0.00475437341406193 632
1694624210371 0.0047670796278721506 633
1694624210409 0.004779802446531867 634
1694624210448 0.0047925418772907236 635
1694624210480 0.004805297927373053 636
1694624210513 0.004818070603973101 637
1694624210550 0.004830859914257357 638
1694624210582 0.0048436658653633335 639
1694624210610 0.00485648846440101 640
1694624210640 0.004869327718451499 641
1694624210669 0.004882183634566162 642
1694624210697 0.004895056219769822 643
1694624210729 0.0049079454810562195 644
1694624210764 0.004920851425392003 645
1694624210795 0.00493377405971418 646
1694624210827 0.004946713390930446 647
1694624210864 0.004959669425919855 648
1694624210900 0.004972642171532593 649
1694624210941 0.004985631634588872 650
1694624210981 0.0049986378218804806 651
1694624211012 0.005011660740169677 652
1694624211047 0.005024700396189186 653
1694624211088 0.005037756796641313 654
1694624211123 0.005050829948201274 655
1694624211165 0.005063919857511867 656
1694624211199 0.005077026531188689 657
1694624211231 0.00509014997581525 658
1694624211270 0.005103290197947086 659
1694624211305 0.00511644720410942 660
1694624211341 0.005129621000796503 661
1694624211379 0.005142811594473939 662
1694624211411 0.005156018991576139 663
1694624211442 0.005169243198509976 664
1694624211471 0.005182484221647687 665
1694624211499 0.005195742067333975 666
1694624211529 0.005209016741883121 667
1694624211558 0.005222308251578989 668
1694624211588 0.005235616602673576 669
1694624211621 0.005248941801390794 670
1694624211653 0.005262283853921135 671
1694624211679 0.005275642766426336 672
1694624211707 0.00528901854503705 673
1694624211736 0.005302411195852286 674
1694624211767 0.005315820724940301 675
1694624211798 0.005329247138339932 676
1694624211833 0.005342690442056708 677
1694624211868 0.005356150642066293 678
1694624211917 0.00536962774431371 679
1694624211962 0.00538312175471134 680
1694624212003 0.005396632679142588 681
1694624212053 0.005410160523454444 682
1694624212084 0.005423705293470138 683
1694624212112 0.005437266994974488 684
1694624212141 0.005450845633723889 685
1694624212170 0.00546444121544265 686
1694624212201 0.005478053745823441 687
1694624212230 0.005491683230526734 688
1694624212262 0.005505329675182247 689
1694624212289 0.005518993085386059 690
1694624212328 0.005532673466704163 691
1694624212365 0.0055463708246688 692
1694624212402 0.00556008516478157 693
1694624212438 0.0055738164925102085 694
1694624212471 0.005587564813292478 695
1694624212499 0.005601330132531834 696
1694624212548 0.00561511245559998 697
1694624212595 0.0056289117878367545 698
1694624212637 0.005642728134547692 699
1694624212667 0.005656561501010349 700
1694624212698 0.005670411892463534 701
1694624212736 0.005684279314116636 702
1694624212774 0.005698163771146403 703
1694624212804 0.005712065268696165 704
1694624212844 0.005725983811874946 705
1694624212880 0.005739919405764016 706
1694624212923 0.005753872055404341 707
1694624212963 0.005767841765808246 708
1694624213005 0.005781828541954415 709
1694624213044 0.005795832388787114 710
1694624213081 0.005809853311218971 711
1694624213113 0.005823891314127971 712
1694624213146 0.005837946402359018 713
1694624213173 0.005852018580723595 714
1694624213202 0.005866107853999436 715
1694624213242 0.005880214226931191 716
1694624213271 0.005894337704229646 717
1694624213303 0.005908478290571284 718
1694624213341 0.00592263599059939 719
1694624213373 0.005936810808923165 720
1694624213409 0.005951002750117951 721
1694624213446 0.0059652118187251135 722
1694624213479 0.005979438019251826 723
1694624213518 0.005993681356171177 724
1694624213558 0.006007941833922059 725
1694624213604 0.0060222194569092835 726
1694624213643 0.006036514229503243 727
1694624213672 0.006050826156039801 728
1694624213706 0.006065155240820519 729
1694624213742 0.00607950148811276 730
1694624213770 0.006093864902148471 731
1694624213800 0.006108245487125852 732
1694624213828 0.006122643247208126 733
1694624213861 0.006137058186523658 734
1694624213895 0.006151490309166063 735
1694624213923 0.006165939619193872 736
1694624213953 0.0061804061206302 737
1694624213984 0.00619488981746652 738
1694624214021 0.006209390713653673 739
1694624214065 0.006223908813111301 740
1694624214105 0.00623844411972263 741
1694624214174 0.006252996637335917 742
1694624214213 0.006267566369763999 743
1694624214261 0.0062821533207843006 744
1694624214290 0.006296757494138938 745
1694624214325 0.006311378893534392 746
1694624214359 0.006326017522641503 747
1694624214393 0.0063406733850959185 748
1694624214422 0.006355346484496982 749
1694624214457 0.00637003682440862 750
1694624214494 0.006384744408359233 751
1694624214543 0.006399469239841138 752
1694624214578 0.006414211322310126 753
1694624214609 0.006428970659187239 754
1694624214641 0.0064437472538562135 755
1694624214677 0.006458541109665594 756
1694624214718 0.006473352229927398 757
1694624214768 0.0064881806179173385 758
1694624214810 0.006503026276875157 759
1694624214849 0.0065178892100037356 760
1694624214882 0.006532769420470097 761
1694624214912 0.006547666911404626 762
1694624214951 0.006562581685900959 763
1694624214980 0.006577513747016428 764
1694624215007 0.006592463097771728 765
1694624215037 0.006607429741150361 766
1694624215065 0.006622413680099637 767
1694624215098 0.006637414917530227 768
1694624215128 0.0066524334563152765 769
1694624215162 0.006667469299291184 770
1694624215199 0.006682522449257711 771
1694624215249 0.006697592908977312 772
1694624215287 0.006712680681175254 773
1694624215323 0.006727785768539607 774
1694624215363 0.006742908173721585 775
1694624215402 0.0067580478993345405 776
1694624215446 0.0067732049479554135 777
1694624215484 0.006788379322122617 778
1694624215517 0.00680357102433804 779
1694624215551 0.006818780057065488 780
1694624215585 0.0068340064227313535 781
1694624215621 0.006849250123724615 782
1694624215663 0.006864511162396059 783
1694624215706 0.006879789541059278 784
1694624215753 0.00689508526199023 785
1694624215791 0.006910398327426015 786
1694624215826 0.006925728739567094 787
1694624215860 0.00694107650057485 788
1694624215889 0.006956441612573139 789
1694624215917 0.006971824077648181 790
1694624215950 0.006987223897847339 791
1694624215984 0.007002641075180338 792
1694624216017 0.0070180756116179355 793
1694624216056 0.0070335275090934735 794
1694624216094 0.007048996769501437 795
1694624216132 0.007064483394698118 796
1694624216172 0.007079987386500841 797
1694624216220 0.007095508746689405 798
1694624216262 0.007111047477004084 799
1694624216298 0.00712660357914674 800
1694624216340 0.00714217705478104 801
1694624216374 0.007157767905531576 802
1694624216404 0.00717337613298441 803
1694624216437 0.007189001738685863 804
1694624216470 0.007204644724144504 805
1694624216502 0.007220305090829271 806
1694624216534 0.007235982840170574 807
1694624216562 0.007251677973559523 808
1694624216594 0.007267390492347925 809
1694624216624 0.007283120397848619 810
1694624216655 0.0072988676913352535 811
1694624216687 0.007314632374042396 812
1694624216719 0.00733041444716509 813
1694624216770 0.0073462139118586345 814
1694624216811 0.007362030769239913 815
1694624216849 0.007377865020385177 816
1694624216887 0.00739371666633204 817
1694624216920 0.007409585708078148 818
1694624216961 0.007425472146581735 819
1694624216996 0.007441375982760623 820
1694624217031 0.007457297217494108 821
1694624217063 0.007473235851620741 822
1694624217096 0.007489191885939994 823
1694624217128 0.007505165321210816 824
1694624217163 0.007521156158152409 825
1694624217194 0.007537164397444229 826
1694624217226 0.007553190039725433 827
1694624217261 0.007569233085595317 828
1694624217295 0.007585293535612769 829
1694624217324 0.007601371390296818 830
1694624217356 0.00761746665012597 831
1694624217389 0.007633579315538763 832
1694624217418 0.007649709386932879 833
1694624217454 0.007665856864666698 834
1694624217486 0.0076820217490570775 835
1694624217514 0.007698204040380574 836
1694624217543 0.007714403738873554 837
1694624217582 0.007730620844731972 838
1694624217625 0.0077468553581095945 839
1694624217665 0.007763107279124104 840
1694624217702 0.007779376607845889 841
1694624217737 0.007795663344309034 842
1694624217780 0.007811967488505656 843
1694624217820 0.007828289040387126 844
1694624217862 0.00784462799986263 845
1694624217905 0.007860984366805268 846
1694624217958 0.007877358141039514 847
1694624217994 0.007893749322354204 848
1694624218029 0.007910157910495763 849
1694624218069 0.007926583905168871 850
1694624218103 0.007943027306038353 851
1694624218135 0.007959488112726398 852
1694624218162 0.007975966324814343 853
1694624218191 0.007992461941842999 854
1694624218225 0.008008974963310544 855
1694624218267 0.00802550538867497 856
1694624218307 0.008042053217351852 857
1694624218344 0.008058618448715915 858
1694624218382 0.008075201082099914 859
1694624218411 0.008091801116795416 860
1694624218438 0.0081084185520518 861
1694624218468 0.008125053387077585 862
1694624218498 0.008141705621037665 863
1694624218529 0.00815837525306018 864
1694624218565 0.008175062282224532 865
1694624218594 0.00819176670757249 866
1694624218625 0.00820848852810363 867
1694624218658 0.008225227742774788 868
1694624218687 0.00824198435050072 869
1694624218720 0.008258758350155437 870
1694624218753 0.0082755497405691 871
1694624218785 0.00829235852053134 872
1694624218814 0.008309184688788718 873
1694624218845 0.008326028244046046 874
1694624218877 0.008342889184965507 875
1694624218911 0.008359767510167648 876
1694624218944 0.00837666321822994 877
1694624218979 0.008393576307688222 878
1694624219012 0.008410506777035476 879
1694624219043 0.008427454624722497 880
1694624219072 0.008444419849157225 881
1694624219103 0.008461402448705746 882
1694624219136 0.008478402421690956 883
1694624219167 0.008495419766393675 884
1694624219194 0.008512454481050757 885
1694624219221 0.008529506563860645 886
1694624219255 0.008546576012972595 887
1694624219289 0.008563662826498009 888
1694624219339 0.00858076700250332 889
1694624219402 0.008597888539013332 890
1694624219452 0.008615027434009104 891
1694624219486 0.008632183685429173 892
1694624219518 0.008649357291169002 893
1694624219558 0.00866654824908164 894
1694624219590 0.008683756556976063 895
1694624219619 0.00870098221261928 896
1694624219655 0.008718225213734554 897
1694624219686 0.008735485558002298 898
1694624219719 0.008752763243059403 899
1694624219758 0.008770058266500125 900
1694624219788 0.00878737062587387 901
1694624219819 0.00880470031869196 902
1694624219851 0.008822047342414874 903
1694624219879 0.00883941169446445 904
1694624219907 0.008856793372218563 905
1694624219944 0.008874192373010903 906
1694624219981 0.008891608694132191 907
1694624220022 0.00890904233282952 908
1694624220065 0.008926493286306902 909
1694624220099 0.008943961551724167 910
1694624220131 0.008961447126197952 911
1694624220175 0.008978950006801156 912
1694624220212 0.008996470190562933 913
1694624220247 0.009014007674468694 914
1694624220281 0.009031562455460662 915
1694624220316 0.009049134530436653 916
1694624220363 0.009066723896251738 917
1694624220401 0.00908433054971547 918
1694624220443 0.009101954487594877 919
1694624220479 0.00911959570661347 920
1694624220509 0.00913725420344913 921
1694624220538 0.009154929974737325 922
1694624220577 0.009172623017069226 923
1694624220614 0.009190333326991595 924
1694624220647 0.009208060901007675 925
1694624220682 0.009225805735574966 926
1694624220720 0.009243567827111665 927
1694624220754 0.009261347171985568 928
1694624220787 0.009279143766523501 929
1694624220818 0.009296957607008327 930
1694624220846 0.00931478868967861 931
1694624220875 0.009332637010727618 932
1694624220904 0.009350502566305208 933
1694624220934 0.009368385352516606 934
1694624220970 0.009386285365422964 935
1694624221005 0.009404202601041134 936
1694624221048 0.009422137055343005 937
1694624221088 0.009440088724256834 938
1694624221130 0.009458057603665582 939
1694624221163 0.009476043689408464 940
1694624221193 0.009494046977279735 941
1694624221225 0.009512067463029683 942
1694624221276 0.009530105142363743 943
1694624221311 0.00954816001094183 944
1694624221345 0.00956623206438123 945
1694624221380 0.009584321298252818 946
1694624221419 0.00960242770808295 947
1694624221453 0.009620551289356793 948
1694624221493 0.009638692037508667 949
1694624221529 0.009656849947932145 950
1694624221561 0.009675025015976058 951
1694624221590 0.009693217236941942 952
1694624221621 0.0097114266060917 953
1694624221651 0.009729653118635717 954
1694624221692 0.009747896769743858 955
1694624221723 0.009766157554540023 956
1694624221757 0.009784435468103148 957
1694624221789 0.009802730505467427 958
1694624221820 0.00982104266162176 959
1694624221850 0.009839371931510299 960
1694624221883 0.00985771831003257 961
1694624221913 0.00987608179204258 962
1694624221946 0.009894462372349366 963
1694624221988 0.009912860045716898 964
1694624222019 0.009931274806864288 965
1694624222053 0.00994970665046535 966
1694624222094 0.009968155571148829 967
1694624222138 0.009986621563496945 968
1694624222183 0.010005104622051952 969
1694624222225 0.010023604741303371 970
1694624222265 0.010042121915700641 971
1694624222296 0.010060656139646684 972
1694624222328 0.01007920740749857 973
1694624222368 0.010097775713568846 974
1694624222402 0.010116361052124767 975
1694624222437 0.010134963417387621 976
1694624222471 0.0101535828035344 977
1694624222502 0.010172219204695687 978
1694624222536 0.010190872614957103 979
1694624222585 0.010209543028359191 980
1694624222623 0.010228230438896757 981
1694624222670 0.010246934840519417 982
1694624222706 0.010265656227131381 983
1694624222746 0.010284394592591117 984
1694624222777 0.010303149930712019 985
1694624222805 0.010321922235261183 986
1694624222844 0.010340711499961519 987
1694624222882 0.010359517718489197 988
1694624222923 0.010378340884475645 989
1694624222963 0.01039718099150655 990
1694624223005 0.010416038033121855 991
1694624223037 0.010434912002815877 992
1694624223074 0.010453802894037856 993
1694624223105 0.010472710700190735 994
1694624223136 0.010491635414632605 995
1694624223175 0.010510577030675261 996
1694624223205 0.010529535541584867 997
1694624223236 0.010548510940582734 998
1694624223268 0.010567503220843322 999
