1694624186577 174.2687440246423 0
1694624186602 173.9197592665422 1
1694624186633 173.57154331215185 2
1694624186674 173.22409439741241 3
1694624186704 172.87741076240752 4
1694624186744 172.53149065135327 5
1694624186792 172.18633231258846 6
1694624186827 171.84193399856477 7
1694624186870 171.49829396583695 8
1694624186901 171.15541047505317 9
1694624186932 170.81328179094507 10
1694624186962 170.4719061823183 11
1694624186991 170.1312819220426 12
1694624187019 169.79140728704232 13
1694624187047 169.45228055828662 14
1694624187083 169.11390002077994 15
1694624187112 168.77626396355242 16
1694624187159 168.43937067965015 17
1694624187195 168.10321846612595 18
1694624187231 167.76780562402945 19
1694624187264 167.43313045839793 20
1694624187297 167.0991912782465 21
1694624187327 166.76598639655904 22
1694624187355 166.43351413027833 23
1694624187388 166.10177280029694 24
1694624187416 165.77076073144778 25
1694624187445 165.44047625249462 26
1694624187484 165.1109176961228 27
1694624187512 164.78208339892996 28
1694624187538 164.4539717014167 29
1694624187565 164.12658094797723 30
1694624187594 163.7999094868902 31
1694624187621 163.47395567030944 32
1694624187648 163.14871785425476 33
1694624187684 162.82419439860263 34
1694624187714 162.50038366707727 35
1694624187745 162.17728402724123 36
1694624187776 161.8548938504864 37
1694624187828 161.53321151202496 38
1694624187943 161.2122353908801 39
1694624188026 160.89196386987717 40
1694624188097 160.5723953356345 41
1694624188169 160.2535281785545 42
1694624188209 159.9353607928145 43
1694624188263 159.61789157635795 44
1694624188304 159.3011189308854 45
1694624188343 158.98504126184542 46
1694624188384 158.66965697842602 47
1694624188419 158.3549644935454 48
1694624188446 158.0409622238434 49
1694624188472 157.7276485896724 50
1694624188501 157.4150220150886 51
1694624188529 157.10308092784328 52
1694624188557 156.7918237593739 53
1694624188600 156.48124894479542 54
1694624188632 156.1713549228915 55
1694624188666 155.8621401361058 56
1694624188698 155.55360303053342 57
1694624188744 155.24574205591185 58
1694624188784 154.93855566561282 59
1694624188829 154.63204231663315 60
1694624188870 154.32620046958664 61
1694624188935 154.02102858869503 62
1694624188970 153.7165251417796 63
1694624189002 153.41268860025284 64
1694624189048 153.10951743910942 65
1694624189084 152.80701013691822 66
1694624189117 152.5051651758134 67
1694624189149 152.20398104148623 68
1694624189185 151.9034562231764 69
1694624189238 151.60358921366378 70
1694624189289 151.30437850925998 71
1694624189343 151.00582260979976 72
1694624189378 150.707920018633 73
1694624189418 150.41066924261597 74
1694624189453 150.1140687921033 75
1694624189485 149.8181171809395 76
1694624189514 149.52281292645088 77
1694624189545 149.22815454943685 78
1694624189578 148.93414057416217 79
1694624189624 148.64076952834841 80
1694624189655 148.3480399431658 81
1694624189688 148.05595035322503 82
1694624189718 147.76449929656926 83
1694624189750 147.47368531466557 84
1694624189781 147.18350695239727 85
1694624189814 146.89396275805547 86
1694624189851 146.60505128333116 87
1694624189893 146.31677108330697 88
1694624189935 146.02912071644934 89
1694624189977 145.7420987446003 90
1694624190017 145.4557037329695 91
1694624190049 145.16993425012623 92
1694624190080 144.88478886799143 93
1694624190114 144.60026616182975 94
1694624190145 144.31636471024157 95
1694624190180 144.03308309515515 96
1694624190213 143.7504199018186 97
1694624190246 143.4683737187921 98
1694624190287 143.18694313794006 99
1694624190334 142.90612675442318 100
1694624190385 142.62592316669063 101
1694624190427 142.34633097647233 102
1694624190461 142.06734878877114 103
1694624190496 141.7889752118549 104
1694624190534 141.51120885724904 105
1694624190572 141.23404833972842 106
1694624190618 140.95749227731 107
1694624190655 140.68153929124492 108
1694624190693 140.40618800601084 109
1694624190731 140.13143704930437 110
1694624190768 139.85728505203335 111
1694624190801 139.58373064830926 112
1694624190861 139.31077247543953 113
1694624190920 139.03840917392012 114
1694624190974 138.76663938742783 115
1694624191004 138.49546176281282 116
1694624191035 138.22487495009088 117
1694624191066 137.95487760243623 118
1694624191096 137.68546837617382 119
1694624191128 137.4166459307719 120
1694624191155 137.1484089288344 121
1694624191186 136.8807560360939 122
1694624191217 136.6136859214038 123
1694624191252 136.347197256731 124
1694624191304 136.08128871714865 125
1694624191352 135.81595898082875 126
1694624191392 135.5512067290346 127
1694624191428 135.2870306461136 128
1694624191461 135.02342941949018 129
1694624191493 134.76040173965796 130
1694624191528 134.4979463001729 131
1694624191563 134.23606179764587 132
1694624191596 133.9747469317354 133
1694624191628 133.71400040514047 134
1694624191661 133.45382092359336 135
1694624191690 133.19420719585227 136
1694624191723 132.93515793369437 137
1694624191760 132.6766718519085 138
1694624191792 132.41874766828795 139
1694624191836 132.16138410362353 140
1694624191876 131.9045798816964 141
1694624191918 131.64833372927075 142
1694624191960 131.3926443760871 143
1694624191993 131.1375105548549 144
1694624192028 130.88293100124577 145
1694624192061 130.62890445388618 146
1694624192092 130.3754296543507 147
1694624192134 130.12250534715488 148
1694624192168 129.87013027974828 149
1694624192203 129.61830320250743 150
1694624192261 129.36702286872924 151
1694624192304 129.11628803462352 152
1694624192361 128.86609745930653 153
1694624192399 128.61644990479385 154
1694624192454 128.36734413599368 155
1694624192491 128.11877892069967 156
1694624192526 127.87075302958445 157
1694624192560 127.62326523619258 158
1694624192593 127.37631431693383 159
1694624192627 127.12989905107622 160
1694624192664 126.88401822073946 161
1694624192697 126.63867061088808 162
1694624192733 126.3938550093247 163
1694624192766 126.14957020668326 164
1694624192802 125.90581499642236 165
1694624192844 125.66258817481855 166
1694624192883 125.4198885409596 167
1694624192933 125.17771489673794 168
1694624192970 124.93606604684388 169
1694624193001 124.69494079875905 170
1694624193039 124.45433796274983 171
1694624193070 124.2142563518606 172
1694624193100 123.9746947819073 173
1694624193131 123.7356520714708 174
1694624193162 123.49712704189024 175
1694624193187 123.25911851725675 176
1694624193219 123.02162532440671 177
1694624193261 122.78464629291526 178
1694624193318 122.54818025508987 179
1694624193377 122.3122260459639 180
1694624193413 122.07678250328996 181
1694624193446 121.84184846753372 182
1694624193477 121.60742278186726 183
1694624193512 121.37350429216274 184
1694624193548 121.14009184698602 185
1694624193577 120.90718429759026 186
1694624193617 120.67478049790952 187
1694624193647 120.44287930455239 188
1694624193677 120.21147957679581 189
1694624193705 119.98058017657851 190
1694624193742 119.75017996849485 191
1694624193777 119.52027781978852 192
1694624193817 119.29087260034619 193
1694624193872 119.06196318269134 194
1694624193937 118.83354844197788 195
1694624193987 118.60562725598409 196
1694624194037 118.37819850510627 197
1694624194077 118.15126107235255 198
1694624194106 117.92481384333675 199
1694624194153 117.69885570627218 200
1694624194195 117.47338555196548 201
1694624194245 117.24840227381048 202
1694624194288 117.02390476778206 203
1694624194338 116.79989193243004 204
1694624194377 116.57636266887309 205
1694624194410 116.35331588079258 206
1694624194461 116.13075047442668 207
1694624194497 115.90866535856404 208
1694624194539 115.687059444538 209
1694624194583 115.4659316462204 210
1694624194613 115.24528088001566 211
1694624194643 115.0251060648547 212
1694624194677 114.80540612218898 213
1694624194710 114.58617997598462 214
1694624194755 114.36742655271634 215
1694624194791 114.14914478136143 216
1694624194836 113.93133359339413 217
1694624194884 113.71399192277936 218
1694624194931 113.4971187059671 219
1694624194978 113.28071288188627 220
1694624195012 113.06477339193911 221
1694624195046 112.84929917999509 222
1694624195081 112.63428919238518 223
1694624195113 112.41974237789609 224
1694624195148 112.2056576877642 225
1694624195182 111.9920340756701 226
1694624195211 111.77887049773251 227
1694624195249 111.56616591250274 228
1694624195295 111.35391928095862 229
1694624195333 111.14212956649924 230
1694624195378 110.93079573493863 231
1694624195415 110.71991675450053 232
1694624195454 110.50949159581242 233
1694624195483 110.2995192318999 234
1694624195514 110.08999863818106 235
1694624195544 109.88092879246068 236
1694624195570 109.67230867492474 237
1694624195599 109.46413726813466 238
1694624195634 109.2564135570218 239
1694624195665 109.0491365288817 240
1694624195699 108.84230517336853 241
1694624195731 108.63591848248966 242
1694624195766 108.42997545059984 243
1694624195797 108.22447507439581 244
1694624195845 108.01941635291077 245
1694624195897 107.81479828750865 246
1694624195955 107.61061988187885 247
1694624196002 107.40688014203057 248
1694624196039 107.20357807628743 249
1694624196078 107.0007126952818 250
1694624196110 106.79828301194966 251
1694624196146 106.59628804152474 252
1694624196184 106.39472680153345 253
1694624196222 106.19359831178922 254
1694624196261 105.9929015943872 255
1694624196298 105.79263567369881 256
1694624196333 105.59279957636642 257
1694624196385 105.39339233129782 258
1694624196416 105.19441296966103 259
1694624196456 104.99586052487895 260
1694624196488 104.79773403262381 261
1694624196518 104.60003253081211 262
1694624196561 104.40275505959919 263
1694624196591 104.20590066137385 264
1694624196633 104.00946838075328 265
1694624196665 103.81345726457758 266
1694624196697 103.61786636190459 267
1694624196736 103.42269472400463 268
1694624196776 103.22794140435532 269
1694624196812 103.03360545863625 270
1694624196862 102.83968594472391 271
1694624196912 102.6461819226863 272
1694624196954 102.45309245477793 273
1694624196989 102.26041660543456 274
1694624197020 102.06815344126805 275
1694624197060 101.87630203106124 276
1694624197092 101.68486144576276 277
1694624197121 101.49383075848193 278
1694624197154 101.30320904448372 279
1694624197187 101.11299538118357 280
1694624197220 100.92318884814223 281
1694624197256 100.73378852706088 282
1694624197293 100.54479350177598 283
1694624197336 100.35620285825416 284
1694624197377 100.1680156845872 285
1694624197411 99.98023107098703 286
1694624197452 99.79284810978085 287
1694624197485 99.60586589540584 288
1694624197518 99.41928352440439 289
1694624197560 99.23310009541908 290
1694624197589 99.04731470918767 291
1694624197620 98.86192646853814 292
1694624197655 98.67693447838381 293
1694624197691 98.49233784571838 294
1694624197728 98.30813567961101 295
1694624197769 98.12432709120132 296
1694624197815 97.94091119369472 297
1694624197863 97.75788710235726 298
1694624197898 97.57525393451101 299
1694624197936 97.39301080952899 300
1694624197970 97.21115684883037 301
1694624197999 97.02969117587581 302
1694624198030 96.84861291616242 303
1694624198062 96.66792119721893 304
1694624198091 96.48761514860112 305
1694624198118 96.30769390188685 306
1694624198150 96.12815659067122 307
1694624198183 95.94900235056203 308
1694624198219 95.77023031917477 309
1694624198256 95.5918396361281 310
1694624198291 95.41382944303894 311
1694624198326 95.23619888351787 312
1694624198368 95.05894710316429 313
1694624198400 94.88207324956186 314
1694624198438 94.70557647227373 315
1694624198482 94.52945592283788 316
1694624198511 94.35371075476243 317
1694624198549 94.17834012352101 318
1694624198577 94.00334318654811 319
1694624198601 93.82871910323448 320
1694624198630 93.6544670349224 321
1694624198657 93.48058614490124 322
1694624198685 93.30707559840265 323
1694624198711 93.13393456259618 324
1694624198746 92.96116220658456 325
1694624198777 92.78875770139913 326
1694624198811 92.61672021999544 327
1694624198854 92.44504893724849 328
1694624198893 92.27374302994835 329
1694624198931 92.10280167679556 330
1694624198969 91.93222405839664 331
1694624198998 91.76200935725963 332
1694624199030 91.5921567577895 333
1694624199067 91.42266544628373 334
1694624199100 91.25353461092787 335
1694624199134 91.08476344179104 336
1694624199178 90.91635113082143 337
1694624199210 90.74829687184196 338
1694624199249 90.58059986054583 339
1694624199295 90.41325929449204 340
1694624199352 90.24627437310103 341
1694624199398 90.07964429765029 342
1694624199438 89.91336827126997 343
1694624199483 89.74744549893845 344
1694624199516 89.58187518747809 345
1694624199550 89.41665654555075 346
1694624199581 89.25178878365352 347
1694624199606 89.08727111411439 348
1694624199636 88.9231027510879 349
1694624199668 88.75928291055077 350
1694624199697 88.59581081029775 351
1694624199730 88.43268566993717 352
1694624199765 88.2699067108868 353
1694624199792 88.10747315636941 354
1694624199822 87.94538423140865 355
1694624199853 87.78363916282476 356
1694624199881 87.6222371792303 357
1694624199910 87.4611775110259 358
1694624199947 87.30045939039616 359
1694624199975 87.14008205130527 360
1694624200003 86.98004472949296 361
1694624200035 86.82034666247016 362
1694624200070 86.66098708951499 363
1694624200104 86.50196525166841 364
1694624200152 86.34328039173023 365
1694624200185 86.18493175425482 366
1694624200215 86.02691858554702 367
1694624200252 85.86924013365807 368
1694624200282 85.71189564838136 369
1694624200310 85.55488438124843 370
1694624200338 85.39820558552482 371
1694624200368 85.24185851620597 372
1694624200398 85.08584243001317 373
1694624200429 84.93015658538945 374
1694624200458 84.77480024249556 375
1694624200494 84.61977266320586 376
1694624200528 84.46507311110433 377
1694624200568 84.31070085148053 378
1694624200601 84.15665515132551 379
1694624200633 84.00293527932787 380
1694624200665 83.84954050586977 381
1694624200695 83.69647010302282 382
1694624200727 83.5437233445442 383
1694624200771 83.39129950587268 384
1694624200800 83.23919786412459 385
1694624200830 83.08741769808988 386
1694624200867 82.93595828822824 387
1694624200899 82.78481891666505 388
1694624200944 82.63399886718753 389
1694624200985 82.48349742524083 390
1694624201028 82.33331387792404 391
1694624201070 82.18344751398638 392
1694624201106 82.03389762382322 393
1694624201148 81.88466349947225 394
1694624201185 81.73574443460964 395
1694624201220 81.58713972454606 396
1694624201252 81.43884866622297 397
1694624201288 81.29087055820865 398
1694624201321 81.14320470069443 399
1694624201361 80.99585039549085 400
1694624201398 80.84880694602387 401
1694624201447 80.70207365733097 402
1694624201491 80.55564983605741 403
1694624201519 80.4095347904525 404
1694624201552 80.2637278303657 405
1694624201587 80.11822826724291 406
1694624201623 79.9730354141227 407
1694624201668 79.82814858563258 408
1694624201700 79.68356709798516 409
1694624201736 79.53929026897454 410
1694624201772 79.39531741797249 411
1694624201805 79.2516478659248 412
1694624201844 79.10828093534742 413
1694624201880 78.965215950323 414
1694624201913 78.82245223649697 415
1694624201949 78.679989121074 416
1694624201982 78.53782593281427 417
1694624202023 78.39596200202978 418
1694624202070 78.2543966605807 419
1694624202112 78.1131292418718 420
1694624202147 77.97215908084875 421
1694624202178 77.83148551399442 422
1694624202205 77.69110787932536 423
1694624202237 77.55102551638815 424
1694624202269 77.4112377662558 425
1694624202301 77.27174397152412 426
1694624202330 77.1325434763082 427
1694624202365 76.99363562623876 428
1694624202403 76.85501976845858 429
1694624202470 76.716695251619 430
1694624202522 76.5786614258763 431
1694624202567 76.44091764288821 432
1694624202596 76.30346325581031 433
1694624202628 76.16629761929256 434
1694624202671 76.02942008947574 435
1694624202789 75.89283002398791 436
1694624202823 75.756526781941 437
1694624202868 75.62050972392727 438
1694624202903 75.48477821201573 439
1694624202939 75.34933160974883 440
1694624202979 75.21416928213884 441
1694624203010 75.07929059566449 442
1694624203048 74.94469491826744 443
1694624203099 74.81038161934887 444
1694624203132 74.6763500697661 445
1694624203168 74.54259964182897 446
1694624203204 74.4091297092967 447
1694624203239 74.27593964737422 448
1694624203273 74.14302883270891 449
1694624203304 74.01039664338712 450
1694624203331 73.8780424589309 451
1694624203363 73.74596566029447 452
1694624203393 73.61416562986095 453
1694624203430 73.48264175143895 454
1694624203493 73.3513934102592 455
1694624203538 73.22041999297132 456
1694624203594 73.08972088764028 457
1694624203629 72.95929548374325 458
1694624203662 72.82914317216614 459
1694624203695 72.69926334520036 460
1694624203737 72.56965539653949 461
1694624203794 72.44031872127601 462
1694624203835 72.31125271589795 463
1694624203880 72.18245677828558 464
1694624203913 72.0539303077083 465
1694624203952 71.92567270482114 466
1694624204011 71.79768337166168 467
1694624204046 71.66996171164668 468
1694624204096 71.54250712956889 469
1694624204136 71.41531903159382 470
1694624204176 71.28839682525648 471
1694624204229 71.16173991945816 472
1694624204294 71.0353477244632 473
1694624204336 70.90921965189584 474
1694624204394 70.7833551147369 475
1694624204436 70.65775352732079 476
1694624204486 70.5324143053321 477
1694624204533 70.40733686580256 478
1694624204583 70.2825206271078 479
1694624204617 70.15796500896428 480
1694624204663 70.03366943242607 481
1694624204719 69.90963331988159 482
1694624204793 69.78585609505073 483
1694624204835 69.66233718298152 484
1694624204872 69.53907601004703 485
1694624204914 69.41607200394232 486
1694624204948 69.29332459368126 487
1694624204983 69.17083320959347 488
1694624205011 69.04859728332124 489
1694624205039 68.92661624781637 490
1694624205069 68.80488953733716 491
1694624205111 68.68341658744527 492
1694624205152 68.56219683500271 493
1694624205197 68.44122971816878 494
1694624205235 68.32051467639702 495
1694624205272 68.2000511504321 496
1694624205304 68.07983858230683 497
1694624205336 67.95987641533917 498
1694624205368 67.84016409412911 499
1694624205405 67.72070106455575 500
1694624205437 67.60148677377433 501
1694624205468 67.48252067021295 502
1694624205500 67.36380220356997 503
1694624205537 67.24533082481075 504
1694624205594 67.12710598616474 505
1694624205633 67.00912714112252 506
1694624205684 66.89139374443289 507
1694624205724 66.7739052520998 508
1694624205764 66.65666112137943 509
1694624205805 66.53966081077733 510
1694624205839 66.42290378004537 511
1694624205870 66.30638949017893 512
1694624205901 66.19011740341382 513
1694624205934 66.07408698322348 514
1694624205963 65.95829769431604 515
1694624205990 65.84274900263144 516
1694624206018 65.72744037533849 517
1694624206049 65.612371280832 518
1694624206090 65.49754118872988 519
1694624206133 65.38294956987035 520
1694624206188 65.26859589630891 521
1694624206229 65.15447964131566 522
1694624206265 65.04060027937231 523
1694624206311 64.92695728616941 524
1694624206344 64.81355013860347 525
1694624206378 64.70037831477414 526
1694624206411 64.58744129398136 527
1694624206446 64.47473855672256 528
1694624206480 64.36226958468987 529
1694624206515 64.25003386076723 530
1694624206554 64.13803086902774 531
1694624206621 64.02626009473069 532
1694624206683 63.91472102431883 533
1694624206745 63.80341314541571 534
1694624206825 63.69233594682274 535
1694624206882 63.58148891851649 536
1694624206916 63.47087155164596 537
1694624206955 63.36048333852976 538
1694624207004 63.25032377265342 539
1694624207039 63.14039234866659 540
1694624207073 63.03068856238038 541
1694624207108 62.92121191076458 542
1694624207144 62.81196189194494 543
1694624207182 62.70293800520047 544
1694624207215 62.594139750960686 545
1694624207246 62.48556663080301 546
1694624207281 62.377218147449966 547
1694624207315 62.26909380476655 548
1694624207344 62.16119310775753 549
1694624207377 62.053515562564776 550
1694624207413 61.94606067646455 551
1694624207447 61.8388279578649 552
1694624207484 61.73181691630297 553
1694624207511 61.625027062442356 554
1694624207544 61.51845790807048 555
1694624207583 61.41210896609587 556
1694624207620 61.30597975054566 557
1694624207662 61.200069776562835 558
1694624207702 61.0943785604037 559
1694624207738 60.98890561943521 560
1694624207772 60.88365047213238 561
1694624207810 60.77861263807575 562
1694624207849 60.67379163794866 563
1694624207885 60.56918699353474 564
1694624207925 60.46479822771532 565
1694624207966 60.36062486446688 566
1694624208012 60.256666428858395 567
1694624208050 60.15292244704886 568
1694624208085 60.049392446284685 569
1694624208117 59.946075954897125 570
1694624208148 59.84297250229983 571
1694624208180 59.740081618986146 572
1694624208217 59.63740283652672 573
1694624208248 59.53493568756692 574
1694624208276 59.432679705824285 575
1694624208310 59.33063442608609 576
1694624208343 59.22879938420673 577
1694624208378 59.12717411710529 578
1694624208417 59.02575816276303 579
1694624208454 58.92455106022088 580
1694624208509 58.82355234957694 581
1694624208553 58.72276157198408 582
1694624208613 58.62217826964732 583
1694624208642 58.52180198582152 584
1694624208670 58.42163226480881 585
1694624208700 58.32166865195618 586
1694624208745 58.221910693653 587
1694624208805 58.12235793732859 588
1694624208851 58.02300993144977 589
1694624208902 57.923866225518466 590
1694624208940 57.82492637006924 591
1694624208980 57.726189916666875 592
1694624209010 57.62765641790394 593
1694624209038 57.52932542739845 594
1694624209067 57.431196499791355 595
1694624209097 57.333269190744254 596
1694624209132 57.2355430569369 597
1694624209166 57.13801765606489 598
1694624209205 57.040692546837214 599
1694624209240 56.94356728897396 600
1694624209278 56.84664144320384 601
1694624209314 56.74991457126196 602
1694624209342 56.65338623588728 603
1694624209373 56.55705600082047 604
1694624209402 56.460923430801344 605
1694624209432 56.36498809156673 606
1694624209462 56.269249549847935 607
1694624209489 56.17370737336858 608
1694624209516 56.07836113084216 609
1694624209548 55.98321039196979 610
1694624209577 55.88825472743782 611
1694624209604 55.7934937089156 612
1694624209633 55.69892690905315 613
1694624209662 55.60455390147882 614
1694624209698 55.510374260797064 615
1694624209740 55.41638756258614 616
1694624209781 55.32259338339574 617
1694624209813 55.22899130074482 618
1694624209850 55.13558089311928 619
1694624209884 55.04236173996972 620
1694624209922 54.949333421709156 621
1694624209955 54.856495519710755 622
1694624209988 54.76384761630563 623
1694624210030 54.67138929478054 624
1694624210066 54.57912013937572 625
1694624210100 54.48703973528255 626
1694624210133 54.395147668641435 627
1694624210163 54.3034435265395 628
1694624210198 54.21192689700841 629
1694624210232 54.120597369022114 630
1694624210269 54.029454532494725 631
1694624210320 53.9384979782782 632
1694624210362 53.84772729816028 633
1694624210401 53.757142084862146 634
1694624210440 53.66674193203635 635
1694624210471 53.576526434264586 636
1694624210506 53.48649518705551 637
1694624210543 53.396647786842586 638
1694624210573 53.30698383098195 639
1694624210603 53.2175029177501 640
1694624210633 53.12820464634197 641
1694624210662 53.03908861686861 642
1694624210691 52.95015443035507 643
1694624210721 52.861401688738326 644
1694624210758 52.77282999486505 645
1694624210788 52.68443895248957 646
1694624210818 52.596228166271665 647
1694624210855 52.5081972417745 648
1694624210893 52.420345785462494 649
1694624210933 52.33267340469922 650
1694624210970 52.24517970774526 651
1694624211005 52.15786430375613 652
1694624211039 52.07072680278019 653
1694624211078 51.98376681575664 654
1694624211113 51.89698395451317 655
1694624211156 51.81037783176422 656
1694624211192 51.72394806110862 657
1694624211222 51.637694257027746 658
1694624211262 51.551616034883246 659
1694624211297 51.46571301091513 660
1694624211332 51.37998480223968 661
1694624211368 51.294431026847334 662
1694624211404 51.20905130360073 663
1694624211435 51.123845252232606 664
1694624211464 51.038812493343784 665
1694624211493 50.95395264840116 666
1694624211520 50.869265339735605 667
1694624211551 50.78475019054002 668
1694624211581 50.70040682486729 669
1694624211614 50.61623486762825 670
1694624211645 50.53223394458975 671
1694624211673 50.44840368237255 672
1694624211699 50.36474370844936 673
1694624211729 50.281253651142926 674
1694624211760 50.197933139623935 675
1694624211791 50.11478180390906 676
1694624211827 50.03179927485901 677
1694624211860 49.94898518417653 678
1694624211897 49.866339164404444 679
1694624211952 49.78386084892366 680
1694624211993 49.70154987195129 681
1694624212045 49.619405868538585 682
1694624212077 49.53742847456905 683
1694624212105 49.45561732675647 684
1694624212135 49.373972062643006 685
1694624212163 49.29249232059726 686
1694624212193 49.21117773981225 687
1694624212223 49.13002796030361 688
1694624212254 49.049042622907514 689
1694624212282 48.96822136927897 690
1694624212318 48.88756384188969 691
1694624212353 48.8070696840263 692
1694624212395 48.726738539788414 693
1694624212431 48.64657005408674 694
1694624212464 48.56656387264112 695
1694624212492 48.48671964197873 696
1694624212537 48.407037009432166 697
1694624212582 48.32751562313749 698
1694624212630 48.24815513203244 699
1694624212660 48.16895518585452 700
1694624212689 48.089915435139126 701
1694624212729 48.01103553121773 702
1694624212766 47.93231512621592 703
1694624212798 47.853753873051616 704
1694624212836 47.77535142543324 705
1694624212872 47.69710743785776 706
1694624212914 47.61902156560899 707
1694624212952 47.541093464755654 708
1694624212996 47.463322792149576 709
1694624213034 47.38570920542386 710
1694624213072 47.30825236299102 711
1694624213105 47.230951924041264 712
1694624213137 47.15380754854053 713
1694624213166 47.07681889722881 714
1694624213195 46.99998563161826 715
1694624213232 46.92330741399139 716
1694624213264 46.846783907399335 717
1694624213297 46.77041477566001 718
1694624213334 46.6941996833563 719
1694624213366 46.61813829583432 720
1694624213401 46.54223027920162 721
1694624213437 46.46647530032536 722
1694624213471 46.390873026830604 723
1694624213506 46.31542312709849 724
1694624213548 46.240125270264535 725
1694624213595 46.16497912621677 726
1694624213634 46.08998436559409 727
1694624213665 46.01514065978445 728
1694624213699 45.940447680923086 729
1694624213731 45.86590510189083 730
1694624213764 45.79151259631234 731
1694624213793 45.717269838554344 732
1694624213821 45.643176503723936 733
1694624213853 45.569232267666855 734
1694624213886 45.49543680696573 735
1694624213917 45.42178979893836 736
1694624213946 45.34829092163602 737
1694624213977 45.27493985384177 738
1694624214011 45.20173627506868 739
1694624214055 45.128679865558155 740
1694624214096 45.05577030627827 741
1694624214164 44.98300727892204 742
1694624214202 44.910390465905714 743
1694624214249 44.83791955036712 744
1694624214283 44.76559421616396 745
1694624214318 44.69341414787214 746
1694624214351 44.621379030784084 747
1694624214386 44.5494885509071 748
1694624214415 44.47774239496162 749
1694624214449 44.40614025037965 750
1694624214486 44.33468180530303 751
1694624214534 44.26336674858178 752
1694624214569 44.192194769772534 753
1694624214601 44.12116555913675 754
1694624214634 44.05027880763919 755
1694624214666 43.979534206946234 756
1694624214705 43.908931449424216 757
1694624214756 43.83847022813783 758
1694624214801 43.76815023684847 759
1694624214839 43.697971170012664 760
1694624214873 43.62793272278036 761
1694624214904 43.55803459099336 762
1694624214944 43.48827647118373 763
1694624214972 43.41865806057217 764
1694624215001 43.349179057066365 765
1694624215030 43.27983915925946 766
1694624215058 43.21063806642837 767
1694624215090 43.141575478532296 768
1694624215121 43.07265109621101 769
1694624215154 43.003864620783396 770
1694624215189 42.935215754245746 771
1694624215240 42.86670419927029 772
1694624215278 42.79832965920351 773
1694624215315 42.73009183806467 774
1694624215349 42.66199044054416 775
1694624215394 42.59402517200201 776
1694624215435 42.52619573846628 777
1694624215476 42.458501846631485 778
1694624215510 42.39094320385713 779
1694624215544 42.32351951816603 780
1694624215576 42.25623049824289 781
1694624215611 42.189075853432676 782
1694624215654 42.12205529373912 783
1694624215696 42.055168529823156 784
1694624215741 41.98841527300141 785
1694624215782 41.92179523524466 786
1694624215819 41.85530812917633 787
1694624215852 41.788953668070945 788
1694624215881 41.72273156585263 789
1694624215910 41.656641537093556 790
1694624215943 41.590683297012525 791
1694624215977 41.524856561473335 792
1694624216010 41.45916104698338 793
1694624216049 41.39359647069213 794
1694624216083 41.32816255038959 795
1694624216122 41.26285900450485 796
1694624216163 41.197685552104545 797
1694624216207 41.13264191289148 798
1694624216250 41.06772780720301 799
1694624216288 41.00294295600969 800
1694624216332 40.93828708091366 801
1694624216367 40.873759904147306 802
1694624216397 40.809361148571725 803
1694624216428 40.745090537675296 804
1694624216462 40.68094779557213 805
1694624216494 40.61693264700075 806
1694624216528 40.55304481732253 807
1694624216554 40.489284032520274 808
1694624216586 40.425650019196794 809
1694624216618 40.362142504573434 810
1694624216649 40.29876121648866 811
1694624216680 40.23550588339659 812
1694624216711 40.17237623436558 813
1694624216761 40.109371999076785 814
1694624216800 40.04649290782274 815
1694624216839 39.98373869150596 816
1694624216879 39.92110908163744 817
1694624216912 39.85860381033535 818
1694624216953 39.79622261032352 819
1694624216987 39.7339652149301 820
1694624217022 39.67183135808613 821
1694624217055 39.60982077432411 822
1694624217088 39.547933198776654 823
1694624217119 39.48616836717503 824
1694624217154 39.42452601584784 825
1694624217186 39.36300588171955 826
1694624217218 39.301607702309184 827
1694624217253 39.24033121572887 828
1694624217287 39.1791761606825 829
1694624217318 39.11814227646435 830
1694624217350 39.05722930295768 831
1694624217382 38.996436980633405 832
1694624217412 38.9357650505487 833
1694624217448 38.87521325434563 834
1694624217477 38.81478133424982 835
1694624217507 38.75446903306907 836
1694624217537 38.69427609419199 837
1694624217571 38.63420226158671 838
1694624217615 38.574247279799444 839
1694624217656 38.51441089395323 840
1694624217694 38.454692849746536 841
1694624217728 38.39509289345192 842
1694624217771 38.33561077191474 843
1694624217809 38.27624623255175 844
1694624217852 38.216999023349864 845
1694624217895 38.157868892864734 846
1694624217934 38.09885559021952 847
1694624217985 38.03995886510349 848
1694624218020 37.98117846777075 849
1694624218063 37.92251414903891 850
1694624218098 37.86396566028778 851
1694624218128 37.80553275345808 852
1694624218155 37.7472151810501 853
1694624218183 37.68901269612244 854
1694624218216 37.63092505229069 855
1694624218257 37.572952003726115 856
1694624218299 37.51509330515441 857
1694624218335 37.45734871185437 858
1694624218374 37.39971797965665 859
1694624218403 37.34220086494241 860
1694624218432 37.284797124642125 861
1694624218461 37.227506516234214 862
1694624218490 37.17032879774386 863
1694624218520 37.11326372774167 864
1694624218557 37.05631106534245 865
1694624218586 36.999470570203904 866
1694624218618 36.94274200252541 867
1694624218650 36.88612512304671 868
1694624218680 36.82961969304674 869
1694624218714 36.77322547434226 870
1694624218745 36.71694222928674 871
1694624218778 36.66076972076898 872
1694624218806 36.60470771221196 873
1694624218837 36.54875596757157 874
1694624218868 36.492914251335364 875
1694624218902 36.43718232852133 876
1694624218936 36.38155996467667 877
1694624218970 36.326046925876526 878
1694624219005 36.27064297872284 879
1694624219035 36.21534789034302 880
1694624219066 36.16016142838884 881
1694624219096 36.10508336103512 882
1694624219129 36.05011345697857 883
1694624219160 35.99525148543655 884
1694624219187 35.94049721614586 885
1694624219215 35.88585041936158 886
1694624219248 35.831310865855805 887
1694624219280 35.776878326916474 888
1694624219329 35.72255257434619 889
1694624219390 35.668333380460986 890
1694624219432 35.61422051808915 891
1694624219477 35.56021376057004 892
1694624219511 35.50631288175294 893
1694624219551 35.45251765599576 894
1694624219583 35.398827858164005 895
1694624219613 35.34524326362944 896
1694624219648 35.29176364826906 897
1694624219679 35.23838878846382 898
1694624219712 35.185118461097524 899
1694624219751 35.1319524435556 900
1694624219781 35.078890513723984 901
1694624219811 35.02593244998797 902
1694624219842 34.97307803123097 903
1694624219872 34.920327036833456 904
1694624219899 34.867679246671756 905
1694624219933 34.8151344411169 906
1694624219972 34.762692401033505 907
1694624220013 34.71035290777857 908
1694624220055 34.65811574320042 909
1694624220089 34.6059806896375 910
1694624220123 34.55394752991724 911
1694624220168 34.50201604735496 912
1694624220202 34.4501860257527 913
1694624220237 34.398457249398156 914
1694624220272 34.34682950306343 915
1694624220307 34.29530257200405 916
1694624220352 34.24387624195773 917
1694624220394 34.192550299143335 918
1694624220434 34.14132453025974 919
1694624220471 34.09019872248467 920
1694624220502 34.03917266347368 921
1694624220532 33.98824614135897 922
1694624220568 33.9374189447483 923
1694624220603 33.88669086272394 924
1694624220638 33.83606168484147 925
1694624220672 33.78553120112877 926
1694624220711 33.73509920208489 927
1694624220747 33.68476547867895 928
1694624220780 33.63452982234909 929
1694624220812 33.58439202500131 930
1694624220839 33.534351879008476 931
1694624220868 33.48440917720918 932
1694624220898 33.43456371290666 933
1694624220927 33.384815279867745 934
1694624220956 33.33516367232178 935
1694624220998 33.28560868495953 936
1694624221036 33.23615011293215 937
1694624221079 33.18678775185008 938
1694624221119 33.13752139778203 939
1694624221156 33.088350847253835 940
1694624221185 33.03927589724747 941
1694624221217 32.99029634519999 942
1694624221255 32.941411989002425 943
1694624221304 32.89262262699878 944
1694624221337 32.84392805798496 945
1694624221371 32.795328081207735 946
1694624221410 32.74682249636367 947
1694624221445 32.69841110359814 948
1694624221483 32.6500937035042 949
1694624221520 32.60187009712166 950
1694624221553 32.553740085935964 951
1694624221583 32.505703471877176 952
1694624221614 32.457760057319 953
1694624221644 32.40990964507767 954
1694624221683 32.362152038411 955
1694624221717 32.31448704101731 956
1694624221750 32.26691445703446 957
1694624221782 32.21943409103876 958
1694624221814 32.17204574804403 959
1694624221843 32.124749233500545 960
1694624221877 32.077544353294 961
1694624221906 32.030430913744596 962
1694624221935 31.98340872160591 963
1694624221982 31.936477584064008 964
1694624222012 31.88963730873635 965
1694624222045 31.84288770367087 966
1694624222084 31.796228577344916 967
1694624222130 31.749659738664295 968
1694624222172 31.703180996962278 969
1694624222215 31.65679216199859 970
1694624222249 31.610493043958435 971
1694624222287 31.564283453451516 972
1694624222321 31.518163201511072 973
1694624222357 31.47213209959285 974
1694624222394 31.42618995957417 975
1694624222431 31.38033659375293 976
1694624222465 31.33457181484662 977
1694624222495 31.288895435991396 978
1694624222529 31.243307270741074 979
1694624222573 31.197807133066185 980
1694624222616 31.152394837352983 981
1694624222655 31.10707019840251 982
1694624222698 31.061833031429632 983
1694624222734 31.016683152062086 984
1694624222770 30.971620376339498 985
1694624222799 30.926644520712482 986
1694624222836 30.881755402041627 987
1694624222873 30.83695283759659 988
1694624222913 30.792236645055176 989
1694624222954 30.747606642502287 990
1694624222995 30.70306264842914 991
1694624223030 30.65860448173218 992
1694624223067 30.61423196171223 993
1694624223099 30.56994490807353 994
1694624223129 30.52574314092281 995
1694624223167 30.481626480768337 996
1694624223199 30.437594748519043 997
1694624223228 30.39364776548352 998
1694624223261 30.349785353369185 999
