1694631075651 104.64679221128294 0
1694631075840 61.846707919766146 1
1694631076027 35.51538371487441 2
1694631076228 19.588479432237143 3
1694631076426 11.11487586987404 4
1694631076624 6.220188538660496 5
1694631076799 5.6953932543661026 6
1694631076991 1.2397718145906862 7
1694631077202 1.7887514109482614 8
1694631077403 0.052885738775622596 9
1694631077620 1.2495616314432705 10
1694631077829 0.43383237234163186 11
1694631078027 0.03949943070437185 12
1694631078229 0.7827767895273774 13
1694631078434 0.28556060657009724 14
1694631078634 0.7786773128421841 15
1694631078840 0.08404734180054502 16
1694631079032 0.5917417448314335 17
1694631079223 0.1802246701032645 18
1694631079403 0.027688472554205364 19
1694631079583 0.11865239886495631 20
1694631079786 0.02969242306543216 21
1694631079983 0.0214943682388995 22
1694631080165 0.0664303603476685 23
1694631080375 0.06205453872346419 24
1694631080571 0.12046246332952257 25
1694631080763 0.3039357553372633 26
1694631080939 0.03193352638209737 27
1694631081145 0.07423966113823448 28
1694631081345 0.04648475085974499 29
1694631081562 0.051775927941529284 30
1694631081765 0.08447983662900328 31
1694631081970 0.017446796408161172 32
1694631082169 0.058404998780098846 33
1694631082360 0.11018007288945607 34
1694631082554 0.06137508743916757 35
1694631082755 0.09405337120807887 36
1694631082962 0.1772388202336335 37
1694631083163 0.3109852103893694 38
1694631083385 0.11970840683663382 39
1694631083581 0.044104106153995584 40
1694631083777 0.26849592830565155 41
1694631083980 0.098721597578471 42
1694631084180 0.0031876478082461164 43
1694631084384 0.0067706178396509135 44
1694631084601 0.1085372619980685 45
1694631084802 0.2502525448789368 46
1694631085027 0.07581359586936949 47
1694631085227 8.523946611408361e-05 48
1694631085424 0.0846362774596534 49
1694631085607 0.07573970644926382 50
1694631085797 0.2372194122214317 51
1694631085993 0.08994720448808272 52
1694631086192 0.04021173776063157 53
1694631086397 0.032562428198155594 54
1694631086588 0.1711948565155781 55
1694631086798 0.04737326654904131 56
1694631086987 0.007602882952291822 57
1694631087189 0.044042633165441214 58
1694631087387 0.056592659448453986 59
1694631087575 0.008988506625577566 60
1694631087785 0.02258328922997203 61
1694631087969 0.00037659307544034987 62
1694631088143 0.006369054666414867 63
1694631088323 0.20970716030332506 64
1694631088514 0.08218900241756856 65
1694631088698 0.16693760474196942 66
1694631088891 0.17487602352383536 67
1694631089095 0.019437371587000353 68
1694631089277 0.16159182294470267 69
1694631089453 0.001226322581948956 70
1694631089648 0.0016458732122220123 71
1694631089836 0.042924993481758676 72
1694631090021 0.08857050381076557 73
1694631090197 0.07464735999041926 74
1694631090361 0.01655623352264511 75
1694631090568 0.0008037346868766679 76
1694631090762 0.48337502658214976 77
1694631090944 0.0005323898473067053 78
1694631091146 0.0004140653356514909 79
1694631091351 0.1963558861092884 80
1694631091550 0.07724399648428218 81
1694631091747 0.15650496438543232 82
1694631091951 0.006923892663231934 83
1694631092152 0.14032727511098733 84
1694631092341 0.09143375195923144 85
1694631092557 0.13988446482895736 86
1694631092749 0.06952719585858778 87
1694631092948 0.35220841646037543 88
1694631093135 0.2741261201104201 89
1694631093341 0.04992472656051047 90
1694631093543 0.04550170537116919 91
1694631093743 0.03692483224744649 92
1694631093934 0.0022365124992710767 93
1694631094140 0.028194688332323352 94
1694631094333 0.016374977171047335 95
1694631094531 0.0480055530674585 96
1694631094716 0.009444468018409317 97
1694631094915 0.008634575534430172 98
1694631095093 0.13260351832972483 99
1694631095292 0.2136010660607815 100
1694631095504 0.0033870586018477622 101
1694631095678 0.06885402899335845 102
1694631095851 0.35203177091249704 103
1694631096034 0.1259292814067919 104
1694631096227 0.0017694492810750569 105
1694631096438 0.27235650003078593 106
1694631096643 0.011715061088406328 107
1694631096843 0.3601208706575768 108
1694631097030 0.002089349498365865 109
1694631097227 0.13148066276976536 110
1694631097435 0.31571314972004555 111
1694631097639 0.020534200833222407 112
1694631097850 0.006326083882596235 113
1694631098025 0.015946686921095445 114
1694631098220 0.24061898743632584 115
1694631098400 0.010487404472250715 116
1694631098597 0.014210778582181881 117
1694631098777 0.00038831785736846616 118
1694631098966 0.01907027720405413 119
1694631099165 0.020340529100155238 120
1694631099374 0.04810901415545822 121
1694631099601 0.022989798728475123 122
1694631099809 0.27919806727864493 123
1694631100007 0.36111021529086185 124
1694631100190 0.0007094808103278591 125
1694631100390 0.0426367772181713 126
1694631100590 0.04663355654571595 127
1694631100795 0.04926428236113689 128
1694631100985 0.000972024829939458 129
1694631101187 0.018104237580241708 130
1694631101390 0.24612748423117817 131
1694631101566 0.2406558971558775 132
1694631101758 0.6199735685513356 133
1694631101960 0.0006339967184311499 134
1694631102153 0.1928677069628376 135
1694631102349 0.021308996597149396 136
1694631102564 0.018652449374131998 137
1694631102749 0.11728158713008474 138
1694631102928 1.4558614114239266e-06 139
1694631103119 0.18816222309118816 140
1694631103308 0.024539772927054806 141
1694631103505 0.029834674821108194 142
1694631103695 2.851232407235877e-07 143
1694631103910 3.4823046902670667e-05 144
1694631104113 0.5031223477907204 145
1694631104330 0.20128972537986764 146
1694631104549 0.33895897713943174 147
1694631104762 0.0883873514137702 148
1694631104958 0.383758450933936 149
1694631105151 0.016900133869677716 150
1694631105332 0.013029273666729001 151
1694631105543 0.1366884559030939 152
1694631105773 0.09589954255045115 153
1694631105961 0.01482574308345127 154
1694631106148 0.022215457706915562 155
1694631106328 0.06958147621033241 156
1694631106505 0.05134460627627189 157
1694631106674 0.04011073438924113 158
1694631106848 0.0050241255486442 159
1694631107038 0.11838949265393882 160
1694631107230 0.20444607860458863 161
1694631107426 1.3295490448992684e-06 162
1694631107637 0.0452353671375422 163
1694631107887 0.042505140889206414 164
1694631108107 0.17799272417834064 165
1694631108320 0.01059995121889967 166
1694631108516 0.042756757608810085 167
1694631108701 0.009770814233212806 168
1694631108884 0.04189916110035823 169
1694631109118 0.059666502990175445 170
1694631109300 0.35184057703383403 171
1694631109467 0.009324236439778706 172
1694631109657 0.10809306161463059 173
1694631109843 0.29287327486946213 174
1694631110036 0.23731320188929705 175
1694631110247 0.0020257937109264025 176
1694631110468 0.23937479516877722 177
1694631110684 0.1355476385052875 178
1694631110880 0.054515926832745226 179
1694631111054 0.0005679339234527216 180
1694631111239 0.3657260748132596 181
1694631111425 0.014299812251883212 182
1694631111619 0.054478647899775974 183
1694631111812 0.002917429784064429 184
1694631111999 0.261545565564798 185
1694631112178 0.47179065946980236 186
1694631112369 0.03904619797855539 187
1694631112549 0.0053709432122325635 188
1694631112716 0.0026179690096143743 189
1694631112916 0.9076591635938319 190
1694631113098 0.08230813331088697 191
1694631113295 0.023266293636614716 192
1694631113476 0.01206126003083387 193
1694631113671 0.062437378072437724 194
1694631113867 0.3033716415064161 195
1694631114078 0.0978572209097992 196
1694631114268 0.20302313066952582 197
1694631114462 0.2807266323037881 198
1694631114640 0.12429971120708566 199
1694631114825 0.04295256844570009 200
1694631115017 0.004705124736532435 201
1694631115191 0.09771058720303709 202
