1694620961171 -0.005367128933356113 0
1694620961198 -0.005363732925330433 1
1694620961224 -0.005360337814735994 2
1694620961250 -0.005356943601195541 3
1694620961277 -0.005353550284332709 4
1694620961309 -0.005350157863770244 5
1694620961345 -0.005346766339131559 6
1694620961387 -0.005343375710039844 7
1694620961427 -0.005339985976118955 8
1694620961464 -0.005336597136992305 9
1694620961502 -0.0053332091922819735 10
1694620961533 -0.005329822141612706 11
1694620961560 -0.005326435984607691 12
1694620961589 -0.005323050720891009 13
1694620961617 -0.005319666350085184 14
1694620961646 -0.005316282871814737 15
1694620961672 -0.005312900285703526 16
1694620961702 -0.00530951859137474 17
1694620961743 -0.0053061377884524585 18
1694620961785 -0.005302757876560538 19
1694620961838 -0.005299378855323278 20
1694620961902 -0.00529600072436387 21
1694620961959 -0.005292623483307057 22
1694620962013 -0.0052892471317764755 23
1694620962053 -0.005285871669396647 24
1694620962095 -0.005282497095791205 25
1694620962136 -0.005279123410584896 26
1694620962177 -0.005275750613401575 27
1694620962215 -0.0052723787038657655 28
1694620962259 -0.005269007681601767 29
1694620962299 -0.005265637546234325 30
1694620962346 -0.005262268297387518 31
1694620962395 -0.005258899934685868 32
1694620962449 -0.005255532457754342 33
1694620962499 -0.005252165866217018 34
1694620962562 -0.005248800159699085 35
1694620962622 -0.005245435337824844 36
1694620962693 -0.0052420714002197055 37
1694620962767 -0.005238708346507526 38
1694620962821 -0.0052353461763141595 39
1694620962876 -0.0052319848892636855 40
1694620962930 -0.0052286244849817365 41
1694620962979 -0.005225264963093057 42
1694620963034 -0.005221906323222836 43
1694620963093 -0.0052185485649962615 44
1694620963140 -0.005215191688038079 45
1694620963194 -0.005211835691974143 46
1694620963240 -0.0052084805764294195 47
1694620963307 -0.005205126341029098 48
1694620963360 -0.005201772985399256 49
1694620963403 -0.005198420509164414 50
1694620963452 -0.005195068911950651 51
1694620963496 -0.005191718193383599 52
1694620963543 -0.005188368353088446 53
1694620963588 -0.005185019390691048 54
1694620963621 -0.005181671305817703 55
1694620963655 -0.0051783240980924905 56
1694620963695 -0.005174977767142819 57
1694620963729 -0.005171632312594321 58
1694620963762 -0.005168287734072408 59
1694620963790 -0.0051649440312036 60
1694620963816 -0.005161601203613975 61
1694620963843 -0.0051582592509282765 62
1694620963873 -0.005154918172774137 63
1694620963910 -0.005151577968777854 64
1694620963943 -0.005148238638563951 65
1694620963971 -0.005144900181760503 66
1694620963998 -0.005141562597993143 67
1694620964027 -0.00513822588688817 68
1694620964059 -0.005134890048072327 69
1694620964090 -0.0051315550811721344 70
1694620964123 -0.005128220985813892 71
1694620964161 -0.005124887761624564 72
1694620964202 -0.005121555408230227 73
1694620964244 -0.005118223925258292 74
1694620964282 -0.005114893312335278 75
1694620964320 -0.005111563569087929 76
1694620964356 -0.00510823469514321 77
1694620964394 -0.005104906690128086 78
1694620964425 -0.005101579553669744 79
1694620964455 -0.005098253285394705 80
1694620964483 -0.005094927884930378 81
1694620964512 -0.005091603351904395 82
1694620964540 -0.0050882796859432755 83
1694620964568 -0.00508495688667443 84
1694620964604 -0.005081634953725711 85
1694620964636 -0.005078313886723862 86
1694620964671 -0.005074993685296736 87
1694620964727 -0.005071674349071742 88
1694620964777 -0.005068355877676289 89
1694620964823 -0.005065038270738231 90
1694620964855 -0.005061721527885421 91
1694620964889 -0.00505840564874438 92
1694620964920 -0.005055090632944292 93
1694620964951 -0.005051776480112569 94
1694620964979 -0.0050484631898768395 95
1694620965017 -0.005045150761865402 96
1694620965054 -0.005041839195705888 97
1694620965082 -0.005038528491027261 98
1694620965118 -0.005035218647455819 99
1694620965151 -0.0050319096646214145 100
1694620965182 -0.005028601542151678 101
1694620965209 -0.005025294279674908 102
1694620965236 -0.0050219878768196224 103
1694620965264 -0.005018682333214564 104
1694620965297 -0.005015377648486474 105
1694620965337 -0.005012073822265872 106
1694620965376 -0.005008770854180611 107
1694620965412 -0.005005468743858987 108
1694620965486 -0.005002167490930409 109
1694620965526 -0.004998867095023174 110
1694620965556 -0.004995567555765801 111
1694620965586 -0.004992268872787697 112
1694620965619 -0.004988971045717605 113
1694620965651 -0.004985674074184487 114
1694620965684 -0.004982377957817308 115
1694620965719 -0.004979082696245474 116
1694620965757 -0.004975788289097727 117
1694620965791 -0.00497249473600303 118
1694620965822 -0.00496920203659168 119
1694620965854 -0.004965910190491973 120
1694620965883 -0.004962619197333762 121
1694620965912 -0.004959329056746675 122
1694620965939 -0.004956039768359899 123
1694620965976 -0.0049527513318028404 124
1694620966014 -0.0049494637467055735 125
1694620966052 -0.004946177012697284 126
1694620966085 -0.004942891129408489 127
1694620966117 -0.004939606096468152 128
1694620966157 -0.004936321913507236 129
1694620966192 -0.004933038580153815 130
1694620966220 -0.004929756096039517 131
1694620966246 -0.0049264744607935285 132
1694620966273 -0.004923193674046811 133
1694620966303 -0.004919913735427883 134
1694620966332 -0.004916634644568818 135
1694620966363 -0.004913356401098801 136
1694620966394 -0.004910079004648793 137
1694620966426 -0.004906802454848425 138
1694620966455 -0.004903526751328879 139
1694620966485 -0.004900251893720231 140
1694620966512 -0.0048969778816534415 141
1694620966537 -0.004893704714758584 142
1694620966562 -0.0048904323926666216 143
1694620966587 -0.004887160915008737 144
1694620966617 -0.004883890281415004 145
1694620966645 -0.004880620491516829 146
1694620966671 -0.004877351544944952 147
1694620966701 -0.004874083441330557 148
1694620966728 -0.004870816180304827 149
1694620966757 -0.004867549761497614 150
1694620966790 -0.004864284184541656 151
1694620966827 -0.004861019449067472 152
1694620966864 -0.004857755554706911 153
1694620966899 -0.0048544925010907125 154
1694620966932 -0.004851230287850283 155
1694620966963 -0.004847968914617473 156
1694620966994 -0.00484470838102391 157
1694620967020 -0.004841448686700778 158
1694620967047 -0.004838189831280149 159
1694620967074 -0.004834931814393428 160
1694620967100 -0.004831674635672911 161
1694620967128 -0.004828418294749781 162
1694620967153 -0.004825162791256332 163
1694620967181 -0.0048219081248244144 164
1694620967207 -0.004818654295086322 165
1694620967241 -0.004815401301673905 166
1694620967281 -0.0048121491442196795 167
1694620967324 -0.0048088978223548295 168
1694620967370 -0.004805647335712759 169
1694620967419 -0.004802397683925763 170
1694620967469 -0.004799148866625691 171
1694620967517 -0.004795900883445503 172
1694620967557 -0.0047926537340172715 173
1694620967596 -0.0047894074179739565 174
1694620967631 -0.0047861619349482964 175
1694620967663 -0.004782917284572585 176
1694620967692 -0.004779673466480006 177
1694620967725 -0.004776430480303295 178
1694620967760 -0.004773188325675415 179
1694620967790 -0.004769947002229102 180
1694620967817 -0.004766706509597762 181
1694620967843 -0.004763466847414355 182
1694620967871 -0.004760228015311618 183
1694620967899 -0.004756990012923623 184
1694620967925 -0.0047537528398828854 185
1694620967949 -0.004750516495823254 186
1694620967975 -0.00474728098037791 187
1694620967999 -0.004744046293180704 188
1694620968024 -0.004740812433864372 189
1694620968050 -0.004737579402063652 190
1694620968075 -0.00473434719741106 191
1694620968101 -0.004731115819541554 192
1694620968128 -0.0047278852680878725 193
1694620968154 -0.004724655542684308 194
1694620968187 -0.004721426642964932 195
1694620968219 -0.00471819856856337 196
1694620968252 -0.004714971319114358 197
1694620968281 -0.00471174489425108 198
1694620968311 -0.004708519293608715 199
1694620968339 -0.004705294516820668 200
1694620968367 -0.004702070563521676 201
1694620968398 -0.004698847433346032 202
1694620968426 -0.004695625125928471 203
1694620968455 -0.0046924036409030645 204
1694620968482 -0.004689182977904771 205
1694620968507 -0.004685963136567661 206
1694620968539 -0.004682744116527138 207
1694620968572 -0.004679525917417715 208
1694620968603 -0.00467630853887413 209
1694620968633 -0.004673091980531341 210
1694620968664 -0.004669876242024085 211
1694620968693 -0.004666661322987986 212
1694620968736 -0.00466344722305756 213
1694620968772 -0.004660233941867986 214
1694620968802 -0.004657021479055334 215
1694620968830 -0.004653809834253675 216
1694620968858 -0.004650599007099299 217
1694620968890 -0.004647388997227164 218
1694620968920 -0.0046441798042728966 219
1694620968949 -0.00464097142787212 220
1694620968980 -0.004637763867660238 221
1694620969015 -0.004634557123273542 222
1694620969045 -0.004631351194346989 223
1694620969077 -0.0046281460805166486 224
1694620969112 -0.004624941781418812 225
1694620969148 -0.004621738296689104 226
1694620969180 -0.004618535625963371 227
1694620969207 -0.004615333768877905 228
1694620969235 -0.004612132725069218 229
1694620969262 -0.004608932494172935 230
1694620969290 -0.004605733075825569 231
1694620969321 -0.004602534469663855 232
1694620969355 -0.004599336675323418 233
1694620969389 -0.004596139692441437 234
1694620969423 -0.004592943520654202 235
1694620969455 -0.004589748159598006 236
1694620969490 -0.004586553608910471 237
1694620969520 -0.004583359868227221 238
1694620969551 -0.004580166937185659 239
1694620969582 -0.004576974815422741 240
1694620969613 -0.004573783502575202 241
1694620969641 -0.004570592998280443 242
1694620969672 -0.004567403302174977 243
1694620969706 -0.004564214413896428 244
1694620969738 -0.0045610263330819745 245
1694620969779 -0.004557839059368574 246
1694620969815 -0.0045546525923938486 247
1694620969854 -0.0045514669317952006 248
1694620969891 -0.004548282077210253 249
1694620969932 -0.004545098028276184 250
1694620969972 -0.0045419147846308405 251
1694620970013 -0.0045387323459120665 252
1694620970047 -0.004535550711757486 253
1694620970080 -0.004532369881804943 254
1694620970109 -0.004529189855692284 255
1694620970139 -0.004526010633057798 256
1694620970171 -0.0045228322135391075 257
1694620970203 -0.004519654596774503 258
1694620970237 -0.004516477782402051 259
1694620970269 -0.004513301770060041 260
1694620970301 -0.004510126559386984 261
1694620970335 -0.004506952150020727 262
1694620970367 -0.004503778541600667 263
1694620970399 -0.004500605733764207 264
1694620970431 -0.004497433726150746 265
1694620970462 -0.004494262518398573 266
1694620970489 -0.004491092110146866 267
1694620970518 -0.00448792250103347 268
1694620970549 -0.004484753690698229 269
1694620970587 -0.004481585678779432 270
1694620970618 -0.004478418464916478 271
1694620970648 -0.004475252048748102 272
1694620970673 -0.004472086429913702 273
1694620970698 -0.004468921608052456 274
1694620970725 -0.004465757582803542 275
1694620970762 -0.0044625943538061374 276
1694620970803 -0.0044594319207003075 277
1694620970844 -0.004456270283124786 278
1694620970875 -0.004453109440719416 279
1694620970904 -0.00444994939312382 280
1694620970933 -0.004446790139977619 281
1694620970961 -0.004443631680920879 282
1694620970987 -0.004440474015592999 283
1694620971013 -0.004437317143634267 284
1694620971038 -0.0044341610646840834 285
1694620971067 -0.004431005778383179 286
1694620971099 -0.004427851284371398 287
1694620971127 -0.004424697582288806 288
1694620971159 -0.004421544671775912 289
1694620971201 -0.004418392552472339 290
1694620971237 -0.004415241224019484 291
1694620971274 -0.004412090686056969 292
1694620971311 -0.004408940938225969 293
1694620971340 -0.004405791980166551 294
1694620971369 -0.004402643811519669 295
1694620971400 -0.004399496431926053 296
1694620971432 -0.004396349841025993 297
1694620971462 -0.004393204038461329 298
1694620971491 -0.00439005902387235 299
1694620971518 -0.004386914796900454 300
1694620971545 -0.0043837713571870385 301
1694620971572 -0.004380628704371725 302
1694620971599 -0.004377486838097244 303
1694620971627 -0.004374345758004106 304
1694620971653 -0.004371205463734373 305
1694620971680 -0.004368065954929001 306
1694620971706 -0.0043649272312298315 307
1694620971734 -0.004361789292278262 308
1694620971763 -0.004358652137715913 309
1694620971792 -0.004355515767184404 310
1694620971817 -0.004352380180325799 311
1694620971843 -0.0043492453767819406 312
1694620971868 -0.004346111356194671 313
1694620971894 -0.004342978118206053 314
1694620971919 -0.004339845662457931 315
1694620971946 -0.004336713988593033 316
1694620971970 -0.004333583096253202 317
1694620971997 -0.004330452985080502 318
1694620972022 -0.004327323654717885 319
1694620972050 -0.004324195104807194 320
1694620972074 -0.004321067334991602 321
1694620972101 -0.004317940344913396 322
1694620972125 -0.0043148141342146396 323
1694620972153 -0.004311688702539174 324
1694620972182 -0.004308564049529062 325
1694620972209 -0.0043054401748272575 326
1694620972234 -0.004302317078076934 327
1694620972261 -0.004299194758920821 328
1694620972301 -0.004296073217002538 329
1694620972337 -0.004292952451964593 330
1694620972372 -0.004289832463450383 331
1694620972405 -0.0042867132511037465 332
1694620972432 -0.004283594814567193 333
1694620972465 -0.004280477153485007 334
1694620972498 -0.004277360267500585 335
1694620972533 -0.004274244156256657 336
1694620972561 -0.004271128819398173 337
1694620972587 -0.004268014256567643 338
1694620972614 -0.0042649004674097934 339
1694620972638 -0.004261787451568244 340
1694620972667 -0.004258675208686835 341
1694620972695 -0.004255563738409407 342
1694620972722 -0.00425245304038091 343
1694620972750 -0.004249343114244519 344
1694620972779 -0.004246233959644963 345
1694620972805 -0.004243125576226525 346
1694620972832 -0.004240017963633713 347
1694620972860 -0.004236911121510811 348
1694620972888 -0.004233805049502326 349
1694620972915 -0.004230699747252986 350
1694620972945 -0.00422759521440752 351
1694620972971 -0.004224491450610657 352
1694620972998 -0.004221388455507125 353
1694620973022 -0.004218286228742096 354
1694620973048 -0.004215184769960301 355
1694620973072 -0.004212084078806688 356
1694620973097 -0.004208984154926876 357
1694620973123 -0.004205884997965592 358
1694620973147 -0.004202786607568232 359
1694620973174 -0.00419968898338019 360
1694620973199 -0.004196592125047083 361
1694620973225 -0.0041934960322140835 362
1694620973250 -0.004190400704526809 363
1694620973275 -0.0041873061416310975 364
1694620973300 -0.0041842123431727885 365
1694620973324 -0.004181119308797054 366
1694620973349 -0.004178027038150622 367
1694620973373 -0.004174935530878665 368
1694620973397 -0.0041718447866272435 369
1694620973422 -0.0041687548050430845 370
1694620973446 -0.004165665585771805 371
1694620973471 -0.004162577128460132 372
1694620973496 -0.0041594894327536824 373
1694620973521 -0.004156402498298961 374
1694620973548 -0.004153316324743139 375
1694620973574 -0.004150230911732056 376
1694620973600 -0.004147146258912882 377
1694620973626 -0.004144062365931678 378
1694620973657 -0.004140979232435615 379
1694620973684 -0.0041378968580714215 380
1694620973711 -0.004134815242485601 381
1694620973744 -0.004131734385325769 382
1694620973778 -0.004128654286238875 383
1694620973806 -0.004125574944871424 384
1694620973832 -0.004122496360871697 385
1694620973856 -0.004119418533885755 386
1694620973882 -0.004116341463561657 387
1694620973908 -0.0041132651495470185 388
1694620973934 -0.004110189591489011 389
1694620973961 -0.004107114789035027 390
1694620973988 -0.004104040741833126 391
1694620974013 -0.004100967449530701 392
1694620974038 -0.004097894911775812 393
1694620974064 -0.004094823128216074 394
1694620974091 -0.004091752098499768 395
1694620974117 -0.004088681822274509 396
1694620974143 -0.004085612299189023 397
1694620974172 -0.004082543528890925 398
1694620974197 -0.004079475511028496 399
1694620974222 -0.00407640824525024 400
1694620974248 -0.004073341731204438 401
1694620974273 -0.004070275968539816 402
1694620974299 -0.004067210956904654 403
1694620974329 -0.004064146695947901 404
1694620974363 -0.0040610831853180596 405
1694620974398 -0.004058020424663855 406
1694620974433 -0.004054958413634013 407
1694620974464 -0.004051897151877704 408
1694620974491 -0.004048836639043651 409
1694620974519 -0.0040457768747819145 410
1694620974546 -0.004042717858740774 411
1694620974571 -0.004039659590568512 412
1694620974596 -0.004036602069916295 413
1694620974621 -0.00403354529643285 414
1694620974646 -0.0040304892697671235 415
1694620974673 -0.004027433989569618 416
1694620974701 -0.004024379455489058 417
1694620974727 -0.0040213256671752795 418
1694620974755 -0.004018272624278563 419
1694620974782 -0.004015220326448077 420
1694620974812 -0.004012168773334324 421
1694620974843 -0.004009117964586917 422
1694620974876 -0.004006067899856136 423
1694620974908 -0.004003018578792261 424
1694620974942 -0.003999970001044906 425
1694620974978 -0.003996922166264794 426
1694620975011 -0.0039938750741026485 427
1694620975041 -0.003990828724208306 428
1694620975067 -0.003987783116232491 429
1694620975092 -0.003984738249825703 430
1694620975116 -0.003981694124639112 431
1694620975142 -0.003978650740322998 432
1694620975171 -0.003975608096528305 433
1694620975197 -0.00397256619290598 434
1694620975222 -0.003969525029106968 435
1694620975248 -0.003966484604782439 436
1694620975274 -0.0039634449195833366 437
1694620975299 -0.003960405973161052 438
1694620975327 -0.003957367765167641 439
1694620975351 -0.003954330295252273 440
1694620975377 -0.003951293563068337 441
1694620975401 -0.003948257568267 442
1694620975427 -0.00394522231049943 443
1694620975459 -0.003942187789417684 444
1694620975490 -0.003939154004673373 445
1694620975518 -0.00393612095591811 446
1694620975544 -0.003933088642804394 447
1694620975573 -0.003930057064983616 448
1694620975606 -0.003927026222108276 449
1694620975642 -0.003923996113830208 450
1694620975682 -0.00392096673980169 451
1694620975730 -0.003917938099675 452
1694620975782 -0.003914910193102861 453
1694620975830 -0.003911883019737328 454
1694620975885 -0.003908856579230902 455
1694620975941 -0.0039058308712363043 456
1694620976002 -0.0039028058954060363 457
1694620976053 -0.0038997816513934858 458
1694620976107 -0.003896758138850931 459
1694620976159 -0.003893735357431316 460
1694620976220 -0.0038907133067878075 461
1694620976268 -0.0038876919865733495 462
1694620976319 -0.0038846713964411084 463
1694620976367 -0.0038816515360446946 464
1694620976411 -0.0038786324050368304 465
1694620976457 -0.003875614003070904 466
1694620976501 -0.003872596329800748 467
1694620976547 -0.003869579384879973 468
1694620976588 -0.003866563167961745 469
1694620976627 -0.003863547678699897 470
1694620976662 -0.0038605329167482605 471
1694620976696 -0.0038575188817608907 472
1694620976733 -0.00385450557339162 473
1694620976765 -0.0038514929912940588 474
1694620976795 -0.0038484811351227055 475
1694620976826 -0.003845470004531837 476
1694620976854 -0.003842459599175063 477
1694620976882 -0.003839449918707105 478
1694620976910 -0.0038364409627822393 479
1694620976937 -0.0038334327310556304 480
1694620976967 -0.003830425223180667 481
1694620976998 -0.0038274184388129573 482
1694620977033 -0.0038244123776065564 483
1694620977071 -0.003821407039216407 484
1694620977112 -0.003818402423297673 485
1694620977155 -0.0038153985295048543 486
1694620977200 -0.0038123953574935587 487
1694620977241 -0.003809392906918063 488
1694620977281 -0.0038063911774344206 489
1694620977319 -0.0038033901686971294 490
1694620977353 -0.0038003898803620206 491
1694620977392 -0.003797390312084481 492
1694620977424 -0.003794391463519453 493
1694620977457 -0.003791393334323434 494
1694620977495 -0.0037883959241513665 495
1694620977533 -0.0037853992326593033 496
1694620977569 -0.0037824032595028534 497
1694620977601 -0.0037794080043376255 498
1694620977634 -0.0037764134668205607 499
1694620977665 -0.0037734196466063796 500
1694620977701 -0.0037704265433522455 501
1694620977739 -0.003767434156714211 502
1694620977769 -0.0037644424863478854 503
1694620977801 -0.0037614515319102093 504
1694620977848 -0.00375846129305768 505
1694620977895 -0.0037554717694465722 506
1694620977955 -0.003752482960733605 507
1694620978002 -0.003749494866575276 508
1694620978057 -0.0037465074866283032 509
1694620978105 -0.0037435208205498505 510
1694620978151 -0.0037405348679966366 511
1694620978202 -0.0037375496286256027 512
1694620978248 -0.003734565102093912 513
1694620978289 -0.0037315812880587274 514
1694620978321 -0.003728598186177212 515
1694620978352 -0.0037256157961067515 516
1694620978383 -0.0037226341175042865 517
1694620978412 -0.0037196531500278684 518
1694620978441 -0.0037166728933348825 519
1694620978469 -0.003713693347082936 520
1694620978497 -0.0037107145109296358 521
1694620978530 -0.0037077363845328115 522
1694620978568 -0.0037047589675505144 523
1694620978607 -0.0037017822596403516 524
1694620978648 -0.0036988062604605965 525
1694620978690 -0.0036958309696688563 526
1694620978734 -0.0036928563869240705 527
1694620978782 -0.0036898825118840684 528
1694620978831 -0.0036869093442073453 529
1694620978876 -0.0036839368835521746 530
1694620978917 -0.003680965129577052 531
1694620978957 -0.003677994081940472 532
1694620979001 -0.0036750237403015973 533
1694620979047 -0.0036720541043187005 534
1694620979090 -0.0036690851736507213 535
1694620979125 -0.003666116947956599 536
1694620979158 -0.0036631494268950515 537
1694620979189 -0.00366018261012524 538
1694620979219 -0.003657216497306548 539
1694620979249 -0.003654251088098359 540
1694620979283 -0.003651286382159169 541
1694620979313 -0.003648322379149249 542
1694620979342 -0.003645359078727317 543
1694620979373 -0.0036423964805534226 544
1694620979402 -0.003639434584286949 545
1694620979431 -0.0036364733895877244 546
1694620979460 -0.003633512896115354 547
1694620979487 -0.0036305531035298877 548
1694620979528 -0.003627594011491153 549
1694620979577 -0.0036246356196592 550
1694620979627 -0.003621677927693856 551
1694620979670 -0.003618720935255393 552
1694620979721 -0.0036157646420049705 553
1694620979768 -0.0036128090476015284 554
1694620979816 -0.0036098541517064486 555
1694620979851 -0.003606899953979781 556
1694620979882 -0.003603946454082241 557
1694620979920 -0.0036009936516745444 558
1694620979952 -0.0035980415464174076 559
1694620979983 -0.003595090137971768 560
1694620980018 -0.00359213942599812 561
1694620980058 -0.0035891894101574007 562
1694620980106 -0.0035862400901114366 563
1694620980153 -0.0035832914655207215 564
1694620980201 -0.0035803435360468594 565
1694620980255 -0.003577396301350788 566
1694620980305 -0.0035744497610938897 567
1694620980345 -0.003571503914938212 568
1694620980386 -0.0035685587625446935 569
1694620980428 -0.0035656143035751597 570
1694620980468 -0.003562670537691215 571
1694620980505 -0.003559727464554685 572
1694620980540 -0.0035567850838276183 573
1694620980577 -0.0035538433951718407 574
1694620980610 -0.0035509023982494003 575
1694620980638 -0.0035479620927223454 576
1694620980665 -0.003545022478252502 577
1694620980693 -0.0035420835545030283 578
1694620980720 -0.0035391453211355284 579
1694620980765 -0.0035362077778131606 580
1694620980813 -0.003533270924197307 581
1694620980858 -0.003530334759951792 582
1694620980900 -0.0035273992847384417 583
1694620980943 -0.0035244644982201923 584
1694620980978 -0.003521530400060202 585
1694620981014 -0.0035185969899211855 586
1694620981048 -0.0035156642674660787 587
1694620981080 -0.003512732232357818 588
1694620981113 -0.003509800884260006 589
1694620981146 -0.0035068702228355786 590
1694620981182 -0.0035039402477479165 591
1694620981219 -0.0035010109586604 592
1694620981255 -0.0034980823552366314 593
1694620981291 -0.0034951544371402132 594
1694620981329 -0.003492227204034304 595
1694620981362 -0.003489300655583394 596
1694620981394 -0.0034863747914506416 597
1694620981422 -0.0034834496113000935 598
1694620981454 -0.003480525114796018 599
1694620981505 -0.00347760130160224 600
1694620981562 -0.0034746781713830277 601
1694620981622 -0.0034717557238022057 602
1694620981686 -0.0034688339585251526 603
1694620981747 -0.003465912875214361 604
1694620981832 -0.0034629924735358752 605
1694620981908 -0.0034600727531541864 606
1694620981966 -0.0034571537137328967 607
1694620982027 -0.003454235354937607 608
1694620982083 -0.003451317676432586 609
1694620982137 -0.003448400677883212 610
1694620982186 -0.0034454843589539763 611
1694620982227 -0.003442568719310035 612
1694620982270 -0.0034396537586167675 613
1694620982320 -0.003436739476538886 614
1694620982358 -0.0034338258727419912 615
1694620982396 -0.0034309129468916844 616
1694620982429 -0.0034280006986529 617
1694620982457 -0.0034250891276910167 618
1694620982486 -0.0034221782336727458 619
1694620982514 -0.0034192680162619116 620
1694620982546 -0.0034163584751261133 621
1694620982574 -0.0034134496099300637 622
1694620982602 -0.003410541420340474 623
1694620982630 -0.0034076339060227223 624
1694620982659 -0.0034047270666432983 625
1694620982689 -0.0034018209018680245 626
1694620982718 -0.00339891541136339 627
1694620982753 -0.003396010594795884 628
1694620982794 -0.0033931064518315512 629
1694620982823 -0.0033902029821373247 630
1694620982851 -0.0033873001853794715 631
1694620982878 -0.0033843980612244806 632
1694620982904 -0.003381496609339285 633
1694620982944 -0.003378595829391262 634
1694620982992 -0.0033756957210464567 635
1694620983034 -0.003372796283972468 636
1694620983077 -0.003369897517836007 637
1694620983122 -0.003366999422304673 638
1694620983166 -0.003364101997044955 639
1694620983220 -0.003361205241724896 640
1694620983276 -0.0033583091560112077 641
1694620983331 -0.003355413739572377 642
1694620983386 -0.0033525189920751153 643
1694620983437 -0.0033496249131872435 644
1694620983482 -0.003346731502576805 645
1694620983537 -0.0033438387599113994 646
1694620983587 -0.0033409466848588476 647
1694620983630 -0.003338055277087415 648
1694620983672 -0.003335164536264479 649
1694620983711 -0.0033322744620589706 650
1694620983748 -0.0033293850541387116 651
1694620983778 -0.003326496312171967 652
1694620983807 -0.0033236082358274466 653
1694620983839 -0.0033207208247736375 654
1694620983875 -0.003317834078678583 655
1694620983903 -0.003314947997211215 656
1694620983930 -0.0033120625800404646 657
1694620983963 -0.0033091778268348193 658
1694620983994 -0.0033062937372632106 659
1694620984024 -0.003303410310994792 660
1694620984052 -0.003300527547698051 661
1694620984082 -0.0032976454470430294 662
1694620984110 -0.0032947640086984364 663
1694620984139 -0.0032918832323334257 664
1694620984167 -0.003289003117617595 665
1694620984243 -0.0032861236642203195 666
1694620984303 -0.0032832448718111973 667
1694620984354 -0.003280366740060048 668
1694620984434 -0.0032774892686366908 669
1694620984497 -0.0032746124572093915 670
1694620984567 -0.003271736305449746 671
1694620984621 -0.00326886081302713 672
1694620984685 -0.0032659859796120294 673
1694620984735 -0.0032631118048738195 674
1694620984802 -0.003260238288482986 675
1694620984869 -0.0032573654301100152 676
1694620984938 -0.0032544932294251705 677
1694620984990 -0.0032516216860987157 678
1694620985056 -0.0032487507998013587 679
1694620985133 -0.0032458805702038074 680
1694620985186 -0.0032430109969763254 681
1694620985256 -0.003240142079790509 682
1694620985329 -0.0032372738183163996 683
1694620985406 -0.0032344062122251493 684
1694620985488 -0.00323153926118791 685
1694620985545 -0.003228672964876056 686
1694620985636 -0.0032258073229602946 687
1694620985711 -0.003222942335112 688
1694620985790 -0.0032200780010027685 689
1694620985869 -0.003217214320303974 690
1694620985935 -0.003214351292687212 691
1694620986027 -0.003211488917824301 692
1694620986100 -0.003208627195385727 693
1694620986151 -0.003205766125044196 694
1694620986201 -0.0032029057064724142 695
1694620986255 -0.0032000459393402014 696
1694620986307 -0.003197186823321596 697
1694620986370 -0.003194328358087306 698
1694620986418 -0.003191470543310704 699
1694620986473 -0.003188613378662941 700
1694620986516 -0.0031857568638171685 701
1694620986564 -0.003182900998445426 702
1694620986619 -0.0031800457822204198 703
1694620986678 -0.0031771912148148562 704
1694620986725 -0.0031743372959009974 705
1694620986768 -0.003171484025151994 706
1694620986818 -0.0031686314022403295 707
1694620986853 -0.003165779426839599 708
1694620986882 -0.0031629280986220643 709
1694620986910 -0.00316007741726132 710
1694620986937 -0.0031572273824300723 711
1694620986966 -0.0031543779938021377 712
1694620987005 -0.0031515292510506665 713
1694620987038 -0.003148681153849031 714
1694620987071 -0.003145833701870826 715
1694620987101 -0.0031429868947894235 716
1694620987127 -0.00314014073227864 717
1694620987155 -0.0031372952140125143 718
1694620987193 -0.0031344503396644186 719
1694620987238 -0.0031316061089083913 720
1694620987286 -0.003128762521418915 721
1694620987335 -0.0031259195768695847 722
1694620987377 -0.0031230772749346603 723
1694620987420 -0.0031202356152886246 724
1694620987461 -0.0031173945976061823 725
1694620987501 -0.0031145542215600397 726
1694620987540 -0.0031117144868266777 727
1694620987575 -0.003108875393079691 728
1694620987607 -0.00310603693999445 729
1694620987640 -0.0031031991272449932 730
1694620987671 -0.00310036195450647 731
1694620987704 -0.003097525421453806 732
1694620987742 -0.003094689527762151 733
1694620987782 -0.0030918542731062093 734
1694620987819 -0.0030890196571615736 735
1694620987860 -0.0030861856796031706 736
1694620987902 -0.0030833523401068152 737
1694620987948 -0.0030805196383474343 738
1694620987993 -0.0030776875740006204 739
1694620988038 -0.0030748561467421887 740
1694620988080 -0.0030720253562477318 741
1694620988122 -0.0030691952021932867 742
1694620988152 -0.003066365684254224 743
1694620988181 -0.003063536802106359 744
1694620988212 -0.0030607085554261726 745
1694620988238 -0.0030578809438897014 746
1694620988273 -0.0030550539671729826 747
1694620988302 -0.003052227624952275 748
1694620988329 -0.00304940191690406 749
1694620988364 -0.003046576842704374 750
1694620988401 -0.003043752402030364 751
1694620988446 -0.00304092859455829 752
1694620988485 -0.003038105419964632 753
1694620988513 -0.0030352828779263152 754
1694620988544 -0.0030324609681204873 755
1694620988571 -0.003029639690223629 756
1694620988600 -0.003026819043912665 757
1694620988634 -0.0030239990288656315 758
1694620988671 -0.003021179644758565 759
1694620988704 -0.0030183608912692783 760
1694620988738 -0.003015542768074919 761
1694620988767 -0.0030127252748533007 762
1694620988797 -0.00300990841128157 763
1694620988823 -0.0030070921770373182 764
1694620988848 -0.003004276571798581 765
1694620988873 -0.003001461595242949 766
1694620988902 -0.002998647247047792 767
1694620988934 -0.0029958335268918113 768
1694620988962 -0.002993020434452376 769
1694620988994 -0.0029902079694081873 770
1694620989026 -0.002987396131437059 771
1694620989056 -0.002984584920217248 772
1694620989086 -0.0029817743354276782 773
1694620989117 -0.0029789643767452745 774
1694620989153 -0.0029761550438500706 775
1694620989184 -0.002973346336420102 776
1694620989220 -0.0029705382541342917 777
1694620989261 -0.0029677307966711197 778
1694620989296 -0.0029649239637095093 779
1694620989335 -0.002962117754928384 780
1694620989375 -0.002959312170006889 781
1694620989413 -0.0029565072086241706 782
1694620989457 -0.0029537028704591517 783
1694620989498 -0.002950899155191422 784
1694620989541 -0.0029480960624999053 785
1694620989583 -0.002945293592064413 786
1694620989625 -0.0029424917435640907 787
1694620989661 -0.0029396905166791942 788
1694620989695 -0.002936889911088869 789
1694620989735 -0.002934089926473149 790
1694620989778 -0.0029312905625116237 791
1694620989831 -0.0029284918188843267 792
1694620989882 -0.002925693695271292 793
1694620989928 -0.002922896191352997 794
1694620989963 -0.002920099306809032 795
1694620989991 -0.002917303041320096 796
1694620990020 -0.0029145073945662237 797
1694620990050 -0.002911712366228114 798
1694620990087 -0.0029089179559864675 799
1694620990117 -0.0029061241635215396 800
1694620990142 -0.002903330988513808 801
1694620990171 -0.002900538430644417 802
1694620990199 -0.0028977464895945104 803
1694620990228 -0.002894955165044344 804
1694620990258 -0.0028921644566757276 805
1694620990285 -0.0028893743641689174 806
1694620990315 -0.002886584887205945 807
1694620990342 -0.002883796025467511 808
1694620990368 -0.002881007778634981 809
1694620990395 -0.0028782201463901647 810
1694620990434 -0.0028754331284144286 811
1694620990465 -0.0028726467243893605 812
1694620990492 -0.0028698609339965486 813
1694620990521 -0.002867075756918025 814
1694620990557 -0.0028642911928353776 815
1694620990596 -0.0028615072414308607 816
1694620990641 -0.0028587239023862843 817
1694620990690 -0.0028559411753839026 818
1694620990736 -0.0028531590601055257 819
1694620990784 -0.002850377556234074 820
1694620990827 -0.0028475966634515792 821
1694620990868 -0.00284481638144074 822
1694620990905 -0.0028420367098835886 823
1694620990935 -0.002839257648463045 824
1694620990961 -0.0028364791968618075 825
1694620990986 -0.0028337013547630185 826
1694620991011 -0.002830924121848488 827
1694620991039 -0.002828147497802469 828
1694620991069 -0.002825371482307215 829
1694620991100 -0.002822596075046091 830
1694620991135 -0.002819821275702239 831
1694620991168 -0.0028170470839592454 832
1694620991203 -0.0028142734994995866 833
1694620991242 -0.0028115005220086253 834
1694620991281 -0.0028087281511672835 835
1694620991323 -0.002805956386661146 836
1694620991364 -0.002803185228173355 837
1694620991410 -0.002800414675387275 838
1694620991454 -0.0027976447279873806 839
1694620991493 -0.0027948753856577024 840
1694620991532 -0.002792106648081827 841
1694620991563 -0.0027893385149440064 842
1694620991590 -0.0027865709859284937 843
1694620991616 -0.0027838040607202075 844
1694620991641 -0.002781037739002512 845
1694620991674 -0.0027782720204607703 846
1694620991702 -0.0027755069047785685 847
1694620991737 -0.0027727423916412697 848
1694620991769 -0.0027699784807331262 849
1694620991800 -0.002767215171739501 850
1694620991832 -0.0027644524643450907 851
1694620991868 -0.002761690358234592 852
1694620991903 -0.0027589288530929235 853
1694620991937 -0.002756167948605892 854
1694620991972 -0.0027534076444584166 855
1694620992010 -0.0027506479403356376 856
1694620992052 -0.00274788883592314 857
1694620992081 -0.002745130330906287 858
1694620992111 -0.0027423724249706627 859
1694620992136 -0.0027396151178018524 860
1694620992162 -0.002736858409085663 861
1694620992191 -0.002734102298508123 862
1694620992223 -0.002731346785754596 863
1694620992250 -0.002728591870511554 864
1694620992277 -0.002725837552464583 865
1694620992308 -0.002723083831300599 866
1694620992340 -0.0027203307067049654 867
1694620992373 -0.002717578178364599 868
1694620992406 -0.0027148262459657513 869
1694620992443 -0.0027120749091944507 870
1694620992484 -0.0027093241677382807 871
1694620992528 -0.002706574021282826 872
1694620992574 -0.002703824469515226 873
1694620992650 -0.0027010755121226193 874
1694620992694 -0.0026983271487914795 875
1694620992741 -0.0026955793792087235 876
1694620992779 -0.0026928322030619345 877
1694620992810 -0.0026900856200380296 878
1694620992837 -0.002687339629823926 879
1694620992867 -0.002684594232107429 880
1694620992893 -0.0026818494265756776 881
1694620992919 -0.002679105212916255 882
1694620992945 -0.002676361590816745 883
1694620992971 -0.002673618559964508 884
1694620992996 -0.0026708761200480158 885
1694620993022 -0.0026681342707541855 886
1694620993053 -0.0026653930117714886 887
1694620993083 -0.0026626523427881743 888
1694620993119 -0.002659912263491604 889
1694620993153 -0.002657172773570249 890
1694620993185 -0.0026544338727123584 891
1694620993216 -0.002651695560606626 892
1694620993243 -0.0026489578369410793 893
1694620993270 -0.0026462207014039674 894
1694620993298 -0.002643484153684428 895
1694620993324 -0.002640748193470932 896
1694620993349 -0.0026380128204521736 897
1694620993378 -0.002635278034317068 898
1694620993404 -0.0026325438347540864 899
1694620993430 -0.002629810221453699 900
1694620993457 -0.0026270771941026005 901
1694620993483 -0.002624344752391705 902
1694620993508 -0.0026216128960101504 903
1694620993535 -0.0026188816246468516 904
1694620993561 -0.0026161509379911685 905
1694620993586 -0.0026134208357329047 906
1694620993613 -0.002610691317561642 907
1694620993639 -0.002607962383166962 908
1694620993666 -0.002605234032238446 909
1694620993693 -0.002602506264465898 910
1694620993723 -0.00259977907954001 911
1694620993751 -0.0025970524771499193 912
1694620993781 -0.002594326456986318 913
1694620993807 -0.0025916010187387872 914
1694620993840 -0.0025888761620980194 915
1694620993874 -0.002586151886754484 916
1694620993905 -0.0025834281923984292 917
1694620993943 -0.0025807050787198804 918
1694620993983 -0.0025779825454101957 919
1694620994023 -0.002575260592159845 920
1694620994061 -0.0025725392186592977 921
1694620994097 -0.0025698184245996902 922
1694620994126 -0.0025670982096721584 923
1694620994154 -0.00256437857356695 924
1694620994183 -0.002561659515976089 925
1694620994220 -0.0025589410365902676 926
1694620994249 -0.0025562231351006215 927
1694620994276 -0.002553505811198953 928
1694620994304 -0.0025507890645763975 929
1694620994341 -0.0025480728949245357 930
1694620994389 -0.0025453573019356135 931
1694620994438 -0.0025426422852996566 932
1694620994484 -0.0025399278447097995 933
1694620994530 -0.002537213979857844 934
1694620994566 -0.0025345006904353706 935
1694620994604 -0.002531787976134403 936
1694620994645 -0.0025290758366471877 937
1694620994687 -0.0025263642716661927 938
1694620994719 -0.002523653280883442 939
1694620994753 -0.0025209428639907383 940
1694620994783 -0.0025182330206814374 941
1694620994823 -0.0025155237506475636 942
1694620994866 -0.0025128150535822513 943
1694620994901 -0.0025101069291773026 944
1694620994935 -0.002507399377126518 945
1694620994968 -0.0025046923971216994 946
1694620994999 -0.0025019859888568696 947
1694620995027 -0.0024992801520242747 948
1694620995054 -0.002496574886317271 949
1694620995080 -0.002493870191429437 950
1694620995108 -0.002491166067053241 951
1694620995140 -0.0024884625128827054 952
1694620995175 -0.0024857595286114087 953
1694620995208 -0.0024830571139324853 954
1694620995239 -0.0024803552685395136 955
1694620995274 -0.002477653992126294 956
1694620995308 -0.0024749532843870714 957
1694620995339 -0.002472253145015202 958
1694620995366 -0.002469553573704486 959
1694620995391 -0.0024668545701496125 960
1694620995415 -0.002464156134044382 961
1694620995439 -0.0024614582650825945 962
1694620995464 -0.002458760962959161 963
1694620995491 -0.0024560642273681044 964
1694620995521 -0.002453368058004335 965
1694620995550 -0.002450672454561653 966
1694620995580 -0.002447977416735414 967
1694620995609 -0.002445282944220084 968
1694620995640 -0.002442589036710352 969
1694620995672 -0.0024398956939011285 970
1694620995703 -0.0024372029154873243 971
1694620995749 -0.002434510701164072 972
1694620995779 -0.0024318190506267268 973
1694620995806 -0.002429127963570199 974
1694620995834 -0.0024264374396896216 975
1694620995861 -0.0024237474786812374 976
1694620995889 -0.0024210580802399573 977
1694620995916 -0.0024183692440602478 978
1694620995944 -0.00241568096983924 979
1694620995969 -0.002412993257272511 980
1694620995995 -0.0024103061060551934 981
1694620996020 -0.002407619515883974 982
1694620996046 -0.0024049334864542082 983
1694620996071 -0.0024022480174619165 984
1694620996097 -0.002399563108603564 985
1694620996122 -0.0023968787595753938 986
1694620996147 -0.0023941949700736487 987
1694620996173 -0.0023915117397943497 988
1694620996204 -0.002388829068434628 989
1694620996235 -0.0023861469556902826 990
1694620996262 -0.0023834654012588885 991
1694620996288 -0.0023807844048362448 992
1694620996317 -0.0023781039661199266 993
1694620996347 -0.002375424084806177 994
1694620996376 -0.002372744760592127 995
1694620996403 -0.002370065993175352 996
1694620996437 -0.002367387782252539 997
1694620996468 -0.0023647101275208193 998
1694620996503 -0.002362033028677768 999
