1694624680774 -0.007202108636191529 0
1694624680827 -0.007202128518687179 1
1694624680872 -0.007202148326734159 2
1694624680983 -0.007202168060317371 3
1694624681091 -0.007202187719421715 4
1694624681209 -0.007202207304029429 5
1694624681253 -0.007202226814126966 6
1694624681300 -0.007202246249698119 7
1694624681348 -0.007202265610727121 8
1694624681401 -0.007202284897198874 9
1694624681455 -0.007202304109096058 10
1694624681499 -0.007202323246404685 11
1694624681610 -0.007202342309109211 12
1694624681661 -0.007202361297192095 13
1694624681704 -0.007202380210640014 14
1694624681752 -0.007202399049436092 15
1694624681791 -0.00720241781356501 16
1694624681845 -0.007202436503010334 17
1694624681888 -0.007202455117756745 18
1694624681942 -0.0072024736577893655 19
1694624682087 -0.007202492123092652 20
1694624682241 -0.007202510513649507 21
1694624682354 -0.007202528829445054 22
1694624682399 -0.0072025470704633054 23
1694624682444 -0.007202565236689162 24
1694624682557 -0.007202583328107526 25
1694624682635 -0.007202601344700632 26
1694624682682 -0.0072026192864547145 27
1694624682727 -0.007202637153353786 28
1694624682768 -0.007202654945380971 29
1694624682810 -0.007202672662522058 30
1694624682851 -0.007202690304760617 31
1694624682897 -0.007202707872080882 32
1694624682933 -0.007202725364467977 33
1694624682976 -0.007202742781905247 34
1694624683016 -0.007202760124377372 35
1694624683083 -0.007202777391869031 36
1694624683146 -0.007202794584364458 37
1694624683204 -0.0072028117018467785 38
1694624683265 -0.007202828744301781 39
1694624683345 -0.007202845711712813 40
1694624683430 -0.007202862604065663 41
1694624683504 -0.007202879421342345 42
1694624683606 -0.007202896163528871 43
1694624683675 -0.00720291283060881 44
1694624683760 -0.0072029294225670615 45
1694624683828 -0.007202945939387417 46
1694624683925 -0.007202962381054556 47
1694624684070 -0.007202978747552269 48
1694624684151 -0.007202995038865012 49
1694624684276 -0.007203011254976577 50
1694624684427 -0.00720302739587253 51
1694624684592 -0.007203043461536662 52
1694624684693 -0.0072030594519523206 53
1694624684814 -0.00720307536710485 54
1694624684875 -0.007203091206979151 55
1694624684975 -0.007203106971557016 56
1694624685017 -0.007203122660825123 57
1694624685070 -0.007203138274766818 58
1694624685163 -0.007203153813366336 59
1694624685224 -0.007203169276608801 60
1694624685304 -0.0072031846644764475 61
1694624685366 -0.00720319997695551 62
1694624685430 -0.007203215214029557 63
1694624685486 -0.007203230375683711 64
1694624685543 -0.0072032454619002095 65
1694624685628 -0.007203260472665507 66
1694624685697 -0.00720327540796184 67
1694624685749 -0.00720329026777522 68
1694624685831 -0.007203305052089881 69
1694624685898 -0.007203319760888727 70
1694624685988 -0.007203334394156213 71
1694624686090 -0.007203348951877242 72
1694624686140 -0.0072033634340362696 73
1694624686195 -0.007203377840617087 74
1694624686293 -0.0072033921716041505 75
1694624686367 -0.0072034064269816955 76
1694624686441 -0.007203420606733735 77
1694624686492 -0.007203434710844725 78
1694624686547 -0.007203448739298901 79
1694624686640 -0.007203462692080276 80
1694624686722 -0.007203476569174194 81
1694624686773 -0.007203490370562671 82
1694624686824 -0.0072035040962317165 83
1694624686896 -0.007203517746165122 84
1694624686975 -0.007203531320347789 85
1694624687035 -0.007203544818761953 86
1694624687096 -0.00720355824139407 87
1694624687161 -0.0072035715882277085 88
1694624687212 -0.007203584859245993 89
1694624687281 -0.007203598054434268 90
1694624687338 -0.0072036111737774355 91
1694624687386 -0.007203624217257287 92
1694624687451 -0.007203637184860279 93
1694624687519 -0.0072036500765699785 94
1694624687595 -0.007203662892370399 95
1694624687669 -0.007203675632245776 96
1694624687750 -0.007203688296180788 97
1694624687841 -0.007203700884159003 98
1694624687889 -0.007203713396165101 99
1694624687962 -0.007203725832183094 100
1694624688065 -0.007203738192197218 101
1694624688159 -0.007203750476191484 102
1694624688226 -0.007203762684150572 103
1694624688281 -0.007203774816058051 104
1694624688360 -0.007203786871898821 105
1694624688424 -0.007203798851657339 106
1694624688515 -0.007203810755316509 107
1694624688611 -0.007203822582861008 108
1694624688684 -0.007203834334275294 109
1694624688760 -0.007203846009544046 110
1694624688837 -0.00720385760865061 111
1694624688907 -0.007203869131580554 112
1694624688971 -0.007203880578315225 113
1694624689035 -0.007203891948841745 114
1694624689125 -0.007203903243143461 115
1694624689196 -0.007203914461203942 116
1694624689283 -0.007203925603007422 117
1694624689351 -0.007203936668538136 118
1694624689407 -0.007203947657780985 119
1694624689488 -0.0072039585707197595 120
1694624689547 -0.007203969407338251 121
1694624689611 -0.00720398016762136 122
1694624689657 -0.007203990851552433 123
1694624689722 -0.0072040014591163715 124
1694624689776 -0.00720401199029741 125
1694624689829 -0.007204022445078229 126
1694624689903 -0.007204032823445505 127
1694624689971 -0.00720404312538081 128
1694624690019 -0.007204053350870154 129
1694624690078 -0.007204063499896662 130
1694624690145 -0.0072040735724456795 131
1694624690219 -0.007204083568499442 132
1694624690270 -0.007204093488043961 133
1694624690318 -0.0072041033310625835 134
1694624690365 -0.007204113097539766 135
1694624690405 -0.0072041227874592995 136
1694624690448 -0.007204132400805641 137
1694624690511 -0.007204141937562802 138
1694624690578 -0.0072041513977147975 139
1694624690637 -0.007204160781246083 140
1694624690680 -0.007204170088141337 141
1694624690725 -0.0072041793183832414 142
1694624690780 -0.007204188471956252 143
1694624690816 -0.007204197548845492 144
1694624690869 -0.007204206549034975 145
1694624690903 -0.0072042154725080465 146
1694624690947 -0.007204224319249608 147
1694624691003 -0.007204233089243228 148
1694624691046 -0.007204241782473364 149
1694624691100 -0.007204250398924472 150
1694624691151 -0.007204258938579233 151
1694624691213 -0.0072042674014234365 152
1694624691262 -0.0072042757874406504 153
1694624691325 -0.007204284096614888 154
1694624691378 -0.00720429232893105 155
1694624691425 -0.007204300484371151 156
1694624691467 -0.007204308562921424 157
1694624691510 -0.007204316564565438 158
1694624691551 -0.007204324489286984 159
1694624691612 -0.007204332337070296 160
1694624691664 -0.0072043401078996094 161
1694624691732 -0.007204347801759603 162
1694624691780 -0.007204355418632513 163
1694624691821 -0.007204362958504573 164
1694624691868 -0.007204370421358908 165
1694624691928 -0.0072043778071795295 166
1694624691973 -0.007204385115951117 167
1694624692009 -0.00720439234765724 168
1694624692050 -0.007204399502282133 169
1694624692093 -0.007204406579810918 170
1694624692141 -0.007204413580225166 171
1694624692188 -0.007204420503511333 172
1694624692242 -0.007204427349652542 173
1694624692313 -0.007204434118633918 174
1694624692361 -0.0072044408104374735 175
1694624692413 -0.007204447425048999 176
1694624692461 -0.007204453962452284 177
1694624692521 -0.0072044604226315645 178
1694624692580 -0.007204466805570187 179
1694624692640 -0.007204473111253051 180
1694624692682 -0.0072044793396637274 181
1694624692721 -0.007204485490787116 182
1694624692769 -0.007204491564605231 183
1694624692839 -0.007204497561104528 184
1694624692898 -0.007204503480268132 185
1694624692963 -0.007204509322079833 186
1694624693041 -0.007204515086524532 187
1694624693093 -0.007204520773585132 188
1694624693208 -0.007204526383247201 189
1694624693309 -0.007204531915492973 190
1694624693379 -0.007204537370307795 191
1694624693453 -0.00720454274767568 192
1694624693538 -0.007204548047580417 193
1694624693629 -0.007204553270006686 194
1694624693736 -0.007204558414936946 195
1694624693843 -0.007204563482356541 196
1694624693896 -0.007204568472250372 197
1694624693985 -0.00720457338460001 198
1694624694046 -0.007204578219392133 199
1694624694126 -0.007204582976608975 200
1694624694176 -0.007204587656234995 201
1694624694274 -0.0072045922582546496 202
1694624694345 -0.007204596782651729 203
1694624694409 -0.007204601229410912 204
1694624694480 -0.007204605598515101 205
1694624694541 -0.007204609889949198 206
1694624694617 -0.0072046141036972156 207
1694624694679 -0.007204618239742722 208
1694624694724 -0.007204622298070618 209
1694624694779 -0.007204626278663362 210
1694624694825 -0.007204630181506744 211
1694624694892 -0.007204634006584554 212
1694624694969 -0.0072046377538788064 213
1694624695082 -0.007204641423375957 214
1694624695173 -0.007204645015058908 215
1694624695280 -0.0072046485289118944 216
1694624695400 -0.007204651964919151 217
1694624695462 -0.007204655323064468 218
1694624695549 -0.007204658603332081 219
1694624695638 -0.007204661805706003 220
1694624695711 -0.007204664930169802 221
1694624695796 -0.007204667976707935 222
1694624695875 -0.007204670945304414 223
1694624695954 -0.007204673835943254 224
1694624696051 -0.00720467664860891 225
1694624696114 -0.007204679383283619 226
1694624696192 -0.00720468203995317 227
1694624696310 -0.0072046846186013536 228
1694624696421 -0.007204687119211739 229
1694624696549 -0.007204689541768339 230
1694624696683 -0.007204691886255832 231
1694624696761 -0.007204694152657787 232
1694624696811 -0.0072046963409579945 233
1694624696861 -0.0072046984511395795 234
1694624696905 -0.007204700483188997 235
1694624696973 -0.007204702437088484 236
1694624697044 -0.007204704312822052 237
1694624697123 -0.007204706110374159 238
1694624697192 -0.007204707829728152 239
1694624697261 -0.007204709470868931 240
1694624697310 -0.007204711033780287 241
1694624697363 -0.00720471251844601 242
1694624697424 -0.007204713924850337 243
1694624697494 -0.007204715252976834 244
1694624697564 -0.007204716502809738 245
1694624697616 -0.007204717674333283 246
1694624697668 -0.007204718767531038 247
1694624697717 -0.0072047197823867926 248
1694624697762 -0.007204720718885893 249
1694624697813 -0.007204721577009687 250
1694624697867 -0.007204722356745297 251
1694624697961 -0.0072047230580738475 252
1694624698024 -0.007204723680981351 253
1694624698098 -0.0072047242254515975 254
1694624698163 -0.007204724691466824 255
1694624698208 -0.007204725079013485 256
1694624698255 -0.007204725388073152 257
1694624698310 -0.007204725618631835 258
1694624698378 -0.0072047257706715495 259
1694624698428 -0.007204725844177862 260
1694624698484 -0.007204725839135007 261
1694624698538 -0.007204725755524555 262
1694624698593 -0.007204725593332961 263
1694624698652 -0.007204725352543129 264
1694624698700 -0.00720472503313907 265
1694624698751 -0.007204724635104798 266
1694624698801 -0.007204724158424991 267
1694624698849 -0.007204723603081664 268
1694624698905 -0.007204722969060828 269
1694624698956 -0.007204722256345386 270
1694624699005 -0.007204721464919572 271
1694624699054 -0.007204720594768066 272
1694624699099 -0.007204719645872659 273
1694624699148 -0.007204718618219141 274
1694624699201 -0.007204717511791747 275
1694624699252 -0.007204716326572269 276
1694624699302 -0.00720471506254694 277
1694624699355 -0.007204713719698441 278
1694624699412 -0.007204712298011229 279
1694624699461 -0.007204710797469094 280
1694624699547 -0.007204709218056049 281
1694624699620 -0.007204707559755663 282
1694624699678 -0.007204705822552393 283
1694624699729 -0.0072047040064304735 284
1694624699778 -0.007204702111371919 285
1694624699828 -0.007204700137363407 286
1694624699873 -0.007204698084385841 287
1694624699926 -0.007204695952425899 288
1694624699988 -0.0072046937414660395 289
1694624700072 -0.007204691451490941 290
1694624700136 -0.0072046890824839505 291
1694624700189 -0.007204686634428414 292
1694624700236 -0.007204684107309678 293
1694624700287 -0.0072046815011106435 294
1694624700344 -0.007204678815815768 295
1694624700391 -0.0072046760514086206 296
1694624700442 -0.007204673207873213 297
1694624700492 -0.007204670285194004 298
1694624700558 -0.007204667283353228 299
1694624700614 -0.007204664202336675 300
1694624700680 -0.007204661042127247 301
1694624700738 -0.007204657802709402 302
1694624700796 -0.007204654484066264 303
1694624700858 -0.007204651086182512 304
1694624700910 -0.007204647609041714 305
1694624700980 -0.007204644052627662 306
1694624701032 -0.007204640416925034 307
1694624701100 -0.007204636701915623 308
1694624701167 -0.007204632907585884 309
1694624701223 -0.007204629033918497 310
1694624701297 -0.007204625080897253 311
1694624701383 -0.007204621048506832 312
1694624701442 -0.007204616936729247 313
1694624701536 -0.007204612745550509 314
1694624701608 -0.007204608474953744 315
1694624701668 -0.007204604124922076 316
1694624701716 -0.007204599695440406 317
1694624701768 -0.007204595186492524 318
1694624701817 -0.0072045905980617775 319
1694624701882 -0.007204585930132401 320
1694624701932 -0.007204581182688186 321
1694624701995 -0.007204576355712922 322
1694624702045 -0.007204571449191066 323
1694624702094 -0.007204566463104856 324
1694624702164 -0.007204561397440079 325
1694624702222 -0.007204556252180083 326
1694624702276 -0.0072045510273073265 327
1694624702325 -0.00720454572280782 328
1694624702372 -0.007204540338663801 329
1694624702420 -0.007204534874860835 330
1694624702476 -0.00720452933138005 331
1694624702547 -0.0072045237082083435 332
1694624702616 -0.007204518005326843 333
1694624702679 -0.007204512222722004 334
1694624702727 -0.007204506360375396 335
1694624702774 -0.007204500418272142 336
1694624702823 -0.007204494396395811 337
1694624702872 -0.007204488294730638 338
1694624702914 -0.007204482113259747 339
1694624702962 -0.007204475851968262 340
1694624703013 -0.00720446951083753 341
1694624703074 -0.007204463089853785 342
1694624703124 -0.00720445658899993 343
1694624703176 -0.007204450008260199 344
1694624703223 -0.007204443347618383 345
1694624703278 -0.007204436607057385 346
1694624703329 -0.007204429786561883 347
1694624703433 -0.007204422886115891 348
1694624703506 -0.0072044159057025325 349
1694624703571 -0.007204408845306487 350
1694624703643 -0.007204401704911545 351
1694624703694 -0.007204394484499721 352
1694624703750 -0.007204387184057248 353
1694624703816 -0.007204379803566585 354
1694624703881 -0.007204372343012189 355
1694624703969 -0.0072043648023778495 356
1694624704040 -0.007204357181646248 357
1694624704096 -0.00720434948080273 358
1694624704179 -0.007204341699830197 359
1694624704227 -0.007204333838713106 360
1694624704278 -0.007204325897435249 361
1694624704328 -0.007204317875978861 362
1694624704389 -0.0072043097743306195 363
1694624704440 -0.007204301592470985 364
1694624704497 -0.007204293330386413 365
1694624704574 -0.007204284988059806 366
1694624704629 -0.007204276565474732 367
1694624704676 -0.007204268062616093 368
1694624704727 -0.007204259479465458 369
1694624704775 -0.007204250816008839 370
1694624704828 -0.007204242072228695 371
1694624704879 -0.00720423324811037 372
1694624704921 -0.007204224343635213 373
1694624704973 -0.007204215358789012 374
1694624705045 -0.0072042062935553375 375
1694624705107 -0.007204197147916869 376
1694624705181 -0.007204187921858507 377
1694624705258 -0.007204178615363599 378
1694624705330 -0.007204169228416379 379
1694624705399 -0.007204159760999973 380
1694624705479 -0.0072041502130983925 381
1694624705574 -0.007204140584695651 382
1694624705642 -0.007204130875775316 383
1694624705718 -0.007204121086321624 384
1694624705796 -0.007204111216317033 385
1694624705865 -0.007204101265746665 386
1694624705929 -0.007204091234593646 387
1694624706009 -0.00720408112284221 388
1694624706108 -0.007204070930475925 389
1694624706170 -0.007204060657478362 390
1694624706266 -0.007204050303833531 391
1694624706385 -0.007204039869525669 392
1694624706439 -0.0072040293545370115 393
1694624706511 -0.007204018758852904 394
1694624706567 -0.00720400808245647 395
1694624706627 -0.007203997325331946 396
1694624706678 -0.007203986487462233 397
1694624706741 -0.007203975568830678 398
1694624706813 -0.007203964569422405 399
1694624706870 -0.007203953489220982 400
1694624706919 -0.007203942328209756 401
1694624706982 -0.007203931086372739 402
1694624707054 -0.007203919763693056 403
1694624707163 -0.0072039083601551646 404
1694624707236 -0.0072038968757424104 405
1694624707328 -0.007203885310439029 406
1694624707423 -0.007203873664228366 407
1694624707503 -0.0072038619370937695 408
1694624707614 -0.0072038501290199175 409
1694624707708 -0.007203838239989713 410
1694624707786 -0.007203826269987834 411
1694624707869 -0.007203814218996518 412
1694624707946 -0.007203802087000888 413
1694624708037 -0.007203789873984068 414
1694624708094 -0.007203777579930293 415
1694624708136 -0.007203765204823354 416
1694624708196 -0.007203752748645931 417
1694624708241 -0.007203740211381593 418
1694624708290 -0.007203727593016129 419
1694624708348 -0.007203714893531332 420
1694624708388 -0.0072037021129116585 421
1694624708445 -0.007203689251141343 422
1694624708515 -0.007203676308203066 423
1694624708629 -0.007203663284081063 424
1694624708717 -0.0072036501787589025 425
1694624708775 -0.007203636992220819 426
1694624708868 -0.007203623724449715 427
1694624708976 -0.007203610375430269 428
1694624709040 -0.007203596945144941 429
1694624709093 -0.007203583433578409 430
1694624709173 -0.007203569840714907 431
1694624709235 -0.007203556166536451 432
1694624709343 -0.007203542411027275 433
1694624709395 -0.007203528574171836 434
1694624709449 -0.007203514655954368 435
1694624709495 -0.007203500656356221 436
1694624709557 -0.007203486575363405 437
1694624709655 -0.0072034724129586 438
1694624709730 -0.00720345816912582 439
1694624709782 -0.007203443843848412 440
1694624709845 -0.007203429437111053 441
1694624709900 -0.007203414948895315 442
1694624709948 -0.007203400379186986 443
1694624709991 -0.0072033857279689695 444
1694624710073 -0.007203370995224834 445
1694624710175 -0.0072033561809383695 446
1694624710235 -0.00720334128509359 447
1694624710304 -0.007203326307673841 448
1694624710391 -0.007203311248663358 449
1694624710482 -0.007203296108044155 450
1694624710559 -0.007203280885801799 451
1694624710637 -0.007203265581919416 452
1694624710704 -0.007203250196380129 453
1694624710759 -0.007203234729169061 454
1694624710816 -0.007203219180267562 455
1694624710882 -0.007203203549660975 456
1694624710947 -0.0072031878373326474 457
1694624711006 -0.00720317204326637 458
1694624711056 -0.00720315616744549 459
1694624711116 -0.007203140209854464 460
1694624711176 -0.007203124170475306 461
1694624711230 -0.007203108049293139 462
1694624711287 -0.00720309184629131 463
1694624711349 -0.007203075561453165 464
1694624711401 -0.007203059194762718 465
1694624711457 -0.007203042746203092 466
1694624711501 -0.0072030262157587455 467
1694624711555 -0.007203009603412802 468
1694624711610 -0.007202992909148831 469
1694624711691 -0.007202976132951511 470
1694624711748 -0.007202959274802412 471
1694624711835 -0.007202942334687101 472
1694624711914 -0.007202925312588482 473
1694624711975 -0.007202908208490566 474
1694624712045 -0.0072028910223762566 475
1694624712106 -0.007202873754230454 476
1694624712168 -0.007202856404035396 477
1694624712227 -0.00720283897177465 478
1694624712295 -0.007202821457433339 479
1694624712364 -0.007202803860994145 480
1694624712418 -0.007202786182441079 481
1694624712496 -0.007202768421757488 482
1694624712590 -0.00720275057892672 483
1694624712654 -0.007202732653933008 484
1694624712720 -0.007202714646759922 485
1694624712771 -0.007202696557391031 486
1694624712863 -0.00720267838580968 487
1694624712906 -0.007202660131999217 488
1694624712951 -0.007202641795944098 489
1694624713023 -0.0072026233776276705 490
1694624713085 -0.007202604877033281 491
1694624713162 -0.0072025862941449414 492
1694624713229 -0.007202567628945777 493
1694624713288 -0.0072025488814204675 494
1694624713341 -0.007202530051550582 495
1694624713421 -0.007202511139321466 496
1694624713485 -0.007202492144717354 497
1694624713545 -0.007202473067719595 498
1694624713629 -0.007202453908312645 499
1694624713719 -0.007202434666480961 500
1694624713802 -0.007202415342207669 501
1694624713887 -0.007202395935476336 502
1694624713949 -0.007202376446270531 503
1694624714014 -0.007202356874574045 504
1694624714091 -0.007202337220370225 505
1694624714172 -0.007202317483642862 506
1694624714251 -0.007202297664375967 507
1694624714337 -0.007202277762552223 508
1694624714392 -0.007202257778154975 509
1694624714436 -0.007202237711169124 510
1694624714492 -0.007202217561578017 511
1694624714552 -0.007202197329364113 512
1694624714600 -0.00720217701451209 513
1694624714646 -0.007202156617004851 514
1694624714697 -0.007202136136826853 515
1694624714752 -0.007202115573960999 516
1694624714800 -0.0072020949283910785 517
1694624714887 -0.007202074200101105 518
1694624714980 -0.007202053389073537 519
1694624715059 -0.0072020324952923875 520
1694624715146 -0.007202011518741891 521
1694624715219 -0.007201990459405838 522
1694624715302 -0.0072019693172662436 523
1694624715372 -0.00720194809230712 524
1694624715447 -0.007201926784513368 525
1694624715554 -0.007201905393867447 526
1694624715649 -0.007201883920353591 527
1694624715722 -0.007201862363954703 528
1694624715806 -0.0072018407246545735 529
1694624715865 -0.007201819002436771 530
1694624715948 -0.007201797197284865 531
1694624716035 -0.007201775309182645 532
1694624716128 -0.007201753338113681 533
1694624716197 -0.007201731284060875 534
1694624716288 -0.007201709147008684 535
1694624716384 -0.007201686926939788 536
1694624716478 -0.007201664623838422 537
1694624716579 -0.007201642237688599 538
1694624716653 -0.00720161976847189 539
1694624716701 -0.007201597216173639 540
1694624716792 -0.0072015745807769704 541
1694624716872 -0.007201551862265454 542
1694624716945 -0.007201529060622436 543
1694624717024 -0.007201506175831929 544
1694624717098 -0.007201483207877057 545
1694624717193 -0.007201460156740946 546
1694624717251 -0.0072014370224073865 547
1694624717303 -0.0072014138048610565 548
1694624717361 -0.007201390504083749 549
1694624717409 -0.007201367120060809 550
1694624717460 -0.007201343652774028 551
1694624717510 -0.00720132010220742 552
1694624717577 -0.00720129646834522 553
1694624717634 -0.007201272751170551 554
1694624717695 -0.007201248950666983 555
1694624717783 -0.007201225066817862 556
1694624717832 -0.007201201099607202 557
1694624717883 -0.00720117704901857 558
1694624717933 -0.0072011529150339815 559
1694624717995 -0.007201128697638559 560
1694624718051 -0.007201104396815428 561
1694624718099 -0.0072010800125479335 562
1694624718191 -0.007201055544819868 563
1694624718266 -0.007201030993614355 564
1694624718325 -0.007201006358915851 565
1694624718387 -0.007200981640705928 566
1694624718440 -0.007200956838970596 567
1694624718504 -0.007200931953690981 568
1694624718580 -0.007200906984851985 569
1694624718659 -0.007200881932437619 570
1694624718755 -0.007200856796429456 571
1694624718893 -0.00720083157681306 572
1694624719045 -0.007200806273570226 573
1694624719120 -0.0072007808866854095 574
1694624719219 -0.0072007554161428455 575
1694624719307 -0.007200729861923882 576
1694624719409 -0.007200704224014087 577
1694624719509 -0.0072006785023959186 578
1694624719570 -0.007200652697053389 579
1694624719650 -0.007200626807969179 580
1694624719753 -0.007200600835127746 581
1694624719865 -0.007200574778511992 582
1694624719944 -0.007200548638105486 583
1694624720018 -0.007200522413892019 584
1694624720100 -0.007200496105855381 585
1694624720158 -0.007200469713977142 586
1694624720218 -0.007200443238243981 587
1694624720279 -0.0072004166786361345 588
1694624720336 -0.007200390035138726 589
1694624720426 -0.0072003633077346585 590
1694624720504 -0.007200336496408388 591
1694624720578 -0.007200309601142596 592
1694624720649 -0.0072002826219212945 593
1694624720741 -0.007200255558727386 594
1694624720817 -0.00720022841154444 595
1694624720879 -0.007200201180357135 596
1694624720961 -0.0072001738651468195 597
1694624721066 -0.007200146465897284 598
1694624721145 -0.007200118982593651 599
1694624721209 -0.007200091415218379 600
1694624721283 -0.007200063763754816 601
1694624721349 -0.007200036028187418 602
1694624721417 -0.0072000082084975325 603
1694624721481 -0.007199980304670728 604
1694624721543 -0.007199952316689462 605
1694624721598 -0.0071999242445375256 606
1694624721654 -0.007199896088198265 607
1694624721729 -0.007199867847655028 608
1694624721780 -0.0071998395228916046 609
1694624721833 -0.007199811113891563 610
1694624721891 -0.007199782620636697 611
1694624721945 -0.00719975404311235 612
1694624722004 -0.007199725381301647 613
1694624722053 -0.007199696635187491 614
1694624722110 -0.007199667804754339 615
1694624722158 -0.0071996388899835395 616
1694624722226 -0.007199609890861103 617
1694624722309 -0.0071995808073681555 618
1694624722357 -0.007199551639489599 619
1694624722427 -0.007199522387208779 620
1694624722472 -0.0071994930505085986 621
1694624722534 -0.007199463629373071 622
1694624722583 -0.007199434123785542 623
1694624722685 -0.007199404533728249 624
1694624722763 -0.007199374859186536 625
1694624722866 -0.007199345100142196 626
1694624722939 -0.007199315256579464 627
1694624723021 -0.007199285328481686 628
1694624723094 -0.007199255315831987 629
1694624723181 -0.00719922521861438 630
1694624723257 -0.0071991950368119895 631
1694624723331 -0.007199164770407718 632
1694624723413 -0.007199134419386022 633
1694624723498 -0.0071991039837304704 634
1694624723573 -0.007199073463421968 635
1694624723640 -0.007199042858447191 636
1694624723687 -0.0071990121687868225 637
1694624723746 -0.007198981394426651 638
1694624723814 -0.007198950535348025 639
1694624723872 -0.007198919591535624 640
1694624723932 -0.007198888562973016 641
1694624724015 -0.007198857449642437 642
1694624724102 -0.007198826251529011 643
1694624724170 -0.00719879496861453 644
1694624724229 -0.007198763600882785 645
1694624724289 -0.007198732148316678 646
1694624724351 -0.007198700610901776 647
1694624724454 -0.007198668988618762 648
1694624724535 -0.00719863728145298 649
1694624724607 -0.007198605489386445 650
1694624724681 -0.007198573612403614 651
1694624724780 -0.007198541650487611 652
1694624724841 -0.007198509603621783 653
1694624724927 -0.007198477471789033 654
1694624725002 -0.0071984452549733735 655
1694624725072 -0.007198412953157929 656
1694624725141 -0.007198380566326046 657
1694624725209 -0.007198348094461293 658
1694624725281 -0.007198315537547018 659
1694624725343 -0.007198282895566566 660
1694624725392 -0.007198250168503728 661
1694624725448 -0.0071982173563409635 662
1694624725516 -0.007198184459061396 663
1694624725574 -0.007198151476649484 664
1694624725641 -0.007198118409088572 665
1694624725724 -0.00719808525636223 666
1694624725772 -0.007198052018452694 667
1694624725827 -0.007198018695343089 668
1694624725886 -0.007197985287018982 669
1694624725931 -0.007197951793461277 670
1694624725976 -0.007197918214655541 671
1694624726030 -0.0071978845505829 672
1694624726088 -0.0071978508012287 673
1694624726142 -0.007197816966575843 674
1694624726187 -0.007197783046605677 675
1694624726238 -0.007197749041304435 676
1694624726290 -0.007197714950653911 677
1694624726349 -0.007197680774637671 678
1694624726399 -0.0071976465132395084 679
1694624726450 -0.007197612166442324 680
1694624726499 -0.0071975777342294656 681
1694624726547 -0.007197543216584723 682
1694624726591 -0.007197508613490777 683
1694624726640 -0.007197473924931419 684
1694624726689 -0.007197439150890661 685
1694624726744 -0.0071974042913496294 686
1694624726799 -0.0071973693462938915 687
1694624726853 -0.00719733431570635 688
1694624726906 -0.007197299199569462 689
1694624726974 -0.0071972639978670205 690
1694624727033 -0.007197228710582815 691
1694624727091 -0.007197193337699748 692
1694624727161 -0.007197157879201166 693
1694624727242 -0.007197122335070638 694
1694624727337 -0.007197086705291289 695
1694624727399 -0.007197050989846687 696
1694624727453 -0.007197015188719735 697
1694624727502 -0.007196979301894002 698
1694624727551 -0.007196943329352168 699
1694624727598 -0.007196907271078912 700
1694624727652 -0.007196871127056692 701
1694624727701 -0.007196834897268634 702
1694624727750 -0.007196798581698971 703
1694624727800 -0.007196762180330607 704
1694624727843 -0.007196725693145778 705
1694624727896 -0.007196689120129163 706
1694624727945 -0.007196652461263664 707
1694624727996 -0.0071966157165332945 708
1694624728038 -0.007196578885919402 709
1694624728089 -0.007196541969406889 710
1694624728136 -0.007196504966978878 711
1694624728202 -0.0071964678786187175 712
1694624728260 -0.007196430704309087 713
1694624728323 -0.007196393444033999 714
1694624728375 -0.007196356097776357 715
1694624728426 -0.00719631866551973 716
1694624728481 -0.007196281147247019 717
1694624728535 -0.007196243542942016 718
1694624728600 -0.007196205852588067 719
1694624728650 -0.007196168076166964 720
1694624728699 -0.00719613021366361 721
1694624728761 -0.007196092265061571 722
1694624728820 -0.007196054230343085 723
1694624728874 -0.007196016109491943 724
1694624728925 -0.0071959779024912685 725
1694624728974 -0.007195939609324187 726
1694624729053 -0.007195901229974266 727
1694624729140 -0.007195862764424854 728
1694624729203 -0.0071958242126597405 729
1694624729263 -0.007195785574660274 730
1694624729331 -0.007195746850411577 731
1694624729406 -0.007195708039896331 732
1694624729456 -0.007195669143098105 733
1694624729514 -0.0071956301599998 734
1694624729563 -0.007195591090584985 735
1694624729609 -0.007195551934836564 736
1694624729659 -0.007195512692738548 737
1694624729711 -0.007195473364272731 738
1694624729766 -0.007195433949423791 739
1694624729820 -0.007195394448174408 740
1694624729883 -0.007195354860508152 741
1694624729963 -0.007195315186408147 742
1694624730030 -0.007195275425858183 743
1694624730080 -0.007195235578839609 744
1694624730122 -0.007195195645338437 745
1694624730155 -0.00719515562533557 746
1694624730196 -0.007195115518816131 747
1694624730234 -0.0071950753257612465 748
1694624730286 -0.007195035046156484 749
1694624730353 -0.007194994679983857 750
1694624730411 -0.007194954227225825 751
1694624730456 -0.007194913687867288 752
1694624730500 -0.0071948730618913714 753
1694624730541 -0.007194832349279867 754
1694624730595 -0.007194791550017898 755
1694624730642 -0.007194750664086369 756
1694624730688 -0.007194709691470846 757
1694624730726 -0.007194668632153123 758
1694624730768 -0.007194627486117211 759
1694624730809 -0.007194586253346236 760
1694624730851 -0.007194544933823099 761
1694624730900 -0.007194503527531371 762
1694624730941 -0.007194462034454396 763
1694624730983 -0.007194420454574191 764
1694624731024 -0.007194378787875433 765
1694624731068 -0.007194337034341025 766
1694624731113 -0.007194295193954092 767
1694624731176 -0.007194253266697537 768
1694624731255 -0.007194211252554927 769
1694624731360 -0.007194169151510277 770
1694624731493 -0.007194126963544489 771
1694624731600 -0.007194084688643132 772
1694624731682 -0.007194042326787997 773
1694624731771 -0.00719399987796332 774
1694624731831 -0.007193957342152002 775
1694624731911 -0.007193914719336947 776
1694624731956 -0.007193872009501501 777
1694624731991 -0.0071938292126296766 778
1694624732033 -0.007193786328703267 779
1694624732079 -0.007193743357705618 780
1694624732121 -0.007193700299620964 781
1694624732183 -0.007193657154432653 782
1694624732245 -0.007193613922122699 783
1694624732325 -0.007193570602674448 784
1694624732392 -0.00719352719607258 785
1694624732474 -0.007193483702297998 786
1694624732537 -0.007193440121336492 787
1694624732613 -0.0071933964531694095 788
1694624732663 -0.007193352697779876 789
1694624732714 -0.007193308855152347 790
1694624732773 -0.007193264925269505 791
1694624732842 -0.007193220908114251 792
1694624732916 -0.007193176803670598 793
1694624732982 -0.007193132611919673 794
1694624733088 -0.007193088332847042 795
1694624733170 -0.007193043966434942 796
1694624733250 -0.007192999512666498 797
1694624733359 -0.007192954971524612 798
1694624733417 -0.007192910342993297 799
1694624733516 -0.007192865627055012 800
1694624733571 -0.0071928208236935465 801
1694624733650 -0.00719277593289136 802
1694624733740 -0.007192730954632243 803
1694624733838 -0.0071926858888990974 804
1694624733901 -0.007192640735675271 805
1694624733966 -0.0071925954949441095 806
1694624734040 -0.007192550166687406 807
1694624734091 -0.007192504750890727 808
1694624734150 -0.007192459247535643 809
1694624734213 -0.007192413656604835 810
1694624734268 -0.007192367978083203 811
1694624734320 -0.00719232221195254 812
1694624734364 -0.00719227635819597 813
1694624734432 -0.007192230416797729 814
1694624734523 -0.007192184387740941 815
1694624734577 -0.00719213827100762 816
1694624734626 -0.007192092066581335 817
1694624734676 -0.0071920457744456545 818
1694624734739 -0.0071919993945834815 819
1694624734804 -0.0071919529269788285 820
1694624734866 -0.007191906371613044 821
1694624734914 -0.007191859728470584 822
1694624734962 -0.0071918129975343525 823
1694624735009 -0.007191766178787695 824
1694624735055 -0.007191719272213293 825
1694624735101 -0.007191672277794714 826
1694624735156 -0.007191625195514861 827
1694624735205 -0.0071915780253568595 828
1694624735251 -0.007191530767304943 829
1694624735302 -0.007191483421339573 830
1694624735355 -0.007191435987446537 831
1694624735399 -0.007191388465608073 832
1694624735450 -0.007191340855807082 833
1694624735497 -0.0071912931580278006 834
1694624735546 -0.0071912453722509095 835
1694624735595 -0.007191197498461976 836
1694624735645 -0.007191149536643682 837
1694624735698 -0.007191101486777596 838
1694624735754 -0.0071910533488488415 839
1694624735806 -0.007191005122839211 840
1694624735852 -0.007190956808733384 841
1694624735895 -0.007190908406512042 842
1694624735945 -0.007190859916160974 843
1694624735997 -0.007190811337661529 844
1694624736055 -0.007190762670996609 845
1694624736102 -0.007190713916151337 846
1694624736152 -0.007190665073106173 847
1694624736192 -0.007190616141847128 848
1694624736258 -0.007190567122354441 849
1694624736316 -0.007190518014613456 850
1694624736363 -0.007190468818607076 851
1694624736418 -0.007190419534316206 852
1694624736464 -0.0071903701617264115 853
1694624736516 -0.00719032070081993 854
1694624736560 -0.007190271151579886 855
1694624736607 -0.007190221513989181 856
1694624736665 -0.007190171788031607 857
1694624736716 -0.007190121973689401 858
1694624736765 -0.007190072070946352 859
1694624736816 -0.007190022079785141 860
1694624736869 -0.007189972000188893 861
1694624736918 -0.007189921832140955 862
1694624736966 -0.007189871575624229 863
1694624737009 -0.007189821230622062 864
1694624737058 -0.007189770797117356 865
1694624737100 -0.0071897202750930145 866
1694624737153 -0.007189669664533271 867
1694624737199 -0.007189618965418809 868
1694624737245 -0.007189568177735639 869
1694624737304 -0.007189517301463999 870
1694624737364 -0.007189466336589012 871
1694624737407 -0.007189415283094025 872
1694624737456 -0.007189364140959498 873
1694624737512 -0.0071893129101714415 874
1694624737569 -0.007189261590711649 875
1694624737619 -0.007189210182563466 876
1694624737664 -0.0071891586857095735 877
1694624737717 -0.007189107100133096 878
1694624737764 -0.007189055425817825 879
1694624737813 -0.0071890036627466625 880
1694624737862 -0.0071889518109014006 881
1694624737911 -0.0071888998702671625 882
1694624737964 -0.0071888478408252965 883
1694624738024 -0.007188795722558927 884
1694624738079 -0.0071887435154527335 885
1694624738135 -0.007188691219488508 886
1694624738183 -0.0071886388346489305 887
1694624738226 -0.0071885863609182366 888
1694624738293 -0.0071885337982793285 889
1694624738369 -0.007188481146714221 890
1694624738424 -0.00718842840620737 891
1694624738475 -0.007188375576740125 892
1694624738525 -0.007188322658297386 893
1694624738576 -0.007188269650861168 894
1694624738627 -0.007188216554415039 895
1694624738679 -0.007188163368941458 896
1694624738736 -0.00718811009442466 897
1694624738793 -0.007188056730845105 898
1694624738844 -0.007188003278188582 899
1694624738889 -0.007187949736437327 900
1694624738937 -0.007187896105573799 901
1694624738987 -0.0071878423855815665 902
1694624739036 -0.007187788576443532 903
1694624739083 -0.007187734678142599 904
1694624739135 -0.007187680690663001 905
1694624739203 -0.007187626613985421 906
1694624739268 -0.007187572448095425 907
1694624739327 -0.007187518192973252 908
1694624739375 -0.0071874638486042475 909
1694624739428 -0.007187409414971313 910
1694624739481 -0.007187354892056463 911
1694624739550 -0.007187300279843933 912
1694624739611 -0.007187245578315071 913
1694624739661 -0.007187190787453668 914
1694624739703 -0.007187135907243958 915
1694624739746 -0.007187080937666845 916
1694624739788 -0.007187025878707232 917
1694624739844 -0.007186970730347131 918
1694624739900 -0.007186915492570112 919
1694624739967 -0.007186860165358633 920
1694624740032 -0.007186804748696041 921
1694624740091 -0.007186749242565682 922
1694624740145 -0.007186693646949349 923
1694624740246 -0.007186637961831499 924
1694624740310 -0.007186582187194368 925
1694624740378 -0.007186526323021081 926
1694624740427 -0.007186470369295206 927
1694624740478 -0.00718641432599898 928
1694624740524 -0.007186358193115749 929
1694624740592 -0.007186301970628417 930
1694624740653 -0.007186245658520329 931
1694624740709 -0.007186189256774167 932
1694624740757 -0.007186132765372832 933
1694624740800 -0.007186076184299894 934
1694624740845 -0.007186019513537811 935
1694624740903 -0.007185962753069708 936
1694624740990 -0.007185905902879153 937
1694624741042 -0.007185848962947272 938
1694624741107 -0.007185791933259411 939
1694624741163 -0.00718573481379714 940
1694624741224 -0.007185677604544249 941
1694624741277 -0.007185620305483198 942
1694624741322 -0.007185562916597332 943
1694624741378 -0.007185505437869333 944
1694624741421 -0.007185447869282324 945
1694624741470 -0.007185390210819431 946
1694624741515 -0.007185332462463334 947
1694624741552 -0.00718527462419738 948
1694624741599 -0.007185216696004915 949
1694624741647 -0.007185158677867287 950
1694624741748 -0.007185100569768954 951
1694624741851 -0.00718504237169304 952
1694624741965 -0.0071849840836217815 953
1694624742024 -0.007184925705537637 954
1694624742066 -0.007184867237425063 955
1694624742113 -0.007184808679266297 956
1694624742167 -0.007184750031043796 957
1694624742219 -0.007184691292741574 958
1694624742270 -0.007184632464341867 959
1694624742328 -0.007184573545828021 960
1694624742390 -0.007184514537182718 961
1694624742459 -0.007184455438389303 962
1694624742524 -0.007184396249430902 963
1694624742601 -0.007184336970288863 964
1694624742650 -0.007184277600948086 965
1694624742708 -0.007184218141390586 966
1694624742755 -0.007184158591599932 967
1694624742808 -0.00718409895155836 968
1694624742855 -0.007184039221249439 969
1694624742906 -0.007183979400655627 970
1694624742965 -0.007183919489760715 971
1694624743039 -0.007183859488546718 972
1694624743117 -0.0071837993969967595 973
1694624743161 -0.007183739215093743 974
1694624743211 -0.007183678942821459 975
1694624743261 -0.007183618580162587 976
1694624743311 -0.007183558127098477 977
1694624743357 -0.007183497583614029 978
1694624743400 -0.007183436949692146 979
1694624743460 -0.007183376225313953 980
1694624743528 -0.007183315410464353 981
1694624743615 -0.007183254505124692 982
1694624743674 -0.007183193509280095 983
1694624743724 -0.0071831324229110205 984
1694624743774 -0.007183071246001704 985
1694624743860 -0.007183009978535049 986
1694624743920 -0.0071829486204944 987
1694624743969 -0.007182887171861774 988
1694624744009 -0.007182825632620293 989
1694624744053 -0.0071827640027521955 990
1694624744112 -0.007182702282242381 991
1694624744159 -0.007182640471073087 992
1694624744216 -0.00718257856922544 993
1694624744263 -0.007182516576685227 994
1694624744313 -0.007182454493432466 995
1694624744354 -0.007182392319452502 996
1694624744392 -0.007182330054727348 997
1694624744432 -0.00718226769923902 998
1694624744482 -0.007182205252971752 999
