1694627003764 -0.0010681334904159012 0
1694627003809 0.00016945791672784427 1
1694627003855 0.0011741365619190036 2
1694627003903 0.0021218094788053588 3
1694627003965 0.0033391860660781925 4
1694627004021 0.005668187829429683 5
1694627004067 0.006864087266757357 6
1694627004110 0.011004201268041025 7
1694627004158 0.014315788255917838 8
1694627004203 0.01464147661064763 9
1694627004255 0.019766420610165536 10
1694627004302 0.023957410604347085 11
1694627004344 0.03604769444366718 12
1694627004388 0.041157669005185915 13
1694627004436 0.03458730844773206 14
1694627004483 0.061215801167641026 15
1694627004540 0.06547393372877708 16
1694627004589 0.0788175125808731 17
1694627004646 0.08751576527693572 18
1694627004699 0.11926509191222379 19
1694627004764 0.14420093851982618 20
1694627004813 0.15015293623944936 21
1694627004868 0.17418266699124618 22
1694627004915 0.2022231722536213 23
1694627004974 0.22906712834873377 24
1694627005029 0.32878324213804 25
1694627005075 0.2494598079078285 26
1694627005122 0.3049873816969282 27
1694627005174 0.39619422558166073 28
1694627005215 0.3738184548517245 29
1694627005261 0.4351306964789736 30
1694627005312 0.46544984758485575 31
1694627005369 0.4575086948161857 32
1694627005417 0.5590983048904477 33
1694627005465 0.5050703096258948 34
1694627005513 0.4637988029604381 35
1694627005567 0.5348015526396483 36
1694627005613 0.6109881524902006 37
1694627005669 0.6323880833366445 38
1694627005712 0.6033834861564316 39
1694627005762 0.6761384082594151 40
1694627005801 0.6362170009533344 41
1694627005839 0.6472581039482803 42
1694627005884 0.6311528394355195 43
1694627005926 0.6541447621302932 44
1694627005966 0.6823731790298875 45
1694627006006 0.6405685436781339 46
1694627006051 0.619181992276148 47
1694627006090 0.6691932471120479 48
1694627006134 0.6234019788651937 49
1694627006179 0.688085906469607 50
1694627006230 0.653254130016806 51
1694627006285 0.6649715583459799 52
1694627006327 0.6636933139907826 53
1694627006364 0.6017658408862228 54
1694627006400 0.6984240040889778 55
1694627006435 0.6189512623731273 56
1694627006470 0.6969535472281532 57
1694627006508 0.6803360399397529 58
1694627006561 0.7092188467222004 59
1694627006616 0.6484148894611208 60
1694627006677 0.7532206653881505 61
1694627006720 0.6307409014139693 62
1694627006762 0.6684019498400595 63
1694627006803 0.7294856067548157 64
1694627006845 0.6866415889640279 65
1694627006882 0.693790357964496 66
1694627006920 0.6646122909466754 67
1694627006961 0.6770277045305038 68
1694627007003 0.7105330270424599 69
1694627007057 0.6341124581363683 70
1694627007105 0.7626527922397786 71
1694627007157 0.7240097611326757 72
1694627007201 0.6585312388138979 73
1694627007241 0.7155508596802901 74
1694627007280 0.7029370280003024 75
1694627007324 0.7524802129418373 76
