1694633194355 0.0 0
1694633194589 0.0 1
1694633194805 0.0 2
1694633194990 0.0 3
1694633195208 0.0 4
1694633195411 0.0 5
1694633195604 0.0 6
1694633195791 0.0 7
1694633196005 0.0 8
1694633196204 0.0 9
1694633196416 0.0 10
1694633196618 0.0 11
1694633196828 0.0 12
1694633197032 0.0 13
1694633197223 0.0 14
1694633197438 0.0 15
1694633197646 0.0 16
1694633197845 0.0 17
1694633198060 0.0 18
1694633198256 0.0 19
1694633198467 0.0 20
1694633198684 0.0 21
1694633198898 0.0 22
1694633199102 0.0 23
1694633199332 0.0 24
1694633199555 0.0 25
1694633199782 0.0 26
1694633199983 0.0 27
1694633200211 0.0 28
1694633200423 0.0 29
1694633200630 0.0 30
1694633200837 0.0 31
1694633201047 0.0 32
1694633201265 0.0 33
1694633201477 0.0 34
1694633201686 0.0 35
1694633201882 0.0 36
1694633202098 0.0 37
1694633202298 0.0 38
1694633202507 0.0 39
1694633202709 0.0 40
1694633202915 0.0 41
1694633203129 0.0 42
1694633203334 0.0 43
1694633203532 0.0 44
1694633203735 0.0 45
1694633203952 0.0 46
1694633204166 0.0 47
1694633204379 0.0 48
1694633204575 0.0 49
1694633204784 0.0 50
1694633205001 0.0 51
1694633205207 0.0 52
1694633205424 0.0 53
1694633205647 0.0 54
1694633205834 0.0 55
1694633206012 0.0 56
1694633206197 0.0 57
1694633206383 0.0 58
1694633206571 0.0 59
1694633206767 0.0 60
1694633206974 0.0 61
1694633207174 0.0 62
1694633207370 0.0 63
1694633207566 0.0 64
1694633207769 0.0 65
1694633207952 0.0 66
1694633208140 0.0 67
1694633208329 0.0 68
1694633208531 0.0 69
1694633208723 0.0 70
1694633208919 0.0 71
1694633209130 0.0 72
1694633209335 0.0 73
1694633209551 0.0 74
1694633209751 0.0 75
1694633209943 0.0 76
1694633210139 0.0 77
1694633210343 0.0 78
1694633210552 0.0 79
1694633210755 0.0 80
1694633210978 0.0 81
1694633211196 0.0 82
1694633211397 0.0 83
1694633211607 0.0 84
1694633211816 0.0 85
1694633212007 0.0 86
1694633212214 0.0 87
1694633212419 0.0 88
1694633212631 0.0 89
1694633212841 0.0 90
1694633213055 0.0 91
1694633213264 0.0 92
1694633213474 0.0 93
1694633213716 0.0 94
1694633213928 0.0 95
1694633214144 0.0 96
1694633214369 0.0 97
1694633214592 0.0 98
1694633214824 0.0 99
1694633215027 0.0 100
1694633215249 0.0 101
1694633215437 0.0 102
1694633215649 0.0 103
1694633215856 0.0 104
1694633216078 0.0 105
1694633216351 0.0 106
1694633216555 0.0 107
1694633216784 0.0 108
1694633217000 0.0 109
1694633217221 0.0 110
1694633217443 0.0 111
1694633217631 0.0 112
1694633217842 0.0 113
1694633218025 0.0 114
1694633218225 0.0 115
1694633218414 0.0 116
1694633218625 0.0 117
1694633218817 0.0 118
1694633219021 0.0 119
1694633219223 0.0 120
1694633219441 0.0 121
1694633219651 0.0 122
1694633219852 0.0 123
1694633220085 0.0 124
1694633220305 0.0 125
1694633220545 0.0 126
1694633220767 0.0 127
1694633220994 0.0 128
1694633221205 0.0 129
1694633221418 0.0 130
1694633221641 0.0 131
1694633221852 0.0 132
1694633222063 0.0 133
1694633222279 0.0 134
1694633222497 0.0 135
1694633222710 0.0 136
1694633222954 0.0 137
1694633223162 0.0 138
1694633223368 0.0 139
1694633223582 0.0 140
1694633223795 0.0 141
1694633224008 0.0 142
1694633224246 0.0 143
1694633224457 0.0 144
1694633224682 0.0 145
1694633224889 0.0 146
1694633225089 0.0 147
1694633225297 0.0 148
1694633225509 0.0 149
1694633225742 0.0 150
1694633225933 0.0 151
1694633226137 0.0 152
1694633226343 0.0 153
1694633226537 0.0 154
1694633226772 0.0 155
1694633226974 0.0 156
1694633227193 0.0 157
1694633227400 0.0 158
1694633227612 0.0 159
1694633227820 0.0 160
1694633228041 0.0 161
1694633228234 0.0 162
1694633228450 0.0 163
1694633228650 0.0 164
1694633228857 0.0 165
1694633229078 0.0 166
1694633229306 0.0 167
1694633229496 0.0 168
1694633229683 0.0 169
1694633229901 0.0 170
1694633230099 0.0 171
1694633230310 0.0 172
1694633230540 0.0 173
1694633230759 0.0 174
1694633230961 0.0 175
1694633231178 0.0 176
1694633231401 0.0 177
1694633231599 0.0 178
1694633231830 0.0 179
1694633232018 0.0 180
1694633232235 0.0 181
1694633232451 0.0 182
1694633232649 0.0 183
1694633232835 0.0 184
1694633233062 0.0 185
1694633233286 0.0 186
1694633233494 0.0 187
1694633233713 0.0 188
1694633233935 0.0 189
1694633234168 0.0 190
1694633234384 0.0 191
1694633234571 0.0 192
1694633234757 0.0 193
1694633234959 0.0 194
1694633235187 0.0 195
1694633235393 0.0 196
1694633235606 0.0 197
1694633235828 0.0 198
1694633236080 0.0 199
1694633236285 0.0 200
1694633236483 0.0 201
1694633236688 0.0 202
1694633236891 0.0 203
1694633237093 0.0 204
1694633237293 0.0 205
1694633237485 0.0 206
1694633237679 0.0 207
1694633237860 0.0 208
1694633238053 0.0 209
1694633238285 0.0 210
1694633238524 0.0 211
1694633238714 0.0 212
1694633238907 0.0 213
1694633239111 0.0 214
1694633239309 0.0 215
1694633239510 0.0 216
1694633239694 0.0 217
1694633239885 0.0 218
1694633240069 0.0 219
1694633240280 0.0 220
1694633240467 0.0 221
1694633240676 0.0 222
1694633240875 0.0 223
1694633241059 0.0 224
1694633241265 0.0 225
1694633241452 0.0 226
1694633241650 0.0 227
1694633241863 0.0 228
1694633242043 0.0 229
1694633242248 0.0 230
1694633242445 0.0 231
1694633242657 0.0 232
1694633242864 0.0 233
1694633243064 0.0 234
1694633243293 0.0 235
1694633243518 0.0 236
1694633243755 0.0 237
1694633243980 0.0 238
1694633244202 0.0 239
1694633244413 0.0 240
1694633244621 0.0 241
1694633244806 0.0 242
1694633244993 0.0 243
1694633245179 0.0 244
1694633245368 0.0 245
1694633245565 0.0 246
1694633245752 0.0 247
1694633245946 0.0 248
1694633246154 0.0 249
1694633246377 0.0 250
1694633246578 0.0 251
1694633246767 0.0 252
1694633246982 0.0 253
1694633247185 0.0 254
1694633247388 0.0 255
1694633247598 0.0 256
1694633247817 0.0 257
1694633248016 0.0 258
1694633248246 0.0 259
1694633248470 0.0 260
1694633248697 0.0 261
1694633248915 0.0 262
1694633249106 0.0 263
1694633249332 0.0 264
1694633249522 0.0 265
1694633249731 0.0 266
1694633249930 0.0 267
1694633250158 0.0 268
1694633250377 0.0 269
1694633250618 0.0 270
1694633250828 0.0 271
1694633251008 0.0 272
1694633251219 0.0 273
1694633251411 0.0 274
1694633251621 0.0 275
1694633251835 0.0 276
1694633252031 0.0 277
1694633252238 0.0 278
1694633252445 0.0 279
1694633252651 0.0 280
1694633252856 0.0 281
1694633253083 0.0 282
1694633253320 0.0 283
1694633253545 0.0 284
1694633253754 0.0 285
1694633253962 0.0 286
1694633254176 0.0 287
1694633254376 0.0 288
1694633254589 0.0 289
1694633254800 0.0 290
1694633255002 0.0 291
1694633255193 0.0 292
1694633255403 0.0 293
1694633255593 0.0 294
1694633255783 0.0 295
1694633255969 0.0 296
1694633256165 0.0 297
1694633256360 0.0 298
1694633256576 0.0 299
1694633256803 0.0 300
1694633257013 0.0 301
1694633257214 0.0 302
1694633257435 0.0 303
1694633257647 0.0 304
1694633257854 0.0 305
1694633258072 0.0 306
1694633258258 0.0 307
1694633258453 0.0 308
1694633258645 0.0 309
1694633258861 0.0 310
1694633259071 0.0 311
1694633259286 0.0 312
1694633259515 0.0 313
1694633259730 0.0 314
1694633259939 0.0 315
1694633260133 0.0 316
1694633260336 0.0 317
1694633260539 0.0 318
1694633260737 0.0 319
1694633260940 0.0 320
1694633261125 0.0 321
1694633261328 0.0 322
1694633261527 0.0 323
1694633261729 0.0 324
1694633261938 0.0 325
1694633262149 0.0 326
1694633262348 0.0 327
1694633262567 0.0 328
1694633262785 0.0 329
1694633262996 0.0 330
1694633263215 0.0 331
1694633263437 0.0 332
1694633263645 0.0 333
1694633263892 0.0 334
1694633264098 0.0 335
1694633264292 0.0 336
1694633264492 0.0 337
1694633264698 0.0 338
1694633264918 0.0 339
1694633265125 0.0 340
1694633265336 0.0 341
1694633265542 0.0 342
1694633265763 0.0 343
1694633265982 0.0 344
1694633266195 0.0 345
1694633266401 0.0 346
1694633266610 0.0 347
1694633266821 0.0 348
1694633267026 0.0 349
1694633267229 0.0 350
1694633267448 0.0 351
1694633267668 0.0 352
1694633267880 0.0 353
1694633268069 0.0 354
1694633268275 0.0 355
1694633268496 0.0 356
1694633268719 0.0 357
1694633268921 0.0 358
1694633269132 0.0 359
1694633269352 0.0 360
1694633269552 0.0 361
1694633269747 0.0 362
1694633269947 0.0 363
1694633270139 0.0 364
1694633270330 0.0 365
1694633270519 0.0 366
1694633270712 0.0 367
1694633270910 0.0 368
1694633271097 0.0 369
1694633271302 0.0 370
1694633271516 0.0 371
1694633271731 0.0 372
1694633271937 0.0 373
1694633272146 0.0 374
1694633272349 0.0 375
1694633272560 0.0 376
1694633272771 0.0 377
1694633272970 0.0 378
1694633273196 0.0 379
1694633273410 0.0 380
1694633273609 0.0 381
1694633273826 0.0 382
1694633274035 0.0 383
1694633274274 0.0 384
1694633274466 0.0 385
1694633274668 0.0 386
1694633274879 0.0 387
1694633275090 0.0 388
1694633275296 0.0 389
1694633275503 0.0 390
1694633275716 0.0 391
1694633275925 0.0 392
1694633276136 0.0 393
1694633276333 0.0 394
1694633276524 0.0 395
1694633276708 0.0 396
1694633276907 0.0 397
1694633277088 0.0 398
1694633277276 0.0 399
1694633277458 0.0 400
1694633277645 0.0 401
1694633277831 0.0 402
1694633278012 0.0 403
1694633278199 0.0 404
1694633278400 0.0 405
1694633278598 0.0 406
1694633278823 0.0 407
1694633279047 0.0 408
1694633279269 0.0 409
1694633279497 0.0 410
1694633279734 0.0 411
1694633279917 0.0 412
1694633280114 0.0 413
1694633280327 0.0 414
1694633280518 0.0 415
1694633280712 0.0 416
1694633280941 0.0 417
1694633281149 0.0 418
1694633281346 0.0 419
1694633281565 0.0 420
1694633281773 0.0 421
1694633281983 0.0 422
1694633282205 0.0 423
1694633282428 0.0 424
1694633282643 0.0 425
1694633282856 0.0 426
1694633283072 0.0 427
1694633283288 0.0 428
1694633283484 0.0 429
1694633283676 0.0 430
1694633283875 0.0 431
1694633284074 0.0 432
1694633284273 0.0 433
1694633284495 0.0 434
1694633284715 0.0 435
1694633284951 0.0 436
1694633285174 0.0 437
1694633285390 0.0 438
1694633285603 0.0 439
1694633285810 0.0 440
1694633286021 0.0 441
1694633286226 0.0 442
1694633286444 0.0 443
1694633286664 0.0 444
1694633286869 0.0 445
1694633287064 0.0 446
1694633287266 0.0 447
1694633287468 0.0 448
1694633287679 0.0 449
1694633287903 0.0 450
1694633288092 0.0 451
1694633288297 0.0 452
1694633288485 0.0 453
1694633288666 0.0 454
1694633288849 0.0 455
1694633289024 0.0 456
1694633289206 0.0 457
1694633289393 0.0 458
1694633289569 0.0 459
1694633289760 0.0 460
1694633289946 0.0 461
1694633290149 0.0 462
1694633290343 0.0 463
1694633290530 0.0 464
1694633290722 0.0 465
1694633290915 0.0 466
1694633291125 0.0 467
1694633291315 0.0 468
1694633291506 0.0 469
1694633291696 0.0 470
1694633291892 0.0 471
1694633292085 0.0 472
1694633292287 0.0 473
1694633292479 0.0 474
1694633292670 0.0 475
1694633292863 0.0 476
1694633293063 0.0 477
1694633293265 0.0 478
1694633293469 0.0 479
1694633293651 0.0 480
1694633293833 0.0 481
1694633294031 0.0 482
1694633294217 0.0 483
1694633294405 0.0 484
1694633294594 0.0 485
1694633294790 0.0 486
1694633294974 0.0 487
1694633295160 0.0 488
1694633295339 0.0 489
1694633295535 0.0 490
1694633295739 0.0 491
1694633295966 0.0 492
1694633296153 0.0 493
1694633296341 0.0 494
1694633296534 0.0 495
1694633296714 0.0 496
1694633296910 0.0 497
1694633297096 0.0 498
1694633297318 0.0 499
1694633297535 0.0 500
1694633297790 0.0 501
1694633298023 0.0 502
1694633298276 0.0 503
1694633298462 0.0 504
1694633298700 0.0 505
1694633298926 0.0 506
1694633299120 0.0 507
1694633299311 0.0 508
1694633299530 0.0 509
1694633299716 0.0 510
1694633299900 0.0 511
1694633300096 0.0 512
1694633300297 0.0 513
1694633300547 0.0 514
1694633300780 0.0 515
1694633300998 0.0 516
1694633301217 0.0 517
1694633301415 0.0 518
1694633301661 0.0 519
1694633301886 0.0 520
1694633302102 0.0 521
1694633302295 0.0 522
1694633302495 0.0 523
1694633302680 0.0 524
1694633302872 0.0 525
1694633303060 0.0 526
1694633303249 0.0 527
1694633303430 0.0 528
1694633303621 0.0 529
1694633303812 0.0 530
1694633304035 0.0 531
1694633304247 0.0 532
1694633304467 0.0 533
1694633304671 0.0 534
1694633304892 0.0 535
1694633305100 0.0 536
1694633305297 0.0 537
1694633305522 0.0 538
1694633305747 0.0 539
1694633305972 0.0 540
1694633306195 0.0 541
1694633306431 0.0 542
1694633306629 0.0 543
1694633306821 0.0 544
1694633307006 0.0 545
1694633307200 0.0 546
1694633307389 0.0 547
1694633307593 0.0 548
1694633307790 0.0 549
1694633307969 0.0 550
1694633308152 0.0 551
1694633308334 0.0 552
1694633308532 0.0 553
1694633308716 0.0 554
1694633308894 0.0 555
1694633309086 0.0 556
1694633309279 0.0 557
1694633309487 0.0 558
1694633309699 0.0 559
1694633309923 0.0 560
1694633310114 0.0 561
1694633310306 0.0 562
1694633310496 0.0 563
1694633310682 0.0 564
1694633310867 0.0 565
1694633311048 0.0 566
1694633311263 0.0 567
1694633311446 0.0 568
1694633311630 0.0 569
1694633311820 0.0 570
1694633312027 0.0 571
1694633312213 0.0 572
1694633312399 0.0 573
1694633312579 0.0 574
1694633312774 0.0 575
1694633312994 0.0 576
1694633313206 0.0 577
1694633313416 0.0 578
1694633313603 0.0 579
1694633313794 0.0 580
1694633313996 0.0 581
1694633314185 0.0 582
1694633314373 0.0 583
1694633314554 0.0 584
1694633314748 0.0 585
1694633314930 0.0 586
1694633315126 0.0 587
1694633315312 0.0 588
1694633315515 0.0 589
1694633315705 0.0 590
1694633315899 0.0 591
1694633316089 0.0 592
