1694633194348 1.29314852871453 0
1694633194581 0.9663683841220972 1
1694633194798 0.472082940177793 2
1694633194981 0.6453959149695978 3
1694633195199 0.4305789324936216 4
1694633195401 0.5410753146478875 5
1694633195597 0.5453042996841786 6
1694633195783 1.035631499305944 7
1694633195997 1.3236010491489794 8
1694633196196 0.6962173034302654 9
1694633196406 0.8160623694888609 10
1694633196586 0.5143912604498664 11
1694633196817 0.4584939847452648 12
1694633197024 0.6469234456260219 13
1694633197214 0.18902559953654938 14
1694633197430 0.3634378236745731 15
1694633197638 0.3209741537461753 16
1694633197836 0.7505776300665171 17
1694633198052 0.29947251283084325 18
1694633198248 0.0817393644428515 19
1694633198459 0.7567636656469233 20
1694633198676 0.7546311038201435 21
1694633198890 0.41679098017192007 22
1694633199094 0.5556582082775785 23
1694633199324 0.01573852541814351 24
1694633199546 0.25814083916035785 25
1694633199775 1.0361611835840843 26
1694633199975 1.0053420488223894 27
1694633200201 0.06888434886061678 28
1694633200417 2.0697535638480358 29
1694633200622 0.2624551333922184 30
1694633200831 0.5741272822527087 31
1694633201039 0.04254966628419352 32
1694633201257 0.6642332149494493 33
1694633201469 0.49747431963807437 34
1694633201679 0.5369373046167112 35
1694633201876 0.5100509843159075 36
1694633202090 0.6159072312086351 37
1694633202290 0.20119532466893758 38
1694633202496 0.09277423857344615 39
1694633202701 0.4355677547930774 40
1694633202906 0.2592713044116959 41
1694633203120 0.4102686696230397 42
1694633203326 1.782851862108826 43
1694633203524 0.23491355701950659 44
1694633203727 1.07888510574063 45
1694633203944 0.15391974268440567 46
1694633204160 0.06318395510708573 47
1694633204371 0.15277655260978254 48
1694633204567 0.011198896711356519 49
1694633204776 1.1265722464073928 50
1694633204994 1.7386157300074063 51
1694633205199 0.7089912885378061 52
1694633205399 0.17010881015873114 53
1694633205640 0.5174004617236406 54
1694633205827 0.4841393101315882 55
1694633206005 0.2954590792554556 56
1694633206188 0.05782792269664037 57
1694633206377 0.24656882777301603 58
1694633206564 0.06053642376251298 59
1694633206751 0.06370899787668702 60
1694633206966 1.0556808851394621 61
1694633207165 0.3634413624755778 62
1694633207363 0.46210794967095176 63
1694633207558 2.07552010673034 64
1694633207762 0.7832290076026271 65
1694633207947 0.6687731461213609 66
1694633208132 0.7597885668568377 67
1694633208322 0.5406860249605885 68
1694633208525 1.2251949956880708 69
1694633208716 1.0475399685244362 70
1694633208913 0.3387592761464703 71
1694633209121 0.3774442153626076 72
1694633209327 0.3385212635312075 73
1694633209544 0.11375720853972149 74
1694633209744 0.2673164367297557 75
1694633209937 3.1865018143724826 76
1694633210132 0.5725513944283885 77
1694633210334 0.48437572702225856 78
1694633210545 0.5608804411914087 79
1694633210730 0.13424777690995351 80
1694633210968 0.40262292523397486 81
1694633211187 0.9993113197652651 82
1694633211390 0.3293357894905813 83
1694633211600 0.2241878000415966 84
1694633211808 0.5794660034657567 85
1694633211999 0.17013569087255484 86
1694633212207 0.07100029272851437 87
1694633212412 0.42103881417348177 88
1694633212623 1.4543715786242724 89
1694633212832 0.23127754697463518 90
1694633213047 0.4351703157174667 91
1694633213258 0.4163599857480051 92
1694633213466 0.39336732172070865 93
1694633213709 0.03995980581519026 94
1694633213920 1.1577289837247096 95
1694633214136 0.7353078125411912 96
1694633214362 0.9261215384924384 97
1694633214582 0.4708847176661641 98
1694633214815 0.27907828739994023 99
1694633215019 0.2439406544770119 100
1694633215241 0.22204657542517947 101
1694633215430 0.20613297947244308 102
1694633215641 0.7920696093385938 103
1694633215849 0.11026985048325731 104
1694633216069 0.3599064872144353 105
1694633216343 0.3106754921976678 106
1694633216547 0.0014266559536578662 107
1694633216777 0.40978893562250174 108
1694633216953 0.628927909046128 109
1694633217213 1.0492312878448882 110
1694633217434 0.361489491806623 111
1694633217624 0.246170865030451 112
1694633217834 1.1600597502516732 113
1694633218017 0.0014205488058683883 114
1694633218218 0.05404508579904022 115
1694633218407 0.19822014042278036 116
1694633218617 0.4761395176748213 117
1694633218811 0.522623905773018 118
1694633219013 0.5262742065461269 119
1694633219215 0.9183198197323372 120
1694633219433 0.008933132719500003 121
1694633219643 0.7887019569830774 122
1694633219844 1.0464768484063693 123
1694633220078 0.2859017964283434 124
1694633220297 0.5553080065679286 125
1694633220536 0.528669016885632 126
1694633220759 0.6308476921957938 127
1694633220985 0.02226593601645219 128
1694633221197 1.3514347687266166 129
1694633221411 0.569072381534607 130
1694633221633 0.006412002323587185 131
1694633221843 0.6012700056033785 132
1694633222056 0.9490929083773061 133
1694633222270 0.20175616632846188 134
1694633222488 0.8830022574611802 135
1694633222702 0.4925317234923507 136
1694633222947 0.5474822633442092 137
1694633223153 0.7975453643857259 138
1694633223361 0.8085858130318262 139
1694633223570 0.14649335055259666 140
1694633223788 1.0514381819332839 141
1694633223998 0.24227587444854937 142
1694633224236 0.05583329921283297 143
1694633224450 0.04865851440111487 144
1694633224674 0.032412487043859205 145
1694633224881 0.2633268358710404 146
1694633225081 0.4957132688628562 147
1694633225289 0.07568723309298116 148
1694633225500 0.06279523522586329 149
1694633225734 0.7017186991050416 150
1694633225927 0.0015759303749738978 151
1694633226130 0.03971307112398855 152
1694633226335 0.5183606604447036 153
1694633226527 0.44655796023748745 154
1694633226765 0.4243194044753614 155
1694633226968 0.2631648920266553 156
1694633227184 1.1762183402091342 157
1694633227393 0.22699793338488836 158
1694633227603 1.4065271444983884 159
1694633227813 2.1996053494011654 160
1694633228033 0.01651105907914333 161
1694633228214 0.21963396849072647 162
1694633228443 0.766042930401605 163
1694633228642 1.1021114327373176 164
1694633228849 1.0365018861046664 165
1694633229069 0.18417719910877609 166
1694633229299 0.5334792735271895 167
1694633229489 0.19186759953213853 168
1694633229676 0.030934288345130612 169
1694633229894 0.0012492207209697445 170
1694633230092 0.2854859822497524 171
1694633230302 0.14013866553928758 172
1694633230532 1.2792631932715879 173
1694633230751 0.7159396873174317 174
1694633230952 0.277569884474645 175
1694633231168 0.0075655272939899034 176
1694633231394 0.04954139044306513 177
1694633231591 2.2186891731064313 178
1694633231823 0.5597333753515247 179
1694633232010 0.1552951133842363 180
1694633232226 0.5207668704282142 181
1694633232443 0.2854787080906177 182
1694633232641 0.2418293455288316 183
1694633232829 0.2325195704516683 184
1694633233053 0.5117314183503641 185
1694633233278 2.062708542805396 186
1694633233484 0.011780564363839712 187
1694633233706 0.865408886565365 188
1694633233928 0.12849930722240405 189
1694633234159 2.0314344358678524 190
1694633234375 0.27198901444717577 191
1694633234564 0.49567797165540106 192
1694633234750 0.6513534055889842 193
1694633234949 0.26030231050326685 194
1694633235179 0.9417633081018408 195
1694633235384 0.21305326784327655 196
1694633235598 0.84147025663048 197
1694633235820 0.758901881992686 198
1694633236070 1.1178009247160492 199
1694633236278 0.24576386065490985 200
1694633236474 0.5166701614772464 201
1694633236682 0.3177656849838893 202
1694633236883 0.9869977360719655 203
1694633237086 0.7326522912467346 204
1694633237285 0.8187789758214595 205
1694633237479 0.052927083706220984 206
1694633237671 0.19375764732267076 207
1694633237853 0.6869177987553442 208
1694633238021 0.7571061823733537 209
1694633238276 0.29763360234101166 210
1694633238510 0.4215971607655523 211
1694633238707 0.21864559936807712 212
1694633238899 0.14480646163412736 213
1694633239102 0.20581917512394574 214
1694633239302 0.25618548646675443 215
1694633239501 0.13609492286817146 216
1694633239686 0.36570932599445455 217
1694633239878 0.1007076915976703 218
1694633240061 0.3953453052274093 219
1694633240272 0.4004729408750122 220
1694633240458 1.7408592147952104 221
1694633240668 1.2673782681625967 222
1694633240867 0.06720470700256122 223
1694633241053 0.6006106682881742 224
1694633241257 0.5007006441853573 225
1694633241445 0.23193249186019305 226
1694633241642 0.29779236622635574 227
1694633241855 0.36220512476557565 228
1694633242035 0.11773100526148118 229
1694633242241 0.3887699291930982 230
1694633242436 0.33303608170333504 231
1694633242648 0.2571510619972038 232
1694633242856 0.10687982068739021 233
1694633243036 0.30848688137484953 234
1694633243284 0.7534203639844321 235
1694633243510 0.08175005562804112 236
1694633243748 0.24126550685278245 237
1694633243970 1.1516902162736062 238
1694633244194 0.4179259145168265 239
1694633244403 0.46821255922363203 240
1694633244613 0.4950222594574018 241
1694633244799 0.41022985444934174 242
1694633244985 0.5774607248094333 243
1694633245172 0.38685056910232896 244
1694633245361 0.41168756759669795 245
1694633245557 1.2166606045382378 246
1694633245746 0.22941339391630222 247
1694633245938 1.2698978047707112 248
1694633246147 0.09562928366846717 249
1694633246368 1.0070544729639876 250
1694633246570 0.26312957946657467 251
1694633246759 0.35052626233416095 252
1694633246975 0.7871198312455987 253
1694633247176 1.37010837504103 254
1694633247381 0.45540679518925153 255
1694633247590 0.5445199873530776 256
1694633247810 0.5898925379420011 257
1694633248007 0.8035774881301074 258
1694633248237 0.1861770459888218 259
1694633248462 0.32896265497586547 260
1694633248689 0.6871380073587083 261
1694633248906 0.2863792684119582 262
1694633249097 0.4859846511814504 263
1694633249325 0.7771653865717675 264
1694633249515 1.0487067950900963 265
1694633249723 0.7543120668096344 266
1694633249923 1.0724511929505918 267
1694633250148 0.2221648418152614 268
1694633250368 0.0016918690663782 269
1694633250609 0.8794729173063398 270
1694633250820 1.1268134863885073 271
1694633251001 0.45161352742050376 272
1694633251212 0.5563907493707146 273
1694633251404 0.28908159058074157 274
1694633251613 1.069300436049834 275
1694633251830 0.31490795477125577 276
1694633252022 0.6159678361770553 277
1694633252231 1.2319938658007035 278
1694633252433 0.8113394636661209 279
1694633252645 0.5411946361453933 280
1694633252770 0.42150710345772757 281
1694633253075 0.7029140861745165 282
1694633253313 0.8954119611853396 283
1694633253537 0.3547143501699727 284
1694633253747 1.0149677991314265 285
1694633253954 0.6173931349907094 286
1694633254167 0.34397810287005554 287
1694633254368 0.14526791097323777 288
1694633254581 0.1596906444706462 289
1694633254794 0.9382176825672605 290
1694633254995 0.3308452564112922 291
1694633255185 0.0014252801397597837 292
1694633255395 0.9738025015728666 293
1694633255570 0.43737992586419655 294
1694633255777 0.306888144013183 295
1694633255963 1.1046066514100106 296
1694633256158 1.6868435595671447 297
1694633256354 0.6633620980237166 298
1694633256568 0.7468753062426998 299
1694633256795 0.5063829586173456 300
1694633257002 0.8259927451793535 301
1694633257207 0.4044543424955412 302
1694633257427 0.5216714334099335 303
1694633257638 0.14885419649037956 304
1694633257847 0.30986382308377214 305
1694633258063 0.5985186510336099 306
1694633258250 0.5352659172897695 307
1694633258447 0.9563967156942442 308
1694633258637 0.5824186592363284 309
1694633258854 0.1755941997252007 310
1694633259064 1.2329429791503121 311
1694633259279 0.7236840053667203 312
1694633259506 0.16092626381978428 313
1694633259722 0.11197514494980043 314
1694633259932 0.5739711564268829 315
1694633260124 0.6020687966065307 316
1694633260329 1.0685753895431183 317
1694633260531 0.5573297623624116 318
1694633260729 0.01369274892596322 319
1694633260932 0.15008394968460786 320
1694633261117 0.9443080473115711 321
1694633261321 0.016714064829827662 322
1694633261518 0.6671244015210114 323
1694633261721 0.2545899336533022 324
1694633261932 0.009291866479116452 325
1694633262142 2.0871867797175243 326
1694633262339 0.19045372244853775 327
1694633262561 0.8691704739485084 328
1694633262777 0.4703448030103819 329
1694633262988 0.740481670181068 330
1694633263208 0.4998827959494416 331
1694633263429 0.9828046044327547 332
1694633263637 0.5508134101928879 333
1694633263884 0.2882750970498786 334
1694633264091 0.1145673060561488 335
1694633264283 0.08392648803290455 336
1694633264485 0.5808329729436963 337
1694633264690 1.0040572678840634 338
1694633264909 1.0101705112103572 339
1694633265118 0.9068803032925996 340
1694633265329 0.22802055982024583 341
1694633265533 0.8244049540289672 342
1694633265755 0.7870779328499206 343
1694633265973 0.907893631392281 344
1694633266188 1.4461160263006745 345
1694633266394 0.16038246170541542 346
1694633266601 0.3140260381457866 347
1694633266814 0.4003518668759407 348
1694633267018 0.3158762930570473 349
1694633267221 0.5035548532452179 350
1694633267435 1.635978906566451 351
1694633267660 0.6519101332295091 352
1694633267872 0.10771331009019791 353
1694633268060 0.8403355527921788 354
1694633268266 0.005449877994889047 355
1694633268487 2.7041137573816836 356
1694633268711 0.5832980900631587 357
1694633268914 0.002141193000099065 358
1694633269124 0.8388286812612645 359
1694633269346 0.23533574596242984 360
1694633269545 0.5244028571606888 361
1694633269740 0.4011078686489872 362
1694633269941 0.3006753525401439 363
1694633270130 0.22965261085110822 364
1694633270322 0.6444453880621338 365
1694633270512 1.0324253521610482 366
1694633270704 0.35052904106446303 367
1694633270902 1.1851502225326307 368
1694633271090 0.035282777470747005 369
1694633271295 0.04808849118285527 370
1694633271508 0.5976881497337638 371
1694633271723 0.32928386701430795 372
1694633271929 1.0362464567196574 373
1694633272138 0.7693796545750031 374
1694633272341 0.3020160740022347 375
1694633272553 0.04163391375846136 376
1694633272764 0.22442464336836596 377
1694633272963 0.7001916584906992 378
1694633273187 0.28684106910190715 379
1694633273401 0.3287371436889151 380
1694633273599 1.6517868096852517 381
1694633273819 0.6717708432503714 382
1694633274027 0.7118451454445166 383
1694633274266 0.488865293361274 384
1694633274459 0.1843801779379499 385
1694633274661 0.7981630016356173 386
1694633274871 0.21845054669639424 387
1694633275083 0.3168912382839132 388
1694633275289 0.1757003062357023 389
1694633275496 0.5942571481902185 390
1694633275707 0.5725533257789047 391
1694633275916 0.4875618251548859 392
1694633276127 0.3338720752591125 393
1694633276325 0.8114523076711221 394
1694633276516 0.2761490452305451 395
1694633276699 0.6084561542720298 396
1694633276900 0.07791694572221466 397
1694633277081 0.8347652165449732 398
1694633277269 0.4552850726078714 399
1694633277450 0.05992410762518141 400
1694633277638 1.3328528429984903 401
1694633277825 0.14333269892324135 402
1694633278004 0.6842890747258947 403
1694633278191 0.7016222724082976 404
1694633278391 0.9001597534809949 405
1694633278590 0.1561402868560343 406
1694633278815 0.05290535622086111 407
1694633279040 1.7088609319064965 408
1694633279261 0.2701919510052022 409
1694633279487 0.0010512027059021982 410
1694633279725 0.03043388978936413 411
1694633279910 0.44450941292891744 412
1694633280107 0.12631686562617153 413
1694633280319 0.7113144209647653 414
1694633280510 2.7650887276638234 415
1694633280702 0.503680203191645 416
1694633280932 0.4145938689803514 417
1694633281138 0.1711177916764149 418
1694633281338 0.39427030204978486 419
1694633281557 0.9467098885498932 420
1694633281766 0.29659446855318855 421
1694633281976 0.6729512113776455 422
1694633282197 0.012534342300740457 423
1694633282419 0.4255157469845665 424
1694633282635 0.4589708798688669 425
1694633282850 0.1800162377152202 426
1694633283065 0.08239063958080323 427
1694633283280 0.06494905178558306 428
1694633283476 1.02172130462308 429
1694633283669 1.139494198747952 430
1694633283869 0.08626408293989207 431
1694633284067 0.6979498488039447 432
1694633284264 0.4554576209726883 433
1694633284486 1.5991262283752006 434
1694633284708 0.40388268121389825 435
1694633284943 0.35922939664102926 436
1694633285166 0.12999936127934844 437
1694633285382 1.0236487160022834 438
1694633285596 0.3131783258967671 439
1694633285800 0.7472641865859204 440
1694633286013 0.26759986644107747 441
1694633286217 0.35286218909515815 442
1694633286436 0.8362856369838799 443
1694633286656 0.04693735992006569 444
1694633286862 0.6442053751721234 445
1694633287057 0.2818297758904118 446
1694633287258 0.4710553635589067 447
1694633287462 0.01525830950336768 448
1694633287671 0.5900914647921978 449
1694633287895 1.9033118137806284 450
1694633288085 0.8378854511623607 451
1694633288290 1.038398890009914 452
1694633288478 0.08078465129166472 453
1694633288660 0.2466647888661703 454
1694633288843 1.164509990832268 455
1694633289018 1.2318814068796453 456
1694633289199 4.2210792444679335 457
1694633289387 0.4690748176459706 458
1694633289562 1.0841096058410846 459
1694633289721 0.09807414807592595 460
1694633289935 0.6524940667547204 461
1694633290142 0.747525576432146 462
1694633290322 0.6058376836162603 463
1694633290523 0.4845902326631759 464
1694633290716 0.5825688660791066 465
1694633290908 0.8041662958076505 466
1694633291118 0.2653472103367877 467
1694633291308 0.21886825485506367 468
1694633291500 0.5498152093073776 469
1694633291689 2.7825327777957294 470
1694633291885 0.22273102612048 471
1694633292078 0.6146318324986951 472
1694633292280 0.1058514409656661 473
1694633292471 0.537802732860997 474
1694633292662 1.5182817805978652 475
1694633292856 0.7150889281586201 476
1694633293054 0.5081410191993863 477
1694633293258 0.0008034468221286196 478
1694633293462 0.5921642290253107 479
1694633293644 0.5082976841415434 480
1694633293826 0.4036810590585566 481
1694633294024 0.4125872397589505 482
1694633294211 0.14707975878266344 483
1694633294398 0.33089780684979353 484
1694633294586 0.46781778143154573 485
1694633294782 0.6345031256958962 486
1694633294967 0.4791137749213961 487
1694633295152 0.5743345220336361 488
1694633295333 0.0064094340301455305 489
1694633295528 0.35510832823130317 490
1694633295731 1.0381263052568308 491
1694633295959 2.805670556563609 492
1694633296146 0.5421875624171544 493
1694633296333 0.8688776097620565 494
1694633296526 0.9879391117904304 495
1694633296706 0.08486731185418447 496
1694633296902 0.654637979743667 497
1694633297088 0.08172749936488079 498
1694633297310 0.5700767058923046 499
1694633297527 2.6358863198776437 500
1694633297779 0.35409736316065615 501
1694633298015 0.8885001307433352 502
1694633298269 0.004927389474496665 503
1694633298453 0.43929474112701367 504
1694633298691 0.7404437188596188 505
1694633298919 0.1728784036530279 506
1694633299112 0.28092389247351973 507
1694633299304 1.4032247045360935 508
1694633299521 0.4733130243350351 509
1694633299710 0.5413981420446763 510
1694633299894 0.1776497168240114 511
1694633300089 1.0021760094762406 512
1694633300289 0.23462804831733342 513
1694633300538 0.7084215660012834 514
1694633300770 1.4842576905937617 515
1694633300992 0.0013827558707839391 516
1694633301211 0.3728601983854663 517
1694633301408 0.3448789614982924 518
1694633301653 0.638549481000255 519
1694633301877 0.14669067247494413 520
1694633302096 1.3162145905823401 521
1694633302287 0.7150501044855816 522
1694633302488 0.45151505780938916 523
1694633302671 0.3400028407217447 524
1694633302866 0.7479104295915959 525
1694633303053 0.7188193610552631 526
1694633303243 0.7711435406539305 527
1694633303423 0.3134358463665244 528
1694633303615 0.6033518365183533 529
1694633303805 0.8004529026182637 530
1694633304027 0.024339504510236806 531
1694633304239 0.000733706338640494 532
1694633304459 0.46882534268038056 533
1694633304664 0.41256972173035 534
1694633304883 0.07897610768764682 535
1694633305092 0.501627734671092 536
1694633305289 2.2673456839600634 537
1694633305514 0.5314688519250653 538
1694633305738 1.084507462386207 539
1694633305965 0.7695160374126185 540
1694633306188 1.1571689080888394 541
1694633306423 0.057509934499237574 542
1694633306621 2.3078391668362945 543
1694633306814 0.31268350196393224 544
1694633307000 0.14590613287083182 545
1694633307194 0.031091520272381403 546
1694633307382 0.02395313718186825 547
1694633307586 0.02896375400355256 548
1694633307782 0.1073726962525951 549
1694633307962 1.0501483028763459 550
1694633308145 0.16724793648720587 551
1694633308327 0.004786963073338697 552
1694633308525 0.33882703378285245 553
1694633308708 0.27742140421420863 554
1694633308887 0.4276314315830931 555
1694633309079 1.7779098101248396 556
1694633309271 0.16317415787208098 557
1694633309480 0.723192553045562 558
1694633309692 0.2947360638052504 559
1694633309916 0.3960776080510959 560
1694633310106 0.5773263722409049 561
1694633310288 1.1498003768279643 562
1694633310488 0.21838922131063918 563
1694633310674 0.32413223798233887 564
1694633310859 0.35217998825417196 565
1694633311041 0.10921279973090021 566
1694633311254 0.5417656732824712 567
1694633311439 0.7137091000513303 568
1694633311622 1.279277374309377 569
1694633311804 0.7114927756130992 570
1694633312018 0.8004531176489098 571
1694633312205 0.8648773551824933 572
1694633312392 0.8591590019778242 573
1694633312573 0.9700943149164496 574
1694633312767 1.2968139836162225 575
1694633312987 0.6613242704155802 576
1694633313199 0.17139595456652484 577
1694633313409 0.7273742228189497 578
1694633313596 0.35210755248200765 579
1694633313787 0.8387218562002877 580
1694633313990 0.3675638807222548 581
1694633314179 2.560697070595466 582
1694633314365 1.0249835775606242 583
1694633314548 0.9088508837121357 584
1694633314741 0.19362542103327665 585
1694633314923 2.9572250177471355 586
1694633315118 0.10003630106860024 587
1694633315305 0.461066643441071 588
1694633315507 0.43210514828967556 589
1694633315698 0.5226208487203087 590
1694633315891 1.4404879878822763 591
1694633316082 0.12221941228363077 592
