1694627556930 165.33161642649804 0
1694627556968 161.44831020628357 1
1694627557014 162.05180362389945 2
1694627557057 157.96244724657984 3
1694627557100 158.91848094524724 4
1694627557140 158.9473431423957 5
1694627557178 164.08354496232823 6
1694627557216 160.27528668636083 7
1694627557259 159.62476885815454 8
1694627557297 157.80915472653965 9
1694627557332 161.19150355406498 10
1694627557366 158.44785346352577 11
1694627557409 156.79356961583753 12
1694627557451 162.5362492124478 13
1694627557498 155.6372215639645 14
1694627557540 157.274490374906 15
1694627557581 157.85225619097457 16
1694627557624 155.76428093976594 17
1694627557668 159.90283850142768 18
1694627557707 155.9083497257661 19
1694627557741 155.69742493682986 20
1694627557774 152.1003650177969 21
1694627557808 156.76932986083546 22
1694627557841 152.54474615920236 23
1694627557875 157.32137548690602 24
1694627557912 151.38325860992325 25
1694627557951 150.93491234163335 26
1694627557996 150.22217052788665 27
1694627558041 152.39429412795658 28
1694627558079 154.3603532503496 29
1694627558123 151.1353108404023 30
1694627558162 152.43440355938714 31
1694627558196 148.44110325475978 32
1694627558230 152.5054511427628 33
1694627558265 155.22616290522473 34
1694627558304 147.20155733653885 35
1694627558344 149.1758395030096 36
1694627558385 149.43925679763046 37
1694627558428 146.96724497472124 38
1694627558462 150.39079250017903 39
1694627558502 148.10847768111964 40
1694627558538 152.44094028630016 41
1694627558575 148.77035668593336 42
1694627558616 146.91708604727515 43
1694627558651 148.87606836753284 44
1694627558687 146.2973662562866 45
1694627558724 146.30334489011153 46
1694627558758 142.95689354171898 47
1694627558792 147.62705231288948 48
1694627558832 148.5480890154507 49
1694627558864 146.68129209040163 50
1694627558898 146.5107903560706 51
1694627558939 142.38314958678137 52
1694627558980 144.48568473234624 53
1694627559020 145.20961678590862 54
1694627559057 146.30836810460505 55
1694627559093 142.97540434599452 56
1694627559132 140.50768130940398 57
1694627559164 143.61765821378873 58
1694627559197 144.52556202239185 59
1694627559230 142.22862550823112 60
1694627559263 143.44294375953874 61
1694627559305 140.14139664995326 62
1694627559338 142.8635507826797 63
1694627559378 142.58192189257485 64
1694627559416 140.8593836061916 65
1694627559452 141.29035446421042 66
1694627559497 143.1610329517993 67
1694627559545 138.3096645804117 68
1694627559582 136.9359538267513 69
1694627559623 138.5264351970038 70
1694627559667 139.98843949480826 71
1694627559706 143.28294661720813 72
1694627559741 134.99045751030107 73
1694627559779 137.66070287258776 74
1694627559817 137.62806342926132 75
1694627559853 134.65485111378504 76
1694627559890 141.06089481602785 77
1694627559928 134.67262699837403 78
1694627559963 133.47837895561182 79
1694627559999 135.387693091403 80
1694627560039 133.87174498150367 81
1694627560072 134.0116954194438 82
1694627560106 137.48227742738783 83
1694627560139 137.25193929187373 84
1694627560172 134.5442295868057 85
1694627560209 136.59399933779045 86
1694627560246 134.80022129326213 87
1694627560278 136.66332506253107 88
1694627560316 133.15910811309058 89
1694627560349 130.9383728577478 90
1694627560382 134.22742023888537 91
1694627560415 130.88649438581822 92
1694627560449 131.14767750559608 93
1694627560485 135.46502501707536 94
1694627560528 131.87470468450792 95
1694627560569 129.25937023433676 96
1694627560607 130.89122575422215 97
1694627560640 130.82861499359927 98
1694627560672 130.13859707080672 99
1694627560706 128.60160965863167 100
1694627560739 130.52670857563254 101
1694627560772 128.40928973030336 102
1694627560806 128.1682524706909 103
1694627560846 128.28524033655384 104
1694627560889 129.7992321413842 105
1694627560942 126.28549053244743 106
1694627561007 130.13673638763953 107
1694627561054 124.91004163119106 108
1694627561090 129.88259990110203 109
1694627561124 126.7405110799917 110
1694627561157 128.4005151972857 111
1694627561189 127.09867843940675 112
1694627561224 127.28173917454289 113
1694627561257 127.34123057338549 114
1694627561294 127.74792195383199 115
1694627561329 127.81441458566557 116
1694627561363 127.38725380125541 117
1694627561396 123.56849310428086 118
1694627561434 125.70554483810824 119
1694627561475 124.68914052707969 120
1694627561514 125.93007586793563 121
1694627561553 126.31569521351567 122
1694627561589 121.7305268167299 123
1694627561626 124.84314115385928 124
1694627561657 126.30330726378455 125
1694627561692 123.66757788983699 126
1694627561726 121.10612396312766 127
1694627561759 125.40399916968121 128
1694627561790 122.62829676823823 129
1694627561828 119.18498284223396 130
1694627561873 121.61100475166162 131
1694627561916 121.80697403821945 132
1694627561962 120.01671259283196 133
1694627562005 121.68569185866293 134
1694627562045 121.01072691347382 135
1694627562082 119.99037717776153 136
1694627562119 124.31515545820365 137
1694627562156 118.10654914760097 138
1694627562190 121.11013235797674 139
1694627562223 116.8878054531018 140
1694627562258 120.27286031790509 141
1694627562290 119.61726716894732 142
1694627562325 119.05489731316396 143
1694627562358 118.99284918129948 144
1694627562392 118.50127471187132 145
1694627562433 117.9341996587386 146
1694627562482 115.99962953750901 147
1694627562531 119.26013129469185 148
1694627562580 116.16676548992343 149
1694627562616 116.15710218599482 150
1694627562651 116.32572129880822 151
1694627562683 116.26849609790052 152
1694627562717 115.12268398476542 153
1694627562754 115.73621699903661 154
1694627562792 114.92560605133285 155
1694627562833 114.35320833307357 156
1694627562874 117.6749726206517 157
1694627562911 115.0896754168362 158
1694627562946 114.84509629829682 159
1694627562983 112.08335560491295 160
1694627563021 112.16840276563511 161
1694627563059 113.66761354445859 162
1694627563095 112.69841931865771 163
1694627563131 115.36867926701575 164
1694627563170 113.16250370197639 165
1694627563203 113.37284363507463 166
1694627563238 114.17178357036758 167
1694627563274 109.4324423269984 168
1694627563309 112.14230483839697 169
1694627563350 112.53229987718775 170
1694627563389 112.17112659541158 171
1694627563434 109.42622378833592 172
1694627563489 111.99206428984766 173
1694627563533 111.0604693820845 174
1694627563566 109.47163989705595 175
1694627563598 110.12125214361559 176
1694627563630 110.14107442096058 177
1694627563664 108.01615846190097 178
1694627563694 110.77116286848866 179
1694627563726 109.21688275828735 180
1694627563765 108.85984974933777 181
1694627563802 109.51391065964027 182
1694627563840 109.05137316057218 183
1694627563880 110.31122872990036 184
1694627563918 108.67299174475764 185
1694627563961 107.05277618223332 186
1694627563997 108.43989446525802 187
1694627564035 108.06977454768645 188
1694627564070 108.59745984665456 189
1694627564102 108.59656380481609 190
1694627564138 104.93549902026913 191
1694627564172 105.42092198603407 192
1694627564204 104.13028399365463 193
1694627564236 106.51212120411635 194
1694627564269 103.37513783998045 195
1694627564305 105.5078838828007 196
1694627564345 107.99172480578505 197
1694627564387 107.11416430383838 198
1694627564427 104.86873159376319 199
1694627564469 105.62940941471163 200
1694627564504 104.27484316379804 201
1694627564538 105.31588241120097 202
1694627564572 104.78440398888036 203
1694627564604 101.92352409016078 204
1694627564638 105.20846787214161 205
1694627564671 103.26826539530501 206
1694627564703 102.56592090976172 207
1694627564745 103.01936328097321 208
1694627564795 101.38386054626616 209
1694627564848 103.36585137569921 210
1694627564899 101.82031283873788 211
1694627564951 102.30676155945334 212
1694627564994 102.24728635961982 213
1694627565026 101.270654770201 214
1694627565062 101.10504107348642 215
1694627565100 100.7867053500022 216
1694627565135 99.86114198504056 217
1694627565166 101.73357060391835 218
1694627565199 99.29442763161755 219
1694627565231 100.93974213164167 220
1694627565265 100.84163717117286 221
1694627565301 98.71225995457387 222
1694627565341 98.20085641527004 223
1694627565380 98.7017748109946 224
1694627565415 99.33038498858532 225
1694627565451 97.56736166310084 226
1694627565488 98.33157786408007 227
1694627565524 98.8272125388399 228
1694627565561 98.93440465667084 229
1694627565594 97.71338109898542 230
1694627565625 98.89122249530966 231
1694627565662 98.07373513467043 232
1694627565701 97.69906575344912 233
1694627565739 98.13921112444463 234
1694627565779 97.63911569093345 235
1694627565812 97.03978769185736 236
1694627565842 95.78743237002675 237
1694627565875 96.15967889273502 238
1694627565905 96.17796992925194 239
1694627565936 96.21781810595003 240
1694627565970 96.50833077743923 241
1694627566006 95.81387216352599 242
1694627566051 94.47371884967075 243
1694627566096 96.22196181914614 244
1694627566137 93.63438890923861 245
1694627566200 93.17378253991595 246
1694627566239 97.81648207269588 247
1694627566281 94.4772729845358 248
1694627566327 97.4933973062209 249
1694627566365 95.74505046581935 250
1694627566400 94.62466873471156 251
1694627566433 93.53257217102389 252
1694627566472 94.72519642082042 253
1694627566516 93.31691277566672 254
1694627566555 92.24453732185565 255
1694627566598 91.44534113899144 256
1694627566637 92.77682113988703 257
1694627566677 92.41779280602132 258
1694627566719 91.12695067875367 259
1694627566770 92.330607202718 260
1694627566819 92.28911627877542 261
1694627566873 92.94373728157979 262
1694627566930 90.96979168500164 263
1694627566971 91.7223229099264 264
1694627567006 91.47923843796417 265
1694627567046 92.15626247750423 266
1694627567081 91.45912632901172 267
1694627567118 89.71938540301585 268
1694627567158 88.49634922445576 269
1694627567195 89.54804383893794 270
1694627567233 89.45251471343028 271
1694627567272 89.13195434629758 272
1694627567307 90.22561619892547 273
1694627567344 89.64083498547004 274
1694627567376 89.39043703391062 275
1694627567409 88.27339874814913 276
1694627567443 87.14265633624372 277
1694627567474 86.78326912873676 278
1694627567510 86.81925058261507 279
1694627567548 89.23659471220914 280
1694627567586 86.94367416690218 281
1694627567632 86.4718076212308 282
1694627567674 86.21872640118488 283
1694627567711 86.45490430649151 284
1694627567745 86.2721663920185 285
1694627567782 87.11892171012603 286
1694627567816 85.54913631229348 287
1694627567855 86.00827833551237 288
1694627567890 85.565302492488 289
1694627567924 85.48570022814606 290
1694627567963 85.76287222752339 291
1694627568002 85.80909356848754 292
1694627568043 84.83135184992611 293
1694627568082 85.08889130733493 294
1694627568116 83.85060195312667 295
1694627568158 84.4718143639397 296
1694627568199 84.98867387350235 297
1694627568234 84.58027236532725 298
1694627568272 84.39408605221051 299
1694627568306 83.2135595062714 300
1694627568345 86.4174704311191 301
1694627568388 84.2866965874063 302
1694627568425 83.13511932424635 303
1694627568458 85.08463276170697 304
1694627568497 84.51644596320233 305
1694627568532 83.05486670216267 306
1694627568573 83.73858897901896 307
1694627568615 82.29130727192894 308
1694627568654 82.92074791879311 309
1694627568686 81.80653962728996 310
1694627568721 82.76144204235241 311
1694627568757 82.11974627167884 312
1694627568790 81.84096529622175 313
1694627568820 81.85380787310797 314
1694627568854 81.02576786730785 315
1694627568884 81.84325870006955 316
1694627568918 80.77693498744965 317
1694627568957 82.27109833970239 318
1694627569017 80.74669032899574 319
1694627569072 80.2336550465761 320
1694627569109 78.97381132060991 321
1694627569145 79.58861988457814 322
1694627569180 79.19785254672799 323
1694627569217 78.32636461142137 324
1694627569254 80.37282435681269 325
1694627569297 78.703281879856 326
1694627569338 78.3676074862958 327
1694627569380 79.16295059163288 328
1694627569420 78.53904925254155 329
1694627569458 79.61259760648053 330
1694627569511 78.63788267793701 331
1694627569574 76.9475162869676 332
1694627569624 79.20753448895523 333
1694627569669 78.4893241028072 334
1694627569706 77.52078325966482 335
1694627569751 78.68397526927632 336
1694627569788 76.58188509116741 337
1694627569828 77.53213247419995 338
1694627569868 77.3658813227649 339
1694627569907 76.34459324865699 340
1694627569956 75.72564790205965 341
1694627570007 76.2429158207024 342
1694627570053 76.36670074698459 343
1694627570097 77.10943432876489 344
1694627570139 76.83679727097123 345
1694627570177 76.60130281449625 346
1694627570222 76.15803958832505 347
1694627570260 75.80786227197875 348
1694627570309 74.92151749812199 349
1694627570361 76.25969272607976 350
1694627570438 76.8429845978645 351
1694627570525 75.4232126629276 352
1694627570583 75.38285881328056 353
1694627570642 74.92529453146412 354
1694627570696 74.21786705991215 355
1694627570782 74.20533395194076 356
1694627570869 74.06361167366651 357
1694627570927 74.62168623690299 358
1694627570971 73.43814454162522 359
1694627571025 74.5882894594076 360
1694627571099 73.64467085219626 361
1694627571165 73.07465193183384 362
1694627571238 73.61125707598087 363
1694627571311 72.5034997476845 364
1694627571375 72.88245242165414 365
1694627571440 73.14086328994836 366
1694627571495 73.78930750799692 367
1694627571535 72.57809748610933 368
1694627571589 73.35536981929474 369
1694627571653 71.61631886196476 370
1694627571718 72.80083827206177 371
1694627571786 72.57999735904092 372
1694627571831 71.49963393530143 373
1694627571880 71.32614682483506 374
1694627571919 71.1984074986049 375
1694627571957 72.14814992328073 376
1694627571990 71.75317967775847 377
1694627572031 71.06227529355988 378
1694627572072 71.19516447999624 379
1694627572129 71.81629804161152 380
1694627572208 70.1381183911427 381
1694627572276 71.18020827663295 382
1694627572322 70.25045315664097 383
1694627572357 70.0092134676688 384
1694627572394 69.96546030246103 385
1694627572445 69.35713945752515 386
1694627572506 69.90785768601754 387
1694627572552 70.92024108511801 388
1694627572611 69.03348914907176 389
1694627572673 69.26685431353523 390
1694627572720 69.8002082795739 391
1694627572767 69.44248416901326 392
1694627572832 68.50662498253553 393
1694627572891 67.97032696298426 394
1694627572953 68.00329301481844 395
1694627573009 68.67020720744836 396
1694627573075 68.16625167498611 397
1694627573146 66.41292729111935 398
1694627573202 67.91017077597493 399
1694627573261 68.30002966144271 400
1694627573310 66.0135736195433 401
1694627573368 68.46185270366175 402
1694627573430 68.058228821458 403
1694627573475 66.80628659945944 404
1694627573529 66.70814717223823 405
1694627573581 66.54797878139783 406
1694627573657 67.45464058546067 407
1694627573726 66.1378440952147 408
1694627573805 65.77329606140194 409
1694627573859 66.40134553310453 410
1694627573909 66.04357974074125 411
1694627573961 64.05691804987254 412
1694627574010 65.04499896338831 413
1694627574063 65.94104195892741 414
1694627574117 67.01133349622901 415
1694627574168 64.7139254126934 416
1694627574206 65.2198706775936 417
1694627574245 64.936970645435 418
1694627574284 65.03990787709311 419
1694627574333 64.78057442107273 420
1694627574379 63.8388905959323 421
1694627574429 64.3684249920794 422
1694627574480 63.64563734604069 423
1694627574523 64.89018088813825 424
1694627574564 64.57593343580176 425
1694627574602 63.92692317501003 426
1694627574638 63.99409415024817 427
1694627574674 62.597151119294764 428
1694627574707 65.07922901644595 429
1694627574738 64.47834382251423 430
1694627574769 63.4334769749284 431
1694627574804 65.0998674226999 432
1694627574839 63.0283286129033 433
1694627574874 63.56227920588021 434
1694627574915 63.26902210850466 435
1694627574953 62.87115989810598 436
1694627574996 63.21683972385273 437
1694627575044 62.992446447337024 438
1694627575106 62.97971714314615 439
1694627575172 63.335506753954036 440
1694627575224 61.935904921406205 441
1694627575269 61.52990149107794 442
1694627575314 61.25889267943805 443
1694627575357 62.396131849321876 444
1694627575395 62.167539827457155 445
1694627575443 60.623247197297225 446
1694627575485 61.58596750435545 447
1694627575525 60.58505389498544 448
1694627575569 60.50640421362475 449
1694627575605 60.90351212187898 450
1694627575645 59.891942337711576 451
1694627575682 60.33153392594769 452
1694627575717 61.01243942414795 453
1694627575751 59.02486645977127 454
1694627575782 61.60327843011606 455
1694627575817 60.827193370800906 456
1694627575855 59.791886233010764 457
1694627575898 59.68047740103427 458
1694627575948 60.21094622192544 459
1694627576003 59.1900173807101 460
1694627576056 59.916828760390764 461
1694627576106 58.662544899233175 462
1694627576147 59.27505685612689 463
1694627576189 58.83884857490513 464
1694627576225 59.72529874138216 465
1694627576263 58.53835484207355 466
1694627576306 58.816475178869325 467
1694627576347 58.64340466858994 468
1694627576385 59.4630264180324 469
1694627576439 58.81268398425581 470
1694627576484 58.3778257483004 471
1694627576525 57.524377460863654 472
1694627576565 58.03130271613884 473
1694627576601 57.817532244737315 474
1694627576639 57.29507613453524 475
1694627576671 56.95193190257525 476
1694627576704 57.3312143571162 477
1694627576745 56.196731454215936 478
1694627576783 57.27085109498125 479
1694627576822 56.72827116871707 480
1694627576868 56.13851939775692 481
1694627576909 57.3230108826741 482
1694627576950 57.43727671828265 483
1694627576993 55.970545463122136 484
1694627577056 56.15704068678448 485
1694627577106 55.360281494349955 486
1694627577144 56.31096578071225 487
1694627577178 54.98394792783291 488
1694627577211 55.80296482685277 489
1694627577248 56.03904717648771 490
1694627577290 55.60636907121093 491
1694627577341 55.579106979790225 492
1694627577383 55.50632649942575 493
1694627577424 55.03134809229072 494
1694627577464 54.99786143297791 495
1694627577512 55.277331827946945 496
1694627577553 55.965235590642656 497
1694627577591 54.861193644211056 498
1694627577630 54.95049468925968 499
1694627577699 54.054488218514884 500
1694627577750 54.24669590601462 501
1694627577796 54.82906571479169 502
1694627577837 54.10125530168764 503
1694627577882 54.18469441585279 504
1694627577935 54.376304681993325 505
1694627577975 54.02239872622507 506
1694627578015 54.14411729142393 507
1694627578056 53.08245487834817 508
1694627578102 53.002265122062454 509
1694627578139 53.65441271307029 510
1694627578175 53.403315563756095 511
1694627578214 53.40527684894676 512
1694627578253 52.81738421453057 513
1694627578301 53.07967517549788 514
1694627578346 52.23862804576616 515
1694627578427 52.68183792165353 516
1694627578508 52.88220645452947 517
1694627578567 51.755588636701646 518
1694627578607 52.595005418041616 519
1694627578645 52.344939004340375 520
1694627578681 52.28212156749706 521
1694627578718 51.18927969450315 522
1694627578757 51.44855083000795 523
1694627578795 52.41450372238384 524
1694627578839 51.71206840317404 525
1694627578879 51.26843184986102 526
1694627578921 51.94287598910762 527
1694627578961 51.57916703275931 528
1694627579000 51.13697286555401 529
1694627579036 52.00218069516913 530
1694627579071 51.52663713881101 531
1694627579110 51.46817843388487 532
1694627579149 50.901801713763284 533
1694627579189 50.87640441823962 534
1694627579234 51.606356157316995 535
1694627579280 50.506646395028035 536
1694627579325 49.93859289208511 537
1694627579366 49.77743125942252 538
1694627579403 49.947961930797916 539
1694627579442 50.18161261250185 540
1694627579482 49.57941070709163 541
1694627579525 49.77247929846907 542
1694627579570 49.29723208415103 543
1694627579608 49.463096573541016 544
1694627579641 49.7246805218341 545
1694627579673 48.51828418289336 546
1694627579706 49.50964948854457 547
1694627579739 48.99249130328624 548
1694627579772 49.08495757188699 549
1694627579806 48.974771480024636 550
1694627579840 48.68170793169492 551
1694627579879 49.81868303109299 552
1694627579922 49.181745380980296 553
1694627579966 49.93430436448763 554
1694627580015 48.547022843051785 555
1694627580058 48.88579228638232 556
1694627580096 48.134328362944 557
1694627580132 47.88154066627258 558
1694627580165 47.57770495320635 559
1694627580198 48.244778738999244 560
1694627580235 47.503826982307984 561
1694627580271 47.82489092537694 562
1694627580309 47.43186020334317 563
1694627580348 47.665125668715504 564
1694627580383 47.72113185579444 565
1694627580417 47.09076055363137 566
1694627580451 46.65044499123299 567
1694627580489 46.496364808352894 568
1694627580530 46.72978878708711 569
1694627580576 47.424370242620874 570
1694627580618 46.26696705030319 571
1694627580656 47.71790703760276 572
1694627580698 46.65300324171382 573
1694627580743 46.67732045439094 574
1694627580778 45.4680867275755 575
1694627580812 46.312669730194465 576
1694627580847 46.198625312765934 577
1694627580881 45.71924094737302 578
1694627580919 45.9328173126722 579
1694627580954 46.25803835808774 580
1694627580988 45.54010721741244 581
1694627581024 45.15384404732332 582
1694627581063 45.37821209831142 583
1694627581098 45.63266755163432 584
1694627581132 45.37467617871766 585
1694627581168 45.0681876613586 586
1694627581202 44.314144772590495 587
1694627581237 45.32356337691639 588
1694627581273 45.00625651393956 589
1694627581307 46.0840920484895 590
1694627581341 44.44257777362729 591
1694627581378 44.65693214979754 592
1694627581416 44.51443361806918 593
1694627581456 43.872297067113266 594
1694627581497 43.83440826542317 595
1694627581534 44.79451088645337 596
1694627581575 44.20105477871397 597
1694627581609 44.0915592330097 598
1694627581645 43.784961466134625 599
1694627581681 43.358496652517005 600
1694627581717 43.96955079952414 601
1694627581747 44.51452647967652 602
1694627581779 43.8338953055616 603
1694627581814 44.037974195039524 604
1694627581856 43.30871511819937 605
1694627581894 43.541026419587304 606
1694627581931 43.33469411593731 607
1694627581968 43.27776772444 608
1694627582003 42.98395119426999 609
1694627582040 42.72576511613357 610
1694627582074 42.75743825481563 611
1694627582114 42.68856712547763 612
1694627582154 43.0850138068547 613
1694627582191 42.79688084707377 614
1694627582222 42.567186710307446 615
1694627582259 42.08038769904135 616
1694627582292 42.34202676606522 617
1694627582333 41.89078888421734 618
1694627582372 42.04113492671251 619
1694627582413 41.8276034783302 620
1694627582448 41.98020808972518 621
1694627582489 42.08479624903425 622
1694627582526 42.35560234126299 623
1694627582565 40.85189064602508 624
1694627582600 41.44118365221581 625
1694627582634 41.23029807845282 626
1694627582667 41.462197925313795 627
1694627582701 41.568189054956 628
1694627582735 41.45330004164473 629
1694627582778 41.306550523866704 630
1694627582833 41.27341873537508 631
1694627582906 40.5984916418685 632
1694627582960 41.06470423506322 633
1694627582999 41.1800262933255 634
1694627583034 40.801150141677 635
1694627583069 40.679548632316774 636
1694627583104 40.63028603486309 637
1694627583135 40.99406507889927 638
1694627583169 39.922322970982485 639
1694627583210 40.336973360548484 640
1694627583248 40.03774498367129 641
1694627583294 40.609989092085904 642
1694627583333 39.34921116731232 643
1694627583369 40.18443583213004 644
1694627583416 39.423611924346645 645
1694627583470 39.153553891394786 646
1694627583528 39.11838390748978 647
1694627583590 39.57265776016066 648
1694627583628 40.41812565207336 649
1694627583663 39.29671939920666 650
1694627583698 39.25671428831173 651
1694627583732 39.37184805373186 652
1694627583765 38.7870911223696 653
1694627583799 39.555958626260306 654
1694627583842 39.25088742708698 655
1694627583878 39.34936884846597 656
1694627583914 39.24068767943365 657
1694627583947 38.29158575024847 658
1694627583981 38.082271610110546 659
1694627584031 38.44132891861523 660
1694627584080 37.89526368410783 661
1694627584142 39.06282529922828 662
1694627584197 38.02143159249082 663
1694627584236 37.904003291308534 664
1694627584278 38.34341578067042 665
1694627584320 37.79309253948606 666
1694627584357 37.69923531206462 667
1694627584392 37.77684359849848 668
1694627584429 37.42880462946008 669
1694627584461 37.159550902605325 670
1694627584497 38.24094922926606 671
1694627584530 38.38922596135189 672
1694627584563 37.001185976438336 673
1694627584596 37.24997426007389 674
1694627584633 36.80347056165795 675
1694627584671 37.56226433057475 676
1694627584710 36.94890010987928 677
1694627584758 37.57430903673129 678
1694627584819 36.51586876461005 679
1694627584862 36.65564079203574 680
1694627584898 37.21826495519699 681
1694627584934 37.08178379551478 682
1694627584966 36.965153913562524 683
1694627584999 36.51820889059118 684
1694627585032 36.392047338266686 685
1694627585080 36.53957195774918 686
1694627585118 35.90137505011477 687
1694627585157 35.69167023518196 688
1694627585207 36.54132688587269 689
1694627585270 36.10824760083439 690
1694627585325 36.364105164441526 691
1694627585377 36.120266964768476 692
1694627585414 36.227732297112325 693
1694627585454 35.58223936231491 694
1694627585499 35.595372943774265 695
1694627585537 35.52789433237215 696
1694627585571 35.78549831102545 697
1694627585605 35.18007731177299 698
1694627585642 35.36712222728634 699
1694627585675 35.00558602537437 700
1694627585717 36.528264977825415 701
1694627585760 35.98779345789495 702
1694627585808 34.626416398322576 703
1694627585860 34.859538229148306 704
1694627585896 34.457476292258235 705
1694627585934 34.96131114728584 706
1694627585967 34.83359837039777 707
1694627585999 34.79610058093905 708
1694627586032 34.687255220210595 709
1694627586066 34.95296086088455 710
1694627586098 33.819578336540765 711
1694627586133 34.6325480799368 712
1694627586167 34.41737641082983 713
1694627586200 34.26076868535681 714
1694627586238 34.46137194765563 715
1694627586275 34.519992081255154 716
1694627586318 33.96699157784168 717
1694627586352 33.344470077702 718
1694627586384 33.53288821308255 719
1694627586417 34.629220246248444 720
1694627586456 33.96733726986645 721
1694627586514 33.943180780613396 722
1694627586562 33.532335632427184 723
1694627586598 33.73530809816152 724
1694627586642 34.081983376081354 725
1694627586688 33.45442256034654 726
1694627586743 33.84244122511993 727
1694627586794 32.851484724132824 728
1694627586831 33.21823067066686 729
1694627586866 33.14819406501052 730
1694627586899 33.05833522748229 731
1694627586941 32.69667649159821 732
1694627586998 32.65375957982081 733
1694627587070 33.134270647739726 734
1694627587122 33.10659815513895 735
1694627587177 32.4659926793088 736
1694627587218 32.83599010803751 737
1694627587260 32.5203282663813 738
1694627587298 32.59689936170439 739
1694627587335 32.133269848917095 740
1694627587370 32.65861384803368 741
1694627587405 32.499771746762505 742
1694627587444 31.971162040691436 743
1694627587497 31.903683445617066 744
1694627587550 31.692923621053954 745
1694627587596 32.16511039984329 746
1694627587640 31.63575811291321 747
1694627587695 32.617883733003495 748
1694627587730 32.28690627795398 749
1694627587766 31.857955022263592 750
1694627587803 31.557216593796547 751
1694627587837 32.26719399404585 752
1694627587868 31.457388405546787 753
1694627587902 31.16002585745106 754
1694627587945 31.89580015079729 755
1694627587999 32.36269279632361 756
1694627588062 31.555761385825416 757
1694627588113 30.839306869857182 758
1694627588157 31.505684288103932 759
1694627588200 30.954831149045894 760
1694627588246 31.056531556310823 761
1694627588291 30.91650586976667 762
1694627588331 30.891332243520292 763
1694627588378 31.071137638195736 764
1694627588417 31.21452867527734 765
1694627588467 30.36435628936659 766
1694627588522 30.41258258055467 767
1694627588573 30.285817644117202 768
1694627588632 30.803553988775743 769
1694627588682 30.121484021305264 770
1694627588726 30.230164039022227 771
1694627588772 30.0997868653157 772
1694627588819 30.756038981003346 773
1694627588873 30.506083557928374 774
1694627588934 29.63528239098883 775
1694627588983 29.556609683151034 776
1694627589025 30.02278152041683 777
1694627589071 29.780451089123268 778
1694627589111 30.015174570329343 779
1694627589152 29.765027549739145 780
1694627589194 29.61414494351813 781
1694627589254 30.142573804677603 782
1694627589325 29.29803568229939 783
1694627589384 29.273019953364965 784
1694627589427 28.944097589621574 785
1694627589464 29.288123434110844 786
1694627589500 29.514980822276325 787
1694627589546 28.973394303821983 788
1694627589586 29.12635581708496 789
1694627589628 28.92054415260045 790
1694627589677 29.450032481002445 791
1694627589730 28.98585870022408 792
1694627589781 28.685589290426506 793
1694627589823 29.021067713132915 794
1694627589866 29.050574738432097 795
1694627589916 28.93373800693654 796
1694627589966 28.75565483190926 797
1694627590011 28.721008731362936 798
1694627590058 28.480803422715077 799
1694627590104 28.92704869633878 800
1694627590146 28.860009516065247 801
1694627590184 28.07989733964472 802
1694627590220 28.450685289790165 803
1694627590255 28.373120124763414 804
1694627590291 28.322001710126056 805
1694627590330 28.35247940071521 806
1694627590365 28.51354528141641 807
1694627590403 27.604747758941 808
1694627590438 27.749167953533764 809
1694627590476 27.903226631505717 810
1694627590513 28.176262072264823 811
1694627590549 27.33177608135104 812
1694627590584 27.605166643614474 813
1694627590620 27.633441509188344 814
1694627590671 28.26216559408172 815
1694627590720 27.887602419120878 816
1694627590764 27.30354760295332 817
1694627590803 27.540552373249096 818
1694627590841 27.49018842239258 819
1694627590879 27.235643145807153 820
1694627590913 26.78461316197195 821
1694627590949 27.19829397063814 822
1694627590982 27.122118312673436 823
1694627591027 26.861482742536154 824
1694627591086 27.037563548011413 825
1694627591134 26.871078380090076 826
1694627591189 27.42189925446309 827
1694627591240 27.107392799882614 828
1694627591308 26.870455210788606 829
1694627591361 27.005741384472923 830
1694627591411 27.0151501708078 831
1694627591451 26.51367711677295 832
1694627591494 26.844114556957102 833
1694627591535 25.817743389178837 834
1694627591574 25.96434874711216 835
1694627591612 26.21227860827893 836
1694627591649 26.441903327205253 837
1694627591696 26.34784520402639 838
1694627591736 26.610800961890043 839
1694627591780 26.474412996220003 840
1694627591823 26.016736494610463 841
1694627591861 25.964134111140194 842
1694627591903 26.00123194934866 843
1694627591946 25.525697529389728 844
1694627591982 25.785546038498996 845
1694627592019 25.553673762743095 846
1694627592057 25.63034753378853 847
1694627592099 25.805369813796315 848
1694627592138 25.513423191111766 849
1694627592183 25.664010154123805 850
1694627592225 25.321761741407006 851
1694627592261 25.442047637514754 852
1694627592298 25.213173121304603 853
1694627592333 25.19870847347324 854
1694627592365 25.526515188520914 855
1694627592397 24.899220026839835 856
1694627592431 24.92563138203469 857
1694627592468 25.686232071167495 858
1694627592514 25.085693621330577 859
1694627592553 25.37128657112212 860
1694627592593 25.496629795867523 861
1694627592635 25.022251608175452 862
1694627592674 24.596050480913174 863
1694627592721 25.030376743748946 864
1694627592764 24.788453741588917 865
1694627592804 24.46823497872496 866
1694627592842 24.657709853476813 867
1694627592878 24.595171911549134 868
1694627592916 24.725047238026086 869
1694627592953 24.960263913614696 870
1694627592990 24.77303613067426 871
1694627593024 24.87107472488559 872
1694627593066 24.479522072459726 873
1694627593110 24.671883220190068 874
1694627593156 24.785522838367378 875
1694627593202 24.291751810115702 876
1694627593241 23.76810406410793 877
1694627593283 24.48689360649993 878
1694627593323 24.112455042028696 879
1694627593371 24.08498494320065 880
1694627593417 24.083776752558343 881
1694627593457 23.895861080367187 882
1694627593501 23.86779968245337 883
1694627593536 23.85624977847815 884
1694627593569 23.550734143981483 885
1694627593606 23.097589276942724 886
1694627593648 23.90412068036538 887
1694627593695 23.926775688497724 888
1694627593736 23.53253495952994 889
1694627593773 23.27815173401939 890
1694627593809 23.911260235613312 891
1694627593847 23.177830391540567 892
1694627593882 23.04097679661742 893
1694627593915 22.86430639633357 894
1694627593951 22.97551612612487 895
1694627593987 23.205282670375805 896
1694627594023 23.11358552243588 897
1694627594066 23.388190162911325 898
1694627594114 22.92198242782616 899
1694627594159 23.287921712246337 900
1694627594198 23.02610460518125 901
1694627594234 23.060938817769834 902
1694627594267 23.143816323933102 903
1694627594309 23.131646365207896 904
1694627594351 22.796465497406125 905
1694627594392 23.00596651208876 906
1694627594429 23.316355157676014 907
1694627594463 22.550770412715668 908
1694627594499 22.023480261924114 909
1694627594532 22.63637249737526 910
1694627594567 22.451083395974386 911
1694627594605 22.646130454509855 912
1694627594643 22.351068277511818 913
1694627594686 22.469389694188024 914
1694627594732 21.920240206240404 915
1694627594771 22.60294459029071 916
1694627594805 22.272781411123933 917
1694627594839 22.210294907731637 918
1694627594874 22.150137845993335 919
1694627594910 21.926664342145724 920
1694627594949 22.24071065262135 921
1694627594986 21.85841090010916 922
1694627595029 22.130377028755237 923
1694627595075 22.07565421227255 924
1694627595123 21.771550565027706 925
1694627595180 21.832469949243592 926
1694627595225 21.832715169147242 927
1694627595268 21.663428546763033 928
1694627595304 21.809326695918436 929
1694627595344 21.351863810469844 930
1694627595380 21.47723192085012 931
1694627595419 21.295009486320527 932
1694627595461 21.80624456170658 933
1694627595504 22.07374630817196 934
1694627595545 21.25086168975282 935
1694627595586 21.290261010293467 936
1694627595630 21.05634210327816 937
1694627595670 21.39563227726219 938
1694627595714 21.300319423013615 939
1694627595756 20.932830128173983 940
1694627595797 20.872642071356886 941
1694627595831 21.63902263395869 942
1694627595865 21.29376238769765 943
1694627595899 21.31872355730153 944
1694627595934 21.078463698844665 945
1694627595965 20.27814402993374 946
1694627595999 20.601542610983373 947
1694627596040 20.90805312046855 948
1694627596081 20.80005021647191 949
1694627596122 20.87329889625393 950
1694627596162 20.82697195667288 951
1694627596200 20.61461621255816 952
1694627596235 20.768785094475803 953
1694627596270 20.469192387367205 954
1694627596304 20.742542506336477 955
1694627596337 20.53198732303619 956
1694627596372 20.631599816124524 957
1694627596406 19.675941753810072 958
1694627596441 20.420922620162838 959
1694627596471 20.165959405677054 960
1694627596507 20.191615889281163 961
1694627596539 20.358774884472393 962
1694627596575 20.015202541220155 963
1694627596616 19.6766419736073 964
1694627596660 19.884334460958588 965
1694627596701 20.005855154938494 966
1694627596742 19.657499218499364 967
1694627596778 19.851632610850732 968
1694627596812 19.530180475134898 969
1694627596847 19.658886661438334 970
1694627596881 19.619505853680007 971
1694627596915 19.563196752384883 972
1694627596948 19.546702518697003 973
1694627596980 19.711264155354602 974
1694627597019 19.956940374657407 975
1694627597068 19.84754135677686 976
1694627597110 19.5545457335561 977
1694627597152 19.821802764843852 978
1694627597189 19.38005699515998 979
1694627597225 19.205647696491013 980
1694627597256 19.657006352778062 981
1694627597291 19.384699089175335 982
1694627597323 19.06182553718676 983
1694627597356 19.07502798671824 984
1694627597387 19.45973111287166 985
1694627597421 18.91405158272266 986
1694627597453 18.530788959730437 987
1694627597487 19.804051892930502 988
1694627597520 18.962535326941023 989
1694627597554 19.4473404281228 990
1694627597597 19.12694282857144 991
1694627597646 19.464944255022495 992
1694627597693 19.030678493922498 993
1694627597736 18.86004361822148 994
1694627597774 18.756965514634892 995
1694627597811 18.5098832943017 996
1694627597841 18.703633266011984 997
1694627597874 18.77753137295613 998
1694627597910 19.039940685340124 999
