1694627556937 -0.007832572190221487 0
1694627556980 -0.006364503010199307 1
1694627557023 -0.0070939115096164684 2
1694627557067 -0.005934275536444655 3
1694627557111 -0.005242994719776739 4
1694627557149 -0.005316332379307509 5
1694627557187 -0.006462174363560225 6
1694627557226 -0.007595297662660538 7
1694627557268 -0.0060037437099675905 8
1694627557305 -0.006996414661870842 9
1694627557341 -0.006839009407354046 10
1694627557375 -0.006666784642972434 11
1694627557419 -0.007333895785259781 12
1694627557462 -0.007318089220883062 13
1694627557508 -0.005673818922841578 14
1694627557549 -0.007953003631845812 15
1694627557592 -0.00729487356417291 16
1694627557636 -0.0060426576851349 17
1694627557678 -0.008580055610897697 18
1694627557717 -0.006674611857779622 19
1694627557749 -0.006185203401318784 20
1694627557782 -0.0057183379845231475 21
1694627557816 -0.006326782284179044 22
1694627557850 -0.005632680611035612 23
1694627557883 -0.007529380470170821 24
1694627557921 -0.005876092960056312 25
1694627557962 -0.007343040896489184 26
1694627558005 -0.006986032452787283 27
1694627558053 -0.004770089854418735 28
1694627558088 -0.008133358361390952 29
1694627558132 -0.006316621592699523 30
1694627558170 -0.005671382330346253 31
1694627558205 -0.0058620924003784936 32
1694627558237 -0.008030300956815672 33
1694627558274 -0.007431416425713433 34
1694627558314 -0.0065966898094951265 35
1694627558352 -0.0062287699440914945 36
1694627558394 -0.005547697480311475 37
1694627558436 -0.006427671228009801 38
1694627558469 -0.007080773900824067 39
1694627558512 -0.007029808697847528 40
1694627558547 -0.007550154957385535 41
1694627558585 -0.0065367958574844565 42
1694627558624 -0.005710813925668079 43
1694627558660 -0.006744402693375395 44
1694627558697 -0.007038988750440289 45
1694627558733 -0.005166721504093363 46
1694627558766 -0.0054964558552490494 47
1694627558802 -0.007441076104615307 48
1694627558839 -0.007164501968216053 49
1694627558871 -0.008197106095301887 50
1694627558909 -0.007735468575235771 51
1694627558950 -0.006852327667739244 52
1694627558989 -0.006938316254523791 53
1694627559031 -0.005932335810150624 54
1694627559067 -0.0063781374682110314 55
1694627559102 -0.0063080395624277585 56
1694627559139 -0.006039509678460453 57
1694627559171 -0.0068768105879704056 58
1694627559204 -0.007292209571384101 59
1694627559236 -0.0067376009500479395 60
1694627559271 -0.006993480929292639 61
1694627559313 -0.005876671695707714 62
1694627559349 -0.0074774524277048116 63
1694627559387 -0.0071774816947907105 64
1694627559424 -0.006507204313756176 65
1694627559460 -0.007209215631604371 66
1694627559511 -0.007022703397781882 67
1694627559554 -0.00813072402054571 68
1694627559591 -0.006119089993787963 69
1694627559635 -0.008266230839696798 70
1694627559678 -0.007074544199300092 71
1694627559714 -0.007067818256969227 72
1694627559751 -0.00512160452001198 73
1694627559787 -0.005799825761450661 74
1694627559825 -0.007151411413641506 75
1694627559862 -0.005605637292219967 76
1694627559899 -0.007591080815656959 77
1694627559935 -0.006243952466840064 78
1694627559971 -0.0053956477603966935 79
1694627560008 -0.00627127234595215 80
1694627560048 -0.005655379476087408 81
1694627560080 -0.005575272325991865 82
1694627560116 -0.0064569488151078325 83
1694627560147 -0.0056148495435977 84
1694627560181 -0.006716380890056328 85
1694627560217 -0.006874465765615234 86
1694627560254 -0.006891974699126724 87
1694627560286 -0.006218032702802523 88
1694627560323 -0.006518614842736081 89
1694627560357 -0.005834061008419988 90
1694627560389 -0.007388010953249813 91
1694627560422 -0.005419379130886082 92
1694627560457 -0.005679726876057334 93
1694627560497 -0.006947243750983434 94
1694627560537 -0.006183558706887249 95
1694627560578 -0.004986041949640585 96
1694627560616 -0.0071828311628430175 97
1694627560647 -0.008075225757487203 98
1694627560680 -0.005829763426948187 99
1694627560714 -0.005473176114787703 100
1694627560747 -0.0064632090645635465 101
1694627560782 -0.0048851250701695825 102
1694627560816 -0.006506125221520609 103
1694627560855 -0.007131796786268074 104
1694627560900 -0.005930655851772881 105
1694627560957 -0.00523081354369026 106
1694627561020 -0.00671085555364237 107
1694627561064 -0.005073709372645618 108
1694627561099 -0.005814158034442851 109
1694627561133 -0.007428987772436502 110
1694627561165 -0.006055021554882911 111
1694627561199 -0.006887015563705079 112
1694627561233 -0.005210808752560636 113
1694627561265 -0.006673274334500601 114
1694627561301 -0.00618136718241491 115
1694627561336 -0.00690642018802845 116
1694627561370 -0.007577053315544369 117
1694627561404 -0.004978903991675443 118
1694627561445 -0.007485184117107746 119
1694627561485 -0.006159278451855599 120
1694627561522 -0.006518565547141142 121
1694627561560 -0.005956099266944959 122
1694627561598 -0.0052978296697066 123
1694627561633 -0.007754649132382108 124
1694627561666 -0.0074812476573427045 125
1694627561701 -0.006942364443510707 126
1694627561734 -0.005610942220856785 127
1694627561767 -0.006696658134150768 128
1694627561800 -0.006625646641795102 129
1694627561839 -0.005708367400646397 130
1694627561883 -0.006824005653955911 131
1694627561927 -0.005916529042053975 132
1694627561975 -0.005330992908537002 133
1694627562014 -0.006689025606906318 134
1694627562054 -0.00750620462579743 135
1694627562091 -0.005301743727031738 136
1694627562128 -0.0071071696923530325 137
1694627562164 -0.0061932172080982895 138
1694627562199 -0.0074119872652029795 139
1694627562232 -0.005847507295100529 140
1694627562267 -0.005619874447636342 141
1694627562300 -0.006072629781772365 142
1694627562334 -0.006441191830056869 143
1694627562366 -0.006195016732054359 144
1694627562400 -0.0058827525872353625 145
1694627562445 -0.005856455477787348 146
1694627562493 -0.006736556401151894 147
1694627562545 -0.006233804809466115 148
1694627562588 -0.005314691731473031 149
1694627562625 -0.00634661769387046 150
1694627562659 -0.005082715616062439 151
1694627562691 -0.006705596268155256 152
1694627562724 -0.0057241546787827335 153
1694627562763 -0.005013572135745603 154
1694627562802 -0.004841621917402561 155
1694627562845 -0.005669856677710472 156
1694627562883 -0.006986044980981987 157
1694627562919 -0.006889962140649297 158
1694627562955 -0.005723599686005443 159
1694627562991 -0.005112141560866146 160
1694627563031 -0.004903266698749409 161
1694627563068 -0.004809770816520675 162
1694627563102 -0.004749224264209317 163
1694627563140 -0.006112640046922468 164
1694627563178 -0.006394182739110521 165
1694627563212 -0.006733950208785311 166
1694627563246 -0.006372337467967393 167
1694627563281 -0.005718808191524705 168
1694627563320 -0.007332910246807378 169
1694627563358 -0.006625286680496778 170
1694627563400 -0.006676337110561148 171
1694627563449 -0.004794597847368243 172
1694627563504 -0.00658155789990289 173
1694627563541 -0.005892887927477997 174
1694627563573 -0.0060775803880257495 175
1694627563605 -0.004855140211144304 176
1694627563638 -0.006373131182538572 177
1694627563670 -0.00648514690305424 178
1694627563701 -0.006904349514994079 179
1694627563735 -0.005930481951713862 180
1694627563773 -0.005830150654716482 181
1694627563810 -0.006127448188544271 182
1694627563849 -0.006916729828140955 183
1694627563889 -0.0055539236810855375 184
1694627563928 -0.004888839748566465 185
1694627563969 -0.0055236491407200106 186
1694627564006 -0.006406701227269274 187
1694627564044 -0.006966808469962116 188
1694627564078 -0.006584353276105626 189
1694627564113 -0.006816716007424173 190
1694627564147 -0.00461657695591855 191
1694627564179 -0.005514045914245536 192
1694627564211 -0.005935545894546479 193
1694627564243 -0.006293771400796233 194
1694627564275 -0.0039062046978435294 195
1694627564315 -0.006225226812884177 196
1694627564355 -0.006461212924237403 197
1694627564397 -0.007424194354360258 198
1694627564437 -0.005831307420759657 199
1694627564479 -0.0055878387987318145 200
1694627564513 -0.007180720322457423 201
1694627564546 -0.004962295093092539 202
1694627564580 -0.005746613121859756 203
1694627564613 -0.005509303470023319 204
1694627564646 -0.006369963016274571 205
1694627564679 -0.0047860539705226746 206
1694627564713 -0.005876620137049482 207
1694627564756 -0.005974178082940984 208
1694627564807 -0.005049641181631648 209
1694627564860 -0.006247566566759399 210
1694627564914 -0.0058353832748405665 211
1694627564965 -0.005269789996131369 212
1694627565002 -0.005674370459327616 213
1694627565035 -0.0064331310701788436 214
1694627565071 -0.004808743698279105 215
1694627565107 -0.006586827010541141 216
1694627565141 -0.006152432589165313 217
1694627565173 -0.005083184407731478 218
1694627565206 -0.0054711106568521295 219
1694627565237 -0.006010921604511221 220
1694627565272 -0.005928534072517921 221
1694627565310 -0.00546344687503364 222
1694627565351 -0.005406827369943912 223
1694627565387 -0.0054601805720393415 224
1694627565423 -0.004666846768054178 225
1694627565461 -0.005255347748912564 226
1694627565497 -0.005833584410696924 227
1694627565533 -0.005207020868005285 228
1694627565569 -0.005391293253590446 229
1694627565601 -0.006030052758119853 230
1694627565635 -0.006233120016976956 231
1694627565672 -0.005837366721749726 232
1694627565711 -0.006219068822929552 233
1694627565748 -0.0066173503778832465 234
1694627565786 -0.00694950510048864 235
1694627565819 -0.00617061383120987 236
1694627565851 -0.004828963815652676 237
1694627565882 -0.005201752231511536 238
1694627565913 -0.006537268571130239 239
1694627565944 -0.005486418919863345 240
1694627565977 -0.00734309226527019 241
1694627566017 -0.006124866420915476 242
1694627566061 -0.004508978029504673 243
1694627566104 -0.005673176388292456 244
1694627566151 -0.004069369885808527 245
1694627566211 -0.004767824320726088 246
1694627566249 -0.006171467049628676 247
1694627566292 -0.005941622968651528 248
1694627566336 -0.006881938206227511 249
1694627566373 -0.006487678974791633 250
1694627566407 -0.005892463668259129 251
1694627566442 -0.005453552649042459 252
1694627566483 -0.0069058609907077795 253
1694627566525 -0.0055355299681716374 254
1694627566566 -0.004749376841927111 255
1694627566606 -0.004923566717748296 256
1694627566646 -0.00463754945283279 257
1694627566686 -0.005413375137754972 258
1694627566736 -0.0055983698735968535 259
1694627566783 -0.0062995547860604795 260
1694627566832 -0.005989627396671082 261
1694627566891 -0.006089572411992261 262
1694627566941 -0.004999035493661763 263
1694627566980 -0.005422450089413999 264
1694627567015 -0.005947062250120538 265
1694627567055 -0.006521428179577571 266
1694627567090 -0.006439815366395818 267
1694627567126 -0.005166013138600878 268
1694627567168 -0.0048402205671460585 269
1694627567204 -0.0052831691577563955 270
1694627567242 -0.005884357658414885 271
1694627567280 -0.006386464588470586 272
1694627567318 -0.0049409558405244525 273
1694627567351 -0.004397065159301716 274
1694627567385 -0.0048555422789566816 275
1694627567417 -0.004993864266447101 276
1694627567451 -0.004104144901736717 277
1694627567484 -0.0037373961884004103 278
1694627567519 -0.005307266032726243 279
1694627567556 -0.006575720219375247 280
1694627567597 -0.004641247871697507 281
1694627567643 -0.005517149147041378 282
1694627567684 -0.005017993734784287 283
1694627567719 -0.004321854173085171 284
1694627567754 -0.0056499578598139255 285
1694627567789 -0.007069035119126932 286
1694627567825 -0.005623369418164437 287
1694627567864 -0.005664324968998491 288
1694627567898 -0.005686801121457252 289
1694627567935 -0.004668413122187243 290
1694627567972 -0.0054080672212715175 291
1694627568012 -0.006504221570648783 292
1694627568054 -0.004887301518070153 293
1694627568090 -0.004824101870224418 294
1694627568123 -0.004764106602576534 295
1694627568168 -0.005099715077242273 296
1694627568206 -0.0042075907123992895 297
1694627568244 -0.005815071864672561 298
1694627568281 -0.004731000006052533 299
1694627568315 -0.0043463362973392705 300
1694627568355 -0.006567873402106406 301
1694627568398 -0.005740130003784483 302
1694627568434 -0.0049541715226222305 303
1694627568466 -0.007044202488335483 304
1694627568506 -0.0056475906475859095 305
1694627568543 -0.004468676263613691 306
1694627568585 -0.005930300308691905 307
1694627568625 -0.0059282217624507805 308
1694627568663 -0.0042387327408834885 309
1694627568696 -0.00568606628675683 310
1694627568730 -0.005380178459446716 311
1694627568767 -0.0059007837136428876 312
1694627568798 -0.006169732857342236 313
1694627568828 -0.005804600770601853 314
1694627568861 -0.005552622697164944 315
1694627568891 -0.005289603053503011 316
1694627568926 -0.005194394173903216 317
1694627568971 -0.004491133875832443 318
1694627569033 -0.005092106029653376 319
1694627569083 -0.004143397788114234 320
1694627569118 -0.0035483503894342405 321
1694627569152 -0.004401064420420875 322
1694627569188 -0.005100642321954174 323
1694627569226 -0.004967936158209785 324
1694627569264 -0.004492953242862141 325
1694627569306 -0.0053155997483040895 326
1694627569347 -0.004520287042477644 327
1694627569390 -0.005004584630861952 328
1694627569428 -0.003823883940230699 329
1694627569470 -0.00535536238198997 330
1694627569523 -0.0055798061675578214 331
1694627569586 -0.00475330276072361 332
1694627569635 -0.00519263771253331 333
1694627569678 -0.006336975727401217 334
1694627569718 -0.0052226994095359025 335
1694627569761 -0.005127719468059455 336
1694627569796 -0.004303022636681364 337
1694627569838 -0.004213581324419957 338
1694627569879 -0.005986477243148158 339
1694627569920 -0.005222195672171637 340
1694627569967 -0.005086747144680048 341
1694627570018 -0.005868097941972739 342
1694627570063 -0.005013439673750453 343
1694627570109 -0.0050336214782538136 344
1694627570149 -0.005120371317332895 345
1694627570185 -0.004810516847292279 346
1694627570234 -0.006120677234709548 347
1694627570268 -0.004381969121050711 348
1694627570320 -0.005346107695688884 349
1694627570377 -0.005206047151327775 350
1694627570460 -0.005971468933647195 351
1694627570543 -0.005671879158004156 352
1694627570596 -0.004813349124169974 353
1694627570655 -0.003538199851042201 354
1694627570713 -0.004064767189356999 355
1694627570809 -0.004814968648531481 356
1694627570884 -0.005122410904615071 357
1694627570938 -0.0049187061472479865 358
1694627570986 -0.005033380987869096 359
1694627571041 -0.006184734572542316 360
1694627571117 -0.004805861026798919 361
1694627571178 -0.003954577145404148 362
1694627571265 -0.004147654899212094 363
1694627571325 -0.0035797378970059412 364
1694627571384 -0.004512398188603273 365
1694627571453 -0.006707018044725288 366
1694627571506 -0.004707931087140738 367
1694627571550 -0.004871052389909147 368
1694627571602 -0.004501541332083914 369
1694627571667 -0.004884901305242106 370
1694627571740 -0.004578610745750611 371
1694627571796 -0.0046300094387288215 372
1694627571843 -0.005589259109970879 373
1694627571892 -0.005481689993369843 374
1694627571929 -0.0048105517833909595 375
1694627571964 -0.006444610013095264 376
1694627571999 -0.004629924910910521 377
1694627572044 -0.0052075495679158035 378
1694627572086 -0.004467452814435502 379
1694627572146 -0.00516313717835204 380
1694627572229 -0.004509176578777474 381
1694627572291 -0.005059442857755947 382
1694627572331 -0.004756175321422029 383
1694627572365 -0.004809143959694451 384
1694627572407 -0.003798466953211177 385
1694627572460 -0.004955257600132823 386
1694627572517 -0.004987876818812742 387
1694627572564 -0.003915130947936385 388
1694627572622 -0.003610497936482826 389
1694627572686 -0.005700436716242097 390
1694627572729 -0.004429561773583446 391
1694627572781 -0.005539657911110885 392
1694627572845 -0.004242977896397715 393
1694627572910 -0.004615427197173894 394
1694627572965 -0.004158848205417343 395
1694627573023 -0.005058858158590196 396
1694627573087 -0.004946110290823258 397
1694627573159 -0.00405709085302397 398
1694627573216 -0.004649439259441168 399
1694627573271 -0.004418994691140377 400
1694627573320 -0.0034612475838744494 401
1694627573388 -0.004664018819446669 402
1694627573440 -0.004542888434226233 403
1694627573490 -0.005358430023997718 404
1694627573542 -0.004889606200084717 405
1694627573598 -0.004394803760224164 406
1694627573674 -0.005113947950306841 407
1694627573748 -0.004632293797974585 408
1694627573818 -0.005302963033152253 409
1694627573873 -0.004668231204961959 410
1694627573919 -0.004975637312152337 411
1694627573972 -0.0037724939511383226 412
1694627574022 -0.004730046653718345 413
1694627574075 -0.004457949994722155 414
1694627574130 -0.005147926478047626 415
1694627574179 -0.005120561801545076 416
1694627574216 -0.004113404528155451 417
1694627574254 -0.004661685110057601 418
1694627574296 -0.004495876707119706 419
1694627574343 -0.00516662575512794 420
1694627574391 -0.004621386400826433 421
1694627574443 -0.004378328670639586 422
1694627574491 -0.00505015384311136 423
1694627574533 -0.005698467890271175 424
1694627574572 -0.0033012616065428713 425
1694627574611 -0.0038894015970905027 426
1694627574647 -0.00481729383336571 427
1694627574684 -0.0034480189263019767 428
1694627574715 -0.003928934650791582 429
1694627574747 -0.004323841770236925 430
1694627574777 -0.0038497886934329983 431
1694627574812 -0.005121710176312799 432
1694627574848 -0.003963002140032312 433
1694627574885 -0.0039225818696662085 434
1694627574923 -0.004092138922101363 435
1694627574963 -0.004946620357652698 436
1694627575005 -0.00452271949092764 437
1694627575061 -0.005317298071213283 438
1694627575118 -0.004116662219079359 439
1694627575182 -0.004558267553161688 440
1694627575237 -0.003866961769252608 441
1694627575279 -0.0033722071417399135 442
1694627575324 -0.005162336131056211 443
1694627575367 -0.0043611236491061245 444
1694627575405 -0.004606400514187037 445
1694627575452 -0.0037890442377113143 446
1694627575495 -0.003881723964670014 447
1694627575534 -0.0034577317027451038 448
1694627575578 -0.00372082880341984 449
1694627575614 -0.004592259258748399 450
1694627575652 -0.004147910914064301 451
1694627575690 -0.004223101831857701 452
1694627575724 -0.004289956958721142 453
1694627575757 -0.0034004687515849508 454
1694627575789 -0.004816040270796185 455
1694627575828 -0.004468623065539301 456
1694627575866 -0.004726796946593392 457
1694627575909 -0.0037259858319791395 458
1694627575956 -0.004404381046979822 459
1694627576013 -0.0042275168444319 460
1694627576067 -0.004610968457788189 461
1694627576117 -0.004417097587215091 462
1694627576159 -0.004727284052129077 463
1694627576198 -0.004287322642817726 464
1694627576235 -0.004595941119700742 465
1694627576273 -0.0041722489664817175 466
1694627576317 -0.003972754416743607 467
1694627576355 -0.0035892515547839565 468
1694627576398 -0.004498107537584284 469
1694627576452 -0.0042505173047315825 470
1694627576496 -0.004257736663756395 471
1694627576536 -0.002873823300479028 472
1694627576573 -0.004838855179432722 473
1694627576609 -0.004088165842230929 474
1694627576647 -0.003959064647505617 475
1694627576679 -0.003328442650461616 476
1694627576713 -0.004441745979881784 477
1694627576755 -0.004170419586587926 478
1694627576791 -0.004806307995621761 479
1694627576833 -0.00385082598994968 480
1694627576878 -0.0035034392562374173 481
1694627576919 -0.003912105926666909 482
1694627576961 -0.00459924342933804 483
1694627577006 -0.003726145849063167 484
1694627577068 -0.003954789454746699 485
1694627577116 -0.0036172186048177846 486
1694627577151 -0.003625237260276526 487
1694627577187 -0.002737892401528219 488
1694627577221 -0.0043348318138183295 489
1694627577256 -0.0038186010759917455 490
1694627577300 -0.0034488446318177157 491
1694627577351 -0.0033161429230603723 492
1694627577394 -0.0035063580799641336 493
1694627577434 -0.0036449899863562063 494
1694627577475 -0.0033364418328141188 495
1694627577522 -0.004261708438249023 496
1694627577562 -0.004553127017346448 497
1694627577600 -0.004045344050079391 498
1694627577645 -0.004068167269299927 499
1694627577709 -0.0038185434999244983 500
1694627577763 -0.004523292553521685 501
1694627577805 -0.00420736954339751 502
1694627577847 -0.004541953933336895 503
1694627577894 -0.0037889793449046305 504
1694627577944 -0.0036705330404345204 505
1694627577984 -0.0031033274379377307 506
1694627578023 -0.003484856712509865 507
1694627578066 -0.0043058493987040425 508
1694627578112 -0.003616137616868631 509
1694627578148 -0.0034983097887371084 510
1694627578184 -0.003954040852780283 511
1694627578223 -0.003419292073872482 512
1694627578263 -0.003704496171774485 513
1694627578311 -0.004217624415221 514
1694627578359 -0.004606127038825347 515
1694627578446 -0.0032442180239997676 516
1694627578525 -0.004322231750433891 517
1694627578577 -0.0032233666915375547 518
1694627578617 -0.0035883428461824796 519
1694627578653 -0.003924127453173387 520
1694627578689 -0.003287136841778837 521
1694627578727 -0.0021197310603195962 522
1694627578766 -0.0035111032444121726 523
1694627578805 -0.0043542607110484965 524
1694627578850 -0.003333327544426501 525
1694627578887 -0.002957369430338197 526
1694627578931 -0.004374128585602488 527
1694627578971 -0.002654643677651114 528
1694627579009 -0.004785645430958274 529
1694627579046 -0.00495905217689363 530
1694627579080 -0.003928953256999712 531
1694627579119 -0.003802318576081598 532
1694627579158 -0.004135526560382408 533
1694627579200 -0.003547389654857236 534
1694627579244 -0.0037665411639560276 535
1694627579289 -0.0032897391599213677 536
1694627579335 -0.004309932613083323 537
1694627579375 -0.0030932496874604976 538
1694627579413 -0.0030434147287821123 539
1694627579450 -0.004343600432754613 540
1694627579493 -0.00422387497940746 541
1694627579535 -0.003977294677126375 542
1694627579580 -0.003255590927964125 543
1694627579616 -0.0035348993641723947 544
1694627579649 -0.00409463561471024 545
1694627579682 -0.00430287343729896 546
1694627579714 -0.0035418441147490043 547
1694627579748 -0.0036654823624870936 548
1694627579781 -0.0027448494621813424 549
1694627579816 -0.0031820836935410046 550
1694627579849 -0.002656615187283551 551
1694627579888 -0.003960068239878378 552
1694627579933 -0.003596701709020822 553
1694627579975 -0.0030687901062351752 554
1694627580025 -0.00409672621652013 555
1694627580067 -0.0030298990457444663 556
1694627580104 -0.002909648074573612 557
1694627580139 -0.0025763516222374605 558
1694627580172 -0.0034365834983765 559
1694627580206 -0.0031865356113773835 560
1694627580246 -0.0035637407401432064 561
1694627580281 -0.003652474230543934 562
1694627580318 -0.002951431001393834 563
1694627580356 -0.0032342096619533134 564
1694627580393 -0.003559134462958413 565
1694627580424 -0.002989137830751609 566
1694627580460 -0.0030799044186675673 567
1694627580499 -0.00364059001655459 568
1694627580539 -0.002746397703119907 569
1694627580586 -0.003174337738544253 570
1694627580627 -0.0028225542893585143 571
1694627580665 -0.003140169356023792 572
1694627580708 -0.004167914300301057 573
1694627580752 -0.003375639612524184 574
1694627580785 -0.0036087108874527374 575
1694627580820 -0.003359247176756952 576
1694627580855 -0.0033602271122084026 577
1694627580888 -0.003520118966224839 578
1694627580927 -0.0035260681118269854 579
1694627580963 -0.003550189366750889 580
1694627580997 -0.0033314329807465626 581
1694627581037 -0.0024094054269045984 582
1694627581072 -0.002329881561221381 583
1694627581106 -0.00327017019727438 584
1694627581140 -0.003830921479937466 585
1694627581177 -0.0035675700193493753 586
1694627581212 -0.002924603062403275 587
1694627581247 -0.0019911598768664884 588
1694627581281 -0.001847875475450067 589
1694627581315 -0.0038195249251202767 590
1694627581349 -0.0030774094274550468 591
1694627581386 -0.0032250594573037805 592
1694627581424 -0.002299805502603114 593
1694627581465 -0.0027014825569482426 594
1694627581506 -0.0019022443008487322 595
1694627581545 -0.003658584785329655 596
1694627581583 -0.00433451738107915 597
1694627581618 -0.0027934158696998335 598
1694627581654 -0.0023014082646652945 599
1694627581692 -0.0014893904281978454 600
1694627581723 -0.0022007191229496126 601
1694627581755 -0.0038912901426386703 602
1694627581787 -0.0021188106925131844 603
1694627581823 -0.003010783401025119 604
1694627581865 -0.002652695080904932 605
1694627581902 -0.0025214913551563356 606
1694627581939 -0.0035342598916336954 607
1694627581978 -0.0024146442311963057 608
1694627582012 -0.0032148333782389127 609
1694627582050 -0.001982015435876505 610
1694627582084 -0.003100413986736772 611
1694627582122 -0.002169437793129836 612
1694627582165 -0.00244524900882781 613
1694627582199 -0.0029453895393032337 614
1694627582231 -0.003583785769986525 615
1694627582266 -0.002775733458872942 616
1694627582302 -0.001915489914633195 617
1694627582340 -0.003689922781711541 618
1694627582381 -0.002474081844827225 619
1694627582420 -0.002886105618300938 620
1694627582458 -0.0032990433531574492 621
1694627582497 -0.003672724070053812 622
1694627582535 -0.0022721755331760463 623
1694627582575 -0.0034114071488935416 624
1694627582608 -0.0034039952372706406 625
1694627582641 -0.002335070716707577 626
1694627582678 -0.0030199951410307957 627
1694627582708 -0.003878272151043749 628
1694627582746 -0.0032307287809465457 629
1694627582787 -0.0031318794792261073 630
1694627582864 -0.002796324860584898 631
1694627582917 -0.0021380840236384646 632
1694627582969 -0.002648875254830374 633
1694627583007 -0.002827705843639672 634
1694627583044 -0.0028519066092660417 635
1694627583077 -0.0029915664295196986 636
1694627583112 -0.002885064816966487 637
1694627583142 -0.002485230996771115 638
1694627583178 -0.001877328610202289 639
1694627583218 -0.002138476906106801 640
1694627583256 -0.0030625213905723925 641
1694627583304 -0.0033311163405398414 642
1694627583341 -0.002254141713822877 643
1694627583378 -0.002559051469134266 644
1694627583428 -0.0019022708950684475 645
1694627583485 -0.0029773236556476235 646
1694627583541 -0.0016068567149682966 647
1694627583599 -0.002213443627992806 648
1694627583636 -0.0021755026624821205 649
1694627583671 -0.0008095818759219497 650
1694627583707 -0.0023269638413041527 651
1694627583740 -0.0023944178800718863 652
1694627583773 -0.0032373725435710377 653
1694627583809 -0.002062044667183738 654
1694627583850 -0.003424409801216166 655
1694627583886 -0.0040500089147461615 656
1694627583921 -0.002099983421815832 657
1694627583954 -0.002310756770622646 658
1694627583990 -0.002453721554734667 659
1694627584045 -0.0023280852050608924 660
1694627584096 -0.0028189919007004516 661
1694627584156 -0.003694843833096817 662
1694627584206 -0.0030245693389892025 663
1694627584247 -0.0012397125244516527 664
1694627584288 -0.0022287838366183976 665
1694627584330 -0.0025268589312716916 666
1694627584364 -0.002953240136476465 667
1694627584401 -0.0016341414711817936 668
1694627584437 -0.002321123850130835 669
1694627584467 -0.0026950984705123027 670
1694627584504 -0.0021588809232613304 671
1694627584538 -0.002170267994094699 672
1694627584569 -0.0011908612960627174 673
1694627584604 -0.0015040478008676583 674
1694627584642 -0.0014417911201916045 675
1694627584682 -0.0029230114779279504 676
1694627584721 -0.002165596021306726 677
1694627584770 -0.0026892916863068272 678
1694627584832 -0.0019414131867556694 679
1694627584870 -0.0018654485829414647 680
1694627584906 -0.002548869368814266 681
1694627584943 -0.0018662997044982532 682
1694627584974 -0.002886682297767784 683
1694627585007 -0.0033848878572562136 684
1694627585045 -0.0025159533615424223 685
1694627585089 -0.0009316198444229151 686
1694627585126 -0.0022200818281201684 687
1694627585167 -0.002636707773642888 688
1694627585229 -0.002918559845230151 689
1694627585281 -0.0024082484505338897 690
1694627585337 -0.0016659866538706325 691
1694627585387 -0.0023033951202686698 692
1694627585423 -0.0017907252041369226 693
1694627585465 -0.0026132251315058586 694
1694627585508 -0.0019342723419562002 695
1694627585545 -0.0022394608097495716 696
1694627585581 -0.002086458553367976 697
1694627585615 -0.0030691236214626105 698
1694627585650 -0.001284663427335131 699
1694627585683 -0.0025479988678458465 700
1694627585727 -0.003348131539571586 701
1694627585773 -0.0013886376059648597 702
1694627585821 -0.002443301639514006 703
1694627585868 -0.0014997881930425283 704
1694627585903 -0.0008650813962305381 705
1694627585942 -0.002028565516243974 706
1694627585974 -0.0006087826710607924 707
1694627586006 -0.00406282762002963 708
1694627586041 -0.0017936767652249053 709
1694627586074 -0.0014388627641528373 710
1694627586106 -0.0011372327604599608 711
1694627586141 -0.00253597275761841 712
1694627586173 -0.0023068488949016253 713
1694627586209 -0.00148247433128601 714
1694627586247 -0.0031890440435580203 715
1694627586285 -0.0016175386041326067 716
1694627586327 -0.0020518558510909113 717
1694627586360 -0.0012378757445563604 718
1694627586392 -0.0020464937215629586 719
1694627586424 -0.0019607652803732556 720
1694627586467 -0.0034552228836386423 721
1694627586528 -0.0012846711952541057 722
1694627586570 -0.002106416840638614 723
1694627586608 -0.002715131538220561 724
1694627586654 -0.002488920992142152 725
1694627586697 -0.001340390313172346 726
1694627586757 -0.0022606913567277953 727
1694627586804 -0.001049625146882338 728
1694627586839 -0.0014391653370775526 729
1694627586873 -0.0006365392048510721 730
1694627586906 -0.0018462871448041707 731
1694627586953 -0.0010394048721842353 732
1694627587015 -0.0016675293420997939 733
1694627587085 -0.0014237809700019532 734
1694627587137 -0.0017244975769443727 735
1694627587187 -0.0012794393734383291 736
1694627587227 -0.0025007907767760074 737
1694627587269 -0.0017586955729360643 738
1694627587307 -0.001128916083452891 739
1694627587344 -0.0020201345363861645 740
1694627587379 -0.0023011354353512647 741
1694627587414 -0.0023545668229452144 742
1694627587454 -0.002266743469294452 743
1694627587510 -0.0028218458803956903 744
1694627587561 -0.0010698636388974947 745
1694627587604 -0.0009505238960900719 746
1694627587652 -0.001235545930928783 747
1694627587704 -0.0027643588056687207 748
1694627587738 -0.0023615708548605507 749
1694627587774 -0.0012189944631539884 750
1694627587812 -0.002180749174266694 751
1694627587845 -0.0008945422160169247 752
1694627587875 0.0004602723900126726 753
1694627587910 -0.0005442343320312126 754
1694627587958 -0.0016519026884096455 755
1694627588014 -0.0010217677529857916 756
1694627588075 -0.001261992124572453 757
1694627588123 -0.0017262445665058301 758
1694627588169 -0.0009017697992241835 759
1694627588209 -0.0023445449512973227 760
1694627588256 -0.001132865480439449 761
1694627588301 -0.0008064816962849441 762
1694627588341 -0.0010274156677132495 763
1694627588386 -0.0007731122937559842 764
1694627588425 -0.0007437992710332963 765
1694627588482 0.00035586645320306864 766
1694627588533 -0.001547830601197342 767
1694627588588 -0.0012674633232701016 768
1694627588647 -0.002236952526217806 769
1694627588695 -0.0007230267506601606 770
1694627588735 -0.0008679084436078455 771
1694627588783 -0.0010786967377207635 772
1694627588832 -0.001297462459293186 773
1694627588890 -0.00109088049765238 774
1694627588950 -0.0011379307417094253 775
1694627588993 -0.0014589207243140834 776
1694627589035 -0.00025078084203578044 777
1694627589081 -0.00044305715292303205 778
1694627589120 -0.0005347753468465388 779
1694627589161 -0.0006848612921399599 780
1694627589205 -0.0015571852167219902 781
1694627589267 -0.0008333474819037789 782
1694627589338 -0.00040576704807304687 783
1694627589395 -0.0012629710233025282 784
1694627589435 -0.0009546306392009818 785
1694627589472 -0.0013885208119877035 786
1694627589513 -0.0014949588290111837 787
1694627589554 -0.0011425894938399406 788
1694627589595 -0.0010052073673834094 789
1694627589639 -0.000589893484571391 790
1694627589688 -0.002383909006208107 791
1694627589744 -0.0010909250830413164 792
1694627589790 -0.0011089426011245962 793
1694627589833 -0.0013935115553693755 794
1694627589877 -0.0015485343713410593 795
1694627589933 0.0002488740458386207 796
1694627589975 -0.000859327978024016 797
1694627590023 -0.0018465083023622153 798
1694627590069 -0.00019429100301837643 799
1694627590114 -0.0003668981746483002 800
1694627590156 -0.0006677428390848839 801
1694627590193 -0.0004421860476757633 802
1694627590229 -0.001298935398102996 803
1694627590264 -0.0004644249049701177 804
1694627590300 -0.0008268240499915702 805
1694627590338 0.000809328555752109 806
1694627590373 0.0003826831335839165 807
1694627590411 -0.0013041620644080876 808
1694627590447 6.35983703576315e-05 809
1694627590485 -0.0010758362197920146 810
1694627590522 -0.0013698152080912074 811
1694627590556 -0.0011782999897316238 812
1694627590591 -0.0012055928816721018 813
1694627590632 -0.0013134146899806964 814
1694627590683 -0.00032752409941116944 815
1694627590731 0.00029930805063604904 816
1694627590773 -0.00031854670502640126 817
1694627590812 -0.00019545621738714658 818
1694627590850 -0.0017757095197210582 819
1694627590887 -0.0007004972248070285 820
1694627590921 -0.0013218613733576579 821
1694627590957 -0.00012037568211331617 822
1694627590991 -0.0006372300447190504 823
1694627591044 -0.0009507393950007881 824
1694627591097 -0.0005079363058988484 825
1694627591145 0.001326399514289478 826
1694627591202 0.0008062713447603009 827
1694627591254 0.0007175628979477766 828
1694627591321 -0.001374449861669902 829
1694627591375 0.00026299452608946616 830
1694627591420 -0.00010829838591419616 831
1694627591461 -4.426760962283893e-05 832
1694627591503 -0.0015104961092500258 833
1694627591544 0.0006209007025144153 834
1694627591583 0.0006113797462956594 835
1694627591620 -0.00018205516850100523 836
1694627591658 0.00033993879723970277 837
1694627591706 -0.0007001502620695987 838
1694627591746 0.0008190499005594765 839
1694627591791 -0.0011431783718212074 840
1694627591832 -0.00034019993345490995 841
1694627591872 0.00011252135698469612 842
1694627591914 2.0842041446811344e-05 843
1694627591953 0.000245754744596427 844
1694627591991 -0.0002189007143822419 845
1694627592028 -0.0012580864956515114 846
1694627592067 0.00017023402971982904 847
1694627592108 -0.00027397479144286585 848
1694627592149 0.0006446391458078127 849
1694627592193 0.0009095985823486252 850
1694627592234 -0.0005851262220966102 851
1694627592270 0.00035761860736671647 852
1694627592307 -0.00046746620685889084 853
1694627592340 0.000858733506056808 854
1694627592372 0.0011639252794020116 855
1694627592405 0.0007573817760853085 856
1694627592439 0.00017235042648677812 857
1694627592478 0.001320281727383854 858
1694627592523 0.0008159477365375922 859
1694627592564 0.0006229232342377378 860
1694627592603 0.0005635849449875385 861
1694627592645 0.0010660173269768647 862
1694627592684 0.00023644929101218626 863
1694627592732 -4.9312020702130255e-05 864
1694627592772 0.00017910303751944578 865
1694627592813 -0.0007035714137968441 866
1694627592851 0.0010738794980060806 867
1694627592889 0.0012112387070282171 868
1694627592924 0.002248198766480969 869
1694627592962 0.0017500954439092498 870
1694627592997 -0.0009904860899863088 871
1694627593035 0.0009236943780918105 872
1694627593079 0.0004723199798790656 873
1694627593123 0.0018615994164161709 874
1694627593169 -9.946263348670215e-05 875
1694627593212 -0.0005225280246756725 876
1694627593252 -0.0008048230565789183 877
1694627593293 0.000507269931145804 878
1694627593335 0.001350964020176204 879
1694627593384 0.0015647851892067743 880
1694627593428 0.001346694736656051 881
1694627593468 0.001221972004822769 882
1694627593509 0.0011047649555611105 883
1694627593545 0.0023319843141739183 884
1694627593578 0.0015590514484674634 885
1694627593617 0.0012121499066576336 886
1694627593657 -0.00023846938176985688 887
1694627593706 -0.0010292599581149808 888
1694627593745 -0.0003455145883286548 889
1694627593782 0.001391682800902183 890
1694627593819 0.0004303059320523994 891
1694627593855 0.001971118830995766 892
1694627593890 0.0012719867605777146 893
1694627593925 0.00026268131579221254 894
1694627593959 0.00041386195955728233 895
1694627593997 0.0008116281053845986 896
1694627594034 0.0008489406548072287 897
1694627594079 0.001642640841767684 898
1694627594126 -0.00042708868311125414 899
1694627594169 0.0008087377172175669 900
1694627594207 0.0003029331695574289 901
1694627594242 -0.00030065081536845284 902
1694627594277 0.0011663030352818682 903
1694627594319 0.0018782419933581762 904
1694627594359 -0.00120453572282897 905
1694627594401 0.0015237824671856526 906
1694627594437 0.0017333029889476936 907
1694627594470 0.0011896893351520665 908
1694627594507 0.0015541977827323583 909
1694627594540 1.9881798999588085e-05 910
1694627594575 0.001064458871800844 911
1694627594615 0.00043045923147388976 912
1694627594654 -0.00018695842112004257 913
1694627594697 0.001803751046974722 914
1694627594741 0.0009709431209214969 915
1694627594778 -0.0009799879796128508 916
1694627594814 0.004134603772948164 917
1694627594848 0.0025391513684795974 918
1694627594883 0.0006573634055054844 919
1694627594919 0.0012618892037088436 920
1694627594957 0.001565342510949752 921
1694627594996 0.0011042840845220114 922
1694627595039 0.0026299472220177034 923
1694627595087 0.0008545625208697949 924
1694627595136 0.0031156206482286786 925
1694627595190 0.0012412922456354059 926
1694627595236 0.0024106602883262607 927
1694627595276 0.0005508290173841246 928
1694627595314 0.0016978595871856017 929
1694627595352 0.00025615134442480425 930
1694627595388 0.001117642467226121 931
1694627595429 0.002292345742157309 932
1694627595471 0.00041998897476314134 933
1694627595515 0.0018469551657072092 934
1694627595553 0.003081254753269147 935
1694627595597 0.0003239406599031547 936
1694627595641 0.000686594204500901 937
1694627595681 0.0013155331069309995 938
1694627595722 0.0005797795226459845 939
1694627595765 0.0001105688814646566 940
1694627595806 0.0011130741327043392 941
1694627595839 0.0029465267141014495 942
1694627595872 0.0019616820851171557 943
1694627595907 0.0008253983173099888 944
1694627595941 0.00151356275654968 945
1694627595973 0.0015587771980961618 946
1694627596007 0.0029514866482469593 947
1694627596050 0.0017508702673045828 948
1694627596089 0.0013884087087631114 949
1694627596134 0.0019790249728117715 950
1694627596171 0.0016276726633442928 951
1694627596208 0.001985126906844048 952
1694627596244 0.0010339576731797084 953
1694627596278 0.003344831660453851 954
1694627596312 0.0027062130874739854 955
1694627596347 0.003771916998275726 956
1694627596380 0.0019909864907656782 957
1694627596414 0.004204474121387358 958
1694627596449 0.00034501270764153436 959
1694627596480 0.004040529491049161 960
1694627596515 0.0042668216984882434 961
1694627596547 -0.00038730078655446754 962
1694627596583 0.004210307454350359 963
1694627596626 0.0005278931373032814 964
1694627596671 0.002315788260896956 965
1694627596712 0.002336372979552248 966
1694627596752 0.004432673918666197 967
1694627596786 0.003507018506290094 968
1694627596820 0.004741520841240909 969
1694627596854 0.0024971655702076268 970
1694627596888 0.003405710957457231 971
1694627596921 0.0031097169433168537 972
1694627596955 0.0007901811366904932 973
1694627596988 0.0005101651687794417 974
1694627597028 0.0018627756904586734 975
1694627597077 0.0024932968326392135 976
1694627597122 0.0017349020624495282 977
1694627597163 0.0007549537136214424 978
1694627597198 0.0019472831318227968 979
1694627597233 0.004763493622767401 980
1694627597265 0.003121443592305151 981
1694627597299 -0.0001321677162748891 982
1694627597332 0.0029283396001771322 983
1694627597364 0.002820851716111017 984
1694627597395 0.0017130264074337598 985
1694627597429 0.001550428221357758 986
1694627597461 0.002474816138240299 987
1694627597494 0.0038979868998301193 988
1694627597529 0.003664869839899665 989
1694627597565 0.003867731750548886 990
1694627597607 0.0014989311661398608 991
1694627597657 0.0018544544156100518 992
1694627597705 0.0024758242745037684 993
1694627597746 0.0025284721937109955 994
1694627597784 0.004987282487187827 995
1694627597818 0.005054544866063271 996
1694627597850 0.0036656070876165403 997
1694627597884 0.0035173739609098975 998
1694627597919 0.0027625639481332342 999
