1694631009873 91.38852526361471 0
1694631010081 52.75980042204987 1
1694631010291 31.78749240691393 2
1694631010489 20.606191249966816 3
1694631010681 9.124377519204131 4
1694631010882 3.6219837843002187 5
1694631011072 3.7414849067906246 6
1694631011273 1.4634715341227236 7
1694631011478 2.032942384549175 8
1694631011678 2.0671831887467893 9
1694631011873 0.23202084928674932 10
1694631012059 1.3281599198344611 11
1694631012246 0.37383574768269967 12
1694631012426 0.27946859678970526 13
1694631012601 0.29576250662203507 14
1694631012773 0.015855594996046912 15
1694631012976 0.004724103655545147 16
1694631013166 0.07001413498006344 17
1694631013404 0.27557083970823393 18
1694631013610 0.1027199218759666 19
1694631013806 0.007458317715863472 20
1694631014024 2.9563390351305185e-05 21
1694631014233 0.2648879478214727 22
1694631014419 0.004410503686283552 23
1694631014624 0.18162991258030886 24
1694631014827 0.08932252710014148 25
1694631015037 0.058237442810604445 26
1694631015220 0.009395456382414734 27
1694631015309 0.0027589266309563875 28
1694631015607 0.13963352940055374 29
1694631015818 0.11376923292798614 30
1694631016037 0.31135605492178703 31
1694631016248 0.01696621252932316 32
1694631016544 0.18537436571251908 33
1694631016773 0.004278228343142263 34
1694631017009 0.0018695155607496331 35
1694631017224 0.07233631330292761 36
1694631017446 0.5061225735562904 37
1694631017683 0.47513520320363595 38
1694631017889 0.004088186569226864 39
1694631018090 0.0013012028401939353 40
1694631018326 0.019953415772785546 41
1694631018544 0.0006280639296602882 42
1694631018720 0.011403831356846307 43
1694631018916 0.0007363101229094834 44
1694631019109 0.7918157173418957 45
1694631019318 0.08797718872179555 46
1694631019512 0.05078700655938594 47
1694631019707 1.0002637108373378 48
1694631019876 0.0787491830174196 49
1694631020059 0.04200236964155572 50
1694631020241 1.2678177954134e-05 51
1694631020409 0.26325017735127515 52
1694631020597 0.12989873794815654 53
1694631020780 0.0021510222349236325 54
1694631020975 0.006020965066552863 55
1694631021176 0.004732724562141719 56
1694631021364 0.07058716203036164 57
1694631021560 0.03799203321198686 58
1694631021754 0.5517121906175855 59
