1694639457708 0.0 0
1694639458304 0.0 1
1694639458971 0.0 2
1694639459604 0.0 3
1694639460239 0.0 4
1694639460824 0.0 5
1694639461428 0.0 6
1694639462076 0.0 7
1694639462670 0.0 8
1694639463293 0.0 9
1694639463897 0.0 10
1694639464558 0.0 11
1694639465102 0.0 12
1694639465678 0.0 13
1694639466293 0.0 14
1694639466914 0.0 15
1694639467531 0.0 16
1694639468124 0.0 17
1694639468757 0.0 18
1694639469347 0.0 19
1694639469913 0.0 20
1694639470491 0.0 21
1694639471002 0.0 22
1694639471593 0.0 23
1694639472179 0.0 24
1694639472763 0.0 25
1694639473368 0.0 26
1694639473907 0.0 27
1694639474486 0.0 28
1694639475162 0.0 29
1694639475738 0.0 30
1694639476319 0.0 31
1694639476970 0.0 32
1694639477577 0.0 33
1694639478151 0.0 34
1694639478749 0.0 35
1694639479331 0.0 36
1694639479905 0.0 37
1694639480473 0.0 38
1694639481089 0.0 39
1694639481671 0.0 40
1694639482290 0.0 41
1694639482890 0.0 42
1694639483489 0.0 43
1694639484110 0.0 44
1694639484728 0.0 45
1694639485363 0.0 46
1694639485971 0.0 47
1694639486591 0.0 48
1694639487309 0.0 49
1694639487890 0.0 50
1694639488609 0.0 51
1694639489222 0.0 52
1694639489867 0.0 53
1694639490491 0.0 54
1694639491107 0.0 55
1694639491682 0.0 56
1694639492286 0.0 57
1694639492853 0.0 58
1694639493428 0.0 59
1694639494024 0.0 60
1694639494616 0.0 61
1694639495229 0.0 62
1694639495790 0.0 63
1694639496365 0.0 64
1694639496977 0.0 65
1694639497790 0.0 66
1694639498449 0.0 67
1694639499029 0.0 68
1694639499603 0.0 69
1694639500224 0.0 70
1694639500820 0.0 71
1694639501426 0.0 72
1694639502013 0.0 73
1694639502630 0.0 74
1694639503185 0.0 75
1694639503763 0.0 76
1694639504355 0.0 77
1694639504942 0.0 78
1694639505562 0.0 79
1694639506097 0.0 80
1694639506685 0.0 81
1694639507268 0.0 82
1694639507945 0.0 83
1694639508532 0.0 84
1694639509059 0.0 85
1694639509728 0.0 86
1694639510378 0.0 87
1694639510937 0.0 88
1694639511536 0.0 89
1694639512092 0.0 90
1694639512700 0.0 91
1694639513310 0.0 92
1694639513926 0.0 93
1694639514587 0.0 94
1694639515168 0.0 95
1694639515823 0.0 96
1694639516376 0.0 97
1694639516978 0.0 98
1694639517567 0.0 99
1694639518284 0.0 100
1694639518882 0.0 101
1694639519471 0.0 102
1694639520072 0.0 103
1694639520680 0.0 104
1694639521303 0.0 105
1694639521915 0.0 106
1694639522506 0.0 107
1694639523204 0.0 108
1694639523739 0.0 109
1694639524298 0.0 110
1694639524862 0.0 111
1694639525438 0.0 112
1694639526065 0.0 113
1694639526554 0.0 114
1694639527110 0.0 115
1694639527680 0.0 116
1694639528261 0.0 117
1694639528783 0.0 118
1694639529393 0.0 119
1694639529953 0.0 120
1694639530532 0.0 121
1694639531029 0.0 122
1694639531552 0.0 123
1694639532117 0.0 124
1694639532711 0.0 125
1694639533337 0.0 126
1694639533917 0.0 127
1694639534497 0.0 128
1694639535075 0.0 129
1694639535658 0.0 130
1694639536220 0.0 131
1694639536821 0.0 132
1694639537564 0.0 133
1694639537891 0.0 134
1694639538428 0.0 135
1694639539011 0.0 136
1694639539653 0.0 137
1694639540194 0.0 138
1694639540832 0.0 139
1694639541450 0.0 140
1694639542066 0.0 141
1694639542654 0.0 142
1694639543263 0.0 143
1694639543879 0.0 144
1694639544456 0.0 145
1694639545043 0.0 146
1694639545636 0.0 147
1694639546265 0.0 148
1694639546854 0.0 149
1694639547478 0.0 150
1694639548161 0.0 151
1694639548814 0.0 152
1694639549439 0.0 153
1694639550045 0.0 154
1694639550611 0.0 155
1694639551150 0.0 156
1694639551736 0.0 157
1694639552347 0.0 158
1694639552931 0.0 159
1694639553520 0.0 160
1694639554062 0.0 161
1694639554684 0.0 162
1694639555281 0.0 163
1694639555867 0.0 164
1694639556506 0.0 165
1694639557081 0.0 166
1694639557706 0.0 167
1694639558264 0.0 168
1694639558786 0.0 169
1694639559357 0.0 170
1694639559929 0.0 171
1694639560505 0.0 172
1694639561058 0.0 173
1694639561675 0.0 174
1694639562260 0.0 175
1694639562855 0.0 176
1694639563460 0.0 177
1694639564066 0.0 178
1694639564722 0.0 179
1694639565288 0.0 180
1694639565823 0.0 181
1694639566455 0.0 182
1694639567095 0.0 183
1694639567722 0.0 184
1694639568316 0.0 185
1694639568995 0.0 186
1694639569597 0.0 187
1694639570157 0.0 188
1694639570843 0.0 189
1694639571607 0.0 190
1694639572181 0.0 191
1694639572847 0.0 192
1694639573422 0.0 193
1694639574013 0.0 194
1694639574612 0.0 195
1694639575254 0.0 196
1694639575864 0.0 197
1694639576435 0.0 198
1694639577073 0.0 199
1694639577664 0.0 200
1694639578243 0.0 201
1694639578900 0.0 202
1694639579480 0.0 203
1694639580108 0.0 204
1694639580703 0.0 205
1694639581309 0.0 206
1694639581799 0.0 207
1694639582420 0.0 208
1694639582997 0.0 209
1694639583609 0.0 210
1694639584187 0.0 211
1694639584806 0.0 212
1694639585411 0.0 213
1694639585986 0.0 214
1694639586533 0.0 215
1694639587138 0.0 216
1694639587813 0.0 217
1694639588503 0.0 218
1694639589143 0.0 219
1694639589710 0.0 220
1694639590311 0.0 221
1694639590885 0.0 222
1694639591478 0.0 223
1694639592038 0.0 224
1694639592612 0.0 225
1694639593224 0.0 226
1694639593784 0.0 227
1694639594375 0.0 228
1694639594965 0.0 229
1694639595555 0.0 230
1694639596131 0.0 231
1694639596713 0.0 232
1694639597252 0.0 233
1694639597828 0.0 234
1694639598398 0.0 235
1694639599040 0.0 236
1694639599626 0.0 237
1694639600188 0.0 238
1694639600774 0.0 239
1694639601354 0.0 240
1694639601953 0.0 241
1694639602547 0.0 242
1694639603124 0.0 243
1694639603713 0.0 244
1694639604316 0.0 245
1694639604931 0.0 246
1694639605495 0.0 247
1694639606122 0.0 248
1694639606703 0.0 249
1694639607296 0.0 250
1694639607847 0.0 251
1694639608431 0.0 252
1694639609018 0.0 253
1694639609603 0.0 254
1694639610151 0.0 255
1694639610703 0.0 256
1694639611257 0.0 257
1694639611842 0.0 258
1694639612427 0.0 259
1694639613005 0.0 260
1694639613656 0.0 261
1694639614304 0.0 262
1694639614941 0.0 263
1694639615599 0.0 264
1694639616114 0.0 265
1694639616754 0.0 266
1694639617399 0.0 267
1694639618035 0.0 268
1694639618585 0.0 269
1694639619242 0.0 270
1694639619891 0.0 271
1694639620452 0.0 272
1694639621010 0.0 273
1694639621591 0.0 274
1694639622206 0.0 275
1694639622831 0.0 276
1694639623381 0.0 277
1694639623947 0.0 278
1694639624540 0.0 279
1694639625108 0.0 280
1694639625691 0.0 281
1694639626283 0.0 282
1694639626874 0.0 283
1694639627449 0.0 284
1694639628040 0.0 285
1694639628649 0.0 286
1694639629245 0.0 287
1694639629821 0.0 288
1694639630443 0.0 289
1694639630977 0.0 290
1694639631583 0.0 291
1694639632315 0.0 292
1694639632976 0.0 293
1694639633571 0.0 294
1694639634172 0.0 295
1694639634772 0.0 296
1694639635367 0.0 297
1694639635959 0.0 298
1694639636550 0.0 299
1694639637144 0.0 300
1694639637727 0.0 301
1694639638281 0.0 302
1694639638909 0.0 303
1694639639629 0.0 304
1694639640271 0.0 305
1694639640894 0.0 306
1694639641478 0.0 307
1694639642053 0.0 308
1694639642627 0.0 309
1694639643195 0.0 310
1694639643781 0.0 311
1694639644355 0.0 312
1694639644934 0.0 313
1694639645538 0.0 314
1694639646107 0.0 315
1694639646697 0.0 316
1694639647341 0.0 317
1694639647973 0.0 318
1694639648576 0.0 319
1694639649147 0.0 320
1694639649998 0.0 321
1694639650582 0.0 322
1694639651161 0.0 323
1694639651743 0.0 324
1694639652310 0.0 325
1694639652953 0.0 326
1694639653575 0.0 327
1694639654140 0.0 328
1694639654715 0.0 329
1694639655293 0.0 330
1694639655843 0.0 331
1694639656386 0.0 332
1694639656956 0.0 333
1694639657556 0.0 334
1694639658165 0.0 335
1694639658750 0.0 336
1694639659343 0.0 337
1694639659949 0.0 338
1694639660566 0.0 339
1694639661145 0.0 340
1694639661794 0.0 341
1694639662377 0.0 342
1694639662974 0.0 343
1694639663613 0.0 344
1694639664245 0.0 345
1694639664889 0.0 346
1694639665436 0.0 347
1694639666018 0.0 348
1694639666595 0.0 349
1694639667245 0.0 350
1694639667845 0.0 351
1694639668465 0.0 352
1694639669025 0.0 353
1694639669621 0.0 354
1694639670224 0.0 355
1694639670767 0.0 356
1694639671370 0.0 357
1694639672025 0.0 358
1694639672591 0.0 359
1694639673150 0.0 360
1694639673714 0.0 361
1694639674287 0.0 362
1694639674877 0.0 363
1694639675458 0.0 364
1694639676064 0.0 365
1694639676692 0.0 366
1694639677290 0.0 367
1694639677881 0.0 368
1694639678530 0.0 369
1694639679119 0.0 370
1694639679764 0.0 371
1694639680391 0.0 372
1694639681084 0.0 373
1694639681699 0.0 374
1694639682311 0.0 375
1694639682940 0.0 376
1694639683573 0.0 377
1694639684165 0.0 378
1694639684757 0.0 379
1694639685362 0.0 380
1694639685953 0.0 381
1694639686545 0.0 382
1694639687127 0.0 383
1694639687733 0.0 384
1694639688345 0.0 385
1694639688954 0.0 386
1694639689574 0.0 387
1694639690139 0.0 388
1694639690742 0.0 389
1694639691347 0.0 390
1694639691932 0.0 391
1694639692437 0.0 392
1694639693045 0.0 393
1694639693861 0.0 394
1694639694523 0.0 395
1694639695116 0.0 396
1694639695707 0.0 397
1694639696287 0.0 398
1694639696934 0.0 399
1694639697481 0.0 400
1694639698094 0.0 401
1694639698760 0.0 402
1694639699317 0.0 403
1694639699901 0.0 404
1694639700612 0.0 405
1694639701204 0.0 406
1694639701759 0.0 407
1694639702263 0.0 408
1694639702811 0.0 409
1694639703372 0.0 410
1694639703962 0.0 411
1694639704563 0.0 412
1694639705111 0.0 413
1694639705649 0.0 414
1694639706224 0.0 415
1694639706826 0.0 416
1694639707401 0.0 417
1694639707994 0.0 418
1694639708571 0.0 419
1694639709161 0.0 420
1694639709719 0.0 421
1694639710283 0.0 422
1694639710919 0.0 423
1694639711525 0.0 424
1694639712192 0.0 425
1694639712738 0.0 426
1694639713390 0.0 427
1694639713962 0.0 428
1694639714573 0.0 429
1694639715130 0.0 430
1694639715720 0.0 431
1694639716319 0.0 432
1694639716907 0.0 433
1694639717499 0.0 434
1694639718074 0.0 435
1694639718666 0.0 436
1694639719304 0.0 437
1694639719888 0.0 438
1694639720481 0.0 439
1694639721205 0.0 440
1694639721857 0.0 441
1694639722427 0.0 442
1694639723010 0.0 443
1694639723518 0.0 444
1694639723881 0.0 445
1694639724072 0.0 446
1694639724577 0.0 447
1694639725245 0.0 448
1694639725835 0.0 449
1694639726408 0.0 450
1694639727004 0.0 451
1694639727616 0.0 452
1694639728176 0.0 453
1694639728808 0.0 454
1694639729438 0.0 455
1694639730023 0.0 456
1694639730583 0.0 457
1694639731166 0.0 458
1694639731743 0.0 459
1694639732337 0.0 460
1694639732906 0.0 461
1694639733463 0.0 462
1694639734026 0.0 463
1694639734631 0.0 464
1694639735200 0.0 465
1694639735795 0.0 466
1694639736369 0.0 467
1694639736972 0.0 468
1694639737565 0.0 469
1694639738184 0.0 470
1694639738764 0.0 471
1694639739401 0.0 472
1694639739912 0.0 473
1694639740524 0.0 474
1694639741143 0.0 475
1694639741713 0.0 476
1694639742353 0.0 477
1694639742995 0.0 478
1694639743569 0.0 479
1694639744139 0.0 480
1694639744737 0.0 481
1694639745386 0.0 482
1694639745995 0.0 483
1694639746647 0.0 484
1694639747250 0.0 485
1694639747842 0.0 486
1694639748462 0.0 487
1694639749096 0.0 488
1694639749794 0.0 489
1694639750348 0.0 490
1694639750926 0.0 491
1694639751589 0.0 492
1694639752173 0.0 493
1694639752767 0.0 494
1694639753346 0.0 495
1694639753976 0.0 496
1694639754751 0.0 497
1694639755339 0.0 498
1694639755909 0.0 499
1694639756496 0.0 500
1694639757125 0.0 501
1694639757740 0.0 502
1694639758378 0.0 503
1694639758992 0.0 504
1694639759657 0.0 505
1694639760186 0.0 506
1694639760700 0.0 507
1694639761299 0.0 508
1694639761883 0.0 509
1694639762505 0.0 510
1694639763155 0.0 511
1694639763752 0.0 512
1694639764348 0.0 513
1694639764960 0.0 514
1694639765578 0.0 515
1694639766152 0.0 516
1694639766734 0.0 517
1694639767311 0.0 518
1694639767881 0.0 519
1694639768414 0.0 520
1694639768949 0.0 521
1694639769544 0.0 522
1694639770139 0.0 523
1694639770732 0.0 524
1694639771286 0.0 525
1694639771830 0.0 526
1694639772465 0.0 527
1694639773061 0.0 528
1694639773646 0.0 529
1694639774207 0.0 530
1694639774798 0.0 531
1694639775384 0.0 532
1694639775968 0.0 533
1694639776565 0.0 534
1694639777121 0.0 535
1694639777759 0.0 536
1694639778337 0.0 537
1694639778909 0.0 538
1694639779481 0.0 539
1694639780138 0.0 540
1694639780705 0.0 541
1694639781291 0.0 542
1694639781879 0.0 543
1694639782453 0.0 544
1694639783036 0.0 545
1694639783655 0.0 546
1694639784385 0.0 547
1694639784929 0.0 548
1694639785537 0.0 549
1694639786130 0.0 550
1694639786713 0.0 551
1694639787288 0.0 552
1694639787965 0.0 553
1694639788599 0.0 554
1694639789199 0.0 555
1694639789836 0.0 556
1694639790477 0.0 557
1694639791146 0.0 558
1694639791861 0.0 559
1694639792482 0.0 560
