1694627119730 0.0005134961288124629 0
1694627119817 0.0014224028384587362 1
1694627119945 0.0007978736222487015 2
1694627120060 0.0005085008149819936 3
1694627120151 0.0010273901632688043 4
1694627120237 0.0006013021992586909 5
1694627120330 0.0008376205307515372 6
1694627120412 0.00024361810570128206 7
1694627120513 0.0009055442416237014 8
1694627120609 0.00043052360156237146 9
1694627120729 0.001151633026327592 10
1694627120846 0.0003932408149118771 11
1694627120986 0.0009594534352411754 12
1694627121096 0.0008508152440872552 13
1694627121213 0.0007331096330589482 14
1694627121324 0.00027255769006795383 15
1694627121411 0.0006828974315913339 16
1694627121488 0.0010113398735426271 17
1694627121579 0.0008123830326679515 18
1694627121671 -0.0003606336463497506 19
1694627121767 0.000684473140080688 20
1694627121842 0.0006497826110273275 21
1694627121923 0.0008245597904579238 22
1694627122005 0.0015703367801154222 23
1694627122075 0.0004038782833003518 24
1694627122151 0.000705834282675899 25
1694627122227 0.0008511831542173942 26
1694627122294 0.0008971841264285851 27
1694627122357 0.002100977550402061 28
1694627122414 0.0009133707588789841 29
1694627122482 0.0009939035474054725 30
1694627122554 0.0013278656363476804 31
1694627122629 0.0011243410200362236 32
1694627122702 0.001047356498854013 33
1694627122773 0.0009946566636958032 34
1694627122850 0.0012361142774989231 35
1694627122925 0.0014843877850775344 36
1694627122999 0.0025507361616793345 37
1694627123091 0.0011651363403649695 38
1694627123181 0.0012527752618249899 39
1694627123280 0.002953597789641882 40
1694627123380 0.0017705889135301023 41
1694627123467 0.0018587652908543806 42
1694627123550 0.0009383340088133796 43
1694627123629 0.0013522338003243428 44
1694627123713 0.0026248976936020796 45
1694627123800 0.0014118341162858705 46
1694627123890 0.0022914896527866935 47
1694627123990 0.001910000685084845 48
1694627124072 0.001966005000880955 49
1694627124142 0.0019043684885202694 50
1694627124201 0.003184161431270538 51
1694627124264 0.0020028639874137832 52
1694627124324 0.002990156329037763 53
1694627124389 0.0015077459738140897 54
1694627124452 0.0033696145828957524 55
1694627124507 0.003072186513158215 56
1694627124576 0.0024369548688178977 57
1694627124645 0.003626842999246538 58
1694627124720 0.002510138597458522 59
1694627124792 0.002660273542692604 60
1694627124859 0.002789794340133822 61
1694627124920 0.0028009208741851532 62
1694627124994 0.002444997565234197 63
1694627125058 0.0020910239789689866 64
1694627125118 0.0028181574551983113 65
1694627125180 0.005370626933886569 66
1694627125233 0.00352562958386593 67
1694627125296 0.003540941277227705 68
1694627125354 0.004938825580926176 69
1694627125424 0.004249143086222151 70
1694627125500 0.006049458327447965 71
1694627125574 0.005302826968315633 72
1694627125650 0.006526942247953471 73
1694627125735 0.003325509983953756 74
1694627125799 0.005227770659729125 75
1694627125863 0.004876122199267807 76
1694627125952 0.004561045726776847 77
1694627126026 0.0054925037167964375 78
1694627126092 0.006580300724210897 79
1694627126151 0.005207933055213165 80
1694627126207 0.004674688686231443 81
1694627126263 0.0051792393838353545 82
1694627126337 0.006089267527573106 83
1694627126403 0.003838841757936362 84
1694627126491 0.004859600517490903 85
1694627126572 0.008763267749653969 86
1694627126639 0.007349286487061568 87
1694627126710 0.009804266672974626 88
1694627126780 0.009746465378823954 89
1694627126854 0.004282229060329601 90
1694627126929 0.005468853885422509 91
1694627127003 0.006468995322379212 92
1694627127088 0.006863343373459174 93
1694627127164 0.007932102641226013 94
1694627127254 0.006949808786834044 95
1694627127341 0.005887281810847744 96
1694627127429 0.008178232618121228 97
1694627127503 0.007846746273644456 98
1694627127582 0.011971449778170995 99
1694627127662 0.00884878338970907 100
1694627127750 0.010290515811666068 101
1694627127830 0.010073112748804847 102
1694627127910 0.010651059941872765 103
1694627127992 0.013153564950590502 104
1694627128061 0.009773062044361791 105
1694627128129 0.01170445528768227 106
1694627128208 0.011891481163120554 107
1694627128294 0.012452488286490815 108
1694627128371 0.012468879494431984 109
1694627128438 0.01168789026469963 110
1694627128498 0.01339659057595255 111
1694627128556 0.014324052799559395 112
1694627128633 0.01614402794338121 113
1694627128713 0.013278957176171113 114
1694627128794 0.01688842259024037 115
1694627128870 0.011103049928264275 116
1694627128961 0.011243326742609971 117
1694627129054 0.012218155256064622 118
1694627129130 0.012032213520160817 119
1694627129212 0.01814006872158591 120
1694627129285 0.016283626378512994 121
1694627129370 0.02408119179597179 122
1694627129452 0.012472522720501367 123
1694627129539 0.020898356549745367 124
1694627129630 0.023764924292721035 125
1694627129701 0.020860183274562294 126
1694627129778 0.0236004562891855 127
1694627129856 0.009238717621919634 128
1694627129938 0.02234827794723515 129
1694627130010 0.022284265326290242 130
1694627130092 0.022083370843116845 131
1694627130166 0.02496606610827179 132
1694627130248 0.015333960938527236 133
1694627130333 0.022238079203957484 134
1694627130420 0.022331496876436763 135
1694627130508 0.027158716495005453 136
1694627130592 0.028827057156606606 137
1694627130670 0.012931933714773636 138
1694627130750 0.019949023503895824 139
1694627130835 0.021582919014615287 140
1694627130925 0.031051737653214118 141
1694627130981 0.027509895199750445 142
1694627131061 0.023720363950583634 143
1694627131140 0.02982949163287041 144
1694627131220 0.026256833503197186 145
1694627131301 0.035138216976222436 146
1694627131395 0.03270464738348344 147
1694627131480 0.030109830733909604 148
1694627131570 0.0318229963940978 149
1694627131647 0.02667272468729487 150
1694627131725 0.02380129204783099 151
1694627131812 0.03134856089568927 152
1694627131890 0.042210792283934984 153
1694627131972 0.040236331800432845 154
1694627132038 0.033871123430826544 155
1694627132100 0.020280526047768088 156
1694627132173 0.038078811541573776 157
1694627132247 0.037773618888670035 158
1694627132331 0.04209251437193373 159
1694627132413 0.05333313419188235 160
1694627132504 0.02978280503452424 161
1694627132585 0.04434211048740999 162
1694627132680 0.05394289075806835 163
1694627132771 0.049909031843879514 164
1694627132849 0.04091098934492565 165
1694627132923 0.05716716827914592 166
1694627133011 0.054879276742555994 167
1694627133098 0.0442506085485912 168
1694627133191 0.04815245817364777 169
1694627133265 0.04690544606189362 170
1694627133351 0.052238933780800134 171
1694627133435 0.03652476108994818 172
1694627133529 0.05064015542066147 173
1694627133603 0.05705633542631727 174
1694627133683 0.05450357771530179 175
1694627133766 0.03961377044460679 176
1694627133855 0.06589090971300293 177
1694627133938 0.058464765143000474 178
1694627134019 0.055520311005972434 179
1694627134106 0.07400148873476109 180
1694627134192 0.07088452450505711 181
1694627134267 0.06462969319045164 182
1694627134330 0.07405126442576526 183
1694627134422 0.08983564992231963 184
1694627134508 0.06121829428429382 185
1694627134591 0.0724951287893626 186
1694627134654 0.0489234256657759 187
1694627134729 0.0747774003775653 188
1694627134826 0.09092849791408475 189
1694627134917 0.05825228925552195 190
1694627135006 0.09331263465025774 191
1694627135102 0.07870013037439083 192
1694627135190 0.0829249698061213 193
1694627135266 0.07977514322661028 194
1694627135342 0.12490171664408234 195
1694627135423 0.0855566924498492 196
1694627135510 0.06996770962644372 197
1694627135593 0.0858593738032648 198
1694627135676 0.06911317882434354 199
1694627135766 0.08245002791563538 200
1694627135835 0.09790283806849032 201
1694627135893 0.06122011394386895 202
1694627135948 0.09041262352888069 203
1694627136018 0.08801750213126891 204
1694627136098 0.11520224697352832 205
1694627136183 0.09614955303425465 206
1694627136261 0.10554810063894593 207
1694627136346 0.09194315846551837 208
1694627136414 0.11413758109996675 209
1694627136498 0.0931169767853266 210
1694627136593 0.10229441352258761 211
1694627136677 0.13864282653202686 212
1694627136755 0.10273073462896432 213
1694627136849 0.1359488700082898 214
1694627136934 0.10264495426889086 215
1694627137017 0.12744691466967772 216
1694627137108 0.12881968702879854 217
1694627137204 0.1236580609885658 218
1694627137288 0.14852740164030132 219
1694627137380 0.14928838574476677 220
1694627137457 0.12985171171164744 221
1694627137543 0.13083409993116968 222
1694627137628 0.17455929515045732 223
1694627137718 0.13030761133286817 224
1694627137804 0.13375180576774448 225
1694627137891 0.12793169296284268 226
1694627137990 0.134595201617148 227
1694627138081 0.17785975493624162 228
1694627138168 0.17497437618416034 229
1694627138256 0.16513229034436117 230
1694627138332 0.168442250620793 231
1694627138403 0.18173109668723775 232
1694627138473 0.1621462355236658 233
1694627138530 0.1646375459164252 234
1694627138600 0.21357519328495522 235
1694627138659 0.15764316794716626 236
1694627138730 0.17516982502784517 237
1694627138794 0.17362532533433395 238
1694627138852 0.22302660414978082 239
1694627138897 0.21188210721772294 240
1694627138962 0.16770412616556096 241
1694627139024 0.18820273314392988 242
1694627139074 0.2279659589691062 243
1694627139124 0.1713095103058937 244
1694627139172 0.17760366367339342 245
1694627139228 0.20284489553204488 246
1694627139284 0.21215759204464346 247
1694627139358 0.16633068886986246 248
1694627139425 0.19702489077965457 249
1694627139479 0.2118308055788405 250
1694627139529 0.21740342269012125 251
1694627139581 0.19036905554879535 252
1694627139634 0.2026638095033576 253
1694627139679 0.2332836276465634 254
1694627139739 0.2616792103350908 255
1694627139794 0.2395402556958196 256
1694627139849 0.2322841297689927 257
1694627139904 0.24639920453893838 258
1694627139952 0.18982897384758257 259
1694627140000 0.21804669294399903 260
1694627140054 0.25539019041086464 261
1694627140105 0.19579923119932585 262
1694627140157 0.25732082888929897 263
1694627140211 0.24802418972633322 264
1694627140262 0.2527885678238616 265
1694627140319 0.2501265383368828 266
1694627140372 0.26743003949016264 267
1694627140434 0.27881612238585873 268
1694627140495 0.24189405004775633 269
1694627140551 0.28631876027912795 270
1694627140601 0.2636058442258462 271
1694627140651 0.3084697165868475 272
1694627140697 0.33251434533405777 273
1694627140752 0.26227283552036373 274
1694627140806 0.29374953197495 275
1694627140871 0.29004170343233227 276
1694627140932 0.37268942663918514 277
1694627140990 0.26956170790107203 278
1694627141049 0.30010662911537833 279
1694627141095 0.2806461320935423 280
1694627141152 0.3078466388272296 281
1694627141207 0.3091418104598227 282
1694627141270 0.33718261270708694 283
1694627141345 0.34141151589643015 284
1694627141393 0.3148643748275224 285
1694627141453 0.3188628537624093 286
1694627141514 0.2959865168572159 287
1694627141587 0.3780066816816924 288
1694627141651 0.3426985044329842 289
1694627141705 0.37156301520061397 290
1694627141753 0.3929448709138016 291
1694627141799 0.33615698365617286 292
1694627141853 0.35197639567841543 293
1694627141904 0.3494370508898653 294
1694627141963 0.3862662743445423 295
1694627142013 0.399999675364042 296
1694627142073 0.41597299562224543 297
1694627142134 0.4292905378593477 298
1694627142196 0.3005032814576408 299
1694627142249 0.34352760801488913 300
1694627142297 0.4168750780314098 301
1694627142347 0.37679303114393314 302
1694627142396 0.37104076533733243 303
1694627142460 0.38217131059865606 304
1694627142520 0.41897435708601416 305
1694627142590 0.3008281611792357 306
1694627142642 0.4302836481879192 307
1694627142688 0.4478320961088853 308
1694627142744 0.3961446368134023 309
1694627142796 0.4312264331423742 310
1694627142846 0.43029151924709996 311
1694627142890 0.380182143135813 312
1694627142947 0.4486141936325927 313
1694627143004 0.40592826411277694 314
1694627143071 0.4495178556594025 315
1694627143141 0.3525111150491974 316
1694627143205 0.4494911083058706 317
1694627143273 0.4155230709951302 318
1694627143322 0.39221285672850426 319
1694627143377 0.4419289571249774 320
1694627143446 0.4290686944427228 321
1694627143505 0.5022437581331927 322
1694627143557 0.3802625242487556 323
1694627143601 0.4522832416388528 324
1694627143657 0.5222907526670835 325
1694627143701 0.37922436394102055 326
1694627143754 0.48943140012169695 327
1694627143800 0.49660709211865783 328
1694627143850 0.48242590533895546 329
1694627143909 0.47167011463906705 330
1694627143978 0.47654348797990687 331
1694627144039 0.4480671359222852 332
1694627144089 0.4110092661597936 333
1694627144150 0.4395419861968036 334
1694627144208 0.5163195834345851 335
1694627144270 0.4904074167447934 336
1694627144326 0.4858321152138627 337
1694627144372 0.4897190410832366 338
1694627144422 0.5015807232274505 339
1694627144474 0.508916438045935 340
1694627144527 0.5638424985926898 341
1694627144591 0.5297633210771971 342
1694627144659 0.5047474355346875 343
1694627144709 0.42064587206575976 344
1694627144760 0.4895308523097416 345
1694627144808 0.5029843524555091 346
1694627144862 0.4718663951635449 347
1694627144911 0.4000486146990435 348
1694627144973 0.5508616883322823 349
1694627145022 0.5081755743085115 350
1694627145075 0.5202734279779777 351
1694627145132 0.5440539256543777 352
1694627145196 0.5612217008426893 353
1694627145263 0.5005980469328922 354
1694627145326 0.49875279729050226 355
1694627145374 0.567253120718406 356
1694627145422 0.5193522685538392 357
1694627145477 0.5349351191891487 358
1694627145538 0.46129803125768776 359
1694627145594 0.4888802759581915 360
1694627145657 0.6097256489363663 361
1694627145711 0.5237163844706438 362
1694627145767 0.5829794602717169 363
1694627145815 0.5716133251830737 364
1694627145867 0.5491593792005612 365
1694627145925 0.5327792945781449 366
1694627145980 0.5606718234919856 367
1694627146047 0.5801187031927784 368
1694627146115 0.6038334777254228 369
1694627146170 0.5751605543012566 370
1694627146225 0.5176319456348213 371
1694627146280 0.569053271049913 372
1694627146329 0.5527444719383352 373
1694627146393 0.5540296127419183 374
1694627146459 0.5518082149479846 375
1694627146511 0.6159052984708897 376
1694627146564 0.6130463544096749 377
1694627146615 0.5373251136925408 378
1694627146663 0.5141433158149176 379
1694627146713 0.5527275713929773 380
1694627146765 0.5756785143834882 381
1694627146812 0.5237098175980399 382
1694627146867 0.6298518649928039 383
1694627146930 0.6351603618590094 384
1694627146991 0.610539697332009 385
1694627147044 0.5771445508603046 386
1694627147110 0.5765399440561803 387
1694627147190 0.5760740776817436 388
1694627147253 0.64359621756311 389
1694627147314 0.5976022434465403 390
1694627147373 0.5976752420738056 391
1694627147427 0.5604324265044158 392
1694627147499 0.6239821068857928 393
1694627147565 0.5840869792292089 394
1694627147619 0.6383443462723892 395
1694627147677 0.6235682892472807 396
1694627147733 0.6710579914374017 397
1694627147790 0.5709339377655827 398
1694627147851 0.6702977820094028 399
1694627147904 0.6268447301766065 400
1694627147961 0.6139404101791275 401
1694627148012 0.6391906828282017 402
1694627148072 0.63665556312181 403
1694627148128 0.657905394284412 404
1694627148192 0.6520117382685087 405
1694627148250 0.5852466524737346 406
1694627148304 0.6410780987619463 407
1694627148358 0.612360552874456 408
1694627148417 0.6046737484182871 409
1694627148481 0.6182114859959894 410
1694627148547 0.5575654485517312 411
1694627148603 0.5861271824551462 412
1694627148662 0.5157360433449304 413
1694627148718 0.6717584170885826 414
1694627148766 0.6048433550791081 415
1694627148821 0.5530169488579519 416
1694627148877 0.6291589250256726 417
1694627148945 0.5829898239740918 418
1694627149006 0.6200084091731619 419
1694627149061 0.6280231751800988 420
1694627149109 0.6258271850227238 421
1694627149159 0.6621969410985962 422
1694627149212 0.6580088135188669 423
1694627149273 0.5530327368451272 424
1694627149340 0.5992033411255036 425
1694627149401 0.6601525634696374 426
1694627149472 0.6612023592001937 427
1694627149529 0.681707834499008 428
1694627149588 0.6344667135551538 429
1694627149650 0.6730909230709445 430
1694627149706 0.7047965461351324 431
1694627149763 0.6702154541915043 432
1694627149821 0.6390322411807651 433
1694627149871 0.6343457514093507 434
1694627149922 0.5818376303976498 435
1694627149978 0.6339953411580119 436
1694627150038 0.6982628338205197 437
1694627150091 0.6169975919493405 438
1694627150156 0.6389986717809325 439
1694627150214 0.5537284131421953 440
1694627150289 0.6511329825709551 441
1694627150354 0.5711067857012504 442
1694627150410 0.6668789170301761 443
1694627150469 0.5818097623591414 444
1694627150528 0.5991181078310964 445
1694627150593 0.6637334197105078 446
1694627150661 0.68780492841795 447
1694627150720 0.6078445418114756 448
1694627150768 0.5890566432798298 449
1694627150823 0.7013354423014784 450
1694627150880 0.6815752419308774 451
1694627150927 0.5942619821933692 452
1694627150981 0.7265642936136268 453
1694627151046 0.6831985644453804 454
1694627151122 0.668208593969907 455
1694627151195 0.6383350199747398 456
1694627151251 0.6141805902713502 457
1694627151310 0.6669505859466067 458
1694627151400 0.6743031386245321 459
1694627151477 0.6123363163639949 460
1694627151547 0.7033443984170292 461
1694627151595 0.6611058390670259 462
1694627151652 0.7141681090133186 463
1694627151720 0.6225829041033364 464
1694627151791 0.6689469847200822 465
1694627151855 0.6580992597892219 466
1694627151913 0.6808196571891475 467
1694627151963 0.6890213326345118 468
1694627152015 0.6932739469827032 469
1694627152065 0.6883997863124411 470
1694627152129 0.6801069366595371 471
1694627152187 0.6984008390563632 472
1694627152245 0.660345488684806 473
1694627152299 0.672955318430921 474
1694627152366 0.7306671976054251 475
1694627152433 0.6821714497303228 476
1694627152501 0.6896424707002908 477
1694627152556 0.6739511822697335 478
1694627152609 0.6365671894817075 479
1694627152671 0.6499958566388266 480
1694627152745 0.589441315746112 481
1694627152812 0.7237732471436702 482
1694627152871 0.6481003136635894 483
1694627152920 0.6642623599296289 484
1694627152976 0.7095633936191351 485
1694627153028 0.5823124874450509 486
1694627153074 0.6316806769593313 487
1694627153129 0.6883164545072336 488
1694627153187 0.6588475410722983 489
1694627153260 0.6356187345459363 490
1694627153328 0.6727218538644244 491
1694627153393 0.6199612170568638 492
1694627153472 0.6257402255021076 493
1694627153544 0.6063701799723737 494
1694627153594 0.6717366348272544 495
1694627153644 0.6625550216174438 496
1694627153706 0.6936523567564576 497
1694627153770 0.6685602457119926 498
1694627153830 0.7025126517673098 499
1694627153890 0.7277079643397579 500
1694627153954 0.7452844553944569 501
1694627154016 0.7148548680716251 502
1694627154077 0.6919858911025019 503
1694627154131 0.655835471662916 504
1694627154190 0.6652472168453667 505
1694627154257 0.6928492084628617 506
1694627154320 0.614223179124836 507
1694627154374 0.6728087252204842 508
1694627154437 0.5736624200862545 509
1694627154510 0.6275085056751326 510
1694627154585 0.5858064010249835 511
1694627154645 0.6555917357221952 512
1694627154707 0.6429881277421804 513
1694627154774 0.6623535379304814 514
1694627154832 0.6094429204512094 515
1694627154884 0.64106134252774 516
1694627154938 0.6377372019135183 517
1694627154994 0.6631231360172243 518
1694627155063 0.6639538093637813 519
1694627155126 0.6888621637743285 520
1694627155184 0.7253350993604861 521
1694627155252 0.6212597073731069 522
1694627155308 0.7085594547494019 523
1694627155373 0.656117145210318 524
1694627155428 0.6737836402534905 525
1694627155486 0.6085047344091561 526
1694627155539 0.7009009653487538 527
1694627155586 0.7259585046049157 528
1694627155636 0.6239349648661628 529
1694627155688 0.6766595060296094 530
1694627155746 0.6438966535686177 531
1694627155804 0.6444140712266807 532
1694627155877 0.684959881421616 533
1694627155933 0.6754644111916615 534
1694627155983 0.6589866552904526 535
1694627156031 0.709004217429171 536
1694627156081 0.6473472507154487 537
1694627156136 0.5943212848438424 538
1694627156189 0.5881983714593773 539
1694627156253 0.6877022202664774 540
1694627156307 0.6668493155398746 541
1694627156362 0.7418767427298452 542
1694627156424 0.625555233292171 543
1694627156496 0.6385637781841534 544
1694627156559 0.7573983512572742 545
1694627156606 0.6601174817842627 546
1694627156659 0.7168114093809836 547
1694627156700 0.6592700189307827 548
1694627156760 0.7046005904332111 549
1694627156826 0.6176847866011647 550
1694627156899 0.7220911029940733 551
1694627156952 0.6911832521078722 552
1694627156998 0.5817065028082344 553
1694627157051 0.6932282055436507 554
1694627157099 0.6869836697685623 555
1694627157151 0.7008874066479003 556
1694627157203 0.7031411508626779 557
1694627157268 0.6817620820966963 558
1694627157341 0.6252701097811829 559
1694627157448 0.646909666245354 560
1694627157557 0.6586054003567998 561
1694627157646 0.7057187605527282 562
1694627157715 0.5711329792335431 563
1694627157771 0.6869660298401749 564
1694627157821 0.6867410528084776 565
1694627157875 0.6568542732879596 566
1694627157924 0.6544702123727897 567
1694627157980 0.6819915612505447 568
1694627158035 0.5934198170824865 569
1694627158101 0.7465134280179957 570
1694627158177 0.6583195537795338 571
1694627158237 0.6757890988884668 572
1694627158295 0.7097510271154522 573
1694627158345 0.7428721879580507 574
1694627158400 0.739498709979368 575
1694627158467 0.6823334090489044 576
1694627158532 0.6608185102410044 577
1694627158588 0.7089178358672446 578
1694627158639 0.7555967399057277 579
1694627158689 0.6252644162520491 580
1694627158743 0.6819848750308903 581
1694627158795 0.7036642026237341 582
1694627158854 0.6148919221916395 583
1694627158914 0.6586774832655903 584
1694627158973 0.70854643372195 585
1694627159032 0.727060069983053 586
1694627159091 0.6980239311364422 587
1694627159142 0.6544751694058711 588
1694627159195 0.7388580776447509 589
1694627159260 0.6417362373560591 590
1694627159329 0.7269245986169874 591
1694627159389 0.6343965729229706 592
1694627159442 0.7229277360051494 593
1694627159495 0.6347431000794914 594
1694627159553 0.7065899135654816 595
1694627159614 0.7091849329834135 596
1694627159689 0.6869900777000827 597
1694627159766 0.7337248176700618 598
1694627159827 0.7154636342588302 599
1694627159879 0.7421415723910408 600
1694627159931 0.6993404917595634 601
1694627159986 0.730418042877829 602
1694627160048 0.6798133641107671 603
1694627160107 0.7324537589760407 604
1694627160156 0.7414646371912298 605
1694627160211 0.7111317153105475 606
1694627160266 0.7326236386073712 607
1694627160335 0.7249570889372592 608
1694627160391 0.6149041826176473 609
1694627160443 0.6335265324390517 610
1694627160500 0.7139605785139962 611
1694627160556 0.6416102915488926 612
1694627160622 0.6864996071943463 613
1694627160686 0.7111900035345748 614
1694627160743 0.7369000007758362 615
1694627160794 0.6450118283347435 616
1694627160851 0.7153813223580933 617
1694627160910 0.6568423746829144 618
1694627160965 0.6484066260254482 619
1694627161025 0.6625829000066676 620
1694627161094 0.7391168635832933 621
1694627161156 0.6879762087002159 622
1694627161218 0.6749702304436964 623
1694627161278 0.6319031464843532 624
1694627161348 0.726062895493401 625
1694627161410 0.663324634251121 626
1694627161476 0.7013659073392968 627
1694627161533 0.7241764360462359 628
1694627161578 0.6014994389758208 629
1694627161628 0.5789763718917934 630
1694627161676 0.683422735391344 631
1694627161731 0.6578257676962843 632
1694627161777 0.7026701887582603 633
1694627161839 0.6714326777680484 634
1694627161905 0.6645054543478962 635
1694627161970 0.5871599672674581 636
1694627162032 0.7131443317999286 637
1694627162087 0.7165446957006871 638
1694627162158 0.6953885618808 639
1694627162223 0.6693758923638807 640
1694627162283 0.6665088151614363 641
1694627162333 0.6506347541950085 642
1694627162379 0.7022361363988816 643
1694627162440 0.7537074000836197 644
1694627162493 0.7155744063613294 645
1694627162561 0.6540276785190824 646
1694627162631 0.675042208623363 647
1694627162689 0.7258584475350451 648
1694627162744 0.7073356553067338 649
1694627162794 0.6929720824468963 650
1694627162847 0.6937867365971271 651
1694627162904 0.5965266427988214 652
1694627162965 0.6465363594564812 653
1694627163024 0.709314198261136 654
1694627163076 0.7120351027628564 655
1694627163141 0.7115454908274463 656
1694627163203 0.7078627972131437 657
1694627163268 0.7431005342417449 658
1694627163325 0.6868550518562833 659
1694627163380 0.6473855771581389 660
1694627163441 0.7030390355033607 661
1694627163502 0.6140184206662721 662
1694627163571 0.7102866023338364 663
1694627163637 0.6516011330045162 664
1694627163695 0.6723745266672103 665
1694627163749 0.6560244081734139 666
1694627163798 0.6098825850082722 667
1694627163856 0.6867223146835002 668
1694627163902 0.7195890055900951 669
1694627163969 0.734038489644164 670
1694627164033 0.699780926326786 671
1694627164082 0.7143541387607097 672
1694627164129 0.7578242170938251 673
1694627164180 0.7161084800586258 674
1694627164232 0.7411314869590803 675
1694627164291 0.7108677647021527 676
1694627164363 0.6962801280533953 677
1694627164430 0.7205706395587379 678
1694627164486 0.7072644443091459 679
1694627164541 0.715785341667104 680
1694627164590 0.6445888280341119 681
1694627164638 0.7031588375195481 682
1694627164680 0.6850665555775346 683
1694627164737 0.682096853199458 684
1694627164797 0.6895239386291119 685
1694627164860 0.7031894909432633 686
1694627164914 0.6712756084502034 687
1694627164966 0.6765753110572101 688
1694627165022 0.7309719501964788 689
1694627165068 0.7004734526450195 690
1694627165121 0.7300886456498719 691
1694627165173 0.6849394791352967 692
1694627165223 0.7312033417836583 693
1694627165273 0.6338800314858031 694
1694627165333 0.6985107516241125 695
1694627165393 0.705256882662046 696
1694627165464 0.6930408097957205 697
1694627165537 0.6771521394999137 698
1694627165593 0.6670612794172005 699
1694627165653 0.6581618635194431 700
1694627165704 0.7789670963900434 701
1694627165760 0.6515581081496133 702
1694627165816 0.7057230413285296 703
1694627165877 0.7129522370911212 704
1694627165934 0.7158738246914673 705
1694627165987 0.6469030909199789 706
1694627166042 0.7096201704138703 707
1694627166092 0.7525801675469586 708
1694627166146 0.6844487358384541 709
1694627166192 0.7387739168805714 710
1694627166251 0.6498160854810371 711
1694627166310 0.6121885986594242 712
1694627166373 0.7118766446331113 713
1694627166434 0.6162955246024158 714
1694627166493 0.7227609205315808 715
1694627166554 0.702264619852921 716
1694627166610 0.6879874917105846 717
1694627166678 0.6985951060496343 718
1694627166730 0.7341132057335793 719
1694627166785 0.6481356486400827 720
1694627166843 0.7559005530517202 721
1694627166895 0.6632088907046685 722
1694627166943 0.7413417426635744 723
1694627166989 0.6749959410901643 724
1694627167044 0.7147209838879984 725
1694627167104 0.7322195579518328 726
1694627167170 0.6752785328593298 727
1694627167232 0.6090096665433404 728
1694627167297 0.6591649970155551 729
1694627167358 0.6935862526680643 730
1694627167420 0.7016108719184704 731
1694627167495 0.6392465979566784 732
1694627167553 0.6675999313117815 733
1694627167601 0.6040662097118036 734
1694627167655 0.7461836111131339 735
1694627167714 0.7534723547244203 736
1694627167781 0.7195118315281845 737
1694627167850 0.6581882056852822 738
1694627167930 0.6185439861195129 739
1694627168008 0.6781089637580167 740
1694627168071 0.717720644916763 741
1694627168121 0.6425380307083688 742
1694627168182 0.6255442278137979 743
1694627168256 0.6579865816208176 744
1694627168317 0.7426586631751579 745
1694627168374 0.7364736755293182 746
1694627168426 0.7116431287336243 747
1694627168482 0.6463714499286876 748
1694627168533 0.6818919785575603 749
1694627168601 0.7375859672713363 750
1694627168668 0.7307332199290288 751
1694627168729 0.6697488511756466 752
1694627168792 0.6896656674404916 753
1694627168843 0.6432306187356893 754
1694627168895 0.6080167961247444 755
1694627168950 0.6546072720487374 756
1694627169006 0.6475092044819789 757
1694627169059 0.6788534610829303 758
1694627169117 0.6785530629039719 759
1694627169183 0.6735386083741826 760
1694627169244 0.6933259336332033 761
1694627169307 0.7274236294974237 762
1694627169361 0.7337257388550262 763
1694627169407 0.6954547375329168 764
1694627169470 0.6940788325064464 765
1694627169533 0.7095763188943858 766
1694627169604 0.6903055551881907 767
1694627169677 0.6597381622846646 768
1694627169724 0.6629904253083825 769
1694627169779 0.721411395525025 770
1694627169829 0.6644830207315349 771
1694627169879 0.6657066512697445 772
1694627169931 0.6987603938338881 773
1694627169991 0.5865664394397665 774
1694627170059 0.7172713866521272 775
1694627170119 0.664257564521288 776
1694627170178 0.7356734969038359 777
1694627170229 0.6995510653569457 778
1694627170291 0.6342532411220243 779
1694627170365 0.6973814279539515 780
1694627170429 0.7061573424251726 781
1694627170491 0.7580662067222252 782
1694627170547 0.7101016298469988 783
1694627170607 0.7065100504264608 784
1694627170665 0.7441509030183514 785
1694627170723 0.6925576014573527 786
1694627170779 0.6724135184857345 787
1694627170846 0.6919947116959793 788
1694627170913 0.6760486093205551 789
1694627170971 0.6575098433303799 790
1694627171017 0.7413989343291533 791
1694627171069 0.6936310699469941 792
1694627171127 0.6143971969199276 793
1694627171178 0.7039626548836156 794
1694627171229 0.575460448283243 795
1694627171279 0.6533066992046879 796
1694627171342 0.689787878186437 797
1694627171406 0.6909978448186669 798
1694627171482 0.7104088904695953 799
1694627171552 0.694547852573555 800
1694627171616 0.7223380725789553 801
1694627171671 0.6839412266777669 802
1694627171725 0.7460360464883475 803
1694627171792 0.7284173092876229 804
1694627171858 0.6618310708680581 805
1694627171922 0.7388695041540407 806
1694627171987 0.6939381528711068 807
1694627172055 0.6962308876576937 808
1694627172122 0.6355978654474133 809
1694627172178 0.6824291663754225 810
1694627172243 0.6609825444632007 811
1694627172318 0.7225358811072997 812
1694627172384 0.7013763695051449 813
1694627172445 0.6583888506092829 814
1694627172499 0.7600976122399605 815
1694627172553 0.6684439714217166 816
1694627172615 0.6584128763542885 817
1694627172678 0.6763041526435671 818
1694627172744 0.7421667211123233 819
1694627172796 0.6059985365854803 820
1694627172852 0.6226146394450468 821
1694627172906 0.6625470036901628 822
1694627172957 0.6964480715165171 823
1694627173015 0.6675533797950588 824
1694627173072 0.7158333520837317 825
1694627173138 0.7200657059803071 826
1694627173222 0.6810014831114864 827
1694627173302 0.696097602651073 828
1694627173368 0.7073328472825025 829
1694627173435 0.6598546287224223 830
1694627173518 0.7180067147836715 831
