1694623673242 173.17929347856762 0
1694623673274 168.25067110292338 1
1694623673307 162.78634461586867 2
1694623673339 159.01586566582003 3
1694623673377 156.6672642059661 4
1694623673412 154.38489441336938 5
1694623673443 153.54003971870804 6
1694623673471 147.10239792796236 7
1694623673499 145.36719529775084 8
1694623673527 139.2809110901189 9
1694623673553 139.37277024278598 10
1694623673580 134.6702781074596 11
1694623673612 133.10940092966348 12
1694623673642 130.77688452673155 13
1694623673674 130.24438597193435 14
1694623673707 124.54655359250069 15
1694623673739 123.81015691755067 16
1694623673770 118.82117853479963 17
1694623673802 117.52368073824874 18
1694623673835 113.43149280662436 19
1694623673866 111.75254067160542 20
1694623673895 109.51145433562968 21
1694623673925 106.6920619883757 22
1694623673954 104.37175429473479 23
1694623673985 101.20462670251844 24
1694623674019 102.40305754136395 25
1694623674054 98.19614443764584 26
1694623674090 96.38347332400834 27
1694623674133 95.1048466586903 28
1694623674177 92.04746964704773 29
1694623674221 91.51859597260949 30
1694623674262 87.62817076209346 31
1694623674302 88.72447680251733 32
1694623674344 86.19665035608945 33
1694623674387 83.3312166804848 34
1694623674420 82.18293116846057 35
1694623674456 80.2021985317368 36
1694623674491 77.62209567939544 37
1694623674521 77.9149722719591 38
1694623674553 77.78081540915927 39
1694623674590 74.83985461156296 40
1694623674632 72.49470587430929 41
1694623674674 72.48643322272802 42
1694623674721 70.48506236523284 43
1694623674765 68.73234122870265 44
1694623674819 66.71391354573487 45
1694623674866 66.20116261474823 46
1694623674913 66.04066341124404 47
1694623674952 64.59905591603946 48
1694623674992 61.33338534505792 49
1694623675033 61.200394429088405 50
1694623675072 60.27708695199249 51
1694623675111 59.06981750534813 52
1694623675146 58.099550719631246 53
1694623675185 56.50864874650886 54
1694623675221 55.46690727428786 55
1694623675266 55.117505037056596 56
1694623675309 53.85933149470388 57
1694623675354 53.387756222386415 58
1694623675453 50.887872254537086 59
1694623675521 50.602252106385144 60
1694623675577 49.79316687358367 61
1694623675638 49.33253915585872 62
1694623675689 48.384138967784395 63
1694623675730 47.16263311820387 64
1694623675761 47.82862985127354 65
1694623675792 45.33500588890605 66
1694623675819 45.48656903165695 67
1694623675848 43.973148679910274 68
1694623675875 43.67924124895555 69
1694623675906 42.75223915148692 70
1694623675935 41.80033666048447 71
1694623675963 41.27039248401897 72
1694623675995 40.210327160115064 73
1694623676028 39.483007682201176 74
1694623676060 39.538681323624125 75
1694623676090 38.3163384437936 76
1694623676122 37.366872815230494 77
1694623676154 36.91529328001225 78
1694623676185 36.609646619342186 79
1694623676224 35.23268843748086 80
1694623676281 35.506836784236214 81
1694623676353 34.64074859474821 82
1694623676416 34.60244362360448 83
1694623676471 33.217861591162496 84
1694623676512 33.4448510369642 85
1694623676552 32.8470892993651 86
1694623676598 31.834955196203335 87
1694623676641 31.818422651143376 88
1694623676687 30.662574129967993 89
1694623676730 30.569714828650163 90
1694623676775 29.999006985685167 91
1694623676827 29.523086504052163 92
1694623676877 28.868063823033786 93
1694623676926 29.20271971094154 94
1694623676977 28.030187972344002 95
1694623677028 27.833014989865596 96
1694623677082 27.303078587369537 97
1694623677136 26.588507141140592 98
1694623677188 26.45482765254246 99
1694623677234 26.315444853836887 100
1694623677285 25.248586454467862 101
1694623677340 25.614733891976496 102
1694623677401 25.356027961942804 103
1694623677454 24.917192687693326 104
1694623677506 23.98258888087647 105
1694623677557 23.940095628977772 106
1694623677610 23.31859366524861 107
1694623677657 22.965523076633467 108
1694623677701 22.780597851595328 109
1694623677749 22.668818922039346 110
1694623677794 22.14221662125882 111
1694623677849 22.082091310378782 112
1694623677903 21.95864981383065 113
1694623677953 21.499942959219595 114
1694623677996 20.701478330291643 115
1694623678043 20.6338490327499 116
1694623678093 20.348501104943796 117
1694623678139 20.242466619555017 118
1694623678186 19.86180350890003 119
1694623678230 19.78560239889384 120
1694623678275 19.245862822112784 121
1694623678326 18.90276884340412 122
1694623678375 18.815078134381857 123
1694623678423 18.693990954796405 124
1694623678472 18.632167198896425 125
1694623678519 18.37418082010746 126
1694623678569 17.34754176601112 127
1694623678603 17.440257801441913 128
1694623678635 17.357913791807054 129
1694623678666 16.81911321789717 130
1694623678698 17.08371492401757 131
1694623678730 16.866017524994586 132
1694623678761 16.744252881992658 133
1694623678793 16.691074997040825 134
1694623678828 16.34142640893118 135
1694623678861 16.132989447361254 136
1694623678891 15.88399398677905 137
1694623678922 15.484470390059473 138
1694623678951 15.603399128143518 139
1694623678981 15.221746449914782 140
1694623679009 14.94632370642705 141
1694623679039 14.865270579320303 142
1694623679067 14.574755990136303 143
1694623679095 14.823879208741658 144
1694623679125 14.459166266719658 145
1694623679170 14.490406348543239 146
1694623679216 13.99878445262745 147
1694623679262 14.196775867659765 148
1694623679310 13.952365373954496 149
1694623679356 13.496572277380743 150
1694623679410 13.638382454183576 151
1694623679463 13.451777856816266 152
1694623679513 13.572397633063789 153
1694623679563 12.919026300461526 154
1694623679615 12.905452347781889 155
1694623679666 12.935197544572947 156
1694623679720 12.78469252621348 157
1694623679776 12.882959972310044 158
1694623679830 12.453802718621423 159
1694623679879 12.471270670133531 160
1694623679927 12.099539990760944 161
1694623679978 12.153025600011619 162
1694623680044 11.83474658560514 163
1694623680104 12.08922313821719 164
1694623680142 11.757392545190509 165
1694623680183 11.808567604626262 166
1694623680220 11.474252233474509 167
1694623680251 11.46250945870398 168
1694623680298 11.430882180140433 169
1694623680350 11.11644056278201 170
1694623680404 11.230116262549213 171
1694623680451 10.907865509220048 172
1694623680497 11.225051648847872 173
1694623680543 10.803835200993165 174
1694623680591 10.665747241323068 175
1694623680637 10.84954776375864 176
1694623680681 10.660038898198886 177
1694623680717 10.574845752527734 178
1694623680749 10.438235165437963 179
1694623680778 10.269171185288316 180
1694623680806 10.078853175952142 181
1694623680834 10.088965266308637 182
1694623680863 10.13250896043449 183
1694623680896 9.888958175674126 184
1694623680927 10.164584227743834 185
1694623680960 9.69176108392922 186
1694623680993 9.685437906331453 187
1694623681026 9.61979502575005 188
1694623681060 9.628277593055351 189
1694623681092 9.575237112392399 190
1694623681124 9.397416923705544 191
1694623681154 9.199101131848327 192
1694623681187 9.198796681643085 193
1694623681218 9.374685310275327 194
1694623681248 9.470305440498976 195
1694623681282 9.101252574123954 196
1694623681326 9.123015802228027 197
1694623681377 9.241038450934541 198
1694623681428 9.115823776606556 199
1694623681476 8.904946055608002 200
1694623681526 8.742542481802916 201
1694623681578 8.751850754840484 202
1694623681626 8.886732086414748 203
1694623681677 8.79007968667587 204
1694623681725 8.580429308217077 205
1694623681777 8.417991513748962 206
1694623681831 8.410775882969023 207
1694623681878 8.315214875284909 208
1694623681927 8.227560502630299 209
1694623681971 8.395197122490696 210
1694623682019 8.450444759510946 211
1694623682059 8.157858416686105 212
1694623682110 8.155287803803994 213
1694623682151 7.998727652882071 214
1694623682198 8.013234261397079 215
1694623682231 8.045753562019225 216
1694623682264 7.936529573911302 217
1694623682300 8.127293962450413 218
1694623682352 7.689952039308792 219
1694623682405 7.815184933291584 220
1694623682450 7.745651323026477 221
1694623682499 7.813368568656686 222
1694623682532 7.6019657822122 223
1694623682563 7.7379757802174325 224
1694623682593 7.474684683371906 225
1694623682623 7.670310828044384 226
1694623682651 7.63126573860476 227
1694623682685 7.538867553675541 228
1694623682719 7.588014646782336 229
1694623682752 7.420244853749557 230
1694623682786 7.590670461585674 231
1694623682817 7.339120141571515 232
1694623682845 7.179568735083099 233
1694623682875 7.2924403228966455 234
1694623682903 7.197299045370556 235
1694623682930 7.094499364210555 236
1694623682954 7.239705594480701 237
1694623682983 7.211469933487843 238
1694623683008 7.05734971338063 239
1694623683035 7.005742320061872 240
1694623683061 7.053527184056019 241
1694623683088 6.9615518488212995 242
1694623683116 7.189354679747557 243
1694623683140 6.775565462381125 244
1694623683167 7.066835597770442 245
1694623683195 6.888800224897277 246
1694623683221 6.887069421233358 247
1694623683245 6.884935685833819 248
1694623683272 6.722882727394366 249
1694623683302 6.834426202089363 250
1694623683333 6.716180900675359 251
1694623683364 6.751614780219083 252
1694623683397 6.751527809423278 253
1694623683429 6.643146357813538 254
1694623683459 6.498627083155903 255
1694623683486 6.486016327403854 256
1694623683511 6.643374593026741 257
1694623683537 6.627748787550168 258
1694623683564 6.553806001736822 259
1694623683594 6.63316320829234 260
1694623683621 6.760193443878682 261
1694623683646 6.751924860246423 262
1694623683674 6.49669536067402 263
1694623683702 6.5607194715480155 264
1694623683730 6.469817769065126 265
1694623683757 6.416477883935361 266
1694623683787 6.491624440774432 267
1694623683818 6.2407717559425055 268
1694623683845 6.2715394888413165 269
1694623683882 6.111942762168528 270
1694623683915 6.345855514928895 271
1694623683947 6.341680927435974 272
1694623683980 6.2353881205703745 273
1694623684008 6.137611322081302 274
1694623684036 6.009196836030343 275
1694623684062 6.107557049714544 276
1694623684091 6.233976330903545 277
1694623684118 6.048518628603838 278
1694623684142 6.175255976686883 279
1694623684169 6.169025440677128 280
1694623684196 6.055298861845448 281
1694623684224 6.134470097116051 282
1694623684248 6.076945215779598 283
1694623684276 5.84209427028486 284
1694623684304 6.2048901174505255 285
1694623684331 6.027420741217893 286
1694623684360 5.9847895794185035 287
1694623684389 5.902486448374207 288
1694623684419 5.966806603118014 289
1694623684448 6.290929102475946 290
1694623684477 5.964366707151754 291
1694623684506 6.095940651307328 292
1694623684536 5.946850154311909 293
1694623684572 5.811861013257405 294
1694623684605 5.9197011118771705 295
1694623684636 5.927795231612458 296
1694623684668 5.895411499490487 297
1694623684700 6.000147648302239 298
1694623684729 5.932817949057871 299
1694623684756 5.790509823822945 300
1694623684784 5.761463820350273 301
1694623684813 5.840797649387733 302
1694623684841 6.003838292353901 303
1694623684869 5.7372344627481855 304
1694623684901 5.7919906694019065 305
1694623684930 5.6804561017724176 306
1694623684963 5.852036799964218 307
1694623684996 5.683740618824503 308
1694623685031 5.730687234421004 309
1694623685065 5.743259324941506 310
1694623685099 5.606819400761623 311
1694623685129 5.833552213682093 312
1694623685157 5.597560201502387 313
1694623685194 5.7223305893671785 314
1694623685236 5.793863950107243 315
1694623685282 5.622499293155443 316
1694623685328 5.6405428177150645 317
1694623685363 5.547492077930931 318
1694623685396 5.458051343026404 319
1694623685425 5.6302760871010715 320
1694623685456 5.526788385410606 321
1694623685486 5.670526180015579 322
1694623685519 5.5971471320180335 323
1694623685552 5.526008058494723 324
1694623685586 5.501080033828474 325
1694623685619 5.554192985760413 326
1694623685649 5.61859457552756 327
1694623685679 5.683404335025037 328
1694623685715 5.53411649428513 329
1694623685744 5.531397603041165 330
1694623685774 5.479323568424893 331
1694623685802 5.53340629883151 332
1694623685830 5.476174530062316 333
1694623685856 5.4250236988275855 334
1694623685882 5.56825075678876 335
1694623685911 5.37972551550983 336
1694623685939 5.478245503346391 337
1694623685968 5.3400319098564015 338
1694623685997 5.471656276621076 339
1694623686026 5.488762303722667 340
1694623686056 5.210485626230029 341
1694623686084 5.4489689279405775 342
1694623686116 5.481800616624423 343
1694623686144 5.434700951393876 344
1694623686175 5.435183052598648 345
1694623686205 5.479282415201938 346
1694623686233 5.5202808840548645 347
1694623686262 5.445845420813787 348
1694623686292 5.209406602196852 349
1694623686322 5.318860886347383 350
1694623686352 5.449407877874587 351
1694623686388 5.254585885679213 352
1694623686420 5.383216697652676 353
1694623686453 5.32273022708126 354
1694623686484 5.265796537555179 355
1694623686513 5.186717081535629 356
1694623686543 5.312135126005377 357
1694623686575 5.18976747145059 358
1694623686609 5.153145487050078 359
1694623686643 5.309994927375167 360
1694623686675 5.161966139990382 361
1694623686708 5.274553511047477 362
1694623686740 5.279474941002136 363
1694623686771 5.213689123730305 364
1694623686805 5.3996170851003935 365
1694623686835 5.225146744782954 366
1694623686872 5.304278780792776 367
1694623686904 5.174455909174169 368
1694623686932 5.216350026718155 369
1694623686957 5.317936171153531 370
1694623686984 5.262451622627617 371
1694623687012 5.30383403990745 372
1694623687038 5.114966372819211 373
1694623687066 5.162271339892811 374
1694623687098 5.245532959590782 375
1694623687129 5.239665130105929 376
1694623687159 5.234889847183981 377
1694623687187 5.17287772878603 378
1694623687218 5.366618826415695 379
1694623687246 5.254346675501368 380
1694623687274 5.220636974143387 381
1694623687302 5.256049728214306 382
1694623687331 5.1390439332541344 383
1694623687360 5.052181501589562 384
1694623687393 5.269917074473774 385
1694623687428 5.235478627509503 386
1694623687462 5.0202986978796975 387
1694623687507 5.17306709227751 388
1694623687545 5.3380526800858865 389
1694623687577 5.124919422271036 390
1694623687608 5.163727389569906 391
1694623687637 5.09442036974107 392
1694623687665 5.192718928524446 393
1694623687693 5.1098633956289214 394
1694623687725 5.089569779680264 395
1694623687755 5.024919484081087 396
1694623687786 5.051465264602578 397
1694623687821 5.25251676626147 398
1694623687854 5.056646386194928 399
1694623687891 5.066555265149434 400
1694623687925 5.1082483189962975 401
1694623687951 5.295370071236715 402
1694623687977 5.162202785938349 403
1694623688005 5.245846396147409 404
1694623688033 5.298939329943016 405
1694623688061 5.024665713552245 406
1694623688090 5.042564113201741 407
1694623688119 5.291412644820014 408
1694623688146 5.144773983259605 409
1694623688177 5.133676172991184 410
1694623688208 5.053877983602051 411
1694623688236 4.984474714828963 412
1694623688263 4.9900879474086315 413
1694623688293 5.009077421513458 414
1694623688322 5.023009434500482 415
1694623688353 5.091008570666638 416
1694623688380 5.154614200615062 417
1694623688407 5.210147403422938 418
1694623688433 5.0586327532475135 419
1694623688462 5.093158812228579 420
1694623688494 5.170722088344791 421
1694623688526 4.9621129721259605 422
1694623688555 4.998979696658958 423
1694623688588 5.04265966907776 424
1694623688618 4.947509173382133 425
1694623688643 5.014548090154302 426
1694623688670 5.193212360730502 427
1694623688697 5.118627853975864 428
1694623688727 4.960251874937153 429
1694623688755 4.936193734376893 430
1694623688784 5.058789930644726 431
1694623688814 5.071025914603115 432
1694623688841 5.190653209589345 433
1694623688871 5.09388170389643 434
1694623688901 5.047792810855209 435
1694623688930 5.018005826341127 436
1694623688961 4.977714628590785 437
1694623688996 5.247346517408362 438
1694623689031 5.018830045898982 439
1694623689063 5.099629434487347 440
1694623689099 5.037900964237772 441
1694623689128 4.814066847146932 442
1694623689158 4.813921789579211 443
1694623689188 4.992650675037033 444
1694623689223 4.885822982862934 445
1694623689253 5.058785290733046 446
1694623689286 4.9042672575006865 447
1694623689323 4.823746322394284 448
1694623689357 4.973604453251777 449
1694623689388 5.040584030480129 450
1694623689418 5.035077631499815 451
1694623689445 5.012804476616473 452
1694623689473 4.9615688515020535 453
1694623689499 5.036606596123335 454
1694623689527 4.910044823699315 455
1694623689551 4.871909326319949 456
1694623689578 4.928796991402991 457
1694623689608 4.991319661735745 458
1694623689636 5.1009909328428655 459
1694623689664 5.072182955167153 460
1694623689694 4.962426985043439 461
1694623689732 4.927679613934422 462
1694623689771 5.024608741333043 463
1694623689812 4.788886890345571 464
1694623689848 4.930860908664002 465
1694623689883 4.8902519492026 466
1694623689913 5.006863862846763 467
1694623689940 4.805744906312387 468
1694623689971 4.917877645783969 469
1694623689999 4.776556524493157 470
1694623690029 4.978859199064871 471
1694623690058 4.812125829995878 472
1694623690088 4.907747519119104 473
1694623690119 4.971432082668138 474
1694623690146 5.014603393305363 475
1694623690174 4.933721043228342 476
1694623690206 5.110177983887536 477
1694623690235 4.868087809751771 478
1694623690265 4.9731753206510305 479
1694623690297 4.858543426136369 480
1694623690334 5.129689571340916 481
1694623690370 5.021092287097365 482
1694623690406 4.89766612674609 483
1694623690442 4.929736604183198 484
1694623690475 4.781668622729962 485
1694623690507 4.95796550976749 486
1694623690537 4.891546911960814 487
1694623690571 4.96290652009512 488
1694623690599 4.9161867337838485 489
1694623690628 5.068139251759661 490
1694623690654 4.826495605894923 491
1694623690681 5.03146420046479 492
1694623690709 5.100239827682544 493
1694623690737 4.932336834602887 494
1694623690766 4.944715851743693 495
1694623690795 5.084028983220042 496
1694623690825 5.07135139696902 497
1694623690852 4.881854137210014 498
1694623690881 4.970575858823119 499
1694623690911 4.95321661936165 500
1694623690941 5.046668451331489 501
1694623690973 5.05584205500072 502
1694623691004 4.83801224021521 503
1694623691035 4.910075881060805 504
1694623691074 4.857786226181991 505
1694623691109 4.88549089980299 506
1694623691142 5.085643309208174 507
1694623691177 4.956430836445928 508
1694623691212 4.829694503295852 509
1694623691244 5.013712549759084 510
1694623691278 4.6565753762509 511
1694623691313 5.007070998465843 512
1694623691344 4.96351854056001 513
1694623691377 4.865972787704325 514
1694623691405 4.797823999669191 515
1694623691433 4.938170806499709 516
1694623691461 4.762876730761591 517
1694623691489 4.868406109474348 518
1694623691517 4.974203078769684 519
1694623691545 4.8925478820313275 520
1694623691573 4.794795466243581 521
1694623691598 4.911691859317882 522
1694623691627 5.024652237978759 523
1694623691650 4.8492737908972705 524
1694623691678 4.914594394189862 525
1694623691709 4.777080788554559 526
1694623691740 4.9482163705681135 527
1694623691770 4.938598348953576 528
1694623691799 5.018224378005027 529
1694623691830 4.802937500824557 530
1694623691856 5.029476588334907 531
1694623691883 4.9084094727351 532
1694623691907 4.78246254574063 533
1694623691933 4.892110086531744 534
1694623691960 4.783038590181731 535
1694623691990 4.894810849746138 536
1694623692021 4.911723923886516 537
1694623692054 4.959912839308692 538
1694623692087 4.931884711290171 539
1694623692116 4.8118999714191135 540
1694623692142 4.8937225225384795 541
1694623692167 5.019604664720774 542
1694623692195 4.876767783088758 543
1694623692225 4.946816193568231 544
1694623692254 4.982628502880311 545
1694623692284 4.626308255940745 546
1694623692314 4.931043481807439 547
1694623692344 4.867987799704773 548
1694623692377 4.939284196125184 549
1694623692424 4.768407887857744 550
1694623692457 4.963726277448576 551
1694623692493 4.974210498302376 552
1694623692536 4.846174406935973 553
1694623692570 4.8878548650615725 554
1694623692603 4.9565975136319 555
1694623692631 4.922878457713523 556
1694623692660 5.001151335539031 557
1694623692687 4.978871730797858 558
1694623692715 4.805304974891866 559
1694623692743 4.840643064895736 560
1694623692773 4.682741727945552 561
1694623692804 4.959616263039288 562
1694623692834 4.823136418818077 563
1694623692863 4.981228599760924 564
1694623692893 4.723307347069751 565
1694623692922 4.841694801593158 566
1694623692951 4.967029235272849 567
1694623692978 5.096484188607526 568
1694623693006 4.75214812181218 569
1694623693033 4.927031006926 570
1694623693062 4.853468286778655 571
1694623693093 4.923281305529675 572
1694623693128 4.961712545867056 573
1694623693161 4.829350550125267 574
1694623693194 4.973391423669882 575
1694623693229 4.842338806669639 576
1694623693261 5.088290916996616 577
1694623693292 5.015751269218006 578
1694623693322 4.919719715062358 579
1694623693353 4.803393929122773 580
1694623693388 4.904407615073131 581
1694623693422 4.968490440297944 582
1694623693459 4.971984120612782 583
1694623693493 4.980360118098368 584
1694623693526 4.928274645760344 585
1694623693559 4.713383866607651 586
1694623693589 4.939809875024296 587
1694623693615 5.007780583832922 588
1694623693641 4.8651197079060235 589
1694623693668 5.100083939079686 590
1694623693695 4.846166260800762 591
1694623693723 4.813439367715848 592
1694623693748 4.893850712997346 593
1694623693774 4.868008535971082 594
1694623693802 4.973440082357653 595
1694623693833 4.970950073658081 596
1694623693862 4.859298841588475 597
1694623693893 4.931895989136454 598
1694623693925 4.955345336409147 599
1694623693954 4.859257442445699 600
1694623693984 4.898289360549843 601
1694623694010 4.777072138042208 602
1694623694035 4.948421082660318 603
1694623694060 4.858814037968467 604
1694623694086 4.7761339112270855 605
1694623694112 5.006078275105164 606
1694623694137 4.943456804889414 607
1694623694163 4.9484875455047375 608
1694623694187 4.854740866828176 609
1694623694214 4.936328091713433 610
1694623694240 4.672384002590086 611
1694623694269 4.897631458685378 612
1694623694300 4.871575606037796 613
1694623694334 4.798016336077021 614
1694623694371 4.9311443127518215 615
1694623694406 4.83543960040466 616
1694623694439 4.790092664615551 617
1694623694471 4.939526871606122 618
1694623694504 4.829538627059576 619
1694623694541 4.8155348909705715 620
1694623694581 4.929759983979651 621
1694623694618 4.71968466712784 622
1694623694652 4.744649220223257 623
1694623694683 4.827267062301364 624
1694623694711 4.778979323244261 625
1694623694740 4.959676737271682 626
1694623694767 4.955827659773104 627
1694623694794 4.910329916765658 628
1694623694824 4.931141105723554 629
1694623694852 4.973229629463408 630
1694623694883 4.833144396234058 631
1694623694914 4.903809707327986 632
1694623694948 5.0412857634950345 633
1694623694981 5.0036809942053715 634
1694623695020 4.884804735354751 635
1694623695054 4.835035634883212 636
1694623695086 4.8830933883209635 637
1694623695120 4.929586842475527 638
1694623695150 4.902153941028777 639
1694623695179 4.965934652984095 640
1694623695209 4.92646583672568 641
1694623695240 4.975317495681969 642
1694623695269 4.788587082293559 643
1694623695300 5.038903060085199 644
1694623695328 4.959759177135928 645
1694623695358 4.703533722407799 646
1694623695388 4.795055563492471 647
1694623695417 5.048963136830468 648
1694623695446 4.740009376598681 649
1694623695475 4.85045558723973 650
1694623695504 4.870043549258208 651
1694623695536 4.942991235517672 652
1694623695573 4.834163160724515 653
1694623695606 4.826816098329911 654
1694623695640 4.785297864323699 655
1694623695673 4.958991116520759 656
1694623695703 4.84398107008548 657
1694623695730 4.825845692732697 658
1694623695760 4.929227421003285 659
1694623695788 4.860859069024779 660
1694623695817 4.866223398734495 661
1694623695846 4.833851638938306 662
1694623695874 4.995298966996526 663
1694623695903 4.771342699490555 664
1694623695930 4.9284912726637335 665
1694623695962 4.9888663829295155 666
1694623695992 4.928232994887625 667
1694623696023 4.916253818419616 668
1694623696054 4.8413225840198395 669
1694623696085 4.938676003009977 670
1694623696114 4.7959968655910545 671
1694623696144 5.073060993428771 672
1694623696175 4.922591938089415 673
1694623696206 4.997358674367406 674
1694623696236 4.802572913326969 675
1694623696269 4.839625664456611 676
1694623696300 4.853183457166226 677
1694623696329 4.907080715296608 678
1694623696361 4.714560795028666 679
1694623696392 4.915674460305438 680
1694623696422 4.930400325827163 681
1694623696450 4.884753936090592 682
1694623696475 4.971441365538372 683
1694623696503 4.9249340902142915 684
1694623696529 4.953944363496141 685
1694623696558 4.97297386950006 686
1694623696584 4.926642762644609 687
1694623696616 4.853074425697406 688
1694623696647 4.975576524117894 689
1694623696677 4.88242918449384 690
1694623696705 5.025644172105698 691
1694623696734 4.745411760768172 692
1694623696771 4.865680163747025 693
1694623696806 4.867496373947767 694
1694623696841 4.821512218849508 695
1694623696876 4.973244692530675 696
1694623696909 5.031525509312012 697
1694623696941 4.926388873187485 698
1694623696971 4.813414347562062 699
1694623697001 4.895872317933132 700
1694623697028 4.909150011437086 701
1694623697059 4.881150606256946 702
1694623697088 4.9139651221295875 703
1694623697117 4.8009751094514606 704
1694623697144 4.746346202073735 705
