1694620016720 -0.006124473220133542 0
1694620016771 -0.004711103872911959 1
1694620016814 -0.003953351459487164 2
1694620016855 -0.004668337731096983 3
1694620016922 -0.004067653819156414 4
1694620016972 -0.004029009054387522 5
1694620017028 -0.0037964081692514196 6
1694620017067 -0.0034657624031972922 7
1694620017106 -0.0034675180038667985 8
1694620017145 -0.003135442139087674 9
1694620017191 -0.002505404794360233 10
1694620017234 -0.0022349347932597574 11
1694620017281 -0.0019390168101991456 12
1694620017320 -0.0023163996533426268 13
1694620017353 -0.001923784507602555 14
1694620017411 -0.0019149469157426768 15
1694620017441 -0.0015246204968617505 16
1694620017494 -0.0007097316223168004 17
1694620017629 -0.0012563949320780754 18
1694620017681 8.896280934145295e-06 19
1694620017742 -0.0006191643710755645 20
1694620017788 -0.0005372532266716412 21
1694620017862 0.0005839378803829121 22
1694620017927 0.00029280902453565627 23
1694620018000 8.793502655124463e-05 24
1694620018078 0.0004680405868932036 25
1694620018164 0.0001814238767972043 26
1694620018284 0.0005026749434181577 27
1694620018381 0.0009413204822842358 28
1694620018453 0.0010497332788307334 29
1694620018523 0.0013785449832208752 30
1694620018590 0.0015244089050611143 31
1694620018646 0.0017773914455602169 32
1694620018741 0.001524315306005275 33
1694620018801 0.002285802495598288 34
1694620018847 0.0016324987217093412 35
1694620018884 0.0030390009294654075 36
1694620018920 0.0029188459330620198 37
1694620018955 0.0029734841464281736 38
1694620018996 0.002537529077845102 39
1694620019034 0.0038489223657547367 40
1694620019077 0.002673293020413192 41
1694620019109 0.003773312830981368 42
1694620019171 0.003853211000671819 43
1694620019236 0.002572561436554488 44
1694620019300 0.0039029183909847776 45
1694620019342 0.003957478485326793 46
1694620019382 0.00389442498219994 47
1694620019412 0.004656027338612256 48
1694620019444 0.004346441946521007 49
1694620019482 0.004817218551671942 50
1694620019512 0.005893456726402513 51
1694620019554 0.004795104952352802 52
1694620019625 0.007026097449035706 53
1694620019712 0.00469330079273933 54
1694620019794 0.006597420319961134 55
1694620019856 0.005518429097138289 56
1694620019915 0.005723176063057278 57
1694620020016 0.009597624370795588 58
1694620020084 0.006160401747634103 59
1694620020129 0.007975082760470653 60
1694620020188 0.009760463337992742 61
1694620020238 0.009155019160162259 62
1694620020287 0.009831905219679138 63
1694620020321 0.008280369128043641 64
1694620020352 0.00766695505239412 65
1694620020388 0.0075941788456526105 66
1694620020418 0.008633695185110035 67
1694620020451 0.00783073981596527 68
1694620020482 0.008890363790061473 69
1694620020514 0.008509607491376192 70
1694620020548 0.01161733653191821 71
1694620020580 0.0139061365143891 72
1694620020608 0.012483469114974999 73
1694620020647 0.010021447470917932 74
1694620020677 0.012394923570774652 75
1694620020713 0.011179628297986244 76
1694620020747 0.012037716086216732 77
1694620020780 0.01563319590197354 78
1694620020821 0.012114891834317465 79
1694620020861 0.013562575732312676 80
1694620020899 0.013570117269354753 81
1694620020944 0.014288857481755124 82
1694620020978 0.01331742640945821 83
1694620021010 0.012447860057739124 84
1694620021042 0.017054597347472167 85
1694620021072 0.014656612801392188 86
1694620021111 0.014673732083542168 87
1694620021154 0.018057015729057713 88
1694620021187 0.013313302258617155 89
1694620021226 0.014101724370297886 90
1694620021267 0.017308758840755334 91
1694620021310 0.02216049573168255 92
1694620021347 0.02124206751643498 93
1694620021391 0.01902720221387466 94
1694620021419 0.02481235070136323 95
1694620021456 0.02198183232287365 96
1694620021487 0.014434241868774511 97
1694620021523 0.02236216165854099 98
1694620021559 0.02015522702182715 99
1694620021594 0.02187471973159849 100
1694620021625 0.022923618455776174 101
1694620021655 0.023157076677568056 102
1694620021686 0.020319395287844322 103
1694620021717 0.029695160359769712 104
1694620021761 0.03180001603641647 105
1694620021796 0.021186910779410928 106
1694620021826 0.02635774300025895 107
1694620021865 0.029171886771852118 108
1694620021896 0.03198328537004691 109
1694620021926 0.02125963866140934 110
1694620021957 0.02708715806440465 111
1694620021989 0.03108598297146481 112
1694620022019 0.028058055536564597 113
1694620022059 0.04199957986784231 114
1694620022094 0.02928115945745513 115
1694620022124 0.035615701658778476 116
1694620022163 0.029375119135892414 117
1694620022198 0.03656004130965418 118
1694620022230 0.027230172198072777 119
1694620022264 0.03041391838841956 120
1694620022298 0.03894647155378306 121
1694620022331 0.03691844338420036 122
1694620022362 0.0314400858583338 123
1694620022397 0.03936006975106099 124
1694620022430 0.037153006187404025 125
1694620022464 0.03333291578893394 126
1694620022499 0.03911660526966898 127
1694620022532 0.05295707761989554 128
1694620022598 0.042684866178127945 129
1694620022656 0.04463375406653303 130
1694620022706 0.054989751006771725 131
1694620022748 0.03616741883918917 132
1694620022791 0.03982187080553756 133
1694620022820 0.04725608828795791 134
1694620022856 0.05307103237009714 135
1694620022886 0.04277520859817929 136
1694620022919 0.053813917553346524 137
1694620022954 0.04978387834304432 138
1694620022984 0.047831381744223744 139
1694620023019 0.053725919965949 140
1694620023054 0.04535104663518619 141
1694620023083 0.046973021445448015 142
1694620023115 0.05469165215353233 143
1694620023151 0.058271079314852536 144
1694620023190 0.06305309910044166 145
1694620023221 0.05550760008177302 146
1694620023254 0.06669437364909714 147
1694620023287 0.05289644301725582 148
1694620023319 0.061210677189456164 149
1694620023355 0.0631419781914121 150
1694620023387 0.08507417628792657 151
1694620023420 0.05723194420393496 152
1694620023455 0.08492321538759262 153
1694620023489 0.07802711246079597 154
1694620023524 0.061285687384510235 155
1694620023556 0.08727890238445579 156
1694620023593 0.08238657976518071 157
1694620023623 0.08560577290302063 158
1694620023659 0.08205316554866005 159
1694620023700 0.08389168251276202 160
1694620023747 0.08387605710332613 161
1694620023788 0.07629013958083752 162
1694620023831 0.07761807891848527 163
1694620023873 0.0921531097849585 164
1694620023915 0.08050479186005044 165
1694620023961 0.08219493646864984 166
1694620023989 0.08828077599268558 167
1694620024028 0.09759028208706144 168
1694620024075 0.10349478489019037 169
1694620024124 0.12066958602696354 170
1694620024195 0.10411412488272476 171
1694620024259 0.08882647169450952 172
1694620024299 0.09764995068477433 173
1694620024338 0.0964490324024253 174
1694620024400 0.11289814988638791 175
1694620024444 0.10471688190137562 176
1694620024488 0.12571020665842725 177
1694620024524 0.11780761446845167 178
1694620024561 0.08672829372490831 179
1694620024596 0.11165876467159874 180
1694620024623 0.10854547320635155 181
1694620024656 0.13388511817930016 182
1694620024695 0.14547263853245407 183
1694620024728 0.10388590820694188 184
1694620024785 0.14393714775093647 185
1694620024820 0.11430203420141816 186
1694620024865 0.14526324227740384 187
1694620024907 0.18626121097012205 188
1694620024952 0.12804407835849918 189
1694620024999 0.1261655048004272 190
1694620025047 0.13192955982786758 191
1694620025095 0.1540437506956135 192
1694620025159 0.14985291512283527 193
1694620025213 0.15651752921800344 194
1694620025265 0.1706706434892945 195
1694620025306 0.14290774573708154 196
1694620025342 0.16817025591630097 197
1694620025388 0.16213001155773543 198
1694620025435 0.17490924334540447 199
1694620025473 0.16750685856702585 200
1694620025507 0.2026299438468192 201
1694620025540 0.1743333188375391 202
1694620025578 0.16574979175235682 203
1694620025613 0.18289719903973745 204
1694620025646 0.15676040323753204 205
1694620025683 0.16443117994269174 206
1694620025720 0.22958110055050518 207
1694620025751 0.16225026671528286 208
1694620025838 0.19054443474863725 209
1694620025943 0.18210257616401282 210
1694620026115 0.21501977434864783 211
1694620026175 0.1996052141866771 212
1694620026228 0.23530025824046186 213
1694620026263 0.17066128937905622 214
1694620026296 0.22857099131585745 215
1694620026332 0.20300382553752983 216
1694620026366 0.21656564755308805 217
1694620026397 0.22714192682148848 218
1694620026434 0.2650323085897517 219
1694620026490 0.19873889053404348 220
1694620026534 0.25060670755762215 221
1694620026600 0.21751835113607554 222
1694620026645 0.2232903810467034 223
1694620026678 0.29642016937942406 224
1694620026717 0.23610995778935595 225
1694620026760 0.25609034354270643 226
1694620026815 0.256145459017487 227
1694620026861 0.2528726076513914 228
1694620026901 0.27395797922924103 229
1694620026933 0.30297726602204655 230
1694620026964 0.2315700015047948 231
1694620026996 0.2535878572200857 232
1694620027027 0.32538379766331227 233
1694620027063 0.3086299516489487 234
1694620027099 0.30273698721537357 235
1694620027136 0.36249652962195833 236
1694620027196 0.3233839573899405 237
1694620027248 0.2171003590973486 238
1694620027312 0.32474255029094024 239
1694620027397 0.3051429849838778 240
1694620027475 0.36131266579700005 241
1694620027555 0.3601090683586806 242
1694620027611 0.3107904353350185 243
1694620027654 0.32480802858457514 244
1694620027698 0.3720488234211482 245
1694620027735 0.3323920941034523 246
1694620027772 0.395981310394955 247
1694620027819 0.30542326591616054 248
1694620027857 0.4037957857163551 249
1694620027889 0.3458583777177129 250
1694620027920 0.3671686687679102 251
1694620027963 0.3666774208629129 252
1694620028007 0.4003810198752905 253
1694620028053 0.29446951623206574 254
1694620028093 0.3774274422172412 255
1694620028126 0.4070323644701741 256
1694620028166 0.40231894855327854 257
1694620028210 0.45173392439470705 258
1694620028250 0.3845161411218454 259
1694620028291 0.4232514417848492 260
1694620028328 0.32363348750721754 261
1694620028366 0.45457474029505396 262
1694620028402 0.32527966316584833 263
1694620028432 0.42713222982554366 264
1694620028481 0.39440360805217567 265
1694620028547 0.3881874550920943 266
1694620028658 0.43454460826081887 267
1694620028728 0.4618230617583311 268
1694620028796 0.4484515013827176 269
1694620028847 0.46566086151392116 270
1694620028884 0.48162706066904604 271
1694620028925 0.45708200826505263 272
1694620028956 0.46584641830365237 273
1694620028985 0.43905727515400883 274
1694620029018 0.4647440206528616 275
1694620029048 0.45363772449914885 276
1694620029079 0.48752648638826734 277
1694620029111 0.4279394266268536 278
1694620029142 0.47389770083213245 279
1694620029186 0.5484833313861663 280
1694620029219 0.5486976991845969 281
1694620029247 0.5354307636283457 282
1694620029278 0.46984380203905884 283
1694620029309 0.5008346308424795 284
1694620029339 0.5055359512475625 285
1694620029370 0.561951851126463 286
1694620029398 0.5560236254815718 287
1694620029427 0.5228458695075962 288
1694620029457 0.5841659546834342 289
1694620029487 0.5292809842923472 290
1694620029519 0.5672254076035554 291
1694620029569 0.4920258830210854 292
1694620029617 0.5194894904317227 293
1694620029668 0.6144123322769983 294
1694620029705 0.4874907907315321 295
1694620029736 0.5848339532860103 296
1694620029775 0.5445328366441613 297
1694620029813 0.5519938636779558 298
1694620029852 0.44619222403317294 299
1694620029883 0.542095932043636 300
1694620029918 0.5951152820199013 301
1694620029947 0.5983414872862222 302
1694620029978 0.5887833483866332 303
1694620030005 0.6349766980108549 304
1694620030035 0.5809721589466119 305
1694620030083 0.6391581540343623 306
1694620030139 0.613787166074718 307
1694620030183 0.6076691932628504 308
1694620030217 0.6331134937937308 309
1694620030247 0.6675262839409883 310
1694620030295 0.6358501588442937 311
1694620030348 0.6299954785664084 312
1694620030422 0.6490357134648562 313
1694620030483 0.6572585270555642 314
1694620030518 0.6260583585704915 315
1694620030556 0.6341360932063895 316
1694620030602 0.574156884290965 317
1694620030671 0.6895130295955817 318
1694620030735 0.6816010584331291 319
1694620030774 0.6445699862328483 320
1694620030816 0.6362651607767151 321
1694620030858 0.6314195787711283 322
1694620030898 0.6736601116808605 323
1694620030943 0.7207072657780171 324
1694620030997 0.5953913153553185 325
1694620031037 0.6703294874838869 326
1694620031082 0.5792181866979793 327
1694620031126 0.6535648921432194 328
1694620031172 0.710430950501204 329
1694620031212 0.6687704046564371 330
1694620031245 0.6877966309728651 331
1694620031277 0.7024672273511876 332
1694620031309 0.7237820799936241 333
1694620031339 0.7369063897450614 334
1694620031367 0.6938474311563636 335
1694620031395 0.6350647674800445 336
1694620031429 0.6573955452838596 337
1694620031456 0.7632215679053374 338
1694620031484 0.6856793686772431 339
1694620031522 0.707847104960786 340
1694620031555 0.7053351210568444 341
1694620031586 0.7162348110749824 342
1694620031616 0.6831508238680936 343
1694620031657 0.7073849212624961 344
1694620031690 0.7802259182817965 345
1694620031723 0.6358726779761703 346
1694620031755 0.7042787303271484 347
1694620031813 0.6901211753952581 348
1694620031871 0.5995947814169662 349
1694620032006 0.7907440755356262 350
1694620032056 0.7655280631409185 351
1694620032100 0.7765608395282816 352
1694620032152 0.7142285057111789 353
1694620032200 0.700886049823849 354
1694620032248 0.7400846845546811 355
1694620032304 0.7073752576460641 356
1694620032355 0.6984484375582666 357
1694620032397 0.7537854404079803 358
1694620032479 0.7867570105244709 359
1694620032521 0.7516579841884798 360
1694620032586 0.782227168652454 361
1694620032627 0.7269453760955786 362
1694620032701 0.7493208403405243 363
1694620032775 0.8108798796850523 364
1694620032892 0.7050003594407311 365
1694620032921 0.7380843626367741 366
1694620032962 0.7414154244418469 367
1694620032997 0.7723685874912409 368
1694620033037 0.7774017715476426 369
1694620033073 0.6827812570804171 370
1694620033114 0.741433277201688 371
1694620033146 0.7430564303636864 372
1694620033177 0.7492573554078068 373
1694620033213 0.7398722851549424 374
1694620033257 0.7252841881092186 375
1694620033284 0.7694233505615388 376
1694620033320 0.7944570478703723 377
1694620033369 0.7768750318123981 378
1694620033413 0.7534349110013043 379
1694620033450 0.6809562900993338 380
1694620033495 0.7885812852839275 381
1694620033561 0.7653935506914735 382
1694620033622 0.7688366875343939 383
1694620033673 0.7115001066921437 384
1694620033713 0.7369005495796409 385
1694620033754 0.7477105517919176 386
1694620033787 0.8031177428868433 387
1694620033821 0.795393156557696 388
1694620033852 0.8143880401799084 389
1694620033899 0.7977064199422673 390
1694620033955 0.8313072134402955 391
1694620033987 0.7246710804248653 392
1694620034019 0.740328037227336 393
1694620034063 0.740542121453229 394
1694620034113 0.8376986989320869 395
1694620034163 0.8105009622985722 396
1694620034249 0.8109071013859112 397
1694620034298 0.8057326047634773 398
1694620034349 0.8145169341183145 399
1694620034395 0.7892564757056945 400
1694620034454 0.7984562520440364 401
1694620034503 0.8168123973512185 402
1694620034551 0.8141438112408743 403
1694620034597 0.7964520490292626 404
1694620034635 0.8074339888236057 405
1694620034677 0.741111821999594 406
1694620034715 0.7418558260705519 407
1694620034762 0.7846165954902328 408
1694620034811 0.7487625276159497 409
1694620034852 0.7685427583933757 410
1694620034891 0.7711333623415331 411
1694620034920 0.799146257487105 412
1694620034954 0.8353477047574138 413
1694620034991 0.8174954050607205 414
1694620035022 0.7824661550334976 415
1694620035058 0.8285986171572794 416
1694620035093 0.8033540558500349 417
1694620035120 0.819275210741899 418
1694620035153 0.7850437094423667 419
1694620035189 0.7893291419209029 420
1694620035218 0.825156887200625 421
1694620035261 0.7745043996858996 422
1694620035291 0.7872881183314243 423
1694620035322 0.79683323228304 424
1694620035363 0.8514365026296452 425
1694620035395 0.8058949252549098 426
1694620035427 0.8175290841362178 427
1694620035462 0.8159546935843869 428
1694620035504 0.8016827868081065 429
1694620035541 0.8362743918728595 430
1694620035591 0.7661143396495123 431
1694620035621 0.7305911252815187 432
1694620035654 0.7756470428210782 433
1694620035686 0.8514761500137347 434
1694620035721 0.8259978083399638 435
1694620035756 0.7798282261746238 436
1694620035787 0.7804557720736113 437
1694620035822 0.8225532736143949 438
1694620035866 0.8017742363588534 439
1694620035926 0.7591055656835608 440
1694620035985 0.8249923986854187 441
1694620036031 0.8490999053673218 442
1694620036069 0.8003620202884731 443
1694620036100 0.7950775914628777 444
1694620036131 0.7906205132159385 445
1694620036162 0.8038841409953428 446
1694620036190 0.8471158559650145 447
1694620036221 0.7898016140307634 448
1694620036254 0.8331002266730889 449
1694620036282 0.8163090468052462 450
1694620036312 0.7642244423589257 451
1694620036343 0.8105044172244452 452
1694620036394 0.789236833079047 453
1694620036435 0.7873791703031863 454
1694620036474 0.8441600779473392 455
1694620036507 0.834866238759431 456
1694620036544 0.8240370465471201 457
1694620036582 0.8126752047275504 458
1694620036625 0.7364355859850729 459
1694620036660 0.8379381946762215 460
1694620036710 0.8416576602101746 461
1694620036752 0.8171712846430164 462
1694620036802 0.7873968614465667 463
1694620036853 0.8328900295069135 464
1694620036907 0.8314649744722038 465
1694620036962 0.797123892312976 466
1694620037009 0.8722512571435047 467
1694620037041 0.811340010906709 468
1694620037087 0.819562439574673 469
1694620037131 0.8392049215522521 470
1694620037184 0.8555558965393635 471
1694620037239 0.7465130256088468 472
1694620037342 0.8372944309409434 473
1694620037430 0.8476474345409237 474
1694620037504 0.8414813851936305 475
1694620037570 0.7524220927669093 476
1694620037634 0.8502648829918806 477
1694620037682 0.8172013514932654 478
1694620037726 0.8276606068469117 479
1694620037769 0.8118040763130083 480
1694620037827 0.8345358935366163 481
1694620037875 0.8350927093574145 482
1694620037919 0.8318731631799628 483
1694620037958 0.8149606165859938 484
1694620038002 0.8421940945746555 485
1694620038052 0.8657749405782889 486
1694620038112 0.8506568181612428 487
1694620038141 0.7453294014967508 488
1694620038175 0.8409405324396693 489
1694620038252 0.8329232119363921 490
1694620038338 0.8562928482114409 491
1694620038370 0.8355853978960723 492
1694620038403 0.8230876238741291 493
1694620038434 0.826707477570199 494
1694620038473 0.7820443270448982 495
1694620038534 0.7945953338339573 496
1694620038592 0.8252489844023451 497
1694620038655 0.7805696714654409 498
1694620038715 0.8421825265870282 499
1694620038769 0.8187801505805334 500
1694620038855 0.8185485383550162 501
1694620038933 0.8255566399856508 502
1694620038990 0.8276290056903761 503
1694620039045 0.8323875368376348 504
1694620039118 0.8431972711487914 505
1694620039153 0.7723038717435584 506
1694620039188 0.7709229714321458 507
1694620039223 0.8579495411029991 508
1694620039254 0.8049669295345552 509
1694620039288 0.8096624526536287 510
1694620039333 0.8239074171592897 511
1694620039366 0.8208499567435876 512
1694620039408 0.8230150516283548 513
1694620039448 0.7917040056377989 514
1694620039489 0.7273423109968246 515
1694620039525 0.7894353720447052 516
1694620039557 0.8370139272158468 517
1694620039588 0.8140677021514982 518
1694620039631 0.7366570502630544 519
1694620039661 0.8223933609880512 520
1694620039699 0.7222467384651319 521
1694620039739 0.8454893442836127 522
1694620039783 0.8164395927565681 523
1694620039837 0.8127232251099759 524
1694620039884 0.8270530587343138 525
1694620039945 0.8331651905736697 526
1694620039996 0.8386664209314467 527
1694620040039 0.7531925105304753 528
1694620040094 0.8121851839737615 529
1694620040142 0.8653666994619452 530
1694620040185 0.7988269241955235 531
1694620040247 0.8432099816784725 532
1694620040291 0.8574425776693336 533
1694620040339 0.8384706557275268 534
1694620040369 0.7929375599127836 535
1694620040399 0.8143480303804536 536
1694620040432 0.8422366326597527 537
1694620040462 0.8354507755200663 538
1694620040492 0.8407483563394065 539
1694620040542 0.8599493960237186 540
1694620040575 0.8276758339464084 541
1694620040613 0.7898687455614747 542
1694620040648 0.7750164651898486 543
1694620040689 0.8187939019582912 544
1694620040724 0.8310709843341528 545
1694620040753 0.8543899860755735 546
1694620040793 0.8307382499371331 547
1694620040837 0.848660517783479 548
1694620040889 0.8577609186145918 549
1694620040936 0.8584061827839597 550
1694620040971 0.8192680658584405 551
1694620041016 0.772506164906587 552
1694620041066 0.8270354306916234 553
1694620041099 0.8628432879488785 554
1694620041135 0.8244502322060714 555
1694620041166 0.8414240081521921 556
1694620041203 0.8386671984809233 557
1694620041247 0.8739658764524096 558
1694620041281 0.8350345319423534 559
1694620041323 0.8273668925094646 560
1694620041360 0.8263935750794694 561
1694620041394 0.7636901845166655 562
1694620041428 0.8108569189436449 563
1694620041466 0.8548128003445441 564
1694620041513 0.7811198572436946 565
1694620041553 0.8625116636356741 566
1694620041585 0.8052435628471952 567
1694620041620 0.824366766883654 568
1694620041654 0.8313714702752263 569
1694620041684 0.8493895629086292 570
1694620041724 0.8455183019897679 571
1694620041759 0.830178997959181 572
1694620041788 0.8747211571131933 573
1694620041835 0.8210366925042868 574
1694620041880 0.8437815402584272 575
1694620041934 0.7662734961018768 576
1694620041967 0.8100088402782926 577
1694620042003 0.8426685881119068 578
1694620042052 0.8613011060467817 579
1694620042158 0.8300549405586758 580
1694620042203 0.8328202116491874 581
1694620042251 0.8242788071601043 582
1694620042293 0.8403546070078768 583
1694620042336 0.823182886672277 584
1694620042382 0.8010219744709671 585
1694620042414 0.8444616169546384 586
1694620042447 0.8330005387969396 587
1694620042478 0.7544937611278857 588
1694620042514 0.8676258373121539 589
1694620042548 0.7646061123047323 590
1694620042593 0.853165796576884 591
1694620042626 0.7271387290096498 592
1694620042666 0.8359936013152922 593
1694620042706 0.8557634009624274 594
1694620042750 0.8182141242251635 595
1694620042785 0.839556817737743 596
1694620042818 0.8496784069454887 597
1694620042866 0.7962875348614031 598
1694620042913 0.8468785978045614 599
1694620042954 0.8065627752758763 600
1694620042989 0.8149901542534236 601
1694620043023 0.8570267980336792 602
1694620043061 0.8476796300220413 603
1694620043094 0.8711369367122774 604
1694620043122 0.8028137978973984 605
1694620043152 0.8271188541004771 606
1694620043185 0.783585469371948 607
1694620043217 0.8526356958119566 608
1694620043249 0.837243119596399 609
1694620043283 0.7986098160910815 610
1694620043314 0.8409055677539592 611
1694620043344 0.8434713443569798 612
1694620043377 0.8625801913360116 613
1694620043405 0.8350120358213926 614
1694620043452 0.8114885172665313 615
1694620043495 0.8214824264019586 616
1694620043538 0.85161130934105 617
1694620043596 0.7430210015301553 618
1694620043638 0.851248238879215 619
1694620043680 0.840902494491651 620
1694620043714 0.8457873167487943 621
1694620043757 0.8080335369063671 622
1694620043796 0.8266070739524409 623
1694620043829 0.8361701764644296 624
1694620043873 0.8523117605041449 625
1694620043902 0.8439683408090173 626
1694620043937 0.8523023291438332 627
1694620043972 0.7363969849819616 628
1694620044003 0.8093705861927716 629
1694620044031 0.7991946793184763 630
1694620044058 0.865681023670958 631
1694620044092 0.8152335112219317 632
1694620044122 0.8283860564119225 633
1694620044160 0.849467461203199 634
1694620044194 0.8435295177225156 635
1694620044223 0.8515949341506097 636
1694620044254 0.8541920702945172 637
1694620044294 0.8441082462752237 638
1694620044324 0.8281211631844445 639
1694620044356 0.8453109237353742 640
1694620044400 0.826695895036165 641
1694620044432 0.7302420906828158 642
1694620044462 0.8140915611101555 643
1694620044492 0.8490403879046111 644
1694620044533 0.8244114930685255 645
1694620044580 0.8376340558769471 646
1694620044612 0.8616781075684903 647
1694620044650 0.8370286808322539 648
1694620044685 0.7977068554272435 649
1694620044718 0.8467842664862492 650
1694620044749 0.8362074432238826 651
1694620044778 0.8448880367251033 652
1694620044809 0.8109355039800017 653
1694620044837 0.843269496725495 654
1694620044870 0.8538645374939464 655
1694620044904 0.7438018706077045 656
1694620044934 0.8321106668872382 657
1694620044969 0.8411748506299602 658
1694620044999 0.8063675846555012 659
1694620045036 0.8378695422951079 660
1694620045071 0.8636771784979878 661
1694620045105 0.8083658754070494 662
1694620045143 0.8250162450604982 663
1694620045179 0.7718306731843363 664
1694620045209 0.8708948615124167 665
1694620045240 0.8614539654440303 666
1694620045276 0.7779533287442519 667
1694620045305 0.8415653152567385 668
1694620045335 0.858463334347136 669
1694620045371 0.863387115520855 670
1694620045403 0.7881457331368535 671
1694620045435 0.7958322798068569 672
1694620045469 0.7888580660484024 673
1694620045500 0.8395948135168994 674
1694620045529 0.8474540920470621 675
1694620045557 0.8402232368279678 676
1694620045595 0.8510873276343591 677
1694620045632 0.8307243210995598 678
1694620045668 0.8445035668410775 679
1694620045702 0.8485895327686518 680
1694620045732 0.8512551005024345 681
1694620045765 0.6852591543353492 682
1694620045796 0.8119896971062133 683
1694620045829 0.8279533560395061 684
1694620045860 0.8601230922076073 685
1694620045897 0.8359278226896926 686
1694620045931 0.836585216572787 687
1694620045967 0.822386058905332 688
1694620046000 0.8280175888921282 689
1694620046033 0.8399449465535611 690
1694620046072 0.8308271583481275 691
1694620046104 0.7726365420990224 692
1694620046136 0.8264332921517141 693
1694620046173 0.8297907527214154 694
1694620046205 0.8593094552000032 695
1694620046233 0.8341779942481806 696
1694620046269 0.8414647600005186 697
1694620046303 0.8526616856431788 698
1694620046336 0.7622278300961679 699
1694620046367 0.769283445891234 700
1694620046396 0.8564866028890828 701
1694620046423 0.8457405497574714 702
1694620046455 0.8235416623667822 703
1694620046489 0.7897218125951986 704
1694620046520 0.8317365180642644 705
1694620046567 0.8126083058564549 706
1694620046606 0.8473638857569055 707
1694620046638 0.8511873894889032 708
1694620046677 0.8524554756282233 709
1694620046709 0.8559095852472258 710
1694620046738 0.8178766295648847 711
1694620046771 0.8148026219704744 712
1694620046807 0.8443594835256072 713
1694620046843 0.8249416205335587 714
1694620046884 0.739775987007146 715
1694620046918 0.7515380806207388 716
1694620046955 0.8285392639590866 717
1694620047002 0.8285896930344228 718
1694620047044 0.8470238545549236 719
1694620047097 0.821315053179715 720
1694620047169 0.847287785692411 721
1694620047219 0.7715177332978408 722
1694620047255 0.8112445142614997 723
1694620047313 0.7969694957638354 724
1694620047357 0.8461734440363623 725
1694620047415 0.8449702883419465 726
1694620047454 0.8005597274289629 727
1694620047501 0.8273097717617123 728
1694620047536 0.8305457568363254 729
1694620047584 0.8282509014058901 730
1694620047630 0.8418332688332749 731
1694620047685 0.8513067855279707 732
1694620047720 0.851719834966294 733
1694620047751 0.8175411015340416 734
1694620047796 0.8268718546815204 735
1694620047828 0.848783829718369 736
1694620047857 0.825652309406775 737
1694620047903 0.8492583923717028 738
1694620047939 0.8588407578884589 739
1694620047984 0.8604425195387121 740
1694620048017 0.8360276281246014 741
1694620048052 0.8067146677975543 742
1694620048100 0.8293200727475118 743
1694620048133 0.7745879944554261 744
1694620048166 0.8104311575818945 745
1694620048215 0.8325909801412947 746
1694620048272 0.8164698160013016 747
1694620048314 0.8414288018280522 748
1694620048343 0.8385245317665111 749
1694620048373 0.8388956102215606 750
1694620048416 0.816619485378682 751
1694620048443 0.8253473992491949 752
1694620048487 0.850980087089889 753
1694620048532 0.8184013519633964 754
1694620048581 0.8485619771341875 755
1694620048648 0.8431954535710986 756
1694620048721 0.8038018742732569 757
1694620048771 0.840571793131557 758
1694620048815 0.8393465901480301 759
1694620048855 0.8271201252383621 760
1694620048899 0.8179509689235611 761
1694620048930 0.8719620981005859 762
1694620048966 0.832185697338546 763
1694620049002 0.8345048938336223 764
1694620049036 0.8203921389468269 765
1694620049066 0.8101312994011816 766
1694620049102 0.8631603207560401 767
1694620049138 0.8587484967310929 768
1694620049176 0.8314650021110773 769
1694620049209 0.8637913635095699 770
1694620049245 0.8638156224161109 771
1694620049286 0.8552535904298462 772
1694620049340 0.7981600114177314 773
1694620049383 0.7942775990723683 774
1694620049439 0.8656699585632331 775
1694620049476 0.846042293785447 776
1694620049513 0.8203875731939404 777
1694620049544 0.7865818059443961 778
1694620049578 0.8412118017168575 779
1694620049617 0.8548011132150578 780
1694620049681 0.8299547730466529 781
1694620049736 0.8270356150712255 782
1694620049798 0.8277287961433663 783
1694620049854 0.8229323691812243 784
1694620049923 0.8742268434935676 785
1694620049972 0.8568228886026562 786
1694620050002 0.8529938930112524 787
1694620050033 0.8003751057249111 788
1694620050121 0.8238748633285541 789
1694620050180 0.8016083564463512 790
1694620050238 0.836264466557838 791
1694620050296 0.8585588655487729 792
1694620050344 0.8717118387950011 793
1694620050385 0.8689819890866035 794
1694620050431 0.8304165764139055 795
1694620050485 0.8369451699040729 796
1694620050518 0.7967984764386458 797
1694620050554 0.8580795309273712 798
1694620050594 0.8130003802804966 799
1694620050637 0.867742096465114 800
1694620050679 0.844713730106969 801
1694620050716 0.8350827584406356 802
1694620050750 0.8146028909627436 803
1694620050788 0.8392453569313973 804
1694620050822 0.8100239355387796 805
1694620050850 0.8296149074813165 806
1694620050886 0.8269588032416224 807
1694620050936 0.8467618106161225 808
1694620050976 0.8600061619203963 809
1694620051016 0.8361319495067403 810
1694620051090 0.8524652829826441 811
1694620051188 0.8626302257110456 812
1694620051293 0.8409680844280035 813
1694620051352 0.8179661156671751 814
1694620051439 0.7740874691028966 815
1694620051523 0.8273930304310103 816
1694620051567 0.8275387323075213 817
1694620051642 0.8757504484303338 818
1694620051737 0.8717576347866637 819
1694620051845 0.8782942836177084 820
1694620051913 0.8336249734386894 821
1694620051971 0.870546655806592 822
1694620052081 0.8470629337495629 823
1694620052153 0.8126132291289342 824
1694620052233 0.8575396867240344 825
1694620052290 0.8203457727971242 826
1694620052334 0.8218685799239956 827
1694620052377 0.8411369166206838 828
1694620052410 0.8576336076188723 829
1694620052457 0.8446603760084768 830
1694620052513 0.7551300108419676 831
1694620052567 0.8620240662471392 832
1694620052600 0.8118903565771326 833
1694620052647 0.8294641001026839 834
1694620052687 0.8593192480696928 835
1694620052734 0.8292947792557994 836
1694620052794 0.8827414003499248 837
1694620052836 0.847268662329174 838
1694620052885 0.8155447182388365 839
1694620052930 0.825489918524762 840
1694620052990 0.8530214540556299 841
1694620053044 0.8359696764778387 842
1694620053085 0.7664423755667483 843
1694620053122 0.7871544145309685 844
1694620053158 0.8551783510664376 845
1694620053191 0.8007718289949972 846
1694620053225 0.881231736276853 847
1694620053273 0.8331256713279138 848
1694620053306 0.8434485172787647 849
1694620053340 0.8446984605744436 850
1694620053377 0.8339253381898366 851
1694620053406 0.8184895910474526 852
1694620053439 0.8490846460487795 853
1694620053476 0.8121767647102612 854
1694620053505 0.8053980462786312 855
1694620053542 0.8454718466978532 856
1694620053570 0.8192486133924343 857
1694620053600 0.7484411314612385 858
1694620053637 0.8392293777302146 859
1694620053670 0.8337247773279463 860
1694620053701 0.8088022034213076 861
1694620053733 0.8337699115294748 862
1694620053767 0.8435312125493255 863
1694620053797 0.8494351301480235 864
1694620053826 0.8253023747693738 865
1694620053863 0.8280088308719992 866
1694620053896 0.8071482096058569 867
1694620053925 0.8116234472625315 868
1694620053957 0.8048613447802904 869
1694620054000 0.8306498858419872 870
1694620054036 0.8077676466695627 871
1694620054072 0.8677299077844443 872
1694620054105 0.8117311378166581 873
1694620054138 0.8511498376012377 874
1694620054192 0.8314555355657536 875
1694620054238 0.8339178808193788 876
1694620054278 0.8130251011056011 877
1694620054312 0.8023357939804016 878
1694620054343 0.8287864097735003 879
1694620054373 0.8415550371382845 880
1694620054402 0.797489292670209 881
1694620054431 0.8089034150653761 882
1694620054465 0.8197999000841907 883
1694620054500 0.8306390981261883 884
1694620054530 0.8299363628479529 885
1694620054559 0.8306923314114895 886
1694620054589 0.8270660638262417 887
1694620054621 0.8474042112350882 888
1694620054658 0.8285540062288229 889
1694620054690 0.8501367253070119 890
1694620054717 0.8761007471105864 891
1694620054755 0.8013520533087622 892
1694620054788 0.8465400119021826 893
1694620054819 0.8281262382209394 894
1694620054853 0.8491403213613296 895
1694620054885 0.8128848399713311 896
1694620054916 0.8124255051481473 897
1694620054945 0.837241299897964 898
1694620054979 0.8556599003311174 899
1694620055028 0.845157667446861 900
1694620055074 0.8417535275110002 901
1694620055120 0.8693580742453841 902
1694620055171 0.8590848081895724 903
1694620055210 0.8599016483242733 904
1694620055256 0.8604735032412775 905
1694620055300 0.8299891494079612 906
1694620055343 0.8482521290282172 907
1694620055402 0.8279550146007099 908
1694620055437 0.8483614281101753 909
1694620055488 0.8298952619654377 910
1694620055538 0.853478105839567 911
1694620055588 0.8474641894450555 912
1694620055664 0.8079022677888275 913
1694620055737 0.8379745635842201 914
1694620055796 0.8376046342580016 915
1694620055871 0.8261888521361522 916
1694620055939 0.8334305211271269 917
1694620055983 0.8453472299362746 918
1694620056034 0.8580692401256832 919
1694620056092 0.7703055847233102 920
1694620056143 0.8561483405332753 921
1694620056190 0.8552119708904198 922
1694620056243 0.8463222037446971 923
1694620056290 0.8535153784819073 924
1694620056360 0.8660991551653563 925
1694620056416 0.8431358050948441 926
1694620056469 0.8281305080839632 927
1694620056514 0.8512028534683718 928
1694620056559 0.8478874041862193 929
1694620056598 0.8547574852363667 930
1694620056642 0.807001536594095 931
1694620056674 0.8415998756830831 932
1694620056708 0.8592207136552115 933
1694620056738 0.8471091709935282 934
1694620056780 0.8268294180251595 935
1694620056846 0.8372389338484341 936
1694620056922 0.8633282311041321 937
1694620056980 0.8343972556360714 938
1694620057025 0.8075866345632461 939
1694620057077 0.8559565436278185 940
1694620057130 0.8443004778904241 941
1694620057172 0.8172823575456725 942
1694620057218 0.832184045588475 943
1694620057277 0.82902664035996 944
1694620057339 0.8325712880072897 945
1694620057383 0.8456829231984638 946
1694620057427 0.8449278989058495 947
1694620057464 0.8574482115348536 948
1694620057496 0.8296638475387752 949
1694620057527 0.849887054742622 950
1694620057563 0.8490584874964585 951
1694620057592 0.8517571170378578 952
1694620057621 0.8378553559556813 953
1694620057651 0.8326119889178555 954
1694620057686 0.8640717611673642 955
1694620057718 0.8254674494224258 956
1694620057751 0.81069577777172 957
1694620057784 0.82625666591333 958
1694620057823 0.8147479034972791 959
1694620057857 0.8153628997596325 960
1694620057888 0.8519734699522348 961
1694620057920 0.8233141648753294 962
1694620057953 0.8524169060327982 963
1694620057984 0.7685984230148264 964
1694620058020 0.8420283086612359 965
1694620058051 0.8745275393508543 966
1694620058081 0.7937926859735435 967
1694620058128 0.8248139295534325 968
1694620058188 0.7910016060168126 969
1694620058236 0.8371070864139076 970
1694620058284 0.848157352998518 971
1694620058319 0.84684415179824 972
1694620058363 0.8342773337880289 973
1694620058410 0.8283665507298845 974
1694620058501 0.8445405972028753 975
1694620058558 0.8217876014522992 976
1694620058597 0.8656774551719382 977
1694620058638 0.8170481704643611 978
1694620058685 0.774908811672793 979
1694620058750 0.829823829908743 980
1694620058809 0.7980013212648256 981
1694620058869 0.8822164382068534 982
1694620058922 0.8723547886799181 983
1694620058979 0.8131475424033919 984
1694620059038 0.8730736206227604 985
1694620059091 0.8284960321854605 986
1694620059140 0.8365935440070872 987
1694620059191 0.8452306871940244 988
1694620059240 0.8404557415636156 989
1694620059283 0.855709766165059 990
1694620059372 0.8541745952312559 991
1694620059428 0.8097259127884822 992
1694620059472 0.8431305808556524 993
1694620059531 0.8228694728373569 994
1694620059586 0.8280166595141649 995
1694620059687 0.7915833860021474 996
1694620059778 0.8670990315466762 997
1694620059868 0.7773759474768038 998
1694620059955 0.8725489077934219 999
