1694631674383 -0.0096516641368114 0
1694631674437 -0.009633619148970984 1
1694631674484 -0.009614444968693459 2
1694631674555 -0.00959411741113092 3
1694631674631 -0.009572611846450751 4
1694631674690 -0.009549903193537324 5
1694631674749 -0.009525965913652179 6
1694631674799 -0.009500774004048251 7
1694631674854 -0.00947430099156299 8
1694631674903 -0.00944651992616019 9
1694631674937 -0.00941740337444652 10
1694631674982 -0.009386923413163828 11
1694631675027 -0.009355051622639943 12
1694631675069 -0.009321759080224146 13
1694631675135 -0.00928701635368867 14
1694631675190 -0.009260565761872064 15
1694631675238 -0.009232860280146582 16
1694631675283 -0.009203873986554978 17
1694631675332 -0.00917358050690864 18
1694631675383 -0.009141953009033532 19
1694631675435 -0.009108964197004576 20
1694631675488 -0.009074586305367838 21
1694631675572 -0.009038791093356036 22
1694631675632 -0.00900154983909629 23
1694631675672 -0.008962833333821196 24
1694631675718 -0.008922611876070574 25
1694631675765 -0.008880855265908982 26
1694631675804 -0.008837532799138348 27
1694631675841 -0.008792613261526583 28
1694631675874 -0.008746064923046415 29
1694631675907 -0.008697855532133092 30
1694631675949 -0.008647952309962958 31
1694631675987 -0.008596321944748686 32
1694631676036 -0.008542930586070696 33
1694631676072 -0.008487743839235007 34
1694631676111 -0.008430726759668383 35
1694631676162 -0.008371843847353677 36
1694631676205 -0.008311059041308466 37
1694631676253 -0.008248335714113209 38
1694631676293 -0.00818363666648847 39
1694631676332 -0.008133390385590022 40
1694631676370 -0.008081439557807713 41
1694631676427 -0.008027751039811237 42
1694631676475 -0.007972291174059842 43
1694631676531 -0.007915025784116736 44
1694631676583 -0.007855920170034114 45
1694631676651 -0.00779493910380169 46
1694631676728 -0.007732046824861838 47
1694631676787 -0.007667207035713108 48
1694631676835 -0.007600382897579028 49
1694631676884 -0.007531537026173929 50
1694631676934 -0.0074606314875562685 51
1694631676988 -0.007402846557250209 52
1694631677031 -0.007343189083135693 53
1694631677082 -0.007281622951539335 54
1694631677130 -0.007218111514588843 55
1694631677169 -0.007152617586339005 56
1694631677205 -0.007085103438985163 57
1694631677245 -0.007015530799186598 58
1694631677289 -0.006943860844504268 59
1694631677327 -0.006870054199967557 60
1694631677390 -0.006794070934756258 61
1694631677448 -0.006715870559018233 62
1694631677513 -0.006635412020822518 63
1694631677557 -0.0065526537032738474 64
1694631677594 -0.006467553421751315 65
1694631677629 -0.006380068421329321 66
1694631677668 -0.006290155374347739 67
1694631677724 -0.006197770378165268 68
1694631677782 -0.006102868953087981 69
1694631677828 -0.006005406040475503 70
1694631677868 -0.00590533600105414 71
1694631677912 -0.00580261261342252 72
1694631677984 -0.00569718907276795 73
1694631678048 -0.005589017989800382 74
1694631678122 -0.005478051389905092 75
1694631678185 -0.005364240712536716 76
1694631678237 -0.005247536810836895 77
1694631678283 -0.005127889951525688 78
1694631678330 -0.005005249815017043 79
1694631678369 -0.004879565495826466 80
1694631678411 -0.004750785503238486 81
1694631678456 -0.004618857762254125 82
1694631678496 -0.00448372961483523 83
1694631678548 -0.004345347821438361 84
1694631678584 -0.004203658562873969 85
1694631678622 -0.004058607442458673 86
1694631678664 -0.003910139488503495 87
1694631678703 -0.0037581991571480344 88
1694631678773 -0.0036027303355139484 89
1694631678814 -0.0034436763452285746 90
1694631678865 -0.0032809799463047185 91
1694631678916 -0.0031145833413865898 92
1694631678986 -0.0029444281803838734 93
1694631679020 -0.0027704555654788354 94
1694631679057 -0.002592606056557978 95
1694631679099 -0.002410819677018061 96
1694631679145 -0.0022250359200117753 97
1694631679184 -0.0020351937551075228 98
1694631679232 -0.0018412316353846325 99
1694631679272 -0.0016430875049751048 100
1694631679321 -0.0014406988070572169 101
1694631679374 -0.001234002492298103 102
1694631679411 -0.001022935027781946 103
1694631679454 -0.0008074324064042404 104
1694631679495 -0.0005874301567589946 105
1694631679549 -0.0003628633535173176 106
1694631679601 -0.00013366662830938125 107
1694631679669 0.0001002258188805838 108
1694631679712 0.0003388802078045927 109
1694631679752 0.00058236316550897 110
1694631679804 0.0008307417133625039 111
1694631679851 0.0010840832535474743 112
1694631679898 0.0013424555549889083 113
1694631679939 0.0016059267387381615 114
1694631679980 0.0018745652628000542 115
1694631680022 0.00214843990638236 116
1694631680062 0.002427619753573862 117
1694631680102 0.002712174176447202 118
1694631680148 0.0030021728175720908 119
1694631680193 0.0032976855719509812 120
1694631680244 0.00359878256833579 121
1694631680297 0.003905534149979628 122
1694631680337 0.004218010854762921 123
1694631680376 0.0045362833947240055 124
1694631680420 0.004860422634988759 125
1694631680459 0.005190499572068297 126
1694631680511 0.005526585311578236 127
1694631680558 0.0058687510453183656 128
1694631680596 0.0062170680277539025 129
1694631680637 0.006571607551876912 130
1694631680673 0.006932440924459438 131
1694631680711 0.0072996394406926735 132
1694631680752 0.0076732743582154095 133
1694631680790 0.008053416870545616 134
1694631680825 0.008440138079885862 135
1694631680866 0.008833508969351866 136
1694631680900 0.009233600374583761 137
1694631680938 0.00964048295479647 138
1694631680980 0.01005422716319837 139
1694631681019 0.010474903216881604 140
1694631681054 0.010902581066105865 141
1694631681087 0.011337330363032527 142
1694631681130 0.011779220429912196 143
1694631681168 0.01222832022670084 144
1694631681226 0.012684698318178422 145
1694631681271 0.013148422840518648 146
1694631681329 0.013619561467359431 147
1694631681367 0.014098181375373997 148
1694631681426 0.014584349209359582 149
1694631681477 0.01507813104686051 150
1694631681524 0.015579592362331529 151
1694631681567 0.016088797990885806 152
1694631681609 0.016605812091587957 153
1694631681648 0.017130698110391918 154
1694631681683 0.017663518742665696 155
1694631681718 0.018204335895382617 156
1694631681760 0.01875321064893809 157
1694631681799 0.019310203218695032 158
1694631681853 0.01987537291620267 159
1694631681907 0.020448778110169763 160
1694631681957 0.02103047618716114 161
1694631681995 0.021620523512118628 162
1694631682037 0.02221897538865858 163
1694631682083 0.022825886019214314 164
1694631682136 0.023441308465056654 165
1694631682176 0.024065294606169907 166
1694631682214 0.024697895101102763 167
1694631682261 0.02533915934673403 168
1694631682305 0.02598913543803949 169
1694631682342 0.02664787012787362 170
1694631682381 0.027315408786814044 171
1694631682428 0.027991795363070393 172
1694631682480 0.028677072342520815 173
1694631682542 0.029371280708920144 174
1694631682615 0.0300744599042857 175
1694631682660 0.030786647789487698 176
1694631682704 0.03150788060514842 177
1694631682738 0.0322381929328196 178
1694631682781 0.032977617656476665 179
1694631682819 0.033726185924438656 180
1694631682863 0.034483927111662815 181
1694631682915 0.035250868782524925 182
1694631682947 0.03602703665406193 183
1694631682985 0.03681245455978066 184
1694631683036 0.03760714441401314 185
1694631683098 0.038411126176910004 186
1694631683167 0.03922441782007957 187
1694631683205 0.04004703529289244 188
1694631683238 0.04087899248956961 189
1694631683271 0.041720301217006095 190
1694631683309 0.04257097116341768 191
1694631683346 0.04343100986785631 192
1694631683386 0.0443004226905751 193
1694631683426 0.04517921278437531 194
1694631683459 0.04606738106689923 195
1694631683502 0.0469649261939038 196
1694631683543 0.047871844533631136 197
1694631683583 0.0487881301422205 198
1694631683626 0.04971377474024996 199
1694631683672 0.050648767690445906 200
1694631683709 0.051593095976538605 201
1694631683747 0.05254674418339589 202
1694631683801 0.053509694478369285 203
1694631683854 0.054481926593943575 204
1694631683948 0.0554634178117015 205
1694631684027 0.056454142947637176 206
1694631684072 0.05745407433884531 207
1694631684108 0.0584631818316137 208
1694631684147 0.0594814327709452 209
1694631684186 0.06050879199154746 210
1694631684224 0.06154522181027422 211
1694631684263 0.0625906820200981 212
1694631684310 0.06364512988557658 213
1694631684346 0.06470852013989103 214
1694631684392 0.06578080498341377 215
1694631684437 0.06686193408386565 216
1694631684477 0.06795185457805608 217
1694631684529 0.06905051107522742 218
1694631684568 0.07015784566200545 219
1694631684608 0.07127379790898858 220
1694631684648 0.07239830487892096 221
1694631684689 0.07353130113655426 222
1694631684727 0.07467271876012083 223
1694631684784 0.07582248735441499 224
1694631684827 0.0769805340655717 225
1694631684872 0.07814678359743421 226
1694631684914 0.07932115822957164 227
1694631684952 0.08050357783691509 228
1694631684993 0.08169395991103034 229
1694631685042 0.08289221958294846 230
1694631685082 0.08409826964765466 231
1694631685119 0.08531202059012721 232
1694631685158 0.08653338061291238 233
1694631685195 0.08776225566530926 234
1694631685231 0.08899854947404784 235
1694631685271 0.09024216357544879 236
1694631685308 0.09149299734912375 237
1694631685343 0.09275094805308859 238
1694631685395 0.09401591086033867 239
1694631685452 0.0952877788967772 240
1694631685505 0.09656644328059394 241
1694631685586 0.09785179316290682 242
1694631685635 0.09914371576974512 243
1694631685686 0.10044209644531721 244
1694631685735 0.10174681869648416 245
1694631685773 0.10305776423844093 246
1694631685818 0.10437481304155494 247
1694631685855 0.10569784337933252 248
1694631685892 0.10702673187741196 249
1694631685930 0.10836135356365006 250
1694631685971 0.10970158191916157 251
1694631686017 0.11104728893026716 252
1694631686070 0.11239834514139968 253
1694631686130 0.11375461970880185 254
1694631686185 0.11511598045504268 255
1694631686250 0.11648229392426979 256
1694631686286 0.11785342543818422 257
1694631686320 0.11922923915260297 258
1694631686363 0.12060959811469019 259
1694631686408 0.1219943643206759 260
1694631686447 0.12338339877408744 261
1694631686488 0.12477656154440997 262
1694631686533 0.1261737118261551 263
1694631686573 0.12757470799820914 264
1694631686619 0.12897940768352856 265
1694631686661 0.13038766780901156 266
1694631686708 0.13179934466556198 267
1694631686747 0.1332142939682711 268
1694631686786 0.13463237091666813 269
1694631686824 0.1360534302549823 270
1694631686862 0.1374773263323863 271
1694631686904 0.13890391316312034 272
1694631686941 0.14033304448649764 273
1694631686985 0.14176457382673624 274
1694631687028 0.14319835455252228 275
1694631687068 0.14463423993630398 276
1694631687107 0.14607208321324416 277
1694631687148 0.14751173763981085 278
1694631687197 0.14895305655188407 279
1694631687257 0.15039589342246484 280
1694631687297 0.15184010191880515 281
1694631687338 0.15328553595901884 282
1694631687381 0.1547320497680359 283
1694631687427 0.15617949793297548 284
1694631687494 0.15762773545780406 285
1694631687549 0.15907661781724203 286
1694631687604 0.16052600100997227 287
1694631687640 0.16197574161100536 288
1694631687678 0.16342569682323227 289
1694631687721 0.1648757245281104 290
1694631687757 0.16632568333545805 291
1694631687793 0.16777543263231842 292
1694631687835 0.16922483263087063 293
1694631687886 0.17067374441537853 294
1694631687929 0.17212202998807424 295
1694631687975 0.17356955231410676 296
1694631688020 0.175016175365324 297
1694631688065 0.17646176416307624 298
1694631688117 0.17790618481986442 299
1694631688158 0.1793493045798974 300
1694631688195 0.18079099185851255 301
1694631688231 0.18223111628045385 302
1694631688272 0.18366954871698493 303
1694631688313 0.18510616132184987 304
1694631688352 0.1865408275660002 305
1694631688390 0.18797342227119984 306
1694631688435 0.18940382164237612 307
1694631688491 0.1908319032987853 308
1694631688539 0.19225754630396263 309
1694631688583 0.19368063119445755 310
1694631688632 0.19510104000735085 311
1694631688678 0.19651865630655008 312
1694631688709 0.19793336520787064 313
1694631688752 0.19934505340289588 314
1694631688789 0.20075360918161977 315
1694631688828 0.20215892245390232 316
1694631688874 0.20356088476966072 317
1694631688911 0.20495938933794144 318
1694631688951 0.20635433104473322 319
1694631688989 0.20774560646964713 320
1694631689025 0.2091331139013557 321
1694631689059 0.21051675335196762 322
1694631689095 0.21189642657013708 323
1694631689141 0.2132720370531307 324
1694631689192 0.21464349005770766 325
1694631689235 0.21601069260990768 326
1694631689283 0.21737355351374255 327
1694631689332 0.21873198335879807 328
1694631689376 0.22008589452677352 329
1694631689413 0.2214352011969868 330
1694631689458 0.22277981935079882 331
1694631689514 0.2241196667750951 332
1694631689567 0.22545466306471706 333
1694631689607 0.22678472962394314 334
1694631689668 0.22810978966700413 335
1694631689749 0.22942976821766825 336
1694631689798 0.2307445921079252 337
1694631689853 0.23205418997572136 338
1694631689894 0.2333584922619173 339
1694631689933 0.2346574312062798 340
1694631689970 0.23595094084276158 341
1694631690018 0.23723895699386033 342
1694631690137 0.23852141726428833 343
1694631690197 0.23979826103381985 344
1694631690255 0.24106942944941712 345
1694631690313 0.24233486541665683 346
1694631690358 0.24359451359040474 347
1694631690397 0.244848320364895 348
1694631690453 0.2460962338631031 349
1694631690506 0.24733820392551187 350
1694631690555 0.24857418209827198 351
1694631690604 0.2498041216207798 352
1694631690657 0.2510279774126961 353
1694631690714 0.25224570606042385 354
1694631690783 0.25345726580309247 355
1694631690866 0.25466261651799726 356
1694631690920 0.2558617197056361 357
1694631690974 0.2570545384742483 358
1694631691026 0.25824103752393723 359
1694631691073 0.2594211831304112 360
1694631691129 0.26059494312827225 361
1694631691180 0.26176228689404 362
1694631691223 0.2629231853287365 363
1694631691265 0.26407761084018877 364
1694631691318 0.2652255373250403 365
1694631691368 0.2663669401504467 366
1694631691422 0.2675017961355194 367
1694631691480 0.2686300835325174 368
1694631691563 0.2697517820078298 369
1694631691634 0.27086687262269216 370
1694631691684 0.27197533781378214 371
1694631691773 0.27307716137359683 372
1694631691846 0.27417232843066386 373
1694631691916 0.27526082542962116 374
1694631691972 0.27634264011119025 375
1694631692071 0.2774177614920156 376
1694631692127 0.2784861798443996 377
1694631692184 0.2795478866759714 378
1694631692274 0.2806028747093039 379
1694631692328 0.2816511378614497 380
1694631692376 0.2826926712234513 381
1694631692425 0.28372747103984397 382
1694631692480 0.28475553468809267 383
1694631692536 0.2857768606581158 384
1694631692620 0.28679144853171745 385
1694631692680 0.28779929896215006 386
1694631692786 0.28880041365362785 387
1694631692876 0.2897947953409188 388
1694631692923 0.29078244776901396 389
1694631693022 0.29176337567284594 390
1694631693078 0.29273758475705014 391
1694631693132 0.29370508167588016 392
1694631693177 0.29466587401318234 393
1694631693233 0.2956199702624416 394
1694631693285 0.29656737980702674 395
1694631693334 0.2975081129004514 396
1694631693386 0.29844218064685346 397
1694631693437 0.2993695949815529 398
1694631693488 0.3002903686517776 399
1694631693528 0.30120451519752134 400
1694631693581 0.3021120489325886 401
1694631693625 0.30301298492573503 402
1694631693681 0.303907338982071 403
1694631693741 0.304795127624528 404
1694631693792 0.3056763680756086 405
1694631693836 0.30655107823921646 406
1694631693885 0.3074192766827588 407
1694631693938 0.3082809826193833 408
1694631693986 0.3091362158904287 409
1694631694038 0.3099849969480747 410
1694631694094 0.3108273468381817 411
1694631694165 0.3116632871833609 412
1694631694211 0.3124928401661933 413
1694631694262 0.31331602851273477 414
1694631694313 0.3141328754761701 415
1694631694378 0.314943404820727 416
1694631694446 0.3157476408057427 417
1694631694532 0.31654560817004107 418
1694631694610 0.31733733211642345 419
1694631694689 0.31812283829647026 420
1694631694748 0.3189021527955068 421
1694631694820 0.31967530211781237 422
1694631694867 0.32044231317204963 423
1694631694931 0.3212032132569167 424
1694631694982 0.3219580300470176 425
1694631695046 0.3227067915789773 426
1694631695118 0.32344952623774903 427
1694631695168 0.324186262743159 428
1694631695209 0.3249170301366926 429
1694631695254 0.32564185776849064 430
1694631695316 0.326360775284547 431
1694631695376 0.32707381261416557 432
1694631695432 0.32778099995760557 433
1694631695485 0.32848236777398054 434
1694631695529 0.32917794676936096 435
1694631695572 0.3298677678850761 436
1694631695618 0.3305518622862562 437
1694631695666 0.3312302613506036 438
1694631695739 0.33190299665734413 439
1694631695787 0.33257009997641906 440
1694631695832 0.33323160325787304 441
1694631695879 0.3338875386214627 442
1694631695923 0.33453793834646883 443
1694631696008 0.3351828348617183 444
1694631696064 0.33582226073580757 445
1694631696113 0.33645624866753443 446
1694631696161 0.3370848314765247 447
1694631696203 0.33770804209406624 448
1694631696243 0.33832591355413355 449
1694631696287 0.3389384789846138 450
1694631696327 0.3395457715987201 451
1694631696370 0.3401478246865991 452
1694631696410 0.3407446716071284 453
1694631696448 0.3413363457799067 454
1694631696489 0.34192288067740995 455
1694631696542 0.3425043098173417 456
1694631696577 0.3430806667551759 457
1694631696611 0.3436519850768569 458
1694631696646 0.3442182983916825 459
1694631696683 0.3447796403253629 460
1694631696725 0.3453360445132474 461
1694631696757 0.3458875445937142 462
1694631696802 0.3464341742017538 463
1694631696846 0.34697596696265487 464
1694631696884 0.3475129564859356 465
1694631696927 0.34804517635935983 466
1694631696970 0.3485726601431395 467
1694631697014 0.3490954413643075 468
1694631697058 0.34961355351121204 469
1694631697096 0.3501270300281767 470
1694631697141 0.3506359043103001 471
1694631697180 0.3511402096984212 472
1694631697223 0.3516399794741726 473
1694631697258 0.35213524685526043 474
1694631697292 0.35262604499078165 475
1694631697328 0.35311240695676216 476
1694631697366 0.35359436575177206 477
1694631697410 0.354071954292712 478
1694631697453 0.3545452054106685 479
1694631697513 0.35501415184698293 480
1694631697566 0.3554788262493458 481
1694631697613 0.3559392611680968 482
1694631697646 0.35639548905258944 483
1694631697679 0.35684754224769444 484
1694631697713 0.35729545299042165 485
1694631697744 0.3577392534066337 486
1694631697776 0.35817897550789435 487
1694631697810 0.3586146511883961 488
1694631697842 0.35904631222204675 489
1694631697876 0.35947399025957905 490
1694631697912 0.3598977168258449 491
1694631697946 0.36031752331715294 492
1694631697977 0.3607334409987272 493
1694631698013 0.3611455010022596 494
1694631698060 0.361553734323549 495
1694631698117 0.3619581718202428 496
1694631698163 0.36235884420965947 497
1694631698206 0.3627557820666987 498
1694631698240 0.36314901582185877 499
1694631698274 0.36353857575928683 500
1694631698304 0.3639244920149747 501
1694631698338 0.3643067945750087 502
1694631698372 0.36468551327385934 503
1694631698405 0.36506067779283513 504
1694631698442 0.36543231765850825 505
1694631698477 0.36580046224131824 506
1694631698513 0.36616514075414874 507
1694631698551 0.3665263822510524 508
1694631698590 0.36688421562601503 509
1694631698629 0.3672386696117551 510
1694631698663 0.3675897727786531 511
1694631698698 0.3679375535336925 512
1694631698735 0.3682820401194976 513
1694631698770 0.3686232606133837 514
1694631698803 0.3689612429265432 515
1694631698852 0.3692960148032156 516
1694631698885 0.3696276038199454 517
1694631698924 0.36995603738491023 518
1694631698962 0.37028134273727453 519
1694631698996 0.37060354694660824 520
1694631699032 0.37092267691237146 521
1694631699068 0.371238759363398 522
1694631699103 0.3715518208575116 523
1694631699141 0.3718618877810913 524
1694631699174 0.3721689863487686 525
1694631699206 0.3724731426031169 526
1694631699237 0.3727743824144041 527
1694631699272 0.37307273148038345 528
1694631699302 0.3733682153261264 529
1694631699337 0.37366085930389614 530
1694631699381 0.3739506885930587 531
1694631699421 0.37423772820003043 532
1694631699461 0.37452200295827953 533
1694631699500 0.37480353752831796 534
1694631699555 0.37508235639779086 535
1694631699588 0.3753584838815497 536
1694631699624 0.37563194412178336 537
1694631699657 0.37590276108816534 538
1694631699688 0.3761709585780638 539
1694631699722 0.37643656021671856 540
1694631699769 0.37669958945752435 541
1694631699802 0.3769600695822872 542
1694631699836 0.37721802370153035 543
1694631699870 0.37747347475481885 544
1694631699904 0.377726445511117 545
1694631699942 0.37797695856916524 546
1694631699977 0.3782250363578813 547
1694631700006 0.3784707011367885 548
1694631700043 0.3787139749964601 549
1694631700075 0.3789548798589921 550
1694631700106 0.3791934374785061 551
1694631700147 0.3794296694416277 552
1694631700178 0.37966359716805176 553
1694631700210 0.3798952419110735 554
1694631700248 0.3801246247581719 555
1694631700287 0.38035176663157855 556
1694631700318 0.38057668828888047 557
1694631700356 0.38079941032365705 558
1694631700394 0.3810199531661008 559
1694631700438 0.3812383370836695 560
1694631700484 0.38145458218175365 561
1694631700529 0.38166870840435185 562
1694631700567 0.3818807355347623 563
1694631700601 0.38209068319630235 564
1694631700636 0.3822985708529941 565
1694631700674 0.38250441781032474 566
1694631700707 0.3827082432159692 567
1694631700749 0.382910066060559 568
1694631700786 0.3831099051784155 569
1694631700828 0.3833077792483488 570
1694631700876 0.38350370679442725 571
1694631700905 0.3836977061867679 572
1694631700941 0.38388979564233316 573
1694631700977 0.38407999322575326 574
1694631701009 0.38426831685011054 575
1694631701048 0.3844547842777917 576
1694631701089 0.3846394131212997 577
1694631701140 0.3848222208440968 578
1694631701186 0.38500322476144133 579
1694631701231 0.3851824420412391 580
1694631701263 0.38535988970489243 581
1694631701304 0.3855355846281616 582
1694631701340 0.38570954354203546 583
1694631701378 0.3858817830335738 584
1694631701409 0.38605231954680685 585
1694631701454 0.38622116938359596 586
1694631701494 0.3863883487045249 587
1694631701527 0.3865538735297571 588
1694631701564 0.3867177597399494 589
1694631701598 0.3868800230771242 590
1694631701634 0.38704067914556417 591
1694631701665 0.38719974341270336 592
1694631701698 0.3873572312100212 593
1694631701739 0.38751315773394235 594
1694631701773 0.38766753804672915 595
1694631701808 0.38782038707738464 596
1694631701854 0.38797171962254695 597
1694631701891 0.3881215503474036 598
1694631701925 0.3882698937865666 599
1694631701962 0.38841676434499783 600
1694631701996 0.388562176298902 601
1694631702034 0.38870614379662205 602
1694631702078 0.38884868085955604 603
1694631702119 0.38898980138303874 604
1694631702185 0.38912951913725435 605
1694631702231 0.3892678477681246 606
1694631702278 0.38940480079822193 607
1694631702317 0.3895403916276515 608
1694631702362 0.3896746335349679 609
1694631702398 0.3898075396780366 610
1694631702445 0.3899391230949568 611
1694631702487 0.39006939670493823 612
1694631702526 0.39019837330919405 613
1694631702561 0.3903260655918267 614
1694631702595 0.39045248612071326 615
1694631702628 0.3905776473483876 616
1694631702664 0.39070156161292247 617
1694631702698 0.3908242411388051 618
1694631702739 0.3909456980378144 619
1694631702772 0.3910659443098925 620
1694631702807 0.39118499184401434 621
1694631702842 0.3913028524190544 622
1694631702874 0.39141953770465254 623
1694631702904 0.391535059262072 624
1694631702943 0.39164942854505835 625
1694631702979 0.3917626569006928 626
1694631703011 0.3918747555702444 627
1694631703044 0.3919857356900128 628
1694631703082 0.3920956082921898 629
1694631703114 0.39220438430566584 630
1694631703153 0.3923120745569002 631
1694631703198 0.39241868977073646 632
1694631703244 0.39252424057123303 633
1694631703279 0.3926287374825037 634
1694631703312 0.39273219092950806 635
1694631703355 0.3928346112388946 636
1694631703393 0.3929360086398138 637
1694631703434 0.3930363932647145 638
1694631703472 0.3931357751501442 639
1694631703514 0.39323416423758295 640
1694631703556 0.3933315703741955 641
1694631703591 0.3934280033136587 642
1694631703628 0.3935234727169349 643
1694631703664 0.39361798815305504 644
1694631703698 0.39371155909990274 645
1694631703731 0.39380419494498853 646
1694631703768 0.39389590498621707 647
1694631703811 0.39398669843265777 648
1694631703854 0.39407658440530247 649
1694631703897 0.39416557193782675 650
1694631703936 0.3942536699773387 651
1694631703970 0.39434088738512874 652
1694631704008 0.394427232937411 653
1694631704044 0.3945127153260759 654
1694631704075 0.3945973431593941 655
1694631704104 0.3946811249627753 656
1694631704139 0.3947640691794816 657
1694631704196 0.39484618417134776 658
1694631704247 0.3949274782194987 659
1694631704290 0.3950079595250573 660
1694631704323 0.39508763620985 661
1694631704360 0.3951665163171231 662
1694631704397 0.39524460781221105 663
1694631704441 0.39532191858325105 664
1694631704473 0.39539845644187444 665
1694631704510 0.3954742291238601 666
1694631704545 0.39554924428984206 667
1694631704576 0.39562350952597647 668
1694631704610 0.39569703234459563 669
1694631704643 0.39576982018488616 670
1694631704676 0.39584188041354207 671
1694631704708 0.3959132203254243 672
1694631704742 0.39598384714419177 673
1694631704774 0.39605376802298153 674
1694631704804 0.39612299004501805 675
1694631704845 0.3961915202242504 676
1694631704879 0.3962593655060037 677
1694631704912 0.39632653276758667 678
1694631704949 0.396393028818918 679
1694631704992 0.39645886040315315 680
1694631705024 0.39652403419727955 681
1694631705060 0.39658855681272565 682
1694631705094 0.3966524347959881 683
1694631705127 0.3967156746291902 684
1694631705163 0.39677828273071947 685
1694631705196 0.39684026545577467 686
1694631705230 0.39690162909698035 687
1694631705269 0.39696237988495475 688
1694631705308 0.39702252398888804 689
1694631705343 0.39708206751710473 690
1694631705386 0.39714101651765266 691
1694631705420 0.39719937697882657 692
1694631705464 0.39725715482977164 693
1694631705505 0.3973143559409936 694
1694631705538 0.3973709861249366 695
1694631705573 0.397427051136515 696
1694631705606 0.3974825566736524 697
1694631705664 0.39753750837782953 698
1694631705701 0.397591911834585 699
1694631705738 0.3976457725740834 700
1694631705773 0.3976990960716058 701
1694631705809 0.39775188774807013 702
1694631705843 0.39780415297057015 703
1694631705878 0.3978558970528543 704
1694631705912 0.3979071252558488 705
1694631705955 0.39795784278814417 706
1694631706011 0.39800805480651624 707
1694631706065 0.39805776641639656 708
1694631706113 0.3981069826723608 709
1694631706166 0.3981557085786296 710
1694631706213 0.3982039490895347 711
1694631706246 0.3982517091100013 712
1694631706285 0.3982989934960177 713
1694631706322 0.39834580705510214 714
1694631706368 0.3983921545467707 715
1694631706412 0.39843804068299327 716
1694631706447 0.3984834701286498 717
1694631706501 0.39852844750199423 718
1694631706537 0.39857297737507247 719
1694631706571 0.3986170642742063 720
1694631706608 0.3986607126804034 721
1694631706641 0.39870392702981017 722
1694631706677 0.39874671171412646 723
1694631706707 0.398789071081064 724
1694631706740 0.39883100943474625 725
1694631706775 0.3988725310361293 726
1694631706814 0.3989136401034492 727
1694631706863 0.39895434081258996 728
1694631706897 0.39899463729754414 729
1694631706937 0.39903453365077324 730
1694631706971 0.3990740339236428 731
1694631707008 0.3991131421268074 732
1694631707043 0.3991518622306197 733
1694631707078 0.39919019816549706 734
1694631707112 0.3992281538223378 735
1694631707161 0.39926573305289326 736
1694631707202 0.3993029396701506 737
1694631707244 0.3993397774487105 738
1694631707295 0.39937625012517697 739
1694631707347 0.3994123613984957 740
1694631707400 0.3994481149303559 741
1694631707445 0.3994835143455364 742
1694631707482 0.3995185632322851 743
1694631707527 0.3995532651426439 744
1694631707565 0.3995876235928457 745
1694631707614 0.3996216420636318 746
1694631707657 0.399655324000623 747
1694631707691 0.3996886728146435 748
1694631707723 0.3997216918820866 749
1694631707760 0.3997543845452387 750
1694631707794 0.3997867541126189 751
1694631707835 0.3998188038593127 752
1694631707874 0.3998505370272989 753
1694631707912 0.39988195682578076 754
1694631707959 0.3999130664315014 755
1694631707999 0.3999438689890843 756
1694631708039 0.399974367611316 757
1694631708080 0.40000456537949236 758
1694631708115 0.4000344653437251 759
1694631708158 0.400064070523238 760
1694631708194 0.4000933839066735 761
1694631708230 0.4001224084524121 762
1694631708267 0.40015114708885735 763
1694631708307 0.4001796027147394 764
1694631708340 0.40020777819940945 765
1694631708376 0.40023567638312463 766
1694631708415 0.4002633000773568 767
1694631708451 0.4002906520650462 768
1694631708491 0.4003177351009132 769
1694631708532 0.40034455191173857 770
1694631708575 0.40037110519661523 771
1694631708609 0.40039739762725113 772
1694631708643 0.4004234318482408 773
1694631708679 0.40044921047730797 774
1694631708719 0.4004747361056168 775
1694631708758 0.4005000112979925 776
1694631708796 0.4005250385932173 777
1694631708829 0.400549820504272 778
1694631708861 0.40057435951861153 779
1694631708899 0.4005986580983977 780
1694631708940 0.4006227186807687 781
1694631708988 0.40064654367808483 782
1694631709028 0.4006701354781692 783
1694631709065 0.4006934964445682 784
1694631709104 0.4007166289167845 785
1694631709141 0.4007395352105163 786
1694631709184 0.4007622176179131 787
1694631709223 0.40078467840777854 788
1694631709274 0.40080691982584093 789
1694631709319 0.40082894409496284 790
1694631709372 0.4008507534153769 791
1694631709409 0.4008723499649154 792
1694631709451 0.4008937358992296 793
1694631709495 0.40091491335201845 794
1694631709528 0.4009358844352463 795
1694631709561 0.4009566512393593 796
1694631709598 0.40097721583351287 797
1694631709636 0.4009975802657736 798
1694631709673 0.40101774656332867 799
1694631709713 0.4010377167327137 800
1694631709749 0.40105749276000724 801
1694631709788 0.4010770766110411 802
1694631709832 0.4010964702316022 803
1694631709879 0.4011156755476384 804
1694631709914 0.4011346944654548 805
1694631709950 0.40115352887191214 806
1694631709990 0.4011721806346368 807
1694631710031 0.40119065160218503 808
1694631710078 0.40120894360426584 809
1694631710107 0.40122705845191553 810
1694631710139 0.40124499793769086 811
1694631710176 0.4012627638358516 812
1694631710205 0.40128035790256256 813
1694631710243 0.40129778187604437 814
1694631710283 0.4013150374767852 815
1694631710316 0.40133212640770766 816
1694631710353 0.40134905035434765 817
1694631710386 0.4013658109850312 818
1694631710423 0.4013824099510467 819
1694631710459 0.40139884888682165 820
1694631710495 0.40141512941008983 821
1694631710531 0.4014312531220616 822
1694631710562 0.40144722160759383 823
1694631710597 0.40146303643535186 824
1694631710636 0.4014786991579764 825
1694631710676 0.40149421131224416 826
1694631710709 0.40150957441923274 827
1694631710741 0.4015247899844758 828
1694631710777 0.4015398594981219 829
1694631710808 0.4015547844350936 830
1694631710847 0.4015695662552382 831
1694631710879 0.40158420640348214 832
1694631710932 0.40159870630998584 833
1694631710980 0.4016130673902898 834
1694631711045 0.40162729104546424 835
1694631711117 0.401641378662257 836
1694631711182 0.4016553316132394 837
1694631711251 0.4016691512569489 838
1694631711301 0.40168283893803614 839
1694631711344 0.40169639598739626 840
1694631711378 0.401709823722331 841
1694631711411 0.4017231234466533 842
1694631711453 0.4017362964508553 843
1694631711498 0.4017493440122283 844
1694631711543 0.40176226739500276 845
1694631711580 0.4017750678504798 846
1694631711613 0.40178774661716143 847
1694631711648 0.40180030492088015 848
1694631711679 0.40181274397494526 849
1694631711712 0.4018250649802344 850
1694631711744 0.4018372691253561 851
1694631711779 0.40184935758675266 852
1694631711814 0.40186133152884385 853
1694631711853 0.40187319210413097 854
1694631711896 0.40188494045332057 855
1694631711938 0.40189657770545695 856
1694631711977 0.401908104978031 857
1694631712022 0.40191952337711045 858
1694631712063 0.4019308339974327 859
1694631712095 0.4019420379225441 860
1694631712129 0.4019531362249058 861
1694631712165 0.4019641299660045 862
1694631712199 0.401975020196468 863
1694631712237 0.40198580795617433 864
1694631712273 0.4019964942743641 865
1694631712307 0.4020070801697435 866
1694631712346 0.4020175666506076 867
1694631712391 0.40202795471491826 868
1694631712439 0.40203824535043753 869
1694631712497 0.40204843953482106 870
1694631712549 0.4020585382357189 871
1694631712595 0.40206854241088275 872
1694631712648 0.40207845300826417 873
1694631712691 0.40208827096611743 874
1694631712725 0.4020979972130947 875
1694631712761 0.4021076326683498 876
1694631712800 0.4021171782416323 877
1694631712864 0.40212663483338196 878
1694631712896 0.40213600333482924 879
1694631712932 0.4021452846280813 880
1694631712971 0.40215447958623474 881
1694631713007 0.4021635890734341 882
1694631713048 0.4021726139449979 883
1694631713095 0.40218155504748876 884
1694631713131 0.4021904132188119 885
1694631713172 0.40219918928830056 886
1694631713213 0.4022078840768023 887
1694631713252 0.4022164983967699 888
1694631713295 0.40222503305234436 889
1694631713329 0.40223348883944254 890
1694631713367 0.4022418665458395 891
1694631713412 0.40225016695125326 892
1694631713455 0.40225839082742576 893
1694631713522 0.4022665389382082 894
1694631713585 0.4022746120396319 895
1694631713632 0.40228261088001804 896
1694631713684 0.4022905362000041 897
1694631713742 0.40229838873267576 898
1694631713778 0.4023061692036136 899
1694631713831 0.40231387833098164 900
1694631713888 0.40232151682559936 901
1694631713981 0.4023290853910192 902
1694631714031 0.4023365847235987 903
1694631714064 0.40234401551257737 904
1694631714106 0.40235137844014734 905
1694631714146 0.4023586741815247 906
1694631714186 0.40236590340503475 907
1694631714224 0.4023730667721528 908
1694631714265 0.40238016493760476 909
1694631714324 0.40238719854942295 910
1694631714387 0.4023941682490143 911
1694631714428 0.40240107467123143 912
1694631714470 0.402407918444441 913
1694631714515 0.4024147001905857 914
1694631714564 0.4024214205252544 915
1694631714611 0.40242808005774544 916
1694631714644 0.40243467939113253 917
1694631714681 0.40244121912232433 918
1694631714720 0.40244769984214135 919
1694631714756 0.40245412213535936 920
1694631714796 0.40246048658078737 921
1694631714836 0.40246679375131134 922
1694631714870 0.40247304421397556 923
1694631714906 0.40247923853003975 924
1694631714938 0.40248537725501055 925
1694631714971 0.4024914609387483 926
1694631715015 0.4024974901254774 927
1694631715065 0.4025034653538765 928
1694631715120 0.4025093871571238 929
1694631715188 0.402515256062953 930
1694631715267 0.4025210725937114 931
1694631715308 0.4025268372664118 932
1694631715360 0.4025325505928038 933
1694631715398 0.4025382130793914 934
1694631715450 0.4025438252275324 935
1694631715499 0.4025493875334586 936
1694631715544 0.40255490048833364 937
1694631715585 0.40256036457832056 938
1694631715627 0.40256578028461865 939
1694631715664 0.4025711480835166 940
1694631715704 0.4025764684464559 941
1694631715765 0.402581741840054 942
1694631715813 0.40258696872618227 943
1694631715856 0.4025921495619964 944
1694631715904 0.40259728479999535 945
1694631715963 0.4026023748880594 946
1694631716007 0.40260742026951535 947
1694631716068 0.4026124213831547 948
1694631716103 0.4026173786633085 949
1694631716151 0.402622292539875 950
1694631716206 0.4026271634383852 951
1694631716244 0.4026319917800141 952
1694631716282 0.402636777981661 953
1694631716312 0.4026415224559733 954
1694631716346 0.40264622561139607 955
1694631716382 0.40265088785221503 956
1694631716429 0.4026555095785984 957
1694631716477 0.40266009118664037 958
1694631716525 0.40266463306840117 959
1694631716574 0.40266913561195194 960
1694631716607 0.40267359920141155 961
1694631716650 0.40267802421698795 962
1694631716695 0.40268241103503233 963
1694631716740 0.4026867600280466 964
1694631716795 0.4026910715647557 965
1694631716839 0.40269534601013146 966
1694631716886 0.4026995837254319 967
1694631716927 0.40270378506824145 968
1694631716982 0.40270795039250873 969
1694631717031 0.4027120800485836 970
1694631717079 0.40271617438325213 971
1694631717117 0.4027202337397753 972
1694631717153 0.40272425845793347 973
1694631717193 0.4027282488740396 974
1694631717231 0.40273220532099574 975
1694631717279 0.4027361281283307 976
1694631717320 0.40274001762220923 977
1694631717362 0.4027438741254935 978
1694631717409 0.402747697957763 979
1694631717461 0.4027514894353613 980
1694631717517 0.4027552488714037 981
1694631717563 0.40275897657583404 982
1694631717631 0.4027626728554625 983
1694631717684 0.40276633801396455 984
1694631717731 0.40276997235194734 985
1694631717764 0.4027735761669654 986
1694631717800 0.40277714975355394 987
1694631717837 0.4027806934032572 988
1694631717870 0.402784207404677 989
1694631717907 0.4027876920434683 990
1694631717948 0.402791147602403 991
1694631717995 0.4027945743613839 992
1694631718040 0.40279797259747696 993
1694631718085 0.40280134258494027 994
1694631718125 0.40280468459525265 995
1694631718165 0.40280799889714347 996
1694631718203 0.4028112857566162 997
