1694628444378 181.01327603818848 0
1694628444416 180.97682784332162 1
1694628444455 180.94038696520394 2
1694628444495 180.90395340236935 3
1694628444546 180.86752715335206 4
1694628444584 180.83110821668657 5
1694628444617 180.7946965909077 6
1694628444665 180.75829227455043 7
1694628444706 180.72189526615028 8
1694628444755 180.68550556424282 9
1694628444797 180.64912316736402 10
1694628444831 180.61274807405016 11
1694628444867 180.57638028283776 12
1694628444899 180.5400197922637 13
1694628444932 180.50366660086507 14
1694628444969 180.46732070717937 15
1694628445004 180.43098210974424 16
1694628445057 180.39465080709772 17
1694628445094 180.35832679777812 18
1694628445125 180.32201008032405 19
1694628445166 180.28570065327438 20
1694628445201 180.2493985151683 21
1694628445266 180.2131036645453 22
1694628445314 180.17681609994509 23
1694628445367 180.1405358199078 24
1694628445403 180.10426282297377 25
1694628445456 180.06799710768362 26
1694628445501 180.0317386725783 27
1694628445534 179.99548751619903 28
1694628445586 179.95924363708733 29
1694628445634 179.92300703378504 30
1694628445685 179.88677770483423 31
1694628445732 179.85055564877734 32
1694628445778 179.814340864157 33
1694628445813 179.77813334951625 34
1694628445847 179.74193310339828 35
1694628445888 179.70574012434673 36
1694628445929 179.66955441090545 37
1694628445964 179.63337596161853 38
1694628445997 179.5972047750305 39
1694628446027 179.56104084968598 40
1694628446089 179.52488418413006 41
1694628446185 179.48873477690805 42
1694628446274 179.45259262656555 43
1694628446339 179.4164577316484 44
1694628446385 179.38033009070287 45
1694628446421 179.34420970227538 46
1694628446464 179.30809656491272 47
1694628446506 179.2719906771619 48
1694628446567 179.23589203757038 49
1694628446614 179.19980064468572 50
1694628446672 179.16371649705584 51
1694628446712 179.127639593229 52
1694628446753 179.0915699317537 53
1694628446798 179.05550751117872 54
1694628446838 179.01945233005318 55
1694628446883 178.98340438692648 56
1694628446916 178.94736368034827 57
1694628446959 178.9113302088685 58
1694628446997 178.87530397103743 59
1694628447038 178.8392849654056 60
1694628447083 178.8032731905239 61
1694628447166 178.7672686449434 62
1694628447220 178.73127132721552 63
1694628447264 178.69528123589203 64
1694628447306 178.65929836952486 65
1694628447357 178.62332272666626 66
1694628447398 178.5873543058689 67
1694628447458 178.55139310568558 68
1694628447516 178.51543912466946 69
1694628447555 178.479492361374 70
1694628447589 178.44355281435298 71
1694628447619 178.40762048216035 72
1694628447649 178.3716953633504 73
1694628447682 178.33577745647784 74
1694628447718 178.29986676009744 75
1694628447785 178.2639632727645 76
1694628447829 178.2280669930344 77
1694628447880 178.19217791946292 78
1694628447913 178.15629605060616 79
1694628447953 178.12042138502042 80
1694628447991 178.08455392126228 81
1694628448032 178.04869365788875 82
1694628448081 178.0128405934569 83
1694628448122 177.9769947265244 84
1694628448182 177.94115605564892 85
1694628448230 177.90532457938852 86
1694628448287 177.8695002963016 87
1694628448330 177.83368320494677 88
1694628448380 177.79787330388305 89
1694628448438 177.76207059166958 90
1694628448501 177.72627506686592 91
1694628448546 177.69048672803183 92
1694628448590 177.65470557372743 93
1694628448633 177.6189316025131 94
1694628448679 177.5831648129495 95
1694628448731 177.54740520359758 96
1694628448793 177.51165277301862 97
1694628448851 177.47590751977407 98
1694628448891 177.44016944242583 99
1694628448921 177.40443853953593 100
1694628448957 177.36871480966687 101
1694628448997 177.33299825138127 102
1694628449026 177.29728886324207 103
1694628449071 177.26158664381256 104
1694628449104 177.22589159165628 105
1694628449144 177.1902037053371 106
1694628449185 177.15452298341907 107
1694628449249 177.11884942446667 108
1694628449313 177.08318302704458 109
1694628449378 177.04752378971776 110
1694628449420 177.01187171105144 111
1694628449457 176.97622678961125 112
1694628449501 176.940589023963 113
1694628449565 176.90495841267287 114
1694628449641 176.8693349543072 115
1694628449716 176.83371864743273 116
1694628449766 176.79810949061647 117
1694628449829 176.76250748242572 118
1694628449868 176.72691262142794 119
1694628449923 176.6913249061911 120
1694628449967 176.65574433528332 121
1694628450023 176.62017090727298 122
1694628450071 176.5846046207288 123
1694628450120 176.5490454742198 124
1694628450170 176.51349346631525 125
1694628450231 176.47794859558476 126
1694628450274 176.44241086059816 127
1694628450318 176.4068802599256 128
1694628450357 176.3713567921375 129
1694628450392 176.33584045580457 130
1694628450430 176.30033124949787 131
1694628450464 176.26482917178862 132
1694628450515 176.22933422124845 133
1694628450552 176.19384639644917 134
1694628450606 176.15836569596297 135
1694628450653 176.12289211836227 136
1694628450713 176.0874256622198 137
1694628450756 176.05196632610853 138
1694628450821 176.0165141086018 139
1694628450865 175.98106900827318 140
1694628450903 175.94563102369645 141
1694628450952 175.91020015344589 142
1694628450986 175.8747763960958 143
1694628451027 175.839359750221 144
1694628451070 175.80395021439645 145
1694628451108 175.76854778719743 146
1694628451160 175.73315246719957 147
1694628451208 175.69776425297866 148
1694628451270 175.66238314311087 149
1694628451334 175.62700913617266 150
1694628451368 175.5916422307407 151
1694628451402 175.55628242539197 152
1694628451437 175.52092971870383 153
1694628451483 175.4855841092538 154
1694628451534 175.45024559561975 155
1694628451581 175.4149141763798 156
1694628451625 175.3795898501124 157
1694628451663 175.34427261539625 158
1694628451699 175.30896247081031 159
1694628451736 175.27365941493392 160
1694628451772 175.23836344634657 161
1694628451816 175.20307456362815 162
1694628451852 175.16779276535877 163
1694628451888 175.13251805011888 164
1694628451922 175.09725041648912 165
1694628451968 175.0619898630505 166
1694628452030 175.02673638838436 167
1694628452080 174.99148999107211 168
1694628452122 174.9562506696957 169
1694628452162 174.9210184228372 170
1694628452193 174.885793249079 171
1694628452226 174.85057514700384 172
1694628452263 174.81536411519463 173
1694628452302 174.78016015223463 174
1694628452351 174.74496325670742 175
1694628452390 174.7097734271968 176
1694628452451 174.67459066228685 177
1694628452506 174.63941496056196 178
1694628452564 174.60424632060688 179
1694628452603 174.56908474100646 180
1694628452664 174.533930220346 181
1694628452706 174.49878275721102 182
1694628452754 174.46364235018726 183
1694628452794 174.4285089978609 184
1694628452835 174.39338269881824 185
1694628452872 174.35826345164597 186
1694628452907 174.323151254931 187
1694628452949 174.28804610726056 188
1694628452995 174.25294800722216 189
1694628453052 174.2178569534036 190
1694628453096 174.18277294439292 191
1694628453137 174.14769597877847 192
1694628453180 174.11262605514892 193
1694628453224 174.07756317209314 194
1694628453264 174.04250732820034 195
1694628453302 174.00745852206 196
1694628453337 173.97241675226192 197
1694628453373 173.9373820173961 198
1694628453406 173.90235431605282 199
1694628453446 173.86733364682283 200
1694628453478 173.83232000829693 201
1694628453516 173.79731339906627 202
1694628453555 173.76231381772237 203
1694628453598 173.72732126285695 204
1694628453649 173.69233573306198 205
1694628453694 173.65735722692983 206
1694628453764 173.62238574305306 207
1694628453805 173.5874212800245 208
1694628453854 173.55246383643737 209
1694628453896 173.51751341088504 210
1694628453934 173.48257000196122 211
1694628453969 173.44763360825993 212
1694628454020 173.41270422837542 213
1694628454063 173.37778186090227 214
1694628454104 173.34286650443528 215
1694628454143 173.3079581575696 216
1694628454179 173.2730568189006 217
1694628454224 173.238162487024 218
1694628454264 173.20327516053575 219
1694628454304 173.16839483803207 220
1694628454348 173.1335215181095 221
1694628454397 173.0986551993648 222
1694628454449 173.0637958803951 223
1694628454503 173.0289435597978 224
1694628454554 172.99409823617046 225
1694628454609 172.95925990811105 226
1694628454670 172.9244285742178 227
1694628454753 172.8896042330892 228
1694628454806 172.85478688332395 229
1694628454871 172.81997652352115 230
1694628454946 172.78517315228015 231
1694628454997 172.7503767682005 232
1694628455053 172.7155873698822 233
1694628455096 172.6808049559253 234
1694628455172 172.6460295249303 235
1694628455247 172.61126107549796 236
1694628455361 172.57649960622925 237
1694628455438 172.54174511572546 238
1694628455514 172.5069976025882 239
1694628455581 172.47225706541929 240
1694628455626 172.43752350282088 241
1694628455670 172.40279691339535 242
1694628455707 172.36807729574545 243
1694628455743 172.3333646484741 244
1694628455785 172.29865897018456 245
1694628455837 172.2639602594804 246
1694628455879 172.22926851496536 247
1694628455922 172.19458373524358 248
1694628455964 172.15990591891938 249
1694628455999 172.1252350645975 250
1694628456037 172.0905711708828 251
1694628456071 172.0559142363805 252
1694628456108 172.0212642596961 253
1694628456146 171.9866212394353 254
1694628456179 171.95198517420422 255
1694628456213 171.91735606260917 256
1694628456262 171.88273390325674 257
1694628456298 171.84811869475382 258
1694628456336 171.81351043570754 259
1694628456375 171.7789091247254 260
1694628456423 171.74431476041505 261
1694628456465 171.70972734138456 262
1694628456516 171.67514686624213 263
1694628456555 171.64057333359634 264
1694628456589 171.60653053699548 265
1694628456621 171.5724945229679 266
1694628456657 171.53846529015965 267
1694628456699 171.5044428372171 268
1694628456742 171.47042716278688 269
1694628456784 171.43641826551575 270
1694628456835 171.40241614405096 271
1694628456887 171.36842079703985 272
1694628456939 171.3344322231301 273
1694628456984 171.3004504209697 274
1694628457014 171.26647538920682 275
1694628457048 171.23250712648996 276
1694628457084 171.19854563146794 277
1694628457119 171.1645909027897 278
1694628457164 171.1306429391046 279
1694628457212 171.09670173906218 280
1694628457257 171.0627673013123 281
1694628457301 171.02883962450505 282
1694628457343 170.99491870729082 283
1694628457388 170.96100454832026 284
1694628457432 170.92709714624425 285
1694628457483 170.89319649971407 286
1694628457531 170.85930260738107 287
1694628457583 170.82541546789705 288
1694628457633 170.79153507991398 289
1694628457698 170.7576614420841 290
1694628457760 170.72379455305997 291
1694628457820 170.68993441149442 292
1694628457880 170.6560810160405 293
1694628457941 170.6222343653515 294
1694628458004 170.58839445808113 295
1694628458039 170.5545612928832 296
1694628458084 170.52073486841184 297
1694628458125 170.48691518332154 298
1694628458162 170.45310223626694 299
1694628458197 170.419296025903 300
1694628458236 170.38549655088502 301
1694628458281 170.35170380986835 302
1694628458324 170.31791780150886 303
1694628458372 170.28413852446255 304
1694628458423 170.2503659773857 305
1694628458467 170.2166001589349 306
1694628458513 170.18284106776701 307
1694628458573 170.1490887025391 308
1694628458631 170.11534306190853 309
1694628458690 170.08160414453295 310
1694628458760 170.0478719490703 311
1694628458820 170.01414647417872 312
1694628458906 169.98042771851667 313
1694628458982 169.94671568074287 314
1694628459024 169.91301035951628 315
1694628459073 169.8793117534962 316
1694628459132 169.84561986134207 317
1694628459205 169.81193468171375 318
1694628459267 169.77825621327128 319
1694628459363 169.7445844546749 320
1694628459435 169.7109194045853 321
1694628459521 169.67726106166327 322
1694628459590 169.64360942456997 323
1694628459671 169.60996449196682 324
1694628459730 169.5763262625154 325
1694628459783 169.54269473487767 326
1694628459833 169.50906990771583 327
1694628459888 169.47545177969238 328
1694628459946 169.44184034946997 329
1694628460016 169.40823561571162 330
1694628460085 169.37463757708065 331
1694628460149 169.3410462322405 332
1694628460212 169.30746157985504 333
1694628460299 169.27388361858831 334
1694628460352 169.2403123471046 335
1694628460419 169.20674776406858 336
1694628460474 169.17318986814507 337
1694628460531 169.1396386579992 338
1694628460577 169.1060941322964 339
1694628460624 169.07255628970228 340
1694628460675 169.03902512888283 341
1694628460728 169.0055006485042 342
1694628460782 168.97198284723285 343
1694628460824 168.93847172373557 344
1694628460857 168.9049672766793 345
1694628460890 168.87146950473132 346
1694628460924 168.8379784065592 347
1694628460955 168.80449398083064 348
1694628460990 168.77101622621382 349
1694628461033 168.73754514137696 350
1694628461080 168.70408072498873 351
1694628461122 168.67062297571795 352
1694628461158 168.6371718922338 353
1694628461195 168.6037274732056 354
1694628461236 168.57028971730304 355
1694628461272 168.53685862319603 356
1694628461305 168.5034341895548 357
1694628461337 168.47001641504977 358
1694628461373 168.43660529835168 359
1694628461409 168.4032008381315 360
1694628461453 168.3698030330605 361
1694628461499 168.33641188181016 362
1694628461537 168.30302738305232 363
1694628461576 168.269649535459 364
1694628461621 168.2362783377025 365
1694628461677 168.2029137884554 366
1694628461724 168.16955588639058 367
1694628461785 168.13620463018108 368
1694628461822 168.1028600185004 369
1694628461871 168.06952205002204 370
1694628461912 168.03619072341996 371
1694628461951 168.0028660373684 372
1694628461999 167.96954799054166 373
1694628462041 167.93623658161457 374
1694628462098 167.902931809262 375
1694628462137 167.8696336721592 376
1694628462180 167.8363421689817 377
1694628462214 167.80305729840524 378
1694628462253 167.76977905910584 379
1694628462290 167.73650744975978 380
1694628462328 167.7032424690436 381
1694628462373 167.66998411563418 382
1694628462412 167.63673238820851 383
1694628462446 167.60348728544403 384
1694628462487 167.5702488060183 385
1694628462532 167.53701694860916 386
1694628462584 167.50379171189482 387
1694628462636 167.4705730945536 388
1694628462693 167.43736109526427 389
1694628462733 167.40415571270566 390
1694628462774 167.37095694555703 391
1694628462813 167.3377647924978 392
1694628462848 167.30457925220773 393
1694628462884 167.27140032336678 394
1694628462916 167.23822800465518 395
1694628462949 167.20506229475347 396
1694628463007 167.17190319234246 397
1694628463078 167.13875069610313 398
1694628463131 167.1056048047168 399
1694628463188 167.07246551686507 400
1694628463231 167.03933283122973 401
1694628463284 167.00620674649286 402
1694628463324 166.9730872613369 403
1694628463363 166.93997437444443 404
1694628463396 166.9068680844983 405
1694628463432 166.87376839018168 406
1694628463466 166.84067529017798 407
1694628463506 166.80758878317093 408
1694628463548 166.77450886784433 409
1694628463595 166.74143554288253 410
1694628463641 166.7083688069699 411
1694628463690 166.67530865879118 412
1694628463734 166.64225509703138 413
1694628463774 166.60920812037574 414
1694628463814 166.57616772750978 415
1694628463849 166.54313391711926 416
1694628463888 166.51010668789027 417
1694628463919 166.47708603850901 418
1694628463954 166.44407196766215 419
1694628464000 166.41106447403646 420
1694628464041 166.37806355631903 421
1694628464088 166.34506921319726 422
1694628464130 166.31208144335866 423
1694628464169 166.2791002454912 424
1694628464216 166.24612561828306 425
1694628464254 166.21315756042247 426
1694628464317 166.18019607059824 427
1694628464363 166.14724114749924 428
1694628464397 166.11429278981464 429
1694628464432 166.0813509962339 430
1694628464463 166.0484157654468 431
1694628464500 166.01548709614323 432
1694628464546 165.98256498701343 433
1694628464601 165.9496494367479 434
1694628464647 165.91674044403746 435
1694628464701 165.88383800757302 436
1694628464738 165.85094212604594 437
1694628464773 165.81805279814773 438
1694628464808 165.78517002257018 439
1694628464840 165.7522937980054 440
1694628464871 165.7194241231457 441
1694628464909 165.68656099668362 442
1694628464953 165.65370441731207 443
1694628465001 165.62085438372412 444
1694628465045 165.58801089461318 445
1694628465093 165.55517394867286 446
1694628465130 165.52234354459702 447
1694628465169 165.48951968107986 448
1694628465209 165.45670235681575 449
1694628465250 165.42389157049942 450
1694628465300 165.39108732082576 451
1694628465339 165.35828960649002 452
1694628465388 165.32549842618758 453
1694628465429 165.29271377861423 454
1694628465462 165.25993566246592 455
1694628465499 165.22716407643887 456
1694628465545 165.19439901922965 457
1694628465589 165.1616404895349 458
1694628465631 165.12888848605175 459
1694628465674 165.09614300747745 460
1694628465715 165.06340405250955 461
1694628465753 165.0306716198458 462
1694628465805 164.99794570818432 463
1694628465847 164.9652263162234 464
1694628465903 164.93251344266164 465
1694628465950 164.89980708619788 466
1694628465992 164.8671072455312 467
1694628466033 164.834413919361 468
1694628466074 164.8017271063869 469
1694628466116 164.76904680530873 470
1694628466150 164.73637301482665 471
1694628466190 164.7037057336411 472
1694628466229 164.67104496045272 473
1694628466269 164.63839069396246 474
1694628466313 164.6057429328714 475
1694628466361 164.5731016758811 476
1694628466418 164.5404669216932 477
1694628466452 164.50783866900966 478
1694628466504 164.47521691653273 479
1694628466565 164.44260166296482 480
1694628466637 164.40999290700876 481
1694628466710 164.37739064736743 482
1694628466771 164.34479488274422 483
1694628466824 164.31220561184253 484
1694628466874 164.2796228333662 485
1694628466931 164.24704654601922 486
1694628466965 164.21447674850592 487
1694628467009 164.18191343953083 488
1694628467051 164.14935661779873 489
1694628467107 164.11680628201475 490
1694628467148 164.08426243088417 491
1694628467190 164.0517250631126 492
1694628467233 164.01919417740586 493
1694628467263 163.98666977247007 494
1694628467303 163.95415184701162 495
1694628467347 163.92164039973704 496
1694628467388 163.8891354293533 497
1694628467431 163.8566369345675 498
1694628467471 163.82414491408701 499
1694628467519 163.7916593666195 500
1694628467558 163.7591802908729 501
1694628467603 163.7267076855554 502
1694628467636 163.69424154937533 503
1694628467670 163.6617818810415 504
1694628467714 163.62932867926276 505
1694628467757 163.59688194274838 506
1694628467821 163.56444167020774 507
1694628467880 163.53200786035063 508
1694628467924 163.499580511887 509
1694628467966 163.46715962352707 510
1694628468016 163.43474519398134 511
1694628468052 163.40233722196052 512
1694628468114 163.3699357061757 513
1694628468157 163.3375406453381 514
1694628468210 163.30515203815918 515
1694628468247 163.27276988335083 516
1694628468283 163.240394179625 517
1694628468335 163.20802492569405 518
1694628468385 163.17566212027046 519
1694628468449 163.1433057620671 520
1694628468490 163.110955849797 521
1694628468530 163.07861238217347 522
1694628468559 163.0462753579101 523
1694628468590 163.01394477572077 524
1694628468632 162.98162063431948 525
1694628468663 162.94930293242066 526
1694628468701 162.91699166873894 527
1694628468751 162.88468684198912 528
1694628468811 162.8523884508863 529
1694628468859 162.8200964941459 530
1694628468898 162.78781097048355 531
1694628468935 162.75553187861516 532
1694628468969 162.72325921725684 533
1694628469002 162.69099298512504 534
1694628469048 162.65873318093634 535
1694628469102 162.62647980340773 536
1694628469164 162.59423285125638 537
1694628469202 162.56199232319966 538
1694628469255 162.5297582179553 539
1694628469298 162.49753053424126 540
1694628469356 162.4653092707757 541
1694628469400 162.43309442627708 542
1694628469443 162.40088599946415 543
1694628469490 162.36868398905577 544
1694628469532 162.3364883937713 545
1694628469566 162.30429921233014 546
1694628469597 162.27211644345203 547
1694628469650 162.23994008585697 548
1694628469687 162.2077701382652 549
1694628469723 162.17560659939724 550
1694628469764 162.1434494679738 551
1694628469813 162.1112987427159 552
1694628469863 162.07915442234489 553
1694628469906 162.0470165055822 554
1694628469956 162.01488499114964 555
1694628469994 161.98275987776924 556
1694628470039 161.95064116416333 557
1694628470083 161.91852884905438 558
1694628470126 161.88642293116527 559
1694628470184 161.854323409219 560
1694628470258 161.82223028193891 561
1694628470303 161.79014354804852 562
1694628470348 161.75806320627171 563
1694628470384 161.72598925533254 564
1694628470441 161.69392169395528 565
1694628470488 161.66186052086462 566
1694628470539 161.62980573478532 567
1694628470576 161.59775733444246 568
1694628470623 161.5657153185615 569
1694628470662 161.53367968586795 570
1694628470696 161.50165043508767 571
1694628470730 161.46962756494682 572
1694628470767 161.43761107417174 573
1694628470824 161.40560096148906 574
1694628470870 161.37359722562567 575
1694628470918 161.3415998653087 576
1694628470957 161.30960887926548 577
1694628470999 161.27762426622374 578
1694628471048 161.24564602491128 579
1694628471091 161.21367415405632 580
1694628471136 161.18170865238724 581
1694628471177 161.1497495186327 582
1694628471232 161.11779675152158 583
1694628471273 161.08585034978313 584
1694628471323 161.05391031214666 585
1694628471388 161.0219766373419 586
1694628471442 160.99004932409878 587
1694628471515 160.95812837114747 588
1694628471589 160.9262137772184 589
1694628471663 160.89430554104229 590
1694628471756 160.86240366135002 591
1694628471880 160.83050813687282 592
1694628471939 160.79861896634213 593
1694628471997 160.76673614848968 594
1694628472039 160.73485968204741 595
1694628472085 160.7029895657475 596
1694628472141 160.67112579832244 597
1694628472215 160.63926837850494 598
1694628472298 160.60741730502795 599
1694628472373 160.57557257662475 600
1694628472444 160.54373419202875 601
1694628472501 160.5119021499737 602
1694628472557 160.48007644919358 603
1694628472617 160.44825708842262 604
1694628472665 160.41644406639534 605
1694628472715 160.38463738184646 606
1694628472771 160.3528370335109 607
1694628472844 160.32104302012402 608
1694628472902 160.28925534042125 609
1694628472956 160.25747399313838 610
1694628473015 160.22569897701138 611
1694628473081 160.1939302907765 612
1694628473146 160.16216793317028 613
1694628473197 160.13041190292944 614
1694628473244 160.09866219879106 615
1694628473305 160.06691881949234 616
1694628473368 160.03518176377082 617
1694628473440 160.0034510303643 618
1694628473506 159.97172661801073 619
1694628473590 159.94000852544846 620
1694628473663 159.90829675141595 621
1694628473748 159.87659129465206 622
1694628473806 159.84489215389573 623
1694628473876 159.8131993278863 624
1694628473961 159.78151281536327 625
1694628474035 159.7498326150665 626
1694628474117 159.71815872573592 627
1694628474182 159.6864911461119 628
1694628474221 159.65482987493493 629
1694628474274 159.62317491094586 630
1694628474320 159.5915262528857 631
1694628474365 159.55988389949573 632
1694628474408 159.52824784951753 633
1694628474458 159.4966181016929 634
1694628474508 159.4649946547638 635
1694628474552 159.43337750747267 636
1694628474615 159.401766658562 637
1694628474670 159.37016210677461 638
1694628474717 159.33856385085352 639
1694628474770 159.30697188954204 640
1694628474815 159.27538622158374 641
1694628474868 159.24380684572247 642
1694628474904 159.21223376070228 643
1694628474955 159.1806669652674 644
1694628475006 159.14910645816246 645
1694628475071 159.11755223813225 646
1694628475123 159.08600430392184 647
1694628475168 159.0544626542766 648
1694628475202 159.022927287942 649
1694628475234 158.9913982036639 650
1694628475265 158.95987540018837 651
1694628475302 158.9283588762617 652
1694628475352 158.89684863063053 653
1694628475396 158.8653446620416 654
1694628475437 158.83384696924196 655
1694628475485 158.80235555097903 656
1694628475530 158.7708704060003 657
1694628475575 158.7393915330536 658
1694628475621 158.70791893088702 659
1694628475674 158.67645259824886 660
1694628475713 158.64499253388772 661
1694628475758 158.61353873655239 662
1694628475801 158.58209120499194 663
1694628475841 158.5506499379557 664
1694628475889 158.51921493419323 665
1694628475938 158.48778619245434 666
1694628475987 158.45636371148913 667
1694628476037 158.42494749004788 668
1694628476084 158.3935375268812 669
1694628476129 158.3621338207399 670
1694628476164 158.330736370375 671
1694628476200 158.29934517453785 672
1694628476239 158.26796023198006 673
1694628476281 158.2365815414534 674
1694628476315 158.2052091017099 675
1694628476356 158.17384291150194 676
1694628476391 158.14248296958203 677
1694628476437 158.11112927470307 678
1694628476500 158.079781825618 679
1694628476584 158.04844062108026 680
1694628476662 158.0171056598433 681
1694628476731 157.98577694066103 682
1694628476788 157.9544544622874 683
1694628476841 157.9231382234768 684
1694628476899 157.89182822298375 685
1694628476979 157.86052445956307 686
1694628477025 157.82922693196983 687
1694628477074 157.79793563895927 688
1694628477113 157.76665057928705 689
1694628477146 157.73537175170884 690
1694628477180 157.7040991549808 691
1694628477217 157.67283278785916 692
1694628477250 157.64157264910048 693
1694628477287 157.6103187374616 694
1694628477324 157.5790710516995 695
1694628477384 157.5478295905715 696
1694628477434 157.51659435283517 697
1694628477503 157.4853653372482 698
1694628477552 157.45414254256875 699
1694628477604 157.422925967555 700
1694628477657 157.39171561096555 701
1694628477713 157.36051147155914 702
1694628477777 157.32931354809486 703
1694628477837 157.29812183933188 704
1694628477896 157.26693634402983 705
1694628477946 157.23575706094843 706
1694628477988 157.20458398884773 707
1694628478030 157.17341712648798 708
1694628478071 157.14225647262964 709
1694628478102 157.11110202603354 710
1694628478131 157.0799537854607 711
1694628478172 157.04881174967235 712
1694628478203 157.01767591743 713
1694628478240 156.98654628749537 714
1694628478282 156.95542285863053 715
1694628478332 156.92430562959765 716
1694628478375 156.89319459915933 717
1694628478414 156.86208976607824 718
1694628478449 156.83099112911734 719
1694628478504 156.7998986870399 720
1694628478543 156.76881243860944 721
1694628478596 156.73773238258966 722
1694628478635 156.70665851774453 723
1694628478681 156.6755908428383 724
1694628478735 156.6445293566354 725
1694628478797 156.61347405790053 726
1694628478842 156.58242494539877 727
1694628478887 156.55138201789526 728
1694628478924 156.52034527415546 729
1694628478973 156.48931471294503 730
1694628479013 156.45829033303002 731
1694628479051 156.42727213317656 732
1694628479089 156.39626011215114 733
1694628479131 156.36525426872038 734
1694628479193 156.3342546016513 735
1694628479249 156.30326110971106 736
1694628479308 156.27227379166703 737
1694628479351 156.241292646287 738
1694628479393 156.2103176723388 739
1694628479435 156.1793488685906 740
1694628479498 156.1483862338109 741
1694628479548 156.1174297667683 742
1694628479602 156.0864794662317 743
1694628479648 156.0555353309703 744
1694628479700 156.02459735975344 745
1694628479740 155.99366555135083 746
1694628479802 155.9627399045323 747
1694628479842 155.93182041806804 748
1694628479889 155.90090709072837 749
1694628479929 155.869999921284 750
1694628479967 155.83909890850575 751
1694628480006 155.80820405116475 752
1694628480053 155.77731534803237 753
1694628480101 155.74643279788023 754
1694628480146 155.71555639948016 755
1694628480191 155.6846861516043 756
1694628480231 155.65382205302495 757
1694628480272 155.62296410251474 758
1694628480317 155.5921122988465 759
1694628480365 155.56126664079332 760
1694628480403 155.53042712712855 761
1694628480439 155.49959375662567 762
1694628480472 155.46876652805855 763
1694628480520 155.4379454402013 764
1694628480564 155.40713049182818 765
1694628480618 155.37632168171376 766
1694628480667 155.34551900863283 767
1694628480710 155.31472247136045 768
1694628480757 155.28393206867187 769
1694628480814 155.25314779934266 770
1694628480847 155.22236966214854 771
1694628480880 155.19159765586562 772
1694628480924 155.16083177927013 773
1694628480969 155.13007203113852 774
1694628481022 155.09931841024763 775
1694628481063 155.06857091537444 776
1694628481099 155.03782954529612 777
1694628481135 155.00709429879026 778
1694628481175 154.97636517463457 779
1694628481229 154.94564217160695 780
1694628481293 154.91492528848573 781
1694628481340 154.8842145240493 782
1694628481391 154.8535098770764 783
1694628481424 154.82281134634596 784
1694628481458 154.79211893063714 785
1694628481500 154.7614326287295 786
1694628481551 154.73075243940264 787
1694628481598 154.70007836143648 788
1694628481646 154.66941039361126 789
1694628481687 154.63874853470733 790
1694628481722 154.60809278350538 791
1694628481767 154.5774431387863 792
1694628481807 154.54679959933125 793
1694628481848 154.51616216392162 794
1694628481891 154.48553083133905 795
1694628481931 154.4549056003654 796
1694628481963 154.42428646978277 797
1694628482005 154.39367343837355 798
1694628482047 154.36306650492037 799
1694628482091 154.33246566820608 800
1694628482137 154.3018709270137 801
1694628482194 154.27128228012668 802
1694628482234 154.2406997263285 803
1694628482275 154.21012326440302 804
1694628482317 154.17955289313431 805
1694628482356 154.14898861130672 806
1694628482400 154.11843041770473 807
1694628482450 154.08787831111317 808
1694628482515 154.05733229031708 809
1694628482548 154.0267923541017 810
1694628482595 153.99625850125264 811
1694628482629 153.96573073055558 812
1694628482658 153.9352090407966 813
1694628482696 153.90469343076185 814
1694628482736 153.87418389923792 815
1694628482806 153.84368044501153 816
1694628482850 153.81318306686964 817
1694628482896 153.78269176359944 818
1694628482937 153.75220653398847 819
1694628482972 153.72172737682433 820
1694628483006 153.69125429089507 821
1694628483040 153.66078727498882 822
1694628483069 153.63032632789404 823
1694628483117 153.59987144839943 824
1694628483151 153.56942263529382 825
1694628483187 153.53897988736642 826
1694628483236 153.50854320340662 827
1694628483273 153.47811258220412 828
1694628483332 153.4476880225487 829
1694628483375 153.41726952323054 830
1694628483437 153.38685708304004 831
1694628483492 153.35645070076774 832
1694628483531 153.32605037520457 833
1694628483574 153.29565610514155 834
1694628483631 153.26526788937002 835
1694628483666 153.2348857266816 836
1694628483715 153.20450961586812 837
1694628483748 153.17413955572155 838
1694628483792 153.14377554503423 839
1694628483840 153.11341758259874 840
1694628483884 153.08306566720782 841
1694628483921 153.0527197976545 842
1694628483967 153.0223799727321 843
1694628484012 152.99204619123404 844
1694628484047 152.96171845195408 845
1694628484084 152.93139675368624 846
1694628484120 152.90108109522475 847
1694628484163 152.87077147536405 848
1694628484206 152.8404678928989 849
1694628484247 152.81017034662418 850
1694628484289 152.77987883533513 851
1694628484338 152.7495933578272 852
1694628484388 152.719313912896 853
1694628484437 152.6890404993375 854
1694628484506 152.65877311594784 855
1694628484548 152.62851176152338 856
1694628484581 152.59825643486082 857
1694628484655 152.56800713475698 858
1694628484714 152.537763860009 859
1694628484771 152.50752660941424 860
1694628484836 152.4772953817703 861
1694628484893 152.44707017587498 862
1694628484947 152.4168509905264 863
1694628485014 152.38663782452286 864
1694628485074 152.35643067666294 865
1694628485131 152.32622954574538 866
1694628485175 152.29603443056928 867
1694628485221 152.26584532993388 868
1694628485256 152.2356622426387 869
1694628485304 152.20548516748354 870
1694628485342 152.17531410326833 871
1694628485400 152.14514904879337 872
1694628485475 152.11499000285912 873
1694628485553 152.08483696426626 874
1694628485601 152.05468993181577 875
1694628485643 152.02454890430886 876
1694628485703 151.99441388054697 877
1694628485781 151.9642848593317 878
1694628485854 151.93416183946505 879
1694628485906 151.90404481974917 880
1694628485957 151.8739337989864 881
1694628485996 151.8438287759794 882
1694628486036 151.81372974953106 883
1694628486071 151.78363671844446 884
1694628486103 151.75354968152294 885
1694628486145 151.7234686375701 886
1694628486191 151.6933935853898 887
1694628486247 151.6633245237861 888
1694628486297 151.63326145156327 889
1694628486334 151.60320436752588 890
1694628486369 151.57315327047868 891
1694628486405 151.54310815922676 892
1694628486440 151.5130690325753 893
1694628486482 151.48303588932987 894
1694628486548 151.45300872829614 895
1694628486601 151.42298754828016 896
1694628486649 151.39297234808808 897
1694628486692 151.36296312652644 898
1694628486732 151.3329598824018 899
1694628486766 151.30296261452122 900
1694628486805 151.27297132169184 901
1694628486836 151.24298600272098 902
1694628486868 151.2130066564164 903
1694628486903 151.18303328158592 904
1694628486942 151.15306587703768 905
1694628486989 151.12310444158 906
1694628487037 151.09314897402157 907
1694628487085 151.06319947317115 908
1694628487130 151.03325593783788 909
1694628487166 151.00331836683097 910
1694628487204 150.97338675896006 911
1694628487251 150.9434611130349 912
1694628487289 150.91354142786554 913
1694628487330 150.88362770226223 914
1694628487388 150.85371993503546 915
1694628487468 150.823818124996 916
1694628487540 150.7939222709548 917
1694628487607 150.76403237172306 918
1694628487701 150.73414842611228 919
1694628487783 150.70427043293412 920
1694628487853 150.67439839100052 921
1694628487914 150.6445322991236 922
1694628487973 150.61467215611583 923
1694628488040 150.5848179607898 924
1694628488097 150.55496971195842 925
1694628488146 150.52512740843474 926
1694628488202 150.49529104903223 927
1694628488285 150.46546063256434 928
1694628488353 150.43563615784498 929
1694628488400 150.40581762368822 930
1694628488450 150.3760050289083 931
1694628488513 150.34619837231978 932
1694628488569 150.31639765273744 933
1694628488622 150.2866028689763 934
1694628488666 150.25681401985156 935
1694628488702 150.22703110417876 936
1694628488739 150.1972541207736 937
1694628488775 150.16748306845204 938
1694628488817 150.13771794603025 939
1694628488853 150.10795875232466 940
1694628488897 150.07820548615194 941
1694628488941 150.048458146329 942
1694628488983 150.018716731673 943
1694628489021 149.9889812410013 944
1694628489058 149.9592516731315 945
1694628489097 149.92952802688143 946
1694628489141 149.8998103010692 947
1694628489183 149.87009849451312 948
1694628489224 149.84039260603174 949
1694628489264 149.81069263444388 950
1694628489317 149.78099857856856 951
1694628489372 149.75131043722504 952
1694628489413 149.7216282092328 953
1694628489463 149.69195189341156 954
1694628489505 149.66228148858133 955
1694628489550 149.63261699356232 956
1694628489591 149.60295840717495 957
1694628489638 149.57330572823992 958
1694628489674 149.5436589555781 959
1694628489714 149.51401808801072 960
1694628489747 149.48438312435908 961
1694628489783 149.45475406344485 962
1694628489822 149.42513090408988 963
1694628489871 149.39551364511627 964
1694628489923 149.3659022853463 965
1694628489974 149.3362968236026 966
1694628490014 149.30669725870789 967
1694628490053 149.27710358948525 968
1694628490096 149.24751581475797 969
1694628490147 149.2179339333495 970
1694628490189 149.1883579440836 971
1694628490248 149.1587878457843 972
1694628490312 149.12922363727571 973
1694628490371 149.09966531738235 974
1694628490442 149.07011288492882 975
1694628490502 149.04056633874012 976
1694628490570 149.01102567764133 977
1694628490646 148.98149090045786 978
1694628490722 148.95196200601532 979
1694628490798 148.9224389931396 980
1694628490875 148.8929218606567 981
1694628490947 148.86341060739306 982
1694628491007 148.8339052321751 983
1694628491086 148.8044057338297 984
1694628491147 148.77491211118388 985
1694628491219 148.7454243630649 986
1694628491286 148.7159424883002 987
1694628491365 148.68646648571755 988
1694628491424 148.6569963541449 989
1694628491515 148.62753209241043 990
1694628491592 148.59807369934262 991
1694628491659 148.56862117377005 992
1694628491732 148.53917451452173 993
1694628491801 148.50973372042668 994
1694628491862 148.48029879031435 995
1694628491917 148.45086972301425 996
1694628491985 148.42144651735634 997
1694628492059 148.39202917217057 998
1694628492119 148.3626176862873 999
