1694628252867 -0.010624059967532684 0
1694628252942 -0.010623823762786921 1
1694628252992 -0.010623587426448644 2
1694628253050 -0.010623350958489874 3
1694628253097 -0.010623114358880192 4
1694628253147 -0.01062287762759051 5
1694628253191 -0.010622640764591074 6
1694628253229 -0.010622403769852573 7
1694628253262 -0.010622166643345032 8
1694628253299 -0.010621929385040252 9
1694628253353 -0.010621691994906257 10
1694628253416 -0.010621454472915737 11
1694628253488 -0.01062121681903827 12
1694628253543 -0.010620979033244549 13
1694628253586 -0.010620741115503929 14
1694628253634 -0.010620503065788212 15
1694628253682 -0.010620264884068087 16
1694628253763 -0.010620026570312024 17
1694628253827 -0.010619788124492047 18
1694628253887 -0.0106195495465784 19
1694628253939 -0.010619310836541329 20
1694628253989 -0.01061907199435086 21
1694628254054 -0.010618833019977458 22
1694628254103 -0.010618593913392038 23
1694628254160 -0.010618354674565289 24
1694628254210 -0.010618115303466125 25
1694628254270 -0.010617875800065457 26
1694628254332 -0.010617636164334199 27
1694628254390 -0.010617396396242595 28
1694628254458 -0.010617156495760893 29
1694628254511 -0.010616916462859116 30
1694628254578 -0.010616676297508398 31
1694628254670 -0.010616435999677654 32
1694628254734 -0.010616195569338904 33
1694628254790 -0.01061595500646062 34
1694628254829 -0.010615714311014601 35
1694628254881 -0.010615473482971094 36
1694628254923 -0.01061523252229879 37
1694628254967 -0.010614991428969933 38
1694628255006 -0.010614750202954548 39
1694628255047 -0.010614508844220882 40
1694628255084 -0.01061426735274229 41
1694628255118 -0.010614025728486132 42
1694628255164 -0.010613783971424429 43
1694628255195 -0.010613542081526983 44
1694628255229 -0.010613300058764485 45
1694628255269 -0.010613057903106293 46
1694628255308 -0.010612815614523319 47
1694628255344 -0.010612573192985364 48
1694628255382 -0.010612330638463563 49
1694628255418 -0.010612087950926163 50
1694628255464 -0.010611845130345188 51
1694628255507 -0.010611602176690216 52
1694628255542 -0.01061135908993216 53
1694628255576 -0.01061111587003949 54
1694628255615 -0.010610872516984005 55
1694628255656 -0.010610629030735064 56
1694628255695 -0.010610385411263579 57
1694628255739 -0.010610141658538907 58
1694628255787 -0.010609897772531518 59
1694628255835 -0.010609653753212323 60
1694628255875 -0.010609409600550013 61
1694628255918 -0.010609165314515723 62
1694628255966 -0.010608920895078366 63
1694628256012 -0.010608676342210632 64
1694628256060 -0.010608431655880102 65
1694628256103 -0.010608186836057465 66
1694628256146 -0.010607941882714078 67
1694628256186 -0.010607696795818411 68
1694628256232 -0.010607451575341598 69
1694628256294 -0.010607206221253662 70
1694628256359 -0.01060696073352485 71
1694628256417 -0.010606715112123855 72
1694628256497 -0.010606469357022252 73
1694628256549 -0.010606223468190068 74
1694628256587 -0.010605977445595993 75
1694628256635 -0.010605731289211828 76
1694628256675 -0.010605484999006043 77
1694628256712 -0.010605238574949993 78
1694628256770 -0.010604992017012815 79
1694628256807 -0.010604745325164977 80
1694628256846 -0.010604498499376502 81
1694628256883 -0.010604251539617415 82
1694628256917 -0.010604004445857296 83
1694628256967 -0.010603757218066834 84
1694628257001 -0.010603509856215387 85
1694628257040 -0.010603262360273424 86
1694628257074 -0.010603014730210747 87
1694628257104 -0.010602766965997157 88
1694628257141 -0.010602519067602678 89
1694628257178 -0.010602271034997779 90
1694628257211 -0.010602022868151817 91
1694628257266 -0.010601774567035038 92
1694628257302 -0.010601526131617245 93
1694628257373 -0.010601277561869127 94
1694628257418 -0.01060102885775871 95
1694628257480 -0.010600780019258238 96
1694628257534 -0.010600531046335737 97
1694628257578 -0.010600281938962786 98
1694628257632 -0.010600032697107187 99
1694628257679 -0.010599783320740963 100
1694628257724 -0.010599533809833916 101
1694628257779 -0.010599284164353628 102
1694628257834 -0.010599034384272787 103
1694628257885 -0.010598784469558975 104
1694628257929 -0.01059853442018377 105
1694628257968 -0.010598284236116307 106
1694628258001 -0.01059803391732661 107
1694628258034 -0.01059778346378426 108
1694628258083 -0.010597532875459281 109
1694628258115 -0.010597282152322363 110
1694628258151 -0.010597031294341086 111
1694628258186 -0.01059678030148814 112
1694628258221 -0.010596529173731328 113
1694628258255 -0.010596277911040897 114
1694628258290 -0.01059602651338687 115
1694628258335 -0.010595774980738382 116
1694628258383 -0.010595523313066568 117
1694628258429 -0.010595271510340343 118
1694628258482 -0.010595019572529507 119
1694628258526 -0.010594767499604751 120
1694628258559 -0.010594515291534101 121
1694628258592 -0.01059426294828869 122
1694628258625 -0.010594010469837878 123
1694628258669 -0.010593757856151687 124
1694628258712 -0.010593505107199919 125
1694628258782 -0.010593252222951044 126
1694628258843 -0.010592999203376197 127
1694628258882 -0.010592746048444956 128
1694628258926 -0.01059249275812646 129
1694628258977 -0.010592239332391173 130
1694628259025 -0.010591985771208234 131
1694628259086 -0.010591732074546778 132
1694628259132 -0.010591478242377717 133
1694628259180 -0.010591224274670186 134
1694628259216 -0.010590970171393987 135
1694628259251 -0.010590715932518702 136
1694628259304 -0.010590461558013908 137
1694628259351 -0.010590207047849631 138
1694628259398 -0.010589952401995228 139
1694628259449 -0.010589697620420724 140
1694628259505 -0.010589442703094809 141
1694628259547 -0.010589187649987952 142
1694628259590 -0.010588932461069733 143
1694628259625 -0.010588677136309954 144
1694628259661 -0.010588421675677528 145
1694628259698 -0.010588166079142702 146
1694628259738 -0.010587910346674834 147
1694628259785 -0.010587654478243724 148
1694628259829 -0.01058739847381851 149
1694628259877 -0.010587142333369437 150
1694628259911 -0.010586886056865641 151
1694628259949 -0.010586629644276702 152
1694628259983 -0.010586373095573087 153
1694628260017 -0.010586116410722601 154
1694628260055 -0.01058585958969549 155
1694628260089 -0.010585602632461999 156
1694628260123 -0.010585345538992152 157
1694628260172 -0.01058508830925331 158
1694628260209 -0.010584830943216827 159
1694628260247 -0.010584573440852063 160
1694628260283 -0.010584315802127264 161
1694628260325 -0.010584058027013565 162
1694628260363 -0.010583800115480102 163
1694628260416 -0.010583542067495788 164
1694628260454 -0.010583283883030203 165
1694628260497 -0.010583025562052262 166
1694628260534 -0.010582767104533097 167
1694628260577 -0.01058250851044118 168
1694628260629 -0.010582249779746755 169
1694628260672 -0.010581990912417849 170
1694628260725 -0.01058173190842493 171
1694628260772 -0.010581472767736466 172
1694628260815 -0.010581213490323371 173
1694628260852 -0.010580954076154558 174
1694628260898 -0.010580694525198941 175
1694628260942 -0.010580434837426989 176
1694628261002 -0.010580175012806059 177
1694628261046 -0.010579915051307731 178
1694628261084 -0.010579654952900919 179
1694628261130 -0.010579394717554313 180
1694628261171 -0.010579134345237717 181
1694628261206 -0.01057887383592071 182
1694628261245 -0.010578613189572206 183
1694628261301 -0.010578352406162006 184
1694628261345 -0.01057809148565969 185
1694628261392 -0.010577830428033286 186
1694628261436 -0.010577569233253703 187
1694628261475 -0.010577307901289856 188
1694628261519 -0.010577046432110881 189
1694628261557 -0.010576784825686136 190
1694628261602 -0.010576523081984979 191
1694628261642 -0.010576261200976766 192
1694628261685 -0.010575999182630857 193
1694628261761 -0.010575737026916388 194
1694628261833 -0.010575474733802936 195
1694628261871 -0.010575212303259418 196
1694628261910 -0.010574949735255856 197
1694628261944 -0.010574687029760499 198
1694628262003 -0.01057442418674337 199
1694628262067 -0.010574161206174493 200
1694628262124 -0.010573898088020561 201
1694628262184 -0.010573634832253376 202
1694628262232 -0.010573371438841184 203
1694628262282 -0.010573107907753787 204
1694628262338 -0.010572844238958767 205
1694628262391 -0.010572580432427925 206
1694628262435 -0.010572316488127953 207
1694628262470 -0.010572052406029986 208
1694628262508 -0.010571788186102493 209
1694628262542 -0.010571523828314389 210
1694628262578 -0.010571259332635474 211
1694628262626 -0.01057099469903533 212
1694628262681 -0.010570729927481093 213
1694628262741 -0.01057046501794412 214
1694628262801 -0.01057019997039288 215
1694628262839 -0.010569934784796287 216
1694628262897 -0.010569669461123699 217
1694628262942 -0.010569403999344473 218
1694628262996 -0.010569138399427969 219
1694628263035 -0.010568872661342432 220
1694628263073 -0.010568606785057 221
1694628263105 -0.010568340770541695 222
1694628263139 -0.010568074617766099 223
1694628263202 -0.010567808326697348 224
1694628263251 -0.010567541897306132 225
1694628263300 -0.010567275329561143 226
1694628263354 -0.010567008623431517 227
1694628263404 -0.01056674177888639 228
1694628263448 -0.010566474795894676 229
1694628263491 -0.010566207674426398 230
1694628263534 -0.010565940414448471 231
1694628263590 -0.010565673015931809 232
1694628263660 -0.010565405478845324 233
1694628263714 -0.010565137803157487 234
1694628263765 -0.010564869988836989 235
1694628263817 -0.010564602035854076 236
1694628263871 -0.010564333944176996 237
1694628263926 -0.01056406571377555 238
1694628263971 -0.010563797344617543 239
1694628264008 -0.01056352883667211 240
1694628264040 -0.010563260189909496 241
1694628264073 -0.010562991404297728 242
1694628264109 -0.010562722479806164 243
1694628264148 -0.010562453416403939 244
1694628264187 -0.010562184214059522 245
1694628264231 -0.010561914872742273 246
1694628264282 -0.010561645392421548 247
1694628264338 -0.010561375773064707 248
1694628264396 -0.010561106014643107 249
1694628264464 -0.010560836117123662 250
1694628264525 -0.010560566080475509 251
1694628264570 -0.010560295904669115 252
1694628264628 -0.010560025589672284 253
1694628264679 -0.010559755135454596 254
1694628264718 -0.01055948454198341 255
1694628264751 -0.010559213809229417 256
1694628264786 -0.010558942937160642 257
1694628264822 -0.010558671925746665 258
1694628264858 -0.010558400774955734 259
1694628264891 -0.010558129484756762 260
1694628264935 -0.010557858055118885 261
1694628264972 -0.010557586486011461 262
1694628265025 -0.010557314777401627 263
1694628265074 -0.010557042929260074 264
1694628265127 -0.01055677094155505 265
1694628265180 -0.01055649881425591 266
1694628265229 -0.010556226547329794 267
1694628265273 -0.010555954140747836 268
1694628265327 -0.010555681594476285 269
1694628265370 -0.010555408908487163 270
1694628265418 -0.010555136082746053 271
1694628265458 -0.010554863117224533 272
1694628265508 -0.01055459001188952 273
1694628265565 -0.010554316766710148 274
1694628265650 -0.010554043381655553 275
1694628265692 -0.010553769856694872 276
1694628265741 -0.010553496191796352 277
1694628265790 -0.010553222386928685 278
1694628265839 -0.010552948442061227 279
1694628265877 -0.010552674357162894 280
1694628265929 -0.010552400132201045 281
1694628265974 -0.010552125767145037 282
1694628266006 -0.010551851261964229 283
1694628266042 -0.010551576616627312 284
1694628266073 -0.010551301831102533 285
1694628266125 -0.010551026905359251 286
1694628266175 -0.010550751839364603 287
1694628266231 -0.010550476633089279 288
1694628266284 -0.01055020128650086 289
1694628266329 -0.010549925799568483 290
1694628266365 -0.010549650172260616 291
1694628266403 -0.010549374404546397 292
1694628266457 -0.01054909849639385 293
1694628266495 -0.010548822447771222 294
1694628266570 -0.010548546258648539 295
1694628266655 -0.010548269928994047 296
1694628266701 -0.010547993458775107 297
1694628266746 -0.010547716847961963 298
1694628266782 -0.010547440096522864 299
1694628266810 -0.010547163204426058 300
1694628266845 -0.010546886171640457 301
1694628266874 -0.010546608998135198 302
1694628266907 -0.010546331683876753 303
1694628266942 -0.010546054228836255 304
1694628266985 -0.010545776632981507 305
1694628267048 -0.010545498896280536 306
1694628267095 -0.010545221018702478 307
1694628267157 -0.010544943000215357 308
1694628267211 -0.010544664840789197 309
1694628267284 -0.010544386540390915 310
1694628267362 -0.01054410809898898 311
1694628267450 -0.010543829516553194 312
1694628267505 -0.010543550793052026 313
1694628267553 -0.010543271928452391 314
1694628267601 -0.010542992922725203 315
1694628267653 -0.010542713775837154 316
1694628267695 -0.010542434487757602 317
1694628267756 -0.010542155058453906 318
1694628267818 -0.010541875487896313 319
1694628267894 -0.010541595776052404 320
1694628267958 -0.01054131592289087 321
1694628268001 -0.010541035928380404 322
1694628268061 -0.010540755792488365 323
1694628268112 -0.010540475515184333 324
1694628268176 -0.010540195096437 325
1694628268259 -0.010539914536214168 326
1694628268302 -0.010539633834484308 327
1694628268367 -0.010539352991216111 328
1694628268411 -0.010539072006378492 329
1694628268456 -0.010538790879938364 330
1694628268511 -0.01053850961186531 331
1694628268563 -0.01053822820212802 332
1694628268601 -0.010537946650694296 333
1694628268644 -0.010537664957533277 334
1694628268692 -0.010537383122611876 335
1694628268746 -0.010537101145899674 336
1694628268789 -0.010536819027365585 337
1694628268840 -0.010536536766975857 338
1694628268879 -0.01053625436470118 339
1694628268919 -0.010535971820508916 340
1694628268956 -0.01053568913436731 341
1694628268987 -0.010535406306245054 342
1694628269030 -0.010535123336110397 343
1694628269070 -0.010534840223932251 344
1694628269105 -0.010534556969677311 345
1694628269144 -0.010534273573315156 346
1694628269179 -0.010533990034814478 347
1694628269217 -0.010533706354142414 348
1694628269257 -0.010533422531268988 349
1694628269289 -0.010533138566160005 350
1694628269329 -0.010532854458785934 351
1694628269374 -0.010532570209113912 352
1694628269423 -0.010532285817113296 353
1694628269485 -0.010532001282751224 354
1694628269562 -0.010531716605997277 355
1694628269606 -0.01053143178681748 356
1694628269663 -0.010531146825182303 357
1694628269720 -0.010530861721059104 358
1694628269774 -0.010530576474416575 359
1694628269842 -0.010530291085222743 360
1694628269893 -0.010530005553444743 361
1694628269939 -0.01052971987905238 362
1694628269984 -0.010529434062013232 363
1694628270025 -0.010529148102295771 364
1694628270067 -0.0105288619998678 365
1694628270105 -0.010528575754698455 366
1694628270167 -0.010528289366753762 367
1694628270217 -0.010528002836004413 368
1694628270273 -0.0105277161624171 369
1694628270321 -0.010527429345960515 370
1694628270378 -0.010527142386602906 371
1694628270419 -0.01052685528431252 372
1694628270479 -0.010526568039056494 373
1694628270538 -0.010526280650803965 374
1694628270584 -0.010525993119523624 375
1694628270632 -0.010525705445181721 376
1694628270678 -0.010525417627748723 377
1694628270723 -0.010525129667189992 378
1694628270772 -0.010524841563476217 379
1694628270810 -0.010524553316574536 380
1694628270866 -0.010524264926452753 381
1694628270926 -0.010523976393079337 382
1694628270974 -0.010523687716422092 383
1694628271023 -0.010523398896449487 384
1694628271076 -0.010523109933129104 385
1694628271120 -0.010522820826429413 386
1694628271161 -0.010522531576318661 387
1694628271196 -0.010522242182764652 388
1694628271238 -0.010521952645734745 389
1694628271281 -0.010521662965198075 390
1694628271333 -0.010521373141122226 391
1694628271385 -0.01052108317347522 392
1694628271438 -0.010520793062224865 393
1694628271487 -0.010520502807340293 394
1694628271534 -0.01052021240878731 395
1694628271583 -0.01051992186653572 396
1694628271625 -0.010519631180553546 397
1694628271674 -0.010519340350807926 398
1694628271713 -0.010519049377267109 399
1694628271776 -0.010518758259900007 400
1694628271821 -0.010518466998672649 401
1694628271873 -0.01051817559355439 402
1694628271907 -0.010517884044513037 403
1694628271945 -0.010517592351516392 404
1694628271984 -0.010517300514532701 405
1694628272029 -0.010517008533529326 406
1694628272079 -0.01051671640847518 407
1694628272136 -0.010516424139336289 408
1694628272195 -0.010516131726082456 409
1694628272243 -0.010515839168681484 410
1694628272304 -0.010515546467100068 411
1694628272363 -0.010515253621306009 412
1694628272425 -0.01051496063126911 413
1694628272490 -0.010514667496955843 414
1694628272584 -0.010514374218334233 415
1694628272633 -0.010514080795372305 416
1694628272689 -0.010513787228037863 417
1694628272748 -0.010513493516298933 418
1694628272813 -0.010513199660123096 419
1694628272892 -0.010512905659479044 420
1694628272952 -0.010512611514332804 421
1694628273002 -0.010512317224653733 422
1694628273053 -0.010512022790409414 423
1694628273118 -0.010511728211567206 424
1694628273183 -0.010511433488096023 425
1694628273242 -0.010511138619962335 426
1694628273308 -0.010510843607134168 427
1694628273368 -0.010510548449579327 428
1694628273458 -0.01051025314726628 429
1694628273523 -0.010509957700162609 430
1694628273585 -0.010509662108235673 431
1694628273641 -0.010509366371453499 432
1694628273722 -0.010509070489784111 433
1694628273785 -0.010508774463194648 434
1694628273852 -0.010508478291653134 435
1694628273936 -0.010508181975127817 436
1694628273994 -0.010507885513585391 437
1694628274071 -0.010507588906994547 438
1694628274136 -0.010507292155322423 439
1694628274222 -0.010506995258536822 440
1694628274280 -0.010506698216606436 441
1694628274344 -0.010506401029496626 442
1694628274400 -0.010506103697177194 443
1694628274465 -0.010505806219615721 444
1694628274516 -0.010505508596778457 445
1694628274584 -0.010505210828634759 446
1694628274642 -0.010504912915150655 447
1694628274699 -0.010504614856295058 448
1694628274758 -0.010504316652035328 449
1694628274818 -0.010504018302338824 450
1694628274906 -0.01050371980717335 451
1694628274954 -0.01050342116650671 452
1694628275012 -0.010503122380306484 453
1694628275075 -0.010502823448539811 454
1694628275135 -0.010502524371174937 455
1694628275209 -0.010502225148179223 456
1694628275266 -0.01050192577952025 457
1694628275337 -0.010501626265165376 458
1694628275394 -0.010501326605082628 459
1694628275452 -0.010501026799239588 460
1694628275511 -0.010500726847603836 461
1694628275568 -0.010500426750141845 462
1694628275646 -0.010500126506823193 463
1694628275698 -0.01049982611761302 464
1694628275765 -0.010499525582480906 465
1694628275845 -0.010499224901393989 466
1694628275905 -0.010498924074318294 467
1694628275968 -0.010498623101223625 468
1694628276017 -0.010498321982076009 469
1694628276065 -0.010498020716843026 470
1694628276112 -0.010497719305492925 471
1694628276165 -0.01049741774799351 472
1694628276224 -0.01049711604431014 473
1694628276309 -0.010496814194412174 474
1694628276369 -0.010496512198267194 475
1694628276427 -0.010496210055841226 476
1694628276492 -0.01049590776710363 477
1694628276565 -0.010495605332019986 478
1694628276628 -0.010495302750558766 479
1694628276693 -0.010495000022687773 480
1694628276753 -0.010494697148373033 481
1694628276829 -0.010494394127583684 482
1694628276912 -0.010494090960286862 483
1694628276958 -0.01049378764644815 484
1694628276996 -0.010493484186037572 485
1694628277048 -0.010493180579020267 486
1694628277109 -0.010492876825364927 487
1694628277162 -0.010492572925039356 488
1694628277217 -0.01049226887800958 489
1694628277271 -0.010491964684243182 490
1694628277321 -0.010491660343708409 491
1694628277374 -0.010491355856372397 492
1694628277428 -0.010491051222202286 493
1694628277486 -0.010490746441165433 494
1694628277551 -0.010490441513229198 495
1694628277624 -0.01049013643836072 496
1694628277674 -0.010489831216528467 497
1694628277736 -0.010489525847698022 498
1694628277784 -0.010489220331836968 499
1694628277833 -0.010488914668913774 500
1694628277883 -0.010488608858895132 501
1694628277928 -0.010488302901748625 502
1694628277978 -0.010487996797441834 503
1694628278035 -0.01048769054594012 504
1694628278085 -0.010487384147212842 505
1694628278150 -0.010487077601226469 506
1694628278190 -0.010486770907948362 507
1694628278243 -0.010486464067345658 508
1694628278293 -0.01048615707938616 509
1694628278364 -0.01048584994403634 510
1694628278434 -0.010485542661264002 511
1694628278482 -0.010485235231035839 512
1694628278538 -0.010484927653319653 513
1694628278597 -0.010484619928083028 514
1694628278667 -0.0104843120552911 515
1694628278744 -0.010484004034914118 516
1694628278802 -0.010483695866916332 517
1694628278863 -0.010483387551266876 518
1694628278935 -0.01048307908793289 519
1694628278987 -0.010482770476879733 520
1694628279056 -0.01048246171807743 521
1694628279119 -0.010482152811490009 522
1694628279162 -0.01048184375708705 523
1694628279220 -0.010481534554834804 524
1694628279271 -0.010481225204701072 525
1694628279320 -0.010480915706650995 526
1694628279371 -0.010480606060653708 527
1694628279419 -0.010480296266676126 528
1694628279467 -0.010479986324684276 529
1694628279515 -0.010479676234646407 530
1694628279567 -0.01047936599652921 531
1694628279618 -0.010479055610299604 532
1694628279674 -0.010478745075924945 533
1694628279742 -0.010478434393371927 534
1694628279796 -0.010478123562608799 535
1694628279861 -0.010477812583600477 536
1694628279902 -0.010477501456315874 537
1694628279944 -0.010477190180721019 538
1694628279994 -0.010476878756783936 539
1694628280054 -0.010476567184470875 540
1694628280126 -0.010476255463749196 541
1694628280186 -0.010475943594585813 542
1694628280246 -0.010475631576947642 543
1694628280304 -0.010475319410802042 544
1694628280356 -0.010475007096116151 545
1694628280418 -0.010474694632855996 546
1694628280479 -0.01047438202098916 547
1694628280539 -0.010474069260483443 548
1694628280595 -0.010473756351304209 549
1694628280646 -0.010473443293420148 550
1694628280692 -0.010473130086797067 551
1694628280748 -0.010472816731402101 552
1694628280808 -0.010472503227201724 553
1694628280875 -0.010472189574164181 554
1694628280930 -0.010471875772256167 555
1694628280975 -0.010471561821443265 556
1694628281022 -0.0104712477216935 557
1694628281075 -0.010470933472974231 558
1694628281150 -0.010470619075251264 559
1694628281197 -0.010470304528492402 560
1694628281270 -0.010469989832663673 561
1694628281341 -0.010469674987732436 562
1694628281401 -0.010469359993666272 563
1694628281473 -0.010469044850430764 564
1694628281557 -0.010468729557993495 565
1694628281612 -0.010468414116321156 566
1694628281678 -0.010468098525380887 567
1694628281757 -0.010467782785139379 568
1694628281818 -0.010467466895563327 569
1694628281888 -0.010467150856619867 570
1694628281975 -0.010466834668275249 571
1694628282049 -0.010466518330496832 572
1694628282108 -0.010466201843251532 573
1694628282179 -0.01046588520650582 574
1694628282251 -0.010465568420226612 575
1694628282301 -0.010465251484381266 576
1694628282355 -0.0104649343989347 577
1694628282407 -0.010464617163855605 578
1694628282470 -0.010464299779110897 579
1694628282524 -0.010463982244665493 580
1694628282580 -0.010463664560487862 581
1694628282633 -0.010463346726544032 582
1694628282688 -0.010463028742801583 583
1694628282755 -0.010462710609225656 584
1694628282813 -0.010462392325784053 585
1694628282878 -0.010462073892444135 586
1694628282948 -0.010461755309170595 587
1694628283006 -0.010461436575932126 588
1694628283056 -0.010461117692694755 589
1694628283117 -0.010460798659424952 590
1694628283171 -0.010460479476089857 591
1694628283217 -0.010460160142655717 592
1694628283279 -0.01045984065908967 593
1694628283333 -0.010459521025357743 594
1694628283395 -0.010459201241427074 595
1694628283457 -0.010458881307264356 596
1694628283512 -0.010458561222836282 597
1694628283580 -0.010458240988109324 598
1694628283661 -0.01045792060304973 599
1694628283717 -0.010457600067624861 600
1694628283775 -0.010457279381800966 601
1694628283828 -0.010456958545544959 602
1694628283891 -0.010456637558823312 603
1694628283978 -0.010456316421602052 604
1694628284046 -0.010455995133849205 605
1694628284109 -0.010455673695529244 606
1694628284175 -0.010455352106611304 607
1694628284243 -0.010455030367059637 608
1694628284316 -0.010454708476841157 609
1694628284387 -0.010454386435924112 610
1694628284451 -0.010454064244273642 611
1694628284537 -0.010453741901856661 612
1694628284630 -0.010453419408640752 613
1694628284715 -0.010453096764589942 614
1694628284804 -0.010452773969672924 615
1694628284876 -0.010452451023855946 616
1694628284928 -0.010452127927104149 617
1694628284986 -0.010451804679385557 618
1694628285044 -0.010451481280666197 619
1694628285094 -0.01045115773091232 620
1694628285140 -0.010450834030090839 621
1694628285177 -0.010450510178168448 622
1694628285212 -0.010450186175110066 623
1694628285258 -0.010449862020883716 624
1694628285304 -0.010449537715456314 625
1694628285366 -0.010449213258792112 626
1694628285415 -0.010448888650859356 627
1694628285479 -0.010448563891624296 628
1694628285547 -0.010448238981052738 629
1694628285620 -0.010447913919111373 630
1694628285687 -0.010447588705767785 631
1694628285749 -0.010447263340986446 632
1694628285806 -0.010446937824734492 633
1694628285865 -0.010446612156977952 634
1694628285921 -0.010446286337684407 635
1694628285987 -0.01044596036681944 636
1694628286045 -0.010445634244349522 637
1694628286087 -0.010445307970241124 638
1694628286127 -0.010444981544460719 639
1694628286162 -0.010444654966974998 640
1694628286196 -0.010444328237748657 641
1694628286233 -0.010444001356749277 642
1694628286278 -0.010443674323943997 643
1694628286313 -0.010443347139297288 644
1694628286349 -0.01044301980277762 645
1694628286399 -0.0104426923143488 646
1694628286460 -0.01044236467397952 647
1694628286545 -0.010442036881634476 648
1694628286622 -0.01044170893728058 649
1694628286694 -0.010441380840884307 650
1694628286761 -0.01044105259241146 651
1694628286822 -0.010440724191829398 652
1694628286879 -0.010440395639102373 653
1694628286939 -0.010440066934198633 654
1694628287007 -0.010439738077083538 655
1694628287057 -0.010439409067723115 656
1694628287094 -0.010439079906084059 657
1694628287127 -0.010438750592132395 658
1694628287169 -0.010438421125835262 659
1694628287200 -0.010438091507156466 660
1694628287248 -0.010437761736065587 661
1694628287304 -0.01043743181252621 662
1694628287351 -0.010437101736504584 663
1694628287398 -0.010436771507968512 664
1694628287437 -0.010436441126883356 665
1694628287487 -0.010436110593215142 666
1694628287533 -0.010435779906931009 667
1694628287592 -0.010435449067995206 668
1694628287660 -0.010435118076375538 669
1694628287720 -0.010434786932037365 670
1694628287784 -0.010434455634947382 671
1694628287829 -0.01043412418507117 672
1694628287900 -0.010433792582375201 673
1694628287983 -0.010433460826825725 674
1694628288025 -0.010433128918389212 675
1694628288064 -0.010432796857030135 676
1694628288102 -0.010432464642715855 677
1694628288138 -0.010432132275412842 678
1694628288171 -0.010431799755086235 679
1694628288209 -0.010431467081702728 680
1694628288255 -0.010431134255228125 681
1694628288306 -0.010430801275629342 682
1694628288363 -0.010430468142870186 683
1694628288420 -0.010430134856918905 684
1694628288478 -0.010429801417740858 685
1694628288553 -0.010429467825302519 686
1694628288615 -0.010429134079569025 687
1694628288675 -0.010428800180506181 688
1694628288734 -0.010428466128081348 689
1694628288813 -0.010428131922259665 690
1694628288874 -0.010427797563007601 691
1694628288935 -0.010427463050290742 692
1694628288992 -0.010427128384075335 693
1694628289053 -0.010426793564327186 694
1694628289130 -0.010426458591012322 695
1694628289201 -0.01042612346409677 696
1694628289250 -0.010425788183546558 697
1694628289290 -0.01042545274932749 698
1694628289335 -0.010425117161405373 699
1694628289384 -0.010424781419746454 700
1694628289442 -0.010424445524316761 701
1694628289506 -0.010424109475081655 702
1694628289542 -0.010423773272008274 703
1694628289588 -0.010423436915060424 704
1694628289625 -0.010423100404206131 705
1694628289663 -0.010422763739410312 706
1694628289697 -0.010422426920638772 707
1694628289746 -0.010422089947857982 708
1694628289825 -0.010421752821033303 709
1694628289888 -0.010421415540130763 710
1694628289936 -0.010421078105116388 711
1694628289982 -0.01042074051595554 712
1694628290020 -0.01042040277261469 713
1694628290072 -0.01042006487505942 714
1694628290118 -0.010419726823255315 715
1694628290164 -0.010419388617169068 716
1694628290207 -0.01041905025676515 717
1694628290241 -0.010418711742010478 718
1694628290304 -0.01041837307287019 719
1694628290348 -0.01041803424931076 720
1694628290408 -0.010417695271297545 721
1694628290456 -0.01041735613879613 722
1694628290505 -0.010417016851773209 723
1694628290543 -0.010416677410193476 724
1694628290575 -0.010416337814023624 725
1694628290611 -0.010415998063228349 726
1694628290656 -0.010415658157774343 727
1694628290712 -0.010415318097627635 728
1694628290757 -0.010414977882752474 729
1694628290795 -0.010414637513115332 730
1694628290831 -0.010414296988682237 731
1694628290883 -0.010413956309418992 732
1694628290947 -0.010413615475290738 733
1694628291006 -0.010413274486263724 734
1694628291055 -0.010412933342303532 735
1694628291100 -0.010412592043375746 736
1694628291139 -0.010412250589445948 737
1694628291199 -0.010411908980480167 738
1694628291262 -0.010411567216443318 739
1694628291324 -0.010411225297302096 740
1694628291380 -0.010410883223022083 741
1694628291458 -0.010410540993567086 742
1694628291519 -0.010410198608905574 743
1694628291581 -0.010409856069000467 744
1694628291628 -0.010409513373819124 745
1694628291667 -0.010409170523327349 746
1694628291718 -0.010408827517489394 747
1694628291778 -0.010408484356272618 748
1694628291833 -0.010408141039640384 749
1694628291872 -0.010407797567560051 750
1694628291918 -0.010407453939996536 751
1694628291985 -0.010407110156915422 752
1694628292061 -0.010406766218282737 753
1694628292132 -0.010406422124063619 754
1694628292201 -0.010406077874223874 755
1694628292270 -0.010405733468728862 756
1694628292320 -0.010405388907543944 757
1694628292373 -0.010405044190634705 758
1694628292433 -0.010404699317967392 759
1694628292495 -0.010404354289506701 760
1694628292565 -0.010404009105218437 761
1694628292662 -0.010403663765068627 762
1694628292723 -0.010403318269021744 763
1694628292777 -0.010402972617043371 764
1694628292832 -0.010402626809099758 765
1694628292894 -0.010402280845156042 766
1694628292960 -0.010401934725177586 767
1694628293020 -0.01040158844913086 768
1694628293077 -0.010401242016979895 769
1694628293138 -0.010400895428689827 770
1694628293187 -0.010400548684227573 771
1694628293237 -0.010400201783558716 772
1694628293295 -0.010399854726646396 773
1694628293361 -0.010399507513458417 774
1694628293423 -0.010399160143959474 775
1694628293487 -0.010398812618114706 776
1694628293561 -0.010398464935889695 777
1694628293642 -0.010398117097250248 778
1694628293698 -0.01039776910216017 779
1694628293745 -0.0103974209505866 780
1694628293790 -0.010397072642494232 781
1694628293836 -0.010396724177848649 782
1694628293884 -0.010396375556614545 783
1694628293936 -0.010396026778758172 784
1694628293992 -0.010395677844245554 785
1694628294035 -0.010395328753039612 786
1694628294080 -0.010394979505106594 787
1694628294113 -0.010394630100413194 788
1694628294159 -0.010394280538924328 789
1694628294202 -0.010393930820603137 790
1694628294254 -0.010393580945417424 791
1694628294300 -0.010393230913331442 792
1694628294353 -0.010392880724310993 793
1694628294417 -0.01039253037832144 794
1694628294492 -0.01039217987532659 795
1694628294572 -0.010391829215293358 796
1694628294617 -0.010391478398186216 797
1694628294664 -0.010391127423970747 798
1694628294701 -0.010390776292612092 799
1694628294747 -0.010390425004075166 800
1694628294785 -0.010390073558325774 801
1694628294828 -0.010389721955328834 802
1694628294882 -0.010389370195049485 803
1694628294940 -0.01038901827745331 804
1694628294993 -0.01038866620250567 805
1694628295037 -0.010388313970170815 806
1694628295083 -0.010387961580413885 807
1694628295138 -0.010387609033201128 808
1694628295185 -0.010387256328497463 809
1694628295231 -0.010386903466267583 810
1694628295271 -0.010386550446477072 811
1694628295311 -0.010386197269091513 812
1694628295360 -0.010385843934074046 813
1694628295451 -0.01038549044139181 814
1694628295504 -0.01038513679100972 815
1694628295574 -0.010384782982892249 816
1694628295674 -0.010384429017005425 817
1694628295754 -0.010384074893312611 818
1694628295816 -0.0103837206117805 819
1694628295898 -0.010383366172373787 820
1694628295982 -0.010383011575057832 821
1694628296067 -0.010382656819797553 822
1694628296140 -0.010382301906556757 823
1694628296200 -0.010381946835302358 824
1694628296258 -0.010381591605998386 825
1694628296326 -0.010381236218610201 826
1694628296397 -0.010380880673102943 827
1694628296465 -0.010380524969442195 828
1694628296512 -0.01038016910759132 829
1694628296555 -0.010379813087516565 830
1694628296599 -0.010379456909183515 831
1694628296669 -0.010379100572555311 832
1694628296727 -0.010378744077598423 833
1694628296790 -0.010378387424277769 834
1694628296857 -0.01037803061255782 835
1694628296922 -0.010377673642404606 836
1694628296981 -0.010377316513781265 837
1694628297029 -0.010376959226653604 838
1694628297084 -0.010376601780987205 839
1694628297150 -0.010376244176746763 840
1694628297208 -0.010375886413896973 841
1694628297285 -0.010375528492402752 842
1694628297354 -0.01037517041222924 843
1694628297411 -0.01037481217334113 844
1694628297483 -0.010374453775703785 845
1694628297556 -0.010374095219281898 846
1694628297648 -0.010373736504039499 847
1694628297702 -0.010373377629943503 848
1694628297749 -0.01037301859695594 849
1694628297786 -0.010372659405044393 850
1694628297853 -0.010372300054172667 851
1694628297930 -0.010371940544305236 852
1694628298018 -0.010371580875407238 853
1694628298097 -0.010371221047444035 854
1694628298173 -0.010370861060380099 855
1694628298234 -0.010370500914180125 856
1694628298286 -0.010370140608808809 857
1694628298369 -0.01036978014423151 858
1694628298439 -0.010369419520412704 859
1694628298532 -0.010369058737317083 860
1694628298629 -0.010368697794910009 861
1694628298738 -0.010368336693155955 862
1694628298816 -0.010367975432019394 863
1694628298883 -0.010367614011465465 864
1694628298958 -0.010367252431458862 865
1694628299014 -0.010366890691964503 866
1694628299101 -0.010366528792946639 867
1694628299185 -0.010366166734371296 868
1694628299269 -0.01036580451620095 869
1694628299327 -0.010365442138402292 870
1694628299393 -0.01036507960094002 871
1694628299445 -0.010364716903777937 872
1694628299494 -0.010364354046880964 873
1694628299549 -0.01036399103021357 874
1694628299600 -0.010363627853740898 875
1694628299669 -0.010363264517428306 876
1694628299721 -0.010362901021239379 877
1694628299766 -0.010362537365139257 878
1694628299809 -0.010362173549092413 879
1694628299846 -0.010361809573063985 880
1694628299881 -0.010361445437018224 881
1694628299914 -0.010361081140919826 882
1694628299953 -0.010360716684733484 883
1694628299997 -0.010360352068423895 884
1694628300044 -0.01035998729195553 885
1694628300086 -0.010359622355293086 886
1694628300123 -0.010359257258401033 887
1694628300167 -0.010358892001245179 888
1694628300209 -0.010358526583788219 889
1694628300259 -0.01035816100599507 890
1694628300322 -0.010357795267831538 891
1694628300361 -0.01035742936926165 892
1694628300404 -0.010357063310249659 893
1694628300445 -0.010356697090760258 894
1694628300497 -0.010356330710758588 895
1694628300549 -0.010355964170208232 896
1694628300608 -0.010355597469074329 897
1694628300654 -0.010355230607321575 898
1694628300702 -0.010354863584913776 899
1694628300745 -0.010354496401816515 900
1694628300794 -0.010354129057992933 901
1694628300858 -0.010353761553408836 902
1694628300946 -0.010353393888028029 903
1694628301018 -0.010353026061814985 904
1694628301064 -0.010352658074734622 905
1694628301105 -0.010352289926750968 906
1694628301153 -0.010351921617829163 907
1694628301205 -0.010351553147933457 908
1694628301267 -0.010351184517027434 909
1694628301333 -0.010350815725075568 910
1694628301397 -0.010350446772043442 911
1694628301465 -0.010350077657895307 912
1694628301534 -0.01034970838259519 913
1694628301594 -0.010349338946107123 914
1694628301630 -0.010348969348396242 915
1694628301661 -0.010348599589426799 916
1694628301695 -0.010348229669163045 917
1694628301752 -0.010347859587569008 918
1694628301823 -0.010347489344609828 919
1694628301883 -0.010347118940249533 920
1694628301933 -0.01034674837445304 921
1694628301978 -0.010346377647183491 922
1694628302093 -0.010346006758405135 923
1694628302222 -0.010345635708084444 924
1694628302295 -0.010345264496183226 925
1694628302358 -0.010344893122667731 926
1694628302423 -0.010344521587501543 927
1694628302486 -0.010344149890648913 928
1694628302543 -0.01034377803207387 929
1694628302594 -0.010343406011741996 930
1694628302630 -0.010343033829615322 931
1694628302674 -0.01034266148566032 932
1694628302736 -0.010342288979840353 933
1694628302791 -0.01034191631211967 934
1694628302838 -0.010341543482462967 935
1694628302881 -0.010341170490833829 936
1694628302933 -0.01034079733719695 937
1694628303014 -0.010340424021516581 938
1694628303067 -0.010340050543757418 939
1694628303108 -0.010339676903882822 940
1694628303144 -0.0103393031018566 941
1694628303197 -0.010338929137644337 942
1694628303235 -0.010338555011209394 943
1694628303272 -0.010338180722516688 944
1694628303307 -0.010337806271529582 945
1694628303338 -0.01033743165821277 946
1694628303410 -0.01033705688253006 947
1694628303481 -0.010336681944445925 948
1694628303546 -0.010336306843924836 949
1694628303599 -0.010335931580930158 950
1694628303646 -0.010335556155426584 951
1694628303693 -0.010335180567378366 952
1694628303747 -0.010334804816749088 953
1694628303792 -0.01033442890350389 954
1694628303823 -0.010334052827605023 955
1694628303858 -0.010333676589018514 956
1694628303894 -0.01033330018770795 957
1694628303925 -0.010332923623636692 958
1694628303956 -0.010332546896769657 959
1694628303991 -0.010332170007070873 960
1694628304024 -0.010331792954503927 961
1694628304083 -0.010331415739033512 962
1694628304137 -0.010331038360622768 963
1694628304191 -0.010330660819237059 964
1694628304223 -0.0103302831148393 965
1694628304265 -0.0103299052473933 966
1694628304324 -0.010329527216863976 967
1694628304379 -0.010329149023215578 968
1694628304429 -0.010328770666411469 969
1694628304476 -0.010328392146415899 970
1694628304532 -0.010328013463192898 971
1694628304586 -0.010327634616706272 972
1694628304623 -0.010327255606920938 973
1694628304661 -0.010326876433798704 974
1694628304715 -0.010326497097306042 975
1694628304767 -0.010326117597404982 976
1694628304833 -0.010325737934060442 977
1694628304873 -0.010325358107236449 978
1694628304904 -0.010324978116897254 979
1694628304936 -0.010324597963005111 980
1694628304969 -0.010324217645526268 981
1694628305004 -0.010323837164422756 982
1694628305049 -0.01032345651965949 983
1694628305115 -0.01032307571120028 984
1694628305161 -0.010322694739008487 985
1694628305212 -0.010322313603049249 986
1694628305255 -0.010321932303284598 987
1694628305316 -0.010321550839679894 988
1694628305368 -0.010321169212198944 989
1694628305414 -0.010320787420804445 990
1694628305463 -0.010320405465461313 991
1694628305506 -0.010320023346133134 992
1694628305545 -0.010319641062783935 993
1694628305586 -0.01031925861537708 994
1694628305622 -0.010318876003876598 995
1694628305658 -0.010318493228246739 996
1694628305711 -0.010318110288450866 997
1694628305761 -0.010317727184452785 998
1694628305812 -0.010317343916216526 999
