1694633524922 2.9818424017263667 0
1694633525125 0.17050264297720902 1
1694633525316 0.2741860864093939 2
1694633525503 1.0368643945347638 3
1694633525712 0.3251512352142408 4
1694633525898 0.10555752021253502 5
1694633526108 0.14689285173085945 6
1694633526308 0.9670468103777988 7
1694633526522 0.23260360963302418 8
1694633526738 0.5641430677442029 9
1694633526946 0.37344973939422216 10
1694633527161 0.642805844710786 11
1694633527376 0.9376677454201157 12
1694633527587 1.5789692437475482 13
1694633527784 0.1711305884088833 14
1694633527989 0.8490996808261856 15
1694633528193 0.015056390291333665 16
1694633528394 0.24550859194704147 17
1694633528604 0.26282849482780746 18
1694633528810 0.12977315904041306 19
1694633529022 0.05772085424286354 20
1694633529226 0.06541515051929624 21
1694633529447 1.2436460430252456 22
1694633529655 0.0473504445857893 23
1694633529870 0.8334864021001016 24
1694633530085 0.8220102826205603 25
1694633530302 2.132301222457427 26
1694633530521 0.4174626230481701 27
1694633530736 0.9824181425626058 28
1694633530949 0.029071851490018452 29
1694633531176 0.46774587120970773 30
1694633531387 0.12200187696912601 31
1694633531602 0.06568513672582069 32
1694633531810 0.1897965197959855 33
1694633532022 0.16961786820799782 34
1694633532220 0.6557565932776794 35
1694633532405 0.10783285538325224 36
1694633532637 0.04631110782468318 37
1694633532833 0.25708800118810937 38
1694633533054 0.1902807043430448 39
1694633533251 0.9262436795654757 40
1694633533444 1.1354913997914031 41
1694633533641 0.5635092578317306 42
1694633533831 0.486404469475624 43
1694633534025 0.9793236806377333 44
1694633534216 0.37229228850281143 45
1694633534413 0.9198031245834025 46
1694633534608 0.19713914754950618 47
1694633534822 0.4058779276925132 48
1694633535021 0.7135934494603803 49
1694633535249 0.43713341452880433 50
1694633535444 0.05587212369278767 51
1694633535652 0.01954279770541325 52
1694633535808 0.2966349141058755 53
1694633536054 0.2414119792954958 54
1694633536249 0.4252197871379235 55
1694633536457 0.6312275815410961 56
1694633536669 0.73461912950337 57
1694633536867 0.9195057074752152 58
1694633537083 0.5624560909712334 59
1694633537293 0.1813622155736485 60
1694633537509 0.9675614491952039 61
1694633537701 0.8102707937135288 62
1694633537910 0.20393033316129347 63
1694633538116 0.34905473851846125 64
1694633538325 0.7090189525291624 65
1694633538554 1.0115450953272518 66
1694633538776 0.3574773950486633 67
1694633538968 0.3576775887078068 68
1694633539164 0.6970504951034093 69
1694633539380 0.40416295253474643 70
1694633539573 1.1212297635029438 71
1694633539785 0.3722578994168814 72
1694633539988 1.4593445345918965 73
1694633540186 0.8278709799861484 74
1694633540394 1.9035670329663812 75
1694633540604 1.037159467007955 76
1694633540858 0.4222266672819798 77
1694633541063 0.14992700906525475 78
1694633541274 0.16759663125639387 79
1694633541475 0.18234398396694268 80
1694633541660 1.1389255636182583 81
1694633541852 2.0230989177493606 82
1694633542043 0.48898382723772055 83
1694633542232 0.7038188893280333 84
1694633542426 0.5300982642969826 85
1694633542621 0.20811735845962223 86
1694633542812 1.7701531400404868 87
1694633542998 0.4533583253670368 88
1694633543213 0.19035144001053708 89
1694633543376 0.03377733809884796 90
1694633543619 0.482945552912208 91
1694633543830 0.7208955634083541 92
1694633544042 1.0283374832950753 93
1694633544250 0.6664671464680877 94
1694633544454 0.8529692336427005 95
1694633544673 1.520175278963203 96
1694633544917 0.029276524188929565 97
1694633545127 0.7946505610495882 98
1694633545272 0.8850049546641194 99
1694633545551 0.0151901352040949 100
1694633545757 0.017271208227902075 101
1694633545972 1.1649798965879945 102
1694633546175 2.1586009442451126 103
1694633546411 0.1397753971794337 104
1694633546616 0.5887567490198936 105
1694633546806 0.23507980038922754 106
1694633547012 0.5500487814877173 107
1694633547216 0.17966226277732297 108
1694633547454 1.648106857557695 109
1694633547689 0.5548918770577236 110
1694633547911 0.9617707584800759 111
1694633548109 0.40318432429776985 112
1694633548326 0.06364579848465256 113
1694633548536 0.255930137248939 114
1694633548750 1.1411336501342806 115
1694633548965 0.7670598779330023 116
1694633549184 0.09456487664278343 117
1694633549402 0.579440089016843 118
1694633549607 0.49094336680222883 119
1694633549819 0.5712142668385687 120
1694633550025 0.0015249624742542799 121
1694633550246 1.1074821129521064 122
1694633550454 1.181162115740786 123
1694633550665 0.6920679426664682 124
1694633550870 0.5010583095875946 125
1694633551084 1.1723904143052342 126
1694633551295 0.8313656047915935 127
1694633551504 0.008484431067191022 128
1694633551724 0.5473653375482682 129
1694633551943 0.004260664374864584 130
1694633552149 0.1784121040049443 131
1694633552350 0.38545836643817716 132
1694633552550 0.6498146048220532 133
1694633552753 0.6520168471131093 134
1694633552954 0.801517099340466 135
1694633553178 0.02782247248507566 136
1694633553371 0.668688476720497 137
1694633553568 1.0902898732442752 138
1694633553774 0.2394018445574526 139
1694633553984 0.555947190131896 140
1694633554167 0.10388753344296027 141
1694633554375 1.1322326213222775 142
1694633554585 0.32579722622205054 143
1694633554795 0.8546131501986087 144
1694633555041 0.08646223316467404 145
1694633555262 1.1796326541091309 146
1694633555450 1.29418760297035 147
1694633555650 0.48331640128419673 148
1694633555827 0.7910468744366106 149
1694633556046 0.26347183834166493 150
1694633556260 1.888465246527636 151
1694633556465 1.0260950428630273 152
1694633556674 0.18235324214487142 153
1694633556869 0.6831713491749101 154
1694633557084 0.40219922995150276 155
1694633557288 0.23838131930652462 156
1694633557503 1.2706374527482098 157
1694633557709 0.45989527851263123 158
1694633557910 0.8788945441220013 159
1694633558124 1.233453074787354 160
1694633558315 1.847724845315835 161
1694633558526 1.031259699130936 162
1694633558736 0.20983518122883457 163
1694633558942 0.1149658858434814 164
1694633559152 0.10817886591756942 165
1694633559351 0.6526647094695733 166
1694633559576 1.5965173298716078 167
1694633559804 0.2994645927194862 168
1694633560054 0.12054159295063097 169
1694633560293 0.6622611786077446 170
1694633560539 0.06330257986029034 171
1694633560740 4.9429197415181665e-06 172
1694633560954 0.1644313551783058 173
1694633561176 1.4830965316100142 174
1694633561387 0.5409651016923458 175
1694633561592 2.111149971440162 176
1694633561838 1.115734894123344 177
1694633562070 0.42965938322696595 178
1694633562301 0.03236761239897656 179
1694633562515 0.18960288711203557 180
1694633562705 0.5227800220277825 181
1694633562946 1.039943203483566 182
1694633563159 0.2215126287504161 183
1694633563385 0.10805952035839896 184
1694633563605 0.4057929436754805 185
1694633563839 0.3508837273034805 186
1694633564057 0.2621651828793059 187
1694633564251 0.387089856824217 188
1694633564477 0.15747201947828224 189
1694633564704 0.08385209780317643 190
1694633564907 0.27193925825627363 191
1694633565110 0.04111682384568937 192
1694633565302 0.8896366489078406 193
1694633565504 0.5920102034147198 194
1694633565701 2.1519485841516013 195
1694633565920 0.7045541880236703 196
1694633566071 0.5850505649398691 197
1694633566330 0.6599145790764505 198
1694633566545 0.4879960219773515 199
1694633566760 0.5288165943916796 200
1694633566973 0.19290256808150055 201
1694633567177 0.3355876087485671 202
1694633567390 0.3921533317717922 203
1694633567617 0.3156886079982056 204
1694633567843 0.4172438348139198 205
1694633568042 0.030012063574985138 206
1694633568257 0.9522694424812472 207
1694633568464 0.00413054283816225 208
1694633568677 0.7970185896131038 209
1694633568902 0.9928290712014931 210
1694633569124 2.087798548743141 211
1694633569329 0.5344329621216235 212
1694633569541 1.954547969386509 213
1694633569746 0.9002590437741959 214
1694633569931 1.0582879447581017 215
1694633570124 1.0623900930158956 216
1694633570335 1.8572306144600228 217
1694633570549 1.4034470850044527 218
1694633570766 0.3656999762830164 219
1694633570961 0.5804806396833172 220
1694633571170 0.045480467192536365 221
1694633571382 0.3032434439709287 222
1694633571629 1.3656570022317038 223
1694633571846 0.3720738848168685 224
1694633572045 0.4868270592713434 225
1694633572257 1.437406463104478 226
1694633572482 0.20728780547593606 227
1694633572714 0.003020797836608517 228
1694633572927 0.3689343012034955 229
1694633573140 0.5004046106185083 230
1694633573381 0.0034671284244004244 231
1694633573592 1.073490350732834 232
1694633573793 0.793281284565715 233
1694633574002 0.50381818097339 234
1694633574227 0.41682120401252915 235
1694633574444 0.046484070522145926 236
1694633574642 0.10212729008925667 237
1694633574857 0.020379151435337067 238
1694633575077 1.4133702396038605 239
1694633575304 0.42142849698058477 240
1694633575519 0.5010301371957289 241
1694633575718 0.7872634696545909 242
1694633575923 0.22546504502628012 243
1694633576127 0.4506526400397657 244
1694633576333 0.5691149388900899 245
1694633576541 1.0090146188272302 246
1694633576754 0.5136256171819099 247
1694633576965 0.2795413904499985 248
1694633577177 0.6806756306417946 249
1694633577388 0.09137368925833457 250
1694633577591 0.6674522359451237 251
1694633577822 1.1235981887276005 252
1694633578026 0.3930367373504733 253
1694633578232 0.40432928064087587 254
1694633578443 0.47383683529805065 255
1694633578661 0.41523829163219683 256
1694633578890 1.7367134733873189 257
1694633579084 0.18956471492705781 258
1694633579274 0.3015813686350807 259
1694633579461 0.7854002420792319 260
1694633579649 0.35090832431511765 261
1694633579866 0.06861886978990055 262
1694633580055 0.9764467800066531 263
1694633580245 0.19646737469658132 264
1694633580427 0.6836872311720118 265
1694633580634 0.2980917809592705 266
1694633580835 1.3231159413522924 267
1694633581048 0.40566967690419126 268
1694633581269 0.28086319799511617 269
1694633581463 0.14162548187265483 270
1694633581665 0.002959893251967783 271
1694633581877 0.35997447449189196 272
1694633582090 0.8960543107677509 273
1694633582300 0.8252037133452963 274
1694633582497 0.49758326455425256 275
1694633582683 0.5405273733990028 276
1694633582878 0.18007204533468743 277
1694633583066 0.12437986237560453 278
1694633583253 0.2799576624960872 279
1694633583479 0.6807952932772813 280
1694633583688 0.9816217044552445 281
1694633583890 0.5336665660930523 282
1694633584096 0.6981843948553115 283
1694633584299 0.1908896811178683 284
1694633584496 0.01582169045934693 285
1694633584701 0.34817990292892725 286
1694633584924 0.9191327653187712 287
1694633585144 0.8312330603531075 288
1694633585345 0.46706577075030775 289
1694633585539 0.49241098424012114 290
1694633585721 0.8815709671324703 291
1694633585914 0.7424082083092792 292
1694633586099 0.3570347675229363 293
1694633586301 0.9953969690315937 294
1694633586510 0.5865424084313977 295
1694633586702 0.1752493140485596 296
1694633586894 1.3556819833097917 297
1694633587091 1.1036313635148038 298
1694633587299 0.05565730054926201 299
1694633587513 0.785558311457093 300
1694633587703 0.2864646402825389 301
1694633587925 0.25449834893354356 302
1694633588126 0.28758411034600867 303
1694633588326 0.6144775715689506 304
1694633588543 0.001066749974368066 305
1694633588758 0.09944995345621323 306
1694633588975 0.6492962655062544 307
1694633589195 0.09414826485223447 308
1694633589412 1.1533072166627818 309
1694633589637 0.7471930923058322 310
1694633589851 0.3799063545873095 311
1694633590073 0.7945805882481876 312
1694633590292 0.9362130643783073 313
1694633590498 0.7127276105604513 314
1694633590713 0.3436446896805633 315
1694633590877 0.5304874405367198 316
1694633591087 0.18380006435944743 317
1694633591300 1.1289928850886068 318
1694633591510 0.41850197324613375 319
1694633591720 1.180876673095667 320
1694633591928 0.6117344273642863 321
1694633592129 0.9610721469522799 322
1694633592342 0.49824856364204934 323
1694633592558 0.49912843071500756 324
1694633592767 0.3852850626135254 325
1694633592987 0.4829704184323575 326
1694633593205 0.3907422831663944 327
1694633593386 1.9876719086604568 328
1694633593603 0.6447700768031474 329
1694633593794 0.40149864056542334 330
1694633593987 0.558216132202609 331
1694633594202 0.6217411436072549 332
1694633594390 0.3502275838373963 333
1694633594605 0.6095275243645057 334
1694633594811 0.2270949398886288 335
1694633595020 1.0757127913236377 336
1694633595231 0.6838536592879737 337
1694633595440 0.6339364254862073 338
1694633595655 0.8406579172171258 339
1694633595877 0.03926066095781765 340
1694633596083 0.7161533722914664 341
1694633596289 0.9765530348503118 342
1694633596510 0.4929125881019858 343
1694633596707 0.7303862877273627 344
1694633596910 0.31172650492259624 345
1694633597099 0.28401280550775626 346
1694633597309 0.9475093326589252 347
1694633597473 0.04514335666511219 348
1694633597702 0.1942565925197333 349
1694633597915 0.9042145778081225 350
1694633598119 1.8331188456892635 351
1694633598322 0.5783211160378124 352
1694633598529 0.6505348319656854 353
1694633598738 1.6385847397077438 354
1694633598959 0.684793723599543 355
1694633599149 0.972638856445817 356
1694633599356 0.7888718711255427 357
1694633599556 0.5186591912482342 358
1694633599749 0.3315760873686799 359
1694633599945 0.5965676301210111 360
1694633600142 0.48146329270186633 361
1694633600332 1.0536252482585753 362
1694633600522 0.05744281875983498 363
1694633600734 0.40874098182256 364
1694633600932 0.539667870695293 365
1694633601152 0.015388059216280048 366
1694633601360 1.076149317386959 367
1694633601564 1.4152789191083734 368
1694633601760 0.6195905102593346 369
1694633601959 1.0603334163944886 370
1694633602173 0.17366742967412888 371
1694633602381 0.7412047230765308 372
1694633602570 0.8407585677083838 373
1694633602789 0.6045123121572401 374
1694633602985 0.835155195353819 375
1694633603188 0.6405821510331539 376
1694633603394 0.4893737897753478 377
1694633603612 0.3837688431567675 378
1694633603822 0.35019471127467316 379
1694633604020 1.6291579967784102 380
1694633604245 0.08025642481317313 381
1694633604454 0.968357973750584 382
1694633604669 0.2932263978415121 383
1694633604878 0.35526649532265814 384
1694633605077 0.49140741161140733 385
1694633605290 0.2980761989116276 386
1694633605485 0.9970525234689877 387
1694633605674 0.7742998292284957 388
1694633605865 0.1279996722555138 389
1694633606058 0.5714581142083618 390
1694633606248 0.22084581528359457 391
1694633606444 1.5426664700544006 392
1694633606644 0.15286193048420613 393
1694633606845 0.4671683895886075 394
1694633607055 0.44724805101219134 395
1694633607247 0.3091042185288575 396
1694633607450 0.7563835699415875 397
1694633607656 0.259847808262126 398
1694633607867 1.1202272501793844 399
1694633608075 0.011101286670145828 400
1694633608278 0.07534123695609388 401
1694633608495 0.23918740834685437 402
1694633608704 0.2805981897172059 403
1694633608921 0.4996615145831056 404
1694633609129 0.1292869428965149 405
1694633609278 0.4683204705112736 406
1694633609538 0.16402138768433894 407
1694633609742 0.8398942129199946 408
1694633609943 0.6768945556027317 409
1694633610152 0.7001414729333366 410
1694633610361 0.1350276788255403 411
1694633610562 0.26835380498133155 412
1694633610758 0.04372091835828493 413
1694633610947 0.026829413455810594 414
1694633611135 0.22912405330305258 415
1694633611348 0.5031100687176985 416
1694633611570 0.7811257586497484 417
1694633611784 0.058910710975362754 418
1694633611996 0.31823717823572417 419
1694633612213 0.5459192790329905 420
1694633612412 0.47756594491278026 421
1694633612617 0.17777180319636182 422
1694633612809 0.4051063514138317 423
1694633613013 0.23161738182037808 424
1694633613205 0.04108975957181802 425
1694633613413 0.16876881473116184 426
1694633613639 0.6953826153032059 427
1694633613852 1.4264240366843928 428
1694633614063 0.28411834977420924 429
1694633614278 0.41783223783020057 430
1694633614502 0.6536002746264321 431
1694633614723 0.7177263668344207 432
1694633614924 0.5862772348568016 433
1694633615156 0.22611448964536765 434
1694633615371 0.9279037983840975 435
1694633615582 1.2212835644569628 436
1694633615793 0.9412056476570032 437
1694633616010 0.47909478648538806 438
1694633616207 0.3858608352535767 439
1694633616396 0.3305380831012803 440
1694633616595 0.49870301677436957 441
1694633616810 2.206935676621951 442
1694633617010 0.02094803766147348 443
1694633617209 1.1721723239809339 444
1694633617402 0.8805377581429324 445
1694633617603 0.32359321581901074 446
1694633617794 0.03160637860713511 447
1694633617999 0.7939960388232593 448
1694633618196 1.0654785305246262 449
1694633618420 0.16168795717161796 450
1694633618611 0.614724514500302 451
1694633618824 0.065677518710621 452
1694633618989 0.47174340880108373 453
1694633619203 0.13948939991471487 454
1694633619392 1.5085957097709257 455
1694633619598 0.6892434860921081 456
1694633619804 0.11862230272873607 457
1694633620000 0.07531861200535485 458
1694633620194 0.8847591679186617 459
1694633620395 0.4700647427103411 460
1694633620610 0.3657741121118101 461
1694633620816 0.21525213096767407 462
1694633621007 0.36724441908021793 463
1694633621215 0.3008403478890999 464
1694633621431 0.9072523042477225 465
1694633621651 0.5008467448855594 466
1694633621862 0.862113385961641 467
1694633622058 1.7381595689946465 468
1694633622275 0.5013117995193609 469
1694633622499 0.6188668997407821 470
1694633622723 1.0243401784422888 471
1694633622917 0.6940210985082637 472
1694633623119 0.2799356581591228 473
1694633623302 0.22931293562715635 474
1694633623483 0.578176255730802 475
1694633623668 0.4855685897743679 476
1694633623872 0.5008606311828214 477
1694633624063 1.1330936100365705 478
1694633624252 0.8341191627252824 479
1694633624439 0.33049608309574907 480
1694633624637 0.054470162057150634 481
1694633624858 0.31349532636696487 482
1694633625078 0.15013172948897588 483
1694633625322 1.0876537692946129 484
1694633625529 1.105910484199137 485
1694633625715 0.3942368373880217 486
1694633625805 0.322154725379807 487
1694633626144 0.8610297338763825 488
1694633626344 0.9944427350767397 489
1694633626548 0.4360589673342036 490
1694633626746 0.6575179830530835 491
1694633626950 0.42178811672254346 492
1694633627193 0.7309283381143918 493
1694633627402 0.1956494099513097 494
1694633627606 0.7312193922846286 495
1694633627810 0.2669010329081471 496
1694633628050 0.16343790561814373 497
1694633628255 0.7428096464098457 498
1694633628466 0.06909793280577194 499
1694633628660 1.0316430357068298 500
1694633628897 0.6086416439414445 501
1694633629107 0.6172875355022314 502
1694633629331 0.42655412602954734 503
1694633629551 1.5989487092866206 504
1694633629801 1.2148052816208712 505
1694633630003 0.5612096030971618 506
1694633630201 0.18239387122805878 507
1694633630408 1.1298640809975389 508
1694633630638 0.5034815923771447 509
1694633630878 1.4289659138634316 510
1694633631061 0.3064020903676255 511
1694633631156 0.00485591653527207 512
1694633631444 0.012254873484798057 513
1694633631673 0.6477734795690832 514
1694633631899 0.7427152985211893 515
1694633632120 1.2564766373621288 516
1694633632339 0.6386494653264627 517
1694633632543 0.6683525043923199 518
1694633632748 0.342962621406439 519
1694633632940 0.5181127156341016 520
1694633633128 0.22994444240443512 521
1694633633359 0.34588978574201884 522
1694633633587 0.10602134714450938 523
1694633633813 0.1544192542863263 524
1694633634026 1.014723044810111 525
1694633634230 0.1435704044356251 526
1694633634423 0.3790336892237676 527
1694633634630 2.4359575964183886 528
1694633634839 2.0791772860580533 529
1694633635060 1.028478942414871 530
1694633635286 0.29749259711221515 531
1694633635511 0.5232875040498347 532
1694633635724 0.06639830657930536 533
1694633635928 0.48993308747615977 534
1694633636118 0.3570150454455713 535
1694633636324 0.33943853164257004 536
1694633636527 0.8020347688364076 537
1694633636727 0.4323663699670985 538
1694633636912 0.13494596959426364 539
1694633637099 0.019862750773201394 540
1694633637283 1.0144006626092203 541
1694633637468 0.3092079575819311 542
1694633637655 0.504884034710744 543
1694633637843 0.864444291065463 544
1694633638053 0.5035434294978489 545
1694633638256 0.07515845336934461 546
1694633638470 4.139761668615456 547
1694633638665 0.6236861124746257 548
1694633638854 0.5389543473038215 549
1694633639038 0.30988339492002365 550
1694633639224 0.12109315462705487 551
1694633639446 0.3815357932479767 552
1694633639632 0.06122029698648831 553
1694633639834 0.2288418371329403 554
1694633640030 0.7945859577708384 555
1694633640214 0.35525961852507676 556
1694633640407 0.343143236763181 557
1694633640611 1.5478381004751918 558
1694633640831 0.4079414131884145 559
1694633641057 0.20871768551048106 560
1694633641283 0.6824679358058892 561
1694633641481 0.4163245886214444 562
1694633641666 0.09915284481983282 563
1694633641873 0.9613816745907977 564
1694633642072 0.11864806429726876 565
1694633642258 1.098026110187044 566
1694633642451 0.9960334873046865 567
1694633642674 0.36077151220607356 568
1694633642910 0.1032255904881049 569
1694633643146 0.7758340076499299 570
1694633643376 0.2945160798175179 571
1694633643570 0.6044749294571079 572
1694633643774 0.5890233573240543 573
1694633643990 0.48230038682439147 574
1694633644181 0.3000641878760824 575
1694633644380 0.9192013263269352 576
1694633644590 0.12750613048176307 577
1694633644776 0.14447575000055654 578
1694633644961 0.6134138925042624 579
1694633645144 0.7180273389352545 580
1694633645337 0.025294302378756947 581
1694633645525 1.2165779059151023 582
1694633645707 0.27884103203119986 583
1694633645891 0.3535564370091135 584
1694633646074 0.6630614428200965 585
1694633646258 0.5411451104073585 586
1694633646446 0.8992900618288358 587
1694633646637 0.7913230803627741 588
1694633646821 0.06890399696244338 589
1694633647013 0.1734280096555157 590
1694633647193 0.44611994217652307 591
1694633647372 1.1109962840095895 592
1694633647560 0.39620171012527344 593
1694633647749 0.4411067621639039 594
1694633647934 0.3363355613806244 595
1694633648134 0.8704245798203797 596
1694633648327 0.2505005784959966 597
1694633648548 0.12690086679312382 598
1694633648773 0.7280709809524976 599
1694633648990 1.0541354671035834 600
1694633649210 0.6918996121980355 601
1694633649412 1.6203130692071162 602
1694633649604 1.8588824113747664 603
1694633649790 0.3340107293554227 604
1694633649973 0.19369803168876032 605
1694633650154 0.44010180365097284 606
1694633650345 0.8297731031548329 607
1694633650445 0.36793337330747433 608
1694633650712 0.05375662895700323 609
1694633650940 0.9647568592286012 610
1694633651162 0.7246505212271233 611
1694633651374 0.791189410243882 612
1694633651578 0.9568397040454405 613
1694633651787 0.7248785781786755 614
1694633652000 0.9556568549754096 615
1694633652195 0.9469369683413861 616
1694633652403 0.2142627724219705 617
1694633652605 0.1382654248951156 618
1694633652832 1.1762003571486637 619
1694633653037 0.02103424128560882 620
1694633653262 0.7405798788313961 621
1694633653451 0.22406430324638185 622
1694633653635 0.10394757723302957 623
1694633653829 0.11264516090573534 624
1694633654039 0.23830054829931294 625
1694633654212 0.04020324746708587 626
1694633654429 0.9958281090891439 627
1694633654645 0.948886302678054 628
1694633654858 0.8391767016280895 629
1694633655065 0.9129633951202818 630
1694633655294 1.0200270824367317 631
1694633655516 0.2997201213350746 632
1694633655733 0.16348695160036414 633
1694633655931 0.6387024278065574 634
1694633656123 2.471576684781664 635
1694633656300 0.2609048750267496 636
1694633656491 1.4499622858613104 637
1694633656701 0.296974281945478 638
1694633656920 1.270503638623339 639
1694633657118 0.2702230964337498 640
1694633657326 0.1331908651427434 641
1694633657516 0.8116173244569834 642
1694633657704 0.12354543569066895 643
1694633657891 0.5482340403445919 644
1694633658073 0.5698408688880421 645
1694633658256 0.05525825977659388 646
1694633658442 0.3207880367698177 647
1694633658632 0.48517774407329217 648
1694633658818 1.1441283869852774 649
1694633659001 0.4122330797229469 650
1694633659191 0.849523667484685 651
1694633659391 1.0722812503113137 652
1694633659581 0.425641418515646 653
1694633659758 0.030151277267972235 654
1694633659943 0.7782221847996024 655
1694633660122 0.22371273878141335 656
1694633660313 0.06142435370248898 657
1694633660502 0.001254411573261536 658
1694633660706 0.299923819547778 659
1694633660924 0.6897761474876306 660
1694633661104 0.4954881422847231 661
1694633661289 0.0022082892479042084 662
1694633661509 0.7896565231932053 663
1694633661707 0.397934569505418 664
1694633661897 0.20849841369112124 665
1694633662089 0.5217370607748254 666
1694633662280 0.5261675867020752 667
1694633662478 0.6390792216942328 668
1694633662661 0.06529082872386346 669
1694633662849 0.34594889035301807 670
1694633663054 0.8292330418968114 671
1694633663251 1.7158900603430545 672
1694633663466 0.5086329341596444 673
1694633663656 0.4724519762981895 674
1694633663853 0.0018329005686836535 675
1694633664066 0.904587468246539 676
1694633664301 0.6896954896938174 677
1694633664516 0.12502400076239883 678
1694633664735 1.0634264865273544 679
1694633664929 0.6830045034682249 680
1694633665129 0.10055359906149056 681
1694633665356 1.406848459496108 682
1694633665578 0.6031760718808158 683
1694633665799 0.6044732504919409 684
1694633666005 0.0954173354617544 685
1694633666207 0.3904616338749583 686
1694633666429 1.1329780865803722 687
1694633666653 0.9800666506472111 688
1694633666856 0.644117280957697 689
1694633667040 0.5449845009832505 690
1694633667233 0.06611156125225101 691
1694633667429 0.2436704775067386 692
1694633667634 0.07026981136956892 693
1694633667854 0.09841804919451094 694
1694633668050 0.3834667055921064 695
1694633668245 1.7687197509191985 696
1694633668430 0.44113491598115945 697
1694633668625 0.6471081260003725 698
1694633668807 0.9420600489509657 699
1694633669005 1.0764707400624915 700
1694633669195 0.0016276140138862113 701
1694633669376 0.2358913495887545 702
1694633669561 0.5117777805940926 703
1694633669743 0.36522448398024104 704
1694633669929 0.6913930687988691 705
1694633670114 0.7358964359208355 706
1694633670299 0.17418783828003012 707
1694633670479 0.16589473427395698 708
1694633670681 0.03919436569848048 709
1694633670884 0.23309780485839982 710
1694633671098 0.1423224154456267 711
1694633671295 0.10296141261633232 712
1694633671486 0.6618783482437434 713
1694633671680 0.7111816834925206 714
1694633671892 1.0981312106572207 715
1694633672077 0.19665045342275414 716
1694633672270 0.7219371365180333 717
1694633672456 0.7246272697724513 718
1694633672646 0.2565384451113275 719
1694633672833 0.15910926026635108 720
1694633673024 0.11151613373547195 721
1694633673227 0.656923823060156 722
1694633673429 1.9148846317887742 723
1694633673624 1.0570228003553377 724
1694633673843 0.13612858273138856 725
1694633674057 0.6172987581076411 726
1694633674248 1.7843377812684504 727
1694633674446 0.9482195243153515 728
1694633674654 1.5144817490165934 729
1694633674859 1.3456710736516428 730
1694633675051 1.1901310468985862 731
1694633675246 0.6577438403894788 732
1694633675451 0.6600964214869791 733
1694633675678 0.31978163581012087 734
1694633675877 0.7604185911086319 735
1694633676069 0.0489801654705984 736
1694633676261 1.5652231188588746 737
1694633676451 0.41408725166848537 738
1694633676645 1.079041202943986 739
1694633676834 0.5777004088460621 740
1694633677015 1.1814752279214025 741
1694633677232 0.4507791806415897 742
1694633677431 1.1999249137696604 743
1694633677641 2.145059595565413 744
1694633677828 0.2836456076580918 745
1694633678018 0.6284678543444692 746
1694633678203 0.034066376176854055 747
1694633678387 0.003221364938474404 748
1694633678565 1.6536591483962466 749
1694633678754 0.354369565796372 750
1694633678943 0.44248995373899525 751
1694633679127 0.3799183146858412 752
1694633679301 0.7604460912910881 753
1694633679489 0.8939459318390872 754
1694633679678 0.1372361983495105 755
1694633679874 0.38000098670373017 756
1694633680095 0.16302249168714256 757
1694633680317 2.03803615759337 758
1694633680540 0.30249313439003234 759
1694633680761 0.3327490944951673 760
1694633680981 0.31639780696145536 761
1694633681189 0.5736200882468678 762
1694633681372 2.351472108448694 763
1694633681563 1.2266777800960698 764
1694633681766 0.22213522817321726 765
1694633681961 0.18505490945040662 766
1694633682152 0.05313081575332841 767
1694633682347 0.5241195900296878 768
1694633682535 0.07447952899899363 769
1694633682717 1.0596346313719067 770
1694633682928 0.013410727855732904 771
1694633683145 0.8931447496752232 772
1694633683357 0.438281582017952 773
1694633683528 0.7033705498048127 774
1694633683745 0.8122114449261232 775
1694633683954 0.9373047271408964 776
1694633684165 0.6083202908570764 777
1694633684375 0.3373053844956351 778
1694633684567 0.7216461786399929 779
1694633684751 0.34856781588870905 780
1694633684929 0.0981327801857525 781
1694633685124 0.006468170209881108 782
1694633685332 0.30396632610766816 783
1694633685535 0.286405506706306 784
1694633685720 0.30748082217846445 785
1694633685928 0.9650045654858248 786
1694633686123 0.5720108121560645 787
1694633686349 0.0024142321869404094 788
1694633686564 0.21649024805831102 789
1694633686760 0.057371494923014785 790
1694633686946 0.5001614506829114 791
1694633687141 0.7410170931425252 792
1694633687327 0.5629677387263315 793
1694633687543 0.5098201807332337 794
1694633687752 0.5428304980512652 795
1694633687979 0.9439749072641461 796
1694633688203 0.8942768528104057 797
1694633688391 0.7204814689235635 798
1694633688576 0.14031427523725845 799
1694633688758 0.4063189268286593 800
1694633688962 0.42910260392391275 801
1694633689154 0.08488589534599437 802
1694633689344 0.1234518287560276 803
1694633689522 0.06412223395180437 804
1694633689762 1.2671324519663614 805
1694633689966 0.42341021140749335 806
1694633690150 0.48924148885258045 807
1694633690354 0.2724386771153001 808
1694633690560 0.398410628912783 809
1694633690755 1.0703951622434176 810
1694633690982 0.21504034012410422 811
1694633691167 1.4746859008906406 812
1694633691350 1.2226117846390474 813
1694633691540 0.6424169440791374 814
1694633691729 0.960414917266673 815
1694633691957 0.10456827969258564 816
1694633692186 0.7863854258586518 817
1694633692430 0.887432701031485 818
1694633692681 0.3614606927750189 819
1694633692885 0.44491111093189745 820
1694633693128 0.003755448810540731 821
1694633693343 0.05790216424079314 822
1694633693550 0.3466981456039483 823
1694633693772 0.9753994369336241 824
1694633693994 0.3370176691484178 825
1694633694199 1.1114321171447676 826
1694633694433 0.5797503998828042 827
1694633694674 0.33980185402549573 828
1694633694895 0.5374283714509344 829
1694633695119 0.2534630608590266 830
1694633695322 0.3355276058845978 831
1694633695571 0.8747964767178736 832
1694633695758 0.20620588758894606 833
1694633695960 1.04292783172938 834
1694633696176 0.07640912622745996 835
1694633696409 0.43240175693743516 836
1694633696647 0.6187174603793134 837
1694633696850 0.31139937557364755 838
1694633697036 0.29808136152037723 839
1694633697227 0.07796453363003507 840
1694633697388 0.9595480635408051 841
1694633697595 0.8310067689801044 842
1694633697795 0.8358198368217125 843
1694633697987 0.31146629721548846 844
1694633698185 1.2181980424931815 845
1694633698379 0.8096735373757624 846
1694633698583 0.0039016792518842647 847
1694633698792 0.008346926669991405 848
1694633699001 0.5729331220397578 849
1694633699201 0.5252503575637866 850
1694633699409 0.08467964986827979 851
1694633699591 0.640502159501666 852
1694633699768 0.5799772245295214 853
1694633699929 0.18023257298681922 854
1694633700148 1.0107717923127613 855
1694633700357 0.414193576139256 856
1694633700546 0.09451389141576307 857
1694633700730 1.1084200849754917 858
1694633700910 0.3855784823606953 859
1694633701088 0.19099727373425077 860
1694633701287 0.2240648658043069 861
1694633701513 0.2504966893275274 862
1694633701737 0.436661854704935 863
1694633701960 0.2571827244922405 864
1694633702176 0.21146692822999513 865
1694633702382 0.644931032223216 866
1694633702569 0.6923449935303393 867
1694633702767 0.45825242191283017 868
1694633702950 0.05922779881329562 869
1694633703158 0.3470892999660054 870
1694633703346 0.09897914573079297 871
1694633703549 0.2407796503663637 872
1694633703738 0.1659695225972674 873
1694633703928 1.6066540408803294 874
1694633704150 0.672219677968155 875
1694633704379 0.03891788885916683 876
1694633704602 0.4355146276888115 877
1694633704790 0.5252665533126316 878
1694633705001 0.7123154818919125 879
1694633705200 0.08002682765866022 880
1694633705399 0.9389350762192035 881
1694633705583 0.11296308323381829 882
1694633705773 0.47584218393453037 883
1694633705963 1.1180311568320755 884
1694633706160 0.6055999377509361 885
1694633706350 0.39375565438039 886
1694633706563 1.9375012090608552 887
1694633706782 1.3738588419367284 888
1694633707034 0.371011772069949 889
1694633707246 0.9195682271214215 890
1694633707443 0.5407392207526497 891
1694633707634 0.3547867042269713 892
1694633707822 0.5132169516834292 893
1694633707997 0.02426946505394341 894
1694633708199 0.322246595811344 895
1694633708390 0.3516640090478827 896
1694633708583 0.08812954941101406 897
1694633708794 0.2466964493873731 898
1694633709018 0.8362617245286803 899
1694633709232 1.484446469316301 900
1694633709444 0.014924094365604336 901
1694633709654 0.3797517670444914 902
1694633709867 0.7745755979466851 903
1694633710123 0.012988680897813002 904
1694633710338 0.5556414132636107 905
1694633710543 0.3893270272160041 906
1694633710743 1.0809520655732234 907
1694633710928 0.661535572261559 908
1694633711117 1.1553335712802175 909
1694633711306 1.081376894145334 910
1694633711508 0.15750183480659655 911
1694633711690 0.7266429486581147 912
1694633711892 0.35339586025143066 913
1694633712095 0.33537971218751883 914
1694633712308 0.8758544336966126 915
1694633712527 0.6490681408933212 916
1694633712762 0.004740529440860292 917
