1694624999752 0.0 0
1694624999991 0.0 1
1694625000195 0.0 2
1694625000426 0.0 3
1694625000647 0.0 4
1694625000860 0.0 5
1694625001081 0.0 6
1694625001289 0.0 7
1694625001529 0.0 8
1694625001763 0.0 9
1694625001965 0.0 10
1694625002170 0.0 11
1694625002402 0.0 12
1694625002624 0.0 13
1694625002833 0.0 14
1694625003082 0.0 15
1694625003278 0.0 16
1694625003487 0.0 17
1694625003687 0.0 18
1694625003965 0.0 19
1694625004164 0.0 20
1694625004354 0.0 21
1694625004563 0.0 22
1694625004789 0.0 23
1694625005028 0.0 24
1694625005237 0.0 25
1694625005478 0.0 26
1694625005682 0.0 27
1694625005872 0.0 28
1694625006088 0.0 29
1694625006270 0.0 30
1694625006472 0.0 31
1694625006672 0.0 32
1694625006860 0.0 33
1694625007058 0.0 34
1694625007260 0.0 35
1694625007450 0.0 36
1694625007636 0.0 37
1694625007846 0.0 38
1694625008043 0.0 39
1694625008248 0.0 40
1694625008451 0.0 41
1694625008654 0.0 42
1694625008865 0.0 43
1694625009041 0.0 44
1694625009225 0.0 45
1694625009435 0.0 46
1694625009635 0.0 47
1694625009834 0.0 48
1694625010036 0.0 49
1694625010219 0.0 50
1694625010414 0.0 51
1694625010632 0.0 52
1694625010814 0.0 53
1694625011008 0.0 54
1694625011195 0.0 55
1694625011408 0.0 56
1694625011605 0.0 57
1694625011797 0.0 58
1694625012079 0.0 59
1694625012273 0.0 60
1694625012465 0.0 61
1694625012657 0.0 62
1694625012870 0.0 63
1694625013053 0.0 64
1694625013254 0.0 65
1694625013451 0.0 66
1694625013634 0.0 67
1694625013824 0.0 68
1694625014014 0.0 69
1694625014215 0.0 70
1694625014421 0.0 71
1694625014623 0.0 72
1694625014827 0.0 73
1694625015025 0.0 74
1694625015207 0.0 75
1694625015415 0.0 76
1694625015609 0.0 77
1694625015793 0.0 78
1694625015987 0.0 79
1694625016174 0.0 80
1694625016354 0.0 81
1694625016548 0.0 82
1694625016744 0.0 83
1694625016934 0.0 84
1694625017127 0.0 85
1694625017313 0.0 86
1694625017524 0.0 87
1694625017701 0.0 88
1694625017912 0.0 89
1694625018095 0.0 90
1694625018268 0.0 91
1694625018489 0.0 92
1694625018680 0.0 93
1694625018897 0.0 94
1694625019083 0.0 95
1694625019289 0.0 96
1694625019478 0.0 97
1694625019673 0.0 98
1694625019880 0.0 99
1694625020060 0.0 100
1694625020262 0.0 101
1694625020454 0.0 102
1694625020654 0.0 103
1694625020855 0.0 104
1694625021048 0.0 105
1694625021244 0.0 106
1694625021436 0.0 107
1694625021619 0.0 108
1694625021813 0.0 109
1694625021998 0.0 110
1694625022191 0.0 111
1694625022385 0.0 112
1694625022572 0.0 113
1694625022799 0.0 114
1694625022998 0.0 115
1694625023200 0.0 116
1694625023403 0.0 117
1694625023600 0.0 118
1694625023783 0.0 119
1694625023976 0.0 120
1694625024164 0.0 121
1694625024371 0.0 122
1694625024554 0.0 123
1694625024749 0.0 124
1694625024930 0.0 125
1694625025111 0.0 126
1694625025308 0.0 127
1694625025505 0.0 128
1694625025699 0.0 129
1694625025890 0.0 130
1694625026114 0.0 131
1694625026301 0.0 132
1694625026499 0.0 133
1694625026699 0.0 134
1694625026901 0.0 135
1694625027100 0.0 136
1694625027306 0.0 137
1694625027491 0.0 138
1694625027689 0.0 139
1694625027881 0.0 140
1694625028055 0.0 141
1694625028263 0.0 142
1694625028446 0.0 143
1694625028668 0.0 144
1694625028922 0.0 145
1694625029167 0.0 146
1694625029380 0.0 147
1694625029563 0.0 148
1694625029752 0.0 149
1694625029953 0.0 150
1694625030149 0.0 151
1694625030340 0.0 152
1694625030534 0.0 153
1694625030733 0.0 154
1694625030905 0.0 155
1694625031088 0.0 156
1694625031272 0.0 157
1694625031453 0.0 158
1694625031637 0.0 159
1694625031821 0.0 160
1694625031993 0.0 161
1694625032187 0.0 162
1694625032383 0.0 163
1694625032559 0.0 164
1694625032782 0.0 165
1694625032980 0.0 166
1694625033154 0.0 167
1694625033354 0.0 168
1694625033548 0.0 169
1694625033736 0.0 170
1694625033925 0.0 171
1694625034123 0.0 172
1694625034313 0.0 173
1694625034497 0.0 174
1694625034682 0.0 175
1694625034873 0.0 176
1694625035079 0.0 177
1694625035253 0.0 178
1694625035453 0.0 179
1694625035636 0.0 180
1694625035842 0.0 181
1694625036040 0.0 182
1694625036228 0.0 183
1694625036418 0.0 184
1694625036602 0.0 185
1694625036815 0.0 186
1694625037005 0.0 187
1694625037199 0.0 188
1694625037390 0.0 189
1694625037593 0.0 190
1694625037781 0.0 191
1694625037982 0.0 192
1694625038163 0.0 193
1694625038346 0.0 194
1694625038536 0.0 195
1694625038732 0.0 196
1694625038923 0.0 197
1694625039109 0.0 198
1694625039300 0.0 199
1694625039514 0.0 200
1694625039704 0.0 201
1694625039886 0.0 202
1694625040080 0.0 203
1694625040275 0.0 204
1694625040455 0.0 205
1694625040652 0.0 206
1694625040829 0.0 207
1694625041032 0.0 208
1694625041216 0.0 209
1694625041418 0.0 210
1694625041619 0.0 211
1694625041823 0.0 212
1694625042014 0.0 213
1694625042212 0.0 214
1694625042398 0.0 215
1694625042592 0.0 216
1694625042783 0.0 217
1694625042966 0.0 218
1694625043190 0.0 219
1694625043393 0.0 220
1694625043585 0.0 221
1694625043770 0.0 222
1694625043972 0.0 223
1694625044166 0.0 224
1694625044355 0.0 225
1694625044568 0.0 226
1694625044810 0.0 227
1694625045001 0.0 228
1694625045193 0.0 229
1694625045398 0.0 230
1694625045604 0.0 231
1694625045792 0.0 232
1694625045986 0.0 233
1694625046173 0.0 234
1694625046390 0.0 235
1694625046585 0.0 236
1694625046781 0.0 237
1694625046961 0.0 238
1694625047163 0.0 239
1694625047357 0.0 240
1694625047541 0.0 241
1694625047738 0.0 242
1694625047924 0.0 243
1694625048117 0.0 244
1694625048309 0.0 245
1694625048510 0.0 246
1694625048719 0.0 247
1694625048919 0.0 248
1694625049104 0.0 249
1694625049299 0.0 250
1694625049502 0.0 251
1694625049696 0.0 252
1694625049881 0.0 253
1694625050080 0.0 254
1694625050275 0.0 255
1694625050459 0.0 256
1694625050640 0.0 257
1694625050835 0.0 258
1694625051032 0.0 259
1694625051262 0.0 260
1694625051470 0.0 261
1694625051669 0.0 262
1694625051850 0.0 263
1694625052036 0.0 264
1694625052236 0.0 265
1694625052435 0.0 266
1694625052624 0.0 267
1694625052806 0.0 268
1694625053007 0.0 269
1694625053216 0.0 270
1694625053425 0.0 271
1694625053633 0.0 272
1694625053831 0.0 273
1694625054011 0.0 274
1694625054199 0.0 275
1694625054402 0.0 276
1694625054597 0.0 277
1694625054799 0.0 278
1694625054982 0.0 279
1694625055163 0.0 280
1694625055347 0.0 281
1694625055544 0.0 282
1694625055720 0.0 283
1694625055929 0.0 284
1694625056127 0.0 285
1694625056328 0.0 286
1694625056529 0.0 287
1694625056723 0.0 288
1694625056922 0.0 289
1694625057119 0.0 290
1694625057306 0.0 291
1694625057513 0.0 292
1694625057712 0.0 293
1694625057891 0.0 294
1694625058075 0.0 295
1694625058257 0.0 296
1694625058454 0.0 297
1694625058653 0.0 298
1694625058844 0.0 299
1694625059023 0.0 300
1694625059221 0.0 301
1694625059453 0.0 302
1694625059637 0.0 303
1694625059843 0.0 304
1694625060049 0.0 305
1694625060249 0.0 306
1694625060449 0.0 307
1694625060643 0.0 308
1694625060832 0.0 309
1694625061060 0.0 310
1694625061273 0.0 311
1694625061476 0.0 312
1694625061675 0.0 313
1694625061865 0.0 314
1694625062049 0.0 315
1694625062225 0.0 316
1694625062429 0.0 317
1694625062632 0.0 318
1694625062823 0.0 319
1694625063026 0.0 320
1694625063230 0.0 321
1694625063431 0.0 322
1694625063635 0.0 323
1694625063814 0.0 324
1694625064021 0.0 325
1694625064210 0.0 326
1694625064412 0.0 327
1694625064598 0.0 328
1694625064814 0.0 329
1694625065008 0.0 330
1694625065201 0.0 331
1694625065399 0.0 332
1694625065594 0.0 333
1694625065790 0.0 334
1694625065966 0.0 335
1694625066165 0.0 336
1694625066353 0.0 337
1694625066543 0.0 338
1694625066737 0.0 339
1694625066930 0.0 340
1694625067132 0.0 341
1694625067383 0.0 342
1694625067667 0.0 343
1694625067886 0.0 344
1694625068083 0.0 345
1694625068333 0.0 346
1694625068529 0.0 347
1694625068715 0.0 348
1694625068904 0.0 349
1694625069142 0.0 350
1694625069341 0.0 351
1694625069527 0.0 352
1694625069715 0.0 353
1694625069956 0.0 354
1694625070161 0.0 355
1694625070395 0.0 356
1694625070596 0.0 357
1694625070829 0.0 358
1694625071024 0.0 359
1694625071234 0.0 360
1694625071472 0.0 361
1694625071660 0.0 362
1694625071853 0.0 363
1694625072047 0.0 364
1694625072267 0.0 365
1694625072469 0.0 366
1694625072664 0.0 367
1694625072879 0.0 368
1694625073075 0.0 369
1694625073267 0.0 370
1694625073467 0.0 371
1694625073687 0.0 372
1694625073879 0.0 373
1694625074075 0.0 374
1694625074260 0.0 375
1694625074475 0.0 376
1694625074671 0.0 377
1694625074867 0.0 378
1694625075079 0.0 379
1694625075270 0.0 380
1694625075475 0.0 381
1694625075721 0.0 382
1694625075922 0.0 383
1694625076096 0.0 384
1694625076281 0.0 385
1694625076480 0.0 386
1694625076667 0.0 387
1694625076858 0.0 388
1694625077057 0.0 389
1694625077261 0.0 390
1694625077473 0.0 391
1694625077681 0.0 392
1694625077880 0.0 393
1694625078065 0.0 394
1694625078264 0.0 395
1694625078467 0.0 396
1694625078652 0.0 397
1694625078845 0.0 398
1694625079053 0.0 399
1694625079251 0.0 400
1694625079461 0.0 401
1694625079663 0.0 402
1694625079841 0.0 403
1694625080047 0.0 404
1694625080228 0.0 405
1694625080435 0.0 406
1694625080641 0.0 407
1694625080839 0.0 408
1694625081038 0.0 409
1694625081229 0.0 410
1694625081441 0.0 411
1694625081620 0.0 412
1694625081815 0.0 413
1694625082001 0.0 414
1694625082175 0.0 415
1694625082390 0.0 416
1694625082580 0.0 417
1694625082773 0.0 418
1694625083015 0.0 419
1694625083199 0.0 420
1694625083440 0.0 421
1694625083640 0.0 422
1694625083862 0.0 423
1694625084059 0.0 424
1694625084266 0.0 425
1694625084451 0.0 426
1694625084637 0.0 427
1694625084829 0.0 428
1694625085030 0.0 429
1694625085202 0.0 430
1694625085408 0.0 431
1694625085610 0.0 432
1694625085804 0.0 433
1694625085998 0.0 434
1694625086195 0.0 435
1694625086389 0.0 436
1694625086573 0.0 437
1694625086783 0.0 438
1694625086971 0.0 439
1694625087147 0.0 440
1694625087348 0.0 441
1694625087535 0.0 442
1694625087720 0.0 443
1694625087932 0.0 444
1694625088116 0.0 445
1694625088298 0.0 446
1694625088496 0.0 447
1694625088684 0.0 448
1694625088876 0.0 449
1694625089064 0.0 450
1694625089308 0.0 451
1694625089570 0.0 452
1694625089795 0.0 453
1694625089981 0.0 454
1694625090172 0.0 455
1694625090381 0.0 456
1694625090565 0.0 457
1694625090765 0.0 458
1694625090952 0.0 459
1694625091158 0.0 460
1694625091356 0.0 461
1694625091551 0.0 462
1694625091739 0.0 463
1694625091959 0.0 464
1694625092152 0.0 465
1694625092357 0.0 466
1694625092529 0.0 467
1694625092730 0.0 468
1694625092915 0.0 469
1694625093118 0.0 470
1694625093315 0.0 471
1694625093539 0.0 472
1694625093725 0.0 473
1694625093937 0.0 474
1694625094129 0.0 475
1694625094349 0.0 476
1694625094541 0.0 477
1694625094744 0.0 478
1694625094993 0.0 479
1694625095193 0.0 480
1694625095392 0.0 481
1694625095578 0.0 482
1694625095773 0.0 483
1694625095962 0.0 484
1694625096147 0.0 485
1694625096346 0.0 486
1694625096535 0.0 487
1694625096719 0.0 488
1694625096918 0.0 489
1694625097115 0.0 490
1694625097318 0.0 491
1694625097529 0.0 492
1694625097715 0.0 493
1694625097897 0.0 494
1694625098112 0.0 495
1694625098306 0.0 496
1694625098498 0.0 497
1694625098678 0.0 498
1694625098868 0.0 499
1694625099049 0.0 500
1694625099244 0.0 501
1694625099451 0.0 502
1694625099643 0.0 503
1694625099905 0.0 504
1694625100120 0.0 505
1694625100307 0.0 506
1694625100491 0.0 507
1694625100686 0.0 508
1694625100880 0.0 509
1694625101063 0.0 510
1694625101252 0.0 511
1694625101450 0.0 512
1694625101631 0.0 513
1694625101824 0.0 514
1694625102014 0.0 515
1694625102216 0.0 516
1694625102406 0.0 517
1694625102607 0.0 518
1694625102799 0.0 519
1694625102987 0.0 520
1694625103169 0.0 521
1694625103357 0.0 522
1694625103572 0.0 523
1694625103761 0.0 524
1694625103974 0.0 525
1694625104161 0.0 526
1694625104370 0.0 527
1694625104551 0.0 528
1694625104738 0.0 529
1694625104936 0.0 530
1694625105129 0.0 531
1694625105314 0.0 532
1694625105510 0.0 533
1694625105708 0.0 534
1694625105894 0.0 535
1694625106091 0.0 536
1694625106293 0.0 537
1694625106491 0.0 538
1694625106674 0.0 539
1694625106865 0.0 540
1694625107061 0.0 541
1694625107247 0.0 542
1694625107482 0.0 543
1694625107693 0.0 544
1694625107882 0.0 545
1694625108083 0.0 546
1694625108303 0.0 547
1694625108492 0.0 548
1694625108692 0.0 549
1694625108872 0.0 550
1694625109064 0.0 551
1694625109240 0.0 552
1694625109450 0.0 553
1694625109632 0.0 554
1694625109825 0.0 555
1694625110015 0.0 556
1694625110225 0.0 557
1694625110423 0.0 558
1694625110609 0.0 559
1694625110789 0.0 560
1694625110985 0.0 561
1694625111164 0.0 562
1694625111361 0.0 563
1694625111562 0.0 564
1694625111753 0.0 565
1694625111948 0.0 566
1694625112135 0.0 567
1694625112335 0.0 568
1694625112533 0.0 569
1694625112720 0.0 570
1694625112919 0.0 571
1694625113108 0.0 572
1694625113312 0.0 573
1694625113498 0.0 574
1694625113696 0.0 575
1694625113866 0.0 576
1694625114055 0.0 577
1694625114250 0.0 578
1694625114452 0.0 579
1694625114638 0.0 580
1694625114826 0.0 581
1694625115013 0.0 582
1694625115203 0.0 583
1694625115413 0.0 584
1694625115598 0.0 585
1694625115797 0.0 586
1694625115989 0.0 587
1694625116189 0.0 588
1694625116416 0.0 589
1694625116605 0.0 590
1694625116797 0.0 591
1694625116999 0.0 592
1694625117201 0.0 593
1694625117395 0.0 594
1694625117575 0.0 595
1694625117788 0.0 596
1694625117980 0.0 597
1694625118168 0.0 598
1694625118371 0.0 599
1694625118569 0.0 600
1694625118753 0.0 601
1694625118929 0.0 602
1694625119120 0.0 603
1694625119315 0.0 604
1694625119502 0.0 605
1694625119695 0.0 606
1694625119895 0.0 607
1694625120097 0.0 608
1694625120283 0.0 609
1694625120473 0.0 610
1694625120676 0.0 611
1694625120876 0.0 612
1694625121078 0.0 613
1694625121294 0.0 614
1694625121491 0.0 615
1694625121674 0.0 616
1694625121862 0.0 617
1694625122061 0.0 618
1694625122239 0.0 619
1694625122436 0.0 620
1694625122634 0.0 621
1694625122824 0.0 622
1694625123025 0.0 623
1694625123301 0.0 624
1694625123512 0.0 625
1694625123701 0.0 626
1694625123881 0.0 627
1694625124068 0.0 628
1694625124285 0.0 629
1694625124498 0.0 630
1694625124680 0.0 631
1694625124869 0.0 632
1694625125055 0.0 633
1694625125252 0.0 634
1694625125452 0.0 635
1694625125632 0.0 636
1694625125833 0.0 637
1694625126024 0.0 638
1694625126234 0.0 639
1694625126438 0.0 640
1694625126627 0.0 641
1694625126813 0.0 642
1694625126992 0.0 643
1694625127194 0.0 644
1694625127402 0.0 645
1694625127594 0.0 646
1694625127789 0.0 647
1694625127985 0.0 648
1694625128174 0.0 649
1694625128363 0.0 650
1694625128557 0.0 651
1694625128745 0.0 652
1694625128939 0.0 653
1694625129134 0.0 654
1694625129322 0.0 655
1694625129524 0.0 656
1694625129713 0.0 657
1694625129906 0.0 658
1694625130109 0.0 659
1694625130308 0.0 660
1694625130498 0.0 661
1694625130682 0.0 662
1694625130875 0.0 663
1694625131062 0.0 664
1694625131265 0.0 665
1694625131464 0.0 666
1694625131668 0.0 667
1694625131872 0.0 668
1694625132065 0.0 669
1694625132247 0.0 670
1694625132444 0.0 671
1694625132650 0.0 672
1694625132903 0.0 673
1694625133090 0.0 674
1694625133343 0.0 675
1694625133584 0.0 676
1694625133768 0.0 677
1694625133968 0.0 678
1694625134211 0.0 679
1694625134426 0.0 680
1694625134624 0.0 681
1694625134847 0.0 682
1694625135076 0.0 683
1694625135280 0.0 684
1694625135512 0.0 685
1694625135713 0.0 686
1694625135893 0.0 687
1694625136140 0.0 688
1694625136348 0.0 689
1694625136526 0.0 690
1694625136737 0.0 691
1694625136947 0.0 692
1694625137143 0.0 693
1694625137337 0.0 694
1694625137536 0.0 695
1694625137719 0.0 696
1694625137918 0.0 697
1694625138103 0.0 698
1694625138305 0.0 699
1694625138505 0.0 700
1694625138695 0.0 701
1694625138898 0.0 702
1694625139087 0.0 703
1694625139293 0.0 704
1694625139491 0.0 705
1694625139682 0.0 706
1694625139869 0.0 707
1694625140134 0.0 708
1694625140336 0.0 709
1694625140536 0.0 710
1694625140769 0.0 711
1694625140970 0.0 712
1694625141151 0.0 713
1694625141352 0.0 714
1694625141552 0.0 715
1694625141741 0.0 716
1694625141939 0.0 717
1694625142125 0.0 718
1694625142292 0.0 719
1694625142490 0.0 720
1694625142679 0.0 721
1694625142869 0.0 722
1694625143067 0.0 723
1694625143254 0.0 724
1694625143455 0.0 725
1694625143639 0.0 726
1694625143817 0.0 727
1694625144005 0.0 728
1694625144200 0.0 729
1694625144417 0.0 730
1694625144599 0.0 731
1694625144783 0.0 732
1694625144973 0.0 733
1694625145153 0.0 734
1694625145356 0.0 735
1694625145553 0.0 736
1694625145752 0.0 737
1694625145930 0.0 738
1694625146121 0.0 739
1694625146333 0.0 740
1694625146512 0.0 741
1694625146713 0.0 742
1694625146911 0.0 743
1694625147100 0.0 744
1694625147316 0.0 745
1694625147508 0.0 746
1694625147690 0.0 747
1694625147898 0.0 748
1694625148079 0.0 749
1694625148293 0.0 750
1694625148495 0.0 751
1694625148703 0.0 752
1694625148917 0.0 753
1694625149125 0.0 754
1694625149319 0.0 755
1694625149503 0.0 756
1694625149701 0.0 757
1694625149916 0.0 758
1694625150142 0.0 759
1694625150341 0.0 760
1694625150539 0.0 761
1694625150731 0.0 762
1694625150932 0.0 763
1694625151124 0.0 764
1694625151331 0.0 765
1694625151530 0.0 766
1694625151720 0.0 767
1694625151908 0.0 768
1694625152114 0.0 769
1694625152306 0.0 770
1694625152504 0.0 771
1694625152709 0.0 772
1694625152901 0.0 773
1694625153091 0.0 774
1694625153288 0.0 775
1694625153487 0.0 776
1694625153685 0.0 777
1694625153895 0.0 778
1694625154105 0.0 779
1694625154304 0.0 780
1694625154512 0.0 781
1694625154717 0.0 782
1694625154908 0.0 783
1694625155095 0.0 784
1694625155293 0.0 785
1694625155482 0.0 786
1694625155673 0.0 787
1694625155885 0.0 788
1694625156079 0.0 789
1694625156328 0.0 790
1694625156521 0.0 791
1694625156727 0.0 792
1694625156931 0.0 793
1694625157124 0.0 794
1694625157325 0.0 795
1694625157506 0.0 796
1694625157697 0.0 797
1694625157878 0.0 798
1694625158065 0.0 799
1694625158262 0.0 800
1694625158440 0.0 801
1694625158637 0.0 802
1694625158832 0.0 803
1694625159031 0.0 804
1694625159240 0.0 805
1694625159465 0.0 806
1694625159737 0.0 807
1694625159971 0.0 808
1694625160164 0.0 809
1694625160407 0.0 810
1694625160639 0.0 811
1694625160874 0.0 812
1694625161098 0.0 813
1694625161337 0.0 814
1694625161608 0.0 815
1694625161837 0.0 816
1694625162042 0.0 817
1694625162249 0.0 818
1694625162477 0.0 819
1694625162705 0.0 820
1694625162923 0.0 821
1694625163187 0.0 822
1694625163443 0.0 823
1694625163644 0.0 824
1694625163851 0.0 825
1694625164051 0.0 826
1694625164309 0.0 827
1694625164551 0.0 828
1694625164780 0.0 829
1694625165025 0.0 830
1694625165329 0.0 831
1694625165569 0.0 832
1694625165777 0.0 833
1694625166054 0.0 834
1694625166280 0.0 835
1694625166504 0.0 836
1694625166757 0.0 837
1694625167006 0.0 838
1694625167225 0.0 839
1694625167453 0.0 840
1694625167739 0.0 841
1694625167999 0.0 842
1694625168218 0.0 843
1694625168477 0.0 844
1694625168755 0.0 845
1694625169031 0.0 846
1694625169282 0.0 847
1694625169543 0.0 848
1694625169793 0.0 849
1694625170036 0.0 850
1694625170267 0.0 851
1694625170491 0.0 852
1694625170775 0.0 853
1694625170978 0.0 854
1694625171175 0.0 855
1694625171406 0.0 856
1694625171619 0.0 857
1694625171838 0.0 858
1694625172053 0.0 859
1694625172290 0.0 860
1694625172535 0.0 861
1694625172733 0.0 862
1694625172958 0.0 863
1694625173205 0.0 864
1694625173471 0.0 865
1694625173698 0.0 866
1694625173929 0.0 867
1694625174161 0.0 868
1694625174411 0.0 869
1694625174660 0.0 870
1694625174908 0.0 871
1694625175145 0.0 872
1694625175399 0.0 873
1694625175691 0.0 874
1694625175976 0.0 875
1694625176265 0.0 876
1694625176596 0.0 877
1694625176868 0.0 878
1694625177097 0.0 879
1694625177339 0.0 880
1694625177574 0.0 881
1694625177802 0.0 882
1694625178031 0.0 883
1694625178264 0.0 884
1694625178500 0.0 885
1694625178728 0.0 886
1694625178982 0.0 887
1694625179212 0.0 888
1694625179455 0.0 889
1694625179701 0.0 890
1694625179944 0.0 891
1694625180198 0.0 892
1694625180432 0.0 893
1694625180651 0.0 894
1694625180883 0.0 895
1694625181134 0.0 896
1694625181430 0.0 897
1694625181687 0.0 898
1694625181891 0.0 899
1694625182111 0.0 900
1694625182333 0.0 901
1694625182544 0.0 902
1694625182783 0.0 903
1694625183021 0.0 904
1694625183239 0.0 905
1694625183473 0.0 906
1694625183705 0.0 907
1694625183943 0.0 908
1694625184173 0.0 909
1694625184438 0.0 910
1694625184715 0.0 911
1694625184966 0.0 912
1694625185214 0.0 913
1694625185450 0.0 914
1694625185670 0.0 915
1694625185894 0.0 916
1694625186131 0.0 917
1694625186358 0.0 918
1694625186599 0.0 919
1694625186811 0.0 920
1694625187070 0.0 921
1694625187306 0.0 922
1694625187518 0.0 923
1694625187752 0.0 924
1694625187971 0.0 925
1694625188195 0.0 926
1694625188433 0.0 927
1694625188667 0.0 928
1694625188914 0.0 929
1694625189200 0.0 930
1694625189476 0.0 931
1694625189755 0.0 932
1694625190013 0.0 933
1694625190287 0.0 934
1694625190533 0.0 935
1694625190807 0.0 936
1694625191062 0.0 937
1694625191332 0.0 938
1694625191554 0.0 939
1694625191828 0.0 940
1694625192114 0.0 941
1694625192331 0.0 942
1694625192587 0.0 943
1694625192833 0.0 944
1694625193148 0.0 945
1694625193394 0.0 946
1694625193647 0.0 947
1694625193867 0.0 948
1694625194123 0.0 949
1694625194381 0.0 950
1694625194626 0.0 951
1694625194878 0.0 952
1694625195108 0.0 953
1694625195323 0.0 954
1694625195567 0.0 955
1694625195773 0.0 956
1694625196011 0.0 957
1694625196259 0.0 958
1694625196493 0.0 959
1694625196745 0.0 960
1694625196971 0.0 961
1694625197198 0.0 962
1694625197441 0.0 963
1694625197751 0.0 964
1694625197974 0.0 965
1694625198180 0.0 966
1694625198434 0.0 967
1694625198668 0.0 968
1694625198891 0.0 969
1694625199144 0.0 970
1694625199361 0.0 971
1694625199584 0.0 972
1694625199814 0.0 973
1694625200038 0.0 974
1694625200303 0.0 975
1694625200575 0.0 976
1694625200833 0.0 977
1694625201104 0.0 978
1694625201360 0.0 979
1694625201581 0.0 980
1694625201876 0.0 981
1694625202101 0.0 982
1694625202328 0.0 983
1694625202605 0.0 984
1694625202824 0.0 985
1694625203054 0.0 986
1694625203298 0.0 987
1694625203576 0.0 988
1694625203818 0.0 989
1694625204050 0.0 990
1694625204252 0.0 991
1694625204489 0.0 992
1694625204756 0.0 993
1694625204967 0.0 994
1694625205202 0.0 995
1694625205438 0.0 996
1694625205696 0.0 997
1694625205940 0.0 998
1694625206169 0.0 999
