1694627282565 155.91642289647672 0
1694627282621 151.28659072196572 1
1694627282679 149.17219260173923 2
1694627282758 147.9386268782054 3
1694627282843 143.8138843303713 4
1694627282936 138.7113508241921 5
1694627283019 137.6705072932486 6
1694627283083 134.0317682395773 7
1694627283145 129.3469158730319 8
1694627283210 128.59712486370833 9
1694627283291 125.49882369062107 10
1694627283366 123.159604226931 11
1694627283452 121.26151221105877 12
1694627283547 116.20234716219164 13
1694627283640 114.71448754658947 14
1694627283733 111.91260877342638 15
1694627283831 110.53361751225306 16
1694627283965 108.85380329670025 17
1694627284086 106.45039393660937 18
1694627284181 103.80156727556817 19
1694627284244 100.92586544450766 20
1694627284314 99.60446624964038 21
1694627284362 96.33826187309921 22
1694627284412 93.44453193130177 23
1694627284474 93.31573866362608 24
1694627284531 90.50478924197209 25
1694627284594 89.14863325517206 26
1694627284655 86.80081796488047 27
1694627284720 84.71772731009659 28
1694627284773 83.43416643358209 29
1694627284828 81.67854378610893 30
1694627284881 79.30768166045783 31
1694627284927 77.4867019821308 32
1694627284994 76.38522005479162 33
1694627285045 75.7108835377714 34
1694627285118 71.96806773806637 35
1694627285196 71.15877128287835 36
1694627285255 70.23152179130327 37
1694627285316 68.13316723986017 38
1694627285366 66.41197127493648 39
1694627285433 65.30508843254027 40
1694627285509 63.83604278881433 41
1694627285576 62.48384746328977 42
1694627285630 61.70237760537522 43
1694627285680 59.83180354859206 44
1694627285742 59.03677901515312 45
1694627285794 57.15422069904535 46
1694627285845 56.46680538055866 47
1694627285906 54.22971278284751 48
1694627285983 53.86675546418134 49
1694627286057 51.890579575412 50
1694627286106 51.62650960523702 51
1694627286170 50.30085901940636 52
1694627286243 49.36906471247548 53
1694627286316 48.11959542734059 54
1694627286368 47.2619788946613 55
1694627286426 46.149940776019704 56
1694627286488 44.81120998058149 57
1694627286558 44.317835103739206 58
1694627286631 44.03179014540419 59
1694627286687 42.60283645369582 60
1694627286742 41.67781297094958 61
1694627286806 41.35954089114534 62
1694627286861 39.538667376811645 63
1694627286921 39.40916649232332 64
1694627286982 38.27176996984664 65
1694627287051 36.79028859840411 66
1694627287114 36.676195856158934 67
1694627287168 35.64161039713068 68
1694627287228 34.91943397680486 69
1694627287274 34.11774229749307 70
1694627287339 33.33171641808794 71
1694627287413 32.84483283480618 72
1694627287482 32.569509063459904 73
1694627287555 31.365926505913503 74
1694627287606 30.07047900846793 75
1694627287660 29.827933235771674 76
1694627287712 29.01397543834635 77
1694627287772 28.979623314584487 78
1694627287832 28.12938992913426 79
1694627287884 27.720951540271077 80
1694627287944 26.935641602869584 81
1694627288000 26.404811016991477 82
1694627288065 25.827924244139535 83
1694627288127 24.88783587477976 84
1694627288179 24.813631674433058 85
1694627288243 24.27863792240641 86
1694627288304 23.687436889261576 87
1694627288375 23.328972421357644 88
1694627288436 22.599475970459157 89
1694627288490 22.28535392469543 90
1694627288547 21.643762018019476 91
1694627288604 21.30175370593256 92
1694627288674 21.259232797544584 93
1694627288742 20.475519909903582 94
1694627288800 20.364510748409362 95
1694627288862 19.428029181123993 96
1694627288917 18.88254988862238 97
1694627288972 18.841048353503073 98
1694627289022 18.794105904023784 99
1694627289074 17.750862819628534 100
1694627289129 17.69731575660271 101
1694627289196 17.48124084146539 102
1694627289269 16.8197971850666 103
1694627289329 16.552739732901216 104
1694627289383 16.025368485517806 105
1694627289433 15.815343293634148 106
1694627289496 15.240766721330948 107
1694627289562 15.01902801685664 108
1694627289621 14.632907122846511 109
1694627289681 14.40509990062738 110
1694627289745 14.006921492496813 111
1694627289798 13.881900673682965 112
1694627289856 13.847543442460827 113
1694627289909 13.618016303066328 114
1694627289981 13.15790678993709 115
1694627290051 12.84120706442992 116
1694627290111 12.406670579454994 117
1694627290164 12.249744551710993 118
1694627290231 11.833634359737795 119
1694627290301 11.613062353091967 120
1694627290369 11.421209480411024 121
1694627290430 11.148294770830983 122
1694627290499 11.05777834444068 123
1694627290566 10.65151604560865 124
1694627290618 10.86811415918512 125
1694627290686 10.299022168758222 126
1694627290760 9.912765761179589 127
1694627290819 10.011238912770104 128
1694627290879 9.51760000973093 129
1694627290934 9.591524094634847 130
1694627290989 9.366354121431725 131
1694627291048 9.078580185981156 132
1694627291112 8.690320177063384 133
1694627291185 8.737775174629972 134
1694627291262 8.466152007669765 135
1694627291314 8.466509083340469 136
1694627291372 8.140667101189848 137
1694627291423 8.130941729535362 138
1694627291493 7.91377231745159 139
1694627291560 7.473398170025706 140
1694627291617 7.497094190827703 141
1694627291675 7.391065456406915 142
1694627291735 7.3285361409248475 143
1694627291791 7.19651800865033 144
1694627291844 7.153252335064592 145
1694627291902 6.805050445525961 146
1694627291973 6.6641118983254275 147
1694627292042 6.669728860297874 148
1694627292096 6.437997135485343 149
1694627292151 6.19931684097651 150
1694627292216 5.977647307325702 151
1694627292295 5.9373684058346345 152
1694627292367 5.908617118419394 153
1694627292418 5.535907585496191 154
1694627292476 5.623190721825686 155
1694627292533 5.423744122213953 156
1694627292597 5.386849268849983 157
1694627292659 5.313198888837885 158
1694627292716 5.267781810380819 159
1694627292785 5.100103507466365 160
1694627292840 4.937481363362806 161
1694627292895 4.906046427541963 162
1694627292945 4.6743910759669705 163
1694627292998 4.6353148947408584 164
1694627293068 4.6403813061401245 165
1694627293135 4.638638046066365 166
1694627293195 4.45227275570489 167
1694627293253 4.225445018355879 168
1694627293309 4.289643649458783 169
1694627293378 4.113099045151433 170
1694627293455 4.114721575993946 171
1694627293530 3.8788508557568413 172
1694627293590 3.807339337673046 173
1694627293643 3.9615581814119865 174
1694627293697 3.828889808128786 175
1694627293759 3.660193620662965 176
1694627293820 3.6481357690655747 177
1694627293884 3.515715534084578 178
1694627293933 3.4283774480784004 179
1694627293990 3.310441556882687 180
1694627294065 3.2032239515624044 181
1694627294134 3.2517870977071675 182
1694627294207 3.147851793046105 183
1694627294268 3.052596705805838 184
1694627294328 3.067547652425464 185
1694627294406 3.07088686683465 186
1694627294476 3.056253484021404 187
1694627294535 2.762704169887849 188
1694627294593 2.8729900642937403 189
1694627294648 2.808466724569512 190
1694627294709 2.676902207194703 191
1694627294780 2.6082496152524057 192
1694627294837 2.594062686299092 193
1694627294899 2.663187657456893 194
1694627294956 2.4857997602366493 195
1694627295015 2.502767311287762 196
1694627295077 2.500441062691499 197
1694627295140 2.355750638360073 198
1694627295200 2.2753788276942215 199
1694627295268 2.323536619953333 200
1694627295327 2.170710274063808 201
1694627295385 2.1824605319729895 202
1694627295446 2.2198136889925517 203
1694627295521 2.129126141082363 204
1694627295593 1.9822185524858493 205
1694627295651 2.0339613872274995 206
1694627295707 1.9995819971144768 207
1694627295758 1.941954385305105 208
1694627295815 1.9190148330005985 209
1694627295876 1.8098539538609892 210
1694627295937 1.8558479624023536 211
1694627296007 1.742706739799106 212
1694627296089 1.7415991520550478 213
1694627296161 1.8469547308336114 214
1694627296228 1.7120736264293273 215
1694627296305 1.6228799088233854 216
1694627296394 1.6569284153518893 217
1694627296461 1.6190542057735309 218
1694627296528 1.5193630377005083 219
1694627296607 1.494120052818622 220
1694627296686 1.5549164297108502 221
1694627296758 1.5350928278348142 222
1694627296830 1.4604779558471306 223
1694627296899 1.4308712732441804 224
1694627296969 1.4404529295552477 225
1694627297044 1.446548127790953 226
1694627297127 1.448761720632078 227
1694627297212 1.3048965278691966 228
1694627297285 1.4217982057774792 229
1694627297353 1.2984765393175406 230
1694627297414 1.2551511079852342 231
1694627297469 1.2875606485453646 232
1694627297537 1.2384359943716519 233
1694627297599 1.200629136430299 234
1694627297663 1.19699303084036 235
1694627297722 1.1693763563419912 236
1694627297782 1.1149499712650321 237
1694627297837 1.0897391341286544 238
1694627297892 1.111235650781653 239
1694627297944 1.029890259450725 240
1694627298002 1.0489249694387899 241
1694627298075 1.1031306504743543 242
1694627298139 0.9433019464285722 243
1694627298212 0.9286906471928935 244
1694627298277 0.9967220623509035 245
1694627298340 0.9219828231907238 246
1694627298400 0.9298062068986208 247
1694627298476 0.878666262203205 248
1694627298560 0.9816103227496719 249
1694627298636 0.9023556088887452 250
1694627298693 0.8770503501271818 251
1694627298755 0.8883070233510746 252
1694627298814 0.8133755276136347 253
1694627298874 0.8253731088227114 254
1694627298945 0.8044439179040744 255
1694627299016 0.74992249469424 256
1694627299082 0.777213212154935 257
1694627299151 0.8248742491019349 258
1694627299219 0.7777260002568775 259
1694627299283 0.794535227933842 260
1694627299359 0.7411518003123704 261
1694627299429 0.7798136868940285 262
1694627299489 0.7362537153763726 263
1694627299555 0.7067812228570873 264
1694627299623 0.7028216697663184 265
1694627299685 0.6877937338186594 266
1694627299755 0.6768786310713636 267
1694627299811 0.6874835310499906 268
1694627299874 0.7092572971180581 269
1694627299946 0.653535948993331 270
1694627300014 0.6771117444408312 271
1694627300074 0.621671245389418 272
1694627300129 0.5802972702972584 273
1694627300183 0.6985084109341142 274
1694627300238 0.5705573380234552 275
1694627300289 0.5933953488128761 276
1694627300341 0.5753810154497143 277
1694627300400 0.5252575002940344 278
1694627300469 0.6154646967114829 279
1694627300534 0.5717178774962696 280
1694627300587 0.5474710720633611 281
1694627300638 0.5033502417607184 282
1694627300690 0.52834353095694 283
1694627300757 0.49167692210902025 284
1694627300819 0.5473184633189979 285
1694627300876 0.49310783798362345 286
1694627300926 0.5159967573307249 287
1694627300979 0.513689974725301 288
1694627301034 0.4746804132858854 289
1694627301090 0.47988407108008674 290
1694627301159 0.48789853725642024 291
1694627301224 0.45269809622428764 292
1694627301293 0.47079493048577586 293
1694627301360 0.4706939956640007 294
1694627301411 0.4658374294749074 295
1694627301465 0.4353308283167652 296
1694627301527 0.46351032641293843 297
1694627301589 0.45648514826061876 298
1694627301658 0.455634186248454 299
1694627301708 0.4676607396740217 300
1694627301773 0.4400324393286234 301
1694627301822 0.39134886975213473 302
1694627301877 0.40608977910914096 303
1694627301938 0.41099147480567694 304
1694627301997 0.36985946394479347 305
1694627302062 0.39613662667757243 306
1694627302112 0.3518732308418222 307
1694627302175 0.4265174233131566 308
1694627302246 0.3596232035345263 309
1694627302325 0.38407449044295844 310
1694627302380 0.36832110572040955 311
1694627302434 0.3797665574455913 312
1694627302494 0.3781296600938169 313
1694627302563 0.37095639398621494 314
1694627302637 0.343366376958633 315
1694627302688 0.3344579703660571 316
1694627302746 0.3672064883893933 317
1694627302798 0.32792980611293937 318
1694627302854 0.3749673330763789 319
1694627302907 0.3931350062221352 320
1694627302970 0.31258462323314207 321
1694627303041 0.3362494921060921 322
1694627303111 0.30929505812721136 323
1694627303174 0.3423067275755467 324
1694627303238 0.3051225629235399 325
1694627303312 0.3150326793645125 326
1694627303381 0.30210521720139144 327
1694627303441 0.30211055554605093 328
1694627303497 0.32256084189485795 329
1694627303561 0.29029568464190464 330
1694627303634 0.2598970404348645 331
1694627303710 0.31323537288574643 332
1694627303772 0.27700830739614557 333
1694627303826 0.26374183177469257 334
1694627303881 0.2561846395335012 335
1694627303931 0.2933717475938929 336
1694627303986 0.2705253079163558 337
1694627304035 0.25581591394813 338
1694627304091 0.2277229011039711 339
1694627304147 0.2615196775843763 340
1694627304217 0.25360826752472904 341
1694627304294 0.2519516399099015 342
1694627304361 0.2524671882589254 343
1694627304421 0.257747111634734 344
1694627304479 0.22417340643303385 345
1694627304550 0.28783317099350314 346
1694627304611 0.25312656740261535 347
1694627304665 0.21089698082155287 348
1694627304716 0.2505197608534651 349
1694627304775 0.24019721783444892 350
1694627304840 0.22659701961310513 351
1694627304899 0.2415268636779553 352
1694627304963 0.24570643724600846 353
1694627305030 0.24001142599530106 354
1694627305091 0.26763970922958186 355
1694627305156 0.24383315024794885 356
1694627305217 0.20636649194603737 357
1694627305283 0.20982867894084295 358
1694627305342 0.19579723487752637 359
1694627305396 0.2175624590705904 360
1694627305468 0.1924632954888616 361
1694627305539 0.19758240161254956 362
1694627305609 0.23660144002569639 363
1694627305670 0.26243711200285924 364
1694627305725 0.2312677435654748 365
1694627305786 0.21423084275757975 366
1694627305851 0.19714550576499518 367
1694627305915 0.20162960316973716 368
1694627305982 0.2539997037982271 369
1694627306040 0.21161310455824567 370
1694627306096 0.2037329376021051 371
1694627306160 0.24607374423070652 372
1694627306217 0.1985124325029627 373
1694627306277 0.24658806990453236 374
1694627306345 0.1831947650351751 375
1694627306411 0.20563214949570213 376
1694627306483 0.20469483107097164 377
1694627306546 0.1888805066318798 378
1694627306600 0.1768588012996516 379
1694627306663 0.24031616068711484 380
1694627306730 0.2004149275226206 381
1694627306791 0.2099637936021056 382
1694627306857 0.21765737571446622 383
1694627306912 0.18257976862924244 384
1694627306966 0.20676524475453686 385
1694627307017 0.19695822161220886 386
1694627307068 0.17551067958509894 387
1694627307119 0.20186250055045862 388
1694627307186 0.17413610096011306 389
1694627307254 0.20855941087783134 390
1694627307322 0.19163599427223568 391
1694627307378 0.1809038484833673 392
1694627307431 0.2071465258590234 393
1694627307512 0.21371087908128117 394
1694627307588 0.18389699186683095 395
1694627307657 0.18587786030446954 396
1694627307717 0.1897929659506435 397
1694627307767 0.20496197221570195 398
1694627307822 0.19004924771502207 399
1694627307874 0.19127536359195485 400
1694627307932 0.18154375319878172 401
1694627307991 0.18115591782599683 402
1694627308042 0.16615657862680278 403
1694627308094 0.1987721737649674 404
1694627308154 0.15332096965848438 405
1694627308211 0.21458451015372845 406
1694627308266 0.16975354038181306 407
1694627308319 0.16497241121183864 408
1694627308367 0.14735476431110062 409
1694627308423 0.14980619534190442 410
1694627308493 0.15978683817418587 411
1694627308567 0.1532997993048275 412
1694627308628 0.13801751218489286 413
1694627308694 0.16424566752845493 414
1694627308753 0.1657744381388616 415
1694627308821 0.16082522641119348 416
1694627308887 0.20829033280359818 417
1694627308948 0.17880009137513364 418
1694627309005 0.1472803407986693 419
1694627309066 0.14608103177941112 420
1694627309121 0.16996028599209076 421
1694627309174 0.15987574202068947 422
1694627309243 0.14949061711982092 423
1694627309319 0.1496724057520384 424
1694627309397 0.15803821601119392 425
1694627309464 0.16131282489581333 426
1694627309519 0.13632576133102062 427
1694627309576 0.15798578883756426 428
1694627309642 0.14998777212094244 429
1694627309709 0.13355371279271763 430
1694627309771 0.1540469135306126 431
1694627309822 0.15362842604454535 432
1694627309874 0.15182547476928243 433
1694627309923 0.15240396462042383 434
1694627309987 0.1452461465480825 435
1694627310056 0.1417640764513358 436
1694627310132 0.15011336494196653 437
1694627310197 0.143425940579226 438
1694627310265 0.15871217843421542 439
1694627310323 0.1489498059898592 440
1694627310382 0.1758238578117207 441
1694627310452 0.15667786024178848 442
1694627310522 0.14783873322429042 443
1694627310579 0.13459496290702402 444
1694627310630 0.1189187035100536 445
1694627310688 0.11226214176514446 446
1694627310745 0.14060011306917725 447
1694627310795 0.13462355580753907 448
1694627310858 0.1511158599937823 449
1694627310916 0.16852864678660626 450
1694627310977 0.14753610841062892 451
1694627311042 0.15381445440498934 452
1694627311101 0.14564568720348073 453
1694627311167 0.13299510518464508 454
1694627311239 0.1510613503935033 455
1694627311314 0.14974392312722487 456
1694627311372 0.14523293036606988 457
1694627311441 0.1595396633134323 458
1694627311509 0.1829547356436745 459
1694627311574 0.1457479877852387 460
1694627311627 0.15338213219457092 461
1694627311681 0.15575414558922868 462
1694627311730 0.14900116623578064 463
1694627311779 0.14417068395942992 464
1694627311843 0.14888071342351034 465
1694627311917 0.1329769168610785 466
1694627311979 0.12783506461117314 467
1694627312031 0.1459954479707308 468
1694627312084 0.15150767986910485 469
1694627312139 0.14294827072819546 470
1694627312193 0.13934498251294045 471
1694627312249 0.13684551709351994 472
1694627312313 0.16763668056734599 473
1694627312392 0.14964651830772754 474
1694627312463 0.13261178058730988 475
1694627312518 0.15175016591928864 476
1694627312574 0.12490881439174686 477
1694627312624 0.1532139817769452 478
1694627312682 0.12892202819519694 479
1694627312747 0.12909454446960392 480
1694627312805 0.13218042549866318 481
1694627312864 0.13899926404197835 482
1694627312916 0.14449428977829948 483
1694627312981 0.12015122492163223 484
1694627313047 0.1214520412116348 485
1694627313105 0.13078930598725053 486
1694627313161 0.1258456244229807 487
1694627313226 0.12944523513718825 488
1694627313291 0.14291170625013228 489
1694627313351 0.1737746179225197 490
1694627313400 0.1313748941232544 491
1694627313461 0.1400214758352599 492
1694627313527 0.13326687219809571 493
1694627313585 0.15893734220955943 494
1694627313646 0.14466837338848915 495
1694627313709 0.13964636522333898 496
1694627313793 0.15537957758177753 497
1694627313860 0.13612090552380798 498
1694627313920 0.13585458758459135 499
1694627313986 0.1455364694219998 500
1694627314043 0.14428588591205718 501
1694627314111 0.13033921835601592 502
1694627314163 0.13632101547273598 503
1694627314208 0.13058031891039162 504
1694627314273 0.15101065196010174 505
1694627314350 0.1411041751945513 506
1694627314418 0.11345717702597179 507
1694627314487 0.11649898903245415 508
1694627314544 0.13021931922002838 509
1694627314602 0.11133428857354138 510
1694627314664 0.14105086741470813 511
1694627314743 0.1680950876721794 512
1694627314798 0.12611115295237046 513
1694627314851 0.1363597030734731 514
1694627314897 0.13454069636964963 515
1694627314960 0.1255317389728369 516
1694627315053 0.131163864194092 517
1694627315149 0.12477052493992517 518
1694627315218 0.12656090450350688 519
1694627315312 0.13989367428674343 520
1694627315380 0.12157515737020066 521
1694627315437 0.12024931693482999 522
1694627315493 0.1319764990781434 523
1694627315556 0.1260090583493934 524
1694627315621 0.11995466139975648 525
1694627315687 0.124417228063631 526
1694627315754 0.13827251661194886 527
1694627315815 0.14009501466320415 528
1694627315882 0.10693983567926597 529
1694627315935 0.10991246540698277 530
1694627315989 0.15485076781075538 531
1694627316045 0.14163278051392306 532
1694627316109 0.11868710032407935 533
1694627316173 0.11947485030644339 534
1694627316226 0.10898982687183568 535
1694627316290 0.11253609605631451 536
1694627316345 0.12497748519842136 537
1694627316399 0.10683990589130565 538
1694627316466 0.13252757237289012 539
1694627316527 0.11552918091509723 540
1694627316582 0.12987444391309427 541
1694627316634 0.15656191233158867 542
1694627316683 0.11796785199344187 543
1694627316742 0.14184208613834312 544
1694627316809 0.12031998080841849 545
1694627316868 0.14604939593395286 546
1694627316931 0.1434202261756519 547
1694627316994 0.137547300628289 548
1694627317054 0.11999217530369045 549
1694627317109 0.12172390246135142 550
1694627317173 0.1394866078580724 551
1694627317227 0.12925692590401527 552
1694627317284 0.14599081628748037 553
1694627317334 0.1216335466257445 554
1694627317390 0.1384786110822508 555
1694627317448 0.13174153748957207 556
1694627317508 0.11550740465977598 557
1694627317585 0.1501843343877272 558
1694627317640 0.1198603996439551 559
1694627317698 0.12001134824446492 560
1694627317764 0.13176664393600757 561
1694627317828 0.13023925485906962 562
1694627317892 0.11750021035599753 563
1694627317946 0.10190851116438614 564
1694627317998 0.1108717659990579 565
1694627318048 0.11588418252678989 566
1694627318104 0.12828076525789409 567
1694627318155 0.16415533435139976 568
1694627318207 0.13561249058846853 569
1694627318272 0.1758766855277512 570
1694627318341 0.14582265592172475 571
1694627318403 0.11270828296295506 572
1694627318460 0.12516105857750165 573
1694627318512 0.11756737095263438 574
1694627318574 0.12134196816021775 575
1694627318630 0.1369259451419631 576
1694627318697 0.12172345611140166 577
1694627318764 0.13590932758785532 578
1694627318810 0.13337128413233845 579
1694627318862 0.13504188287470578 580
1694627318912 0.11416360318303456 581
1694627318968 0.11457075294824973 582
1694627319020 0.11910369935914976 583
1694627319083 0.1342290598130915 584
1694627319159 0.11013717056979168 585
1694627319225 0.16219807817878532 586
1694627319290 0.14125483251305054 587
1694627319347 0.16568512476166466 588
1694627319399 0.12804752365017666 589
1694627319469 0.1375405461627053 590
1694627319544 0.13131368305670088 591
1694627319608 0.14202984246401998 592
1694627319662 0.14172941505433315 593
1694627319717 0.1227083613433711 594
1694627319776 0.12613088796899524 595
1694627319831 0.13263965579487386 596
1694627319885 0.13780082274221175 597
1694627319941 0.12062462690499241 598
1694627319994 0.1250739734355395 599
1694627320058 0.11417633412809794 600
1694627320111 0.1152672761633507 601
1694627320159 0.1391140240821883 602
1694627320211 0.14183748586836298 603
1694627320269 0.11938196364361123 604
1694627320327 0.1246839512306099 605
1694627320381 0.1324298738819875 606
1694627320436 0.10388100885616078 607
1694627320493 0.10935511541561371 608
1694627320552 0.10660645714836958 609
1694627320605 0.11673498664982682 610
1694627320673 0.11695186552429436 611
1694627320732 0.1440234010122556 612
1694627320787 0.13049655641140828 613
1694627320848 0.13153056852400324 614
1694627320898 0.1316113302264835 615
1694627320956 0.10768266130631687 616
1694627321009 0.09396105877328673 617
1694627321069 0.1190345755914185 618
1694627321123 0.10718998394805838 619
1694627321182 0.10732399393970876 620
1694627321232 0.130582256752414 621
1694627321294 0.14955602446745486 622
1694627321350 0.10234114672781058 623
1694627321405 0.1206413720169129 624
1694627321458 0.12981580887852265 625
1694627321515 0.10934793358714096 626
1694627321564 0.11116570990680635 627
1694627321622 0.10990528001881156 628
1694627321671 0.1372551604737321 629
1694627321723 0.12347212314905577 630
1694627321773 0.14699411207788832 631
1694627321821 0.10729813030782527 632
1694627321876 0.12093378651199742 633
1694627321940 0.11348573819689882 634
1694627321996 0.11474731022258752 635
1694627322051 0.1354848339239813 636
1694627322103 0.1175688625037019 637
1694627322162 0.11297277119715754 638
1694627322217 0.13264977086420598 639
1694627322278 0.12318931960280634 640
1694627322338 0.12817965420862135 641
1694627322395 0.13211380412486204 642
1694627322447 0.12796421566324587 643
1694627322516 0.12293476992467821 644
1694627322575 0.10516977198351551 645
1694627322640 0.1058047413658286 646
1694627322692 0.12235614124036266 647
1694627322746 0.10729384628344373 648
1694627322798 0.15941821864820116 649
1694627322860 0.16533829749249032 650
1694627322913 0.14528597924631406 651
1694627322967 0.1271606610396605 652
1694627323026 0.15856084027213452 653
1694627323088 0.13792237638938715 654
1694627323154 0.12189321182090983 655
1694627323204 0.14072374984949648 656
1694627323262 0.12381509044397712 657
1694627323318 0.10249070843044136 658
1694627323368 0.1341210639665141 659
1694627323423 0.13829733525450214 660
1694627323472 0.11484742780575724 661
1694627323526 0.13886638862121156 662
1694627323576 0.12548797576896964 663
1694627323631 0.13136449634759625 664
1694627323688 0.10766566376926393 665
1694627323746 0.11733681145964486 666
1694627323809 0.12670263287433012 667
1694627323863 0.11492891374725712 668
1694627323930 0.143482723571434 669
1694627324006 0.12510408535206097 670
1694627324077 0.11349957304223117 671
1694627324135 0.10293386606253789 672
1694627324186 0.1346896805177602 673
1694627324238 0.11638775393110931 674
1694627324297 0.11581872633687271 675
1694627324362 0.116580387715704 676
1694627324416 0.14419403008871284 677
1694627324475 0.10627055340831344 678
1694627324545 0.13479515754193247 679
1694627324615 0.137071627141888 680
1694627324670 0.10741822335292608 681
1694627324723 0.09827395587909986 682
1694627324776 0.11717222153114672 683
1694627324838 0.11442996246464324 684
1694627324896 0.11894259599220958 685
1694627324951 0.10463481521998771 686
1694627325001 0.11204530158464118 687
1694627325057 0.09584100929455451 688
1694627325108 0.13587170090855394 689
1694627325159 0.1261011288933315 690
1694627325209 0.12280022350505322 691
1694627325266 0.1135263837738401 692
1694627325330 0.11137347875558108 693
1694627325399 0.1340262826857866 694
1694627325483 0.12661254022210952 695
1694627325548 0.10220920179677133 696
1694627325598 0.13512930537246992 697
1694627325667 0.1258172292067274 698
1694627325735 0.11032031606461491 699
1694627325798 0.14860790847013203 700
1694627325853 0.10573697776560477 701
1694627325906 0.12140215995229034 702
1694627325961 0.11977818689208164 703
1694627326015 0.13519275193413544 704
1694627326072 0.13381325553355983 705
1694627326127 0.12220016481666926 706
1694627326194 0.12723407566175318 707
1694627326260 0.12380304058547163 708
1694627326320 0.12312005194586181 709
1694627326374 0.11465687656026259 710
1694627326429 0.1383279746229004 711
1694627326545 0.11897894792367375 712
1694627326641 0.13864814997491942 713
1694627326721 0.13855276617987716 714
1694627326849 0.13986714797300404 715
1694627326937 0.15219311117772608 716
1694627327050 0.12148948259070025 717
1694627327151 0.10352795526011253 718
1694627327267 0.12284878843973593 719
1694627327357 0.16182896598268903 720
1694627327409 0.11349340170963658 721
1694627327473 0.10888319418153941 722
1694627327551 0.11848204578425192 723
1694627327649 0.11314673752234747 724
1694627327744 0.1116997090161105 725
1694627327843 0.14113448968968606 726
1694627327914 0.13974770892275173 727
1694627328013 0.12031076345197346 728
1694627328101 0.10053963816618873 729
1694627328170 0.10660860018937175 730
1694627328231 0.11576567478146306 731
1694627328302 0.1232811785982473 732
1694627328374 0.1280423549820686 733
1694627328438 0.12490647749263817 734
1694627328520 0.12935926102480513 735
1694627328603 0.12351951593607163 736
1694627328703 0.11731677708268536 737
1694627328803 0.10775545586213978 738
1694627328893 0.12428520294515571 739
1694627328999 0.11157656291703966 740
1694627329110 0.1167465664588614 741
1694627329209 0.13430389647729016 742
1694627329293 0.1316602022860211 743
1694627329382 0.10644858676809824 744
1694627329451 0.11263251640312683 745
1694627329507 0.09999507535126315 746
1694627329569 0.14593222618097512 747
1694627329642 0.10121827279259081 748
1694627329706 0.12023514446549607 749
1694627329786 0.1108714713501555 750
1694627329846 0.12455997703928515 751
1694627329942 0.12359134910987911 752
1694627330009 0.13520453104253988 753
1694627330068 0.12117998948209174 754
1694627330133 0.12894001373164998 755
1694627330177 0.1371625079591067 756
1694627330234 0.13879340039675594 757
1694627330327 0.11869445780501788 758
1694627330383 0.14330505164549745 759
1694627330428 0.12244493515896931 760
1694627330477 0.12031790322966976 761
1694627330568 0.10620599341456721 762
1694627330644 0.13137842115517287 763
1694627330724 0.1097245892850248 764
1694627330771 0.11115781355589571 765
1694627330820 0.12067013520401912 766
1694627330868 0.09647344586875078 767
1694627330943 0.13820578616318235 768
1694627331015 0.12043550563404824 769
1694627331076 0.13165251261410948 770
1694627331135 0.11796191675663803 771
1694627331192 0.10463433178682492 772
1694627331278 0.1313046524071576 773
1694627331358 0.11932628337439612 774
1694627331419 0.10665550342376996 775
1694627331482 0.14342199026964966 776
1694627331566 0.12419767247124879 777
1694627331641 0.13234358688056114 778
1694627331708 0.09660260159418681 779
1694627331772 0.12379214960264853 780
1694627331846 0.09975633879829686 781
1694627331913 0.12868635914712262 782
1694627331984 0.12150393151052573 783
1694627332047 0.10607461323069163 784
1694627332121 0.11632683418913338 785
1694627332208 0.1270738455709495 786
1694627332287 0.12864138898341965 787
1694627332355 0.1286170295952666 788
1694627332412 0.13684487066085352 789
1694627332465 0.11992632224431167 790
1694627332514 0.1173237438796707 791
1694627332563 0.11175051992175657 792
1694627332623 0.12521199078437065 793
1694627332697 0.1171453506817786 794
1694627332764 0.1682122802172513 795
1694627332833 0.10645849248136283 796
1694627332897 0.15174415000143274 797
1694627332975 0.10071767410405835 798
1694627333040 0.12476402622590653 799
1694627333112 0.09893308269358217 800
1694627333184 0.15693072038486536 801
1694627333259 0.11763304300115317 802
1694627333352 0.16498399319748233 803
1694627333433 0.14701895925885483 804
1694627333515 0.1256497184483861 805
1694627333608 0.11010983276185715 806
1694627333725 0.1085694462206627 807
1694627333835 0.10641635071650377 808
1694627333927 0.12703186432220198 809
1694627334034 0.11866200943665088 810
1694627334158 0.10139936116753939 811
1694627334265 0.1232461999991147 812
1694627334378 0.12692265129233093 813
1694627334470 0.14653705310726983 814
1694627334538 0.11850839458386031 815
1694627334603 0.12173010433193497 816
1694627334670 0.10682805204142244 817
1694627334741 0.09997688958680473 818
