1694631459371 173.25693964308255 0
1694631459408 171.58866248987388 1
1694631459441 171.27871390317625 2
1694631459475 171.12150478498904 3
1694631459507 169.64939662119474 4
1694631459540 170.01193692844768 5
1694631459584 169.44615006387647 6
1694631459618 169.81968163281013 7
1694631459660 168.72431407867913 8
1694631459691 168.9758779162489 9
1694631459721 167.95143726974538 10
1694631459753 167.93995377952066 11
1694631459785 166.82967636524108 12
1694631459816 167.22936651781563 13
1694631459848 166.86495522984967 14
1694631459879 167.06812756597856 15
1694631459913 165.4892064501385 16
1694631459947 165.1835958450759 17
1694631459980 164.6934274912059 18
1694631460014 166.5158216982249 19
1694631460047 165.7039764986771 20
1694631460079 163.74609507409488 21
1694631460112 164.3438022119547 22
1694631460145 163.4119520793051 23
1694631460178 163.9659989951958 24
1694631460210 163.8741518149241 25
1694631460245 162.32216701052982 26
1694631460278 162.58466999294495 27
1694631460310 161.24126384822145 28
1694631460342 161.35045200823987 29
1694631460378 161.31623438437887 30
1694631460409 160.51196315700648 31
1694631460444 161.58109543513962 32
1694631460480 159.53580684438006 33
1694631460511 159.86482666471332 34
1694631460542 160.42594283274286 35
1694631460581 159.18313362769592 36
1694631460618 158.7690403674969 37
1694631460650 157.8673714286218 38
1694631460684 157.81021624270298 39
1694631460715 156.97579539809408 40
1694631460750 157.93085204093208 41
1694631460783 157.31898019200244 42
1694631460815 156.32182926732096 43
1694631460849 155.72458899548707 44
1694631460881 155.1562450375246 45
1694631460916 156.19582667246016 46
1694631460950 154.9197613039529 47
1694631460982 154.4028163416158 48
1694631461013 155.10729787297947 49
1694631461045 155.46035488553045 50
1694631461079 153.06989380676532 51
1694631461113 152.5611144994276 52
1694631461146 153.34941366385095 53
1694631461181 154.32926988030735 54
1694631461212 152.710631068578 55
1694631461243 152.44434996228193 56
1694631461276 151.68044412448359 57
1694631461308 150.94437437943213 58
1694631461342 150.91171540481398 59
1694631461378 149.90247864572925 60
1694631461411 150.4840432380072 61
1694631461444 149.82992914357914 62
1694631461477 150.561735144899 63
1694631461520 149.24120723170034 64
1694631461563 149.5230597002811 65
1694631461599 148.83517911876427 66
1694631461633 147.93358926822208 67
1694631461668 148.1114832088018 68
1694631461701 148.16003065102907 69
1694631461734 148.02564296143507 70
1694631461766 148.69574791554933 71
1694631461798 146.97678753169492 72
1694631461832 146.9930954318954 73
1694631461866 145.62766744002042 74
1694631461900 147.24626286005045 75
1694631461931 145.92048726859267 76
1694631461964 146.36273959216993 77
1694631461994 144.81723439673533 78
1694631462028 144.5540714884725 79
1694631462061 142.87063823422085 80
1694631462095 143.04950135370086 81
1694631462129 144.01527532409298 82
1694631462162 143.56210855857836 83
1694631462196 142.71105868697748 84
1694631462231 142.6510531901311 85
1694631462264 141.86685259777101 86
1694631462295 141.89897438284436 87
1694631462330 142.8637707369274 88
1694631462363 141.5694950485948 89
1694631462399 143.02592935905363 90
1694631462432 141.25122982098034 91
1694631462463 140.7296463727724 92
1694631462500 140.76553585584585 93
1694631462536 140.94716474945233 94
1694631462570 141.15603178373362 95
1694631462602 139.12664743603628 96
1694631462639 139.83189248451058 97
1694631462674 138.58887268303374 98
1694631462707 137.99152877776814 99
1694631462740 139.43884416138405 100
1694631462774 137.91027905465918 101
1694631462806 136.57775292136142 102
1694631462840 138.9110168119485 103
1694631462873 137.33572519745425 104
1694631462904 136.93810824500716 105
1694631462935 136.64141582044448 106
1694631462968 136.08782804750618 107
1694631462998 136.96573333744212 108
1694631463032 135.74015569411603 109
1694631463064 134.67833694838018 110
1694631463095 135.308103825153 111
1694631463127 134.69260329329956 112
1694631463162 135.51032699908694 113
1694631463193 134.4696021191457 114
1694631463223 134.1726425163912 115
1694631463255 133.5784530191419 116
1694631463286 133.3780204352696 117
1694631463319 133.38336372918857 118
1694631463355 133.41751897918354 119
1694631463391 132.2920910274953 120
1694631463422 132.97611373467547 121
1694631463456 132.21448751711876 122
1694631463493 132.0769163688139 123
1694631463527 132.02396476151907 124
1694631463558 131.15165203397225 125
1694631463591 130.9997605832181 126
1694631463624 130.82353379418674 127
1694631463659 129.9481552867976 128
1694631463694 129.52894870493566 129
1694631463727 128.97884290994833 130
1694631463760 129.17162797293204 131
1694631463793 128.73953333967873 132
1694631463825 129.06204320303817 133
1694631463858 128.17799486583274 134
1694631463891 128.284707104392 135
1694631463923 128.061306628582 136
1694631463953 127.5478277999064 137
1694631463986 127.85242319070957 138
1694631464019 127.34773851603661 139
1694631464051 126.36786763439756 140
1694631464086 127.38033208453999 141
1694631464118 126.80414492721815 142
1694631464151 125.53121209724435 143
1694631464185 124.7854866156209 144
1694631464217 124.555353470182 145
1694631464250 124.29597881034643 146
1694631464284 125.51613639513042 147
1694631464316 124.19591225057911 148
1694631464350 125.23392338828805 149
1694631464386 124.087030050045 150
1694631464418 124.18092032128307 151
1694631464451 123.65182936773608 152
1694631464483 123.53915946838151 153
1694631464517 122.41435270976577 154
1694631464548 122.36501257177954 155
1694631464582 122.76785594257052 156
1694631464617 121.71515050220309 157
1694631464650 121.0414763939935 158
1694631464684 121.8916426520882 159
1694631464716 122.1779430738417 160
1694631464748 121.20570190942688 161
1694631464783 121.23480560469908 162
1694631464817 120.62079980219887 163
1694631464850 120.54075615536877 164
1694631464884 120.17330116424031 165
1694631464917 119.63409488983072 166
1694631464948 120.12538054611036 167
1694631464980 118.40526296903172 168
1694631465011 119.01991201048655 169
1694631465043 118.48186344202567 170
1694631465079 120.42546710245487 171
1694631465117 118.2708664968998 172
1694631465155 117.05892441630775 173
1694631465192 117.34365528853857 174
1694631465225 118.6194409467336 175
1694631465258 117.97482016965563 176
1694631465290 117.42150388153817 177
1694631465325 116.85507222188085 178
1694631465359 115.91022141086677 179
1694631465393 115.83895535455066 180
1694631465427 115.99531026707872 181
1694631465462 115.21056706410225 182
1694631465496 115.24949904096495 183
1694631465528 115.05636374913668 184
1694631465562 114.95710467234922 185
1694631465594 115.78902235631733 186
1694631465626 114.51142980003911 187
1694631465657 114.39751296538422 188
1694631465690 113.92573572624845 189
1694631465720 115.12394590197081 190
1694631465754 114.95201256139688 191
1694631465789 113.53839185348191 192
1694631465819 112.77935113373965 193
1694631465854 113.21568315690556 194
1694631465885 112.15095446946708 195
1694631465920 113.12202151953703 196
1694631465955 111.852575714053 197
1694631465988 111.56416638229682 198
1694631466023 110.8364090924804 199
1694631466056 110.53667133945436 200
1694631466087 111.55473600920256 201
1694631466124 111.10359633262269 202
1694631466157 109.9350285314864 203
1694631466189 110.60654432182048 204
1694631466222 110.55982192786425 205
1694631466256 109.3259865425975 206
1694631466287 108.76466007861517 207
1694631466318 109.85604964622473 208
1694631466350 108.95224369771474 209
1694631466395 107.9106296307758 210
1694631466433 108.50028137119656 211
1694631466482 109.35626686185687 212
1694631466528 108.17292714428315 213
1694631466574 108.05341665522712 214
1694631466612 108.47704599736575 215
1694631466646 107.61380120453963 216
1694631466677 107.47105885442078 217
1694631466708 107.13187264409625 218
1694631466739 106.83417154381182 219
1694631466774 106.89664219725675 220
1694631466807 106.6201523672282 221
1694631466842 105.95813683334032 222
1694631466876 105.64242953107863 223
1694631466909 105.39508532186929 224
1694631466943 105.65497763418131 225
1694631466977 104.38208261835675 226
1694631467011 105.11799915201333 227
1694631467044 105.0393357612387 228
1694631467077 104.54505066222019 229
1694631467111 104.71461222757196 230
1694631467145 103.87932286136278 231
1694631467178 103.37794754304413 232
1694631467211 103.71182145523198 233
1694631467244 102.88446050548714 234
1694631467279 102.58800973979336 235
1694631467312 102.61105017892076 236
1694631467344 103.16829642548517 237
1694631467377 103.07315395431883 238
1694631467409 102.30861328387478 239
1694631467441 101.46973715044209 240
1694631467474 101.74851396828498 241
1694631467509 102.34815964301784 242
1694631467539 101.38226422540657 243
1694631467573 100.82622393355626 244
1694631467604 101.25925116226203 245
1694631467635 101.15169007206231 246
1694631467666 101.27276988696107 247
1694631467698 100.49886563665713 248
1694631467729 100.30914891628565 249
1694631467762 100.25314095253391 250
1694631467796 100.2940223161146 251
1694631467826 98.86246989559109 252
1694631467858 99.360988425355 253
1694631467891 98.91442880955647 254
1694631467924 98.26270746004398 255
1694631467958 97.757812762631 256
1694631467991 97.8850082388972 257
1694631468026 97.34581321170135 258
1694631468062 98.04431872161075 259
1694631468098 97.89588891272776 260
1694631468131 97.06992153334039 261
1694631468164 96.68200331244215 262
1694631468198 97.77221116795158 263
1694631468232 97.23613066294072 264
1694631468265 96.73148613227391 265
1694631468300 96.38685083983957 266
1694631468333 96.9606656744992 267
1694631468367 96.17011859207706 268
1694631468402 96.4637296863996 269
1694631468433 95.4584737573603 270
1694631468465 96.0729250006369 271
1694631468500 96.08313573489552 272
1694631468532 95.26144667858814 273
1694631468563 95.15158184119053 274
1694631468596 95.3719180088271 275
1694631468626 95.0158575631906 276
1694631468659 94.0492360410277 277
1694631468692 93.85801848751159 278
1694631468727 93.59932020342649 279
1694631468760 93.23690216407513 280
1694631468795 93.44867826419542 281
1694631468828 92.57998160337625 282
1694631468863 92.48250789301747 283
1694631468897 92.96490098185525 284
1694631468929 92.92547768000054 285
1694631468965 92.38723826957298 286
1694631468994 92.5409288187573 287
1694631469030 91.69702683155752 288
1694631469062 91.82565971120324 289
1694631469093 91.19447757535755 290
1694631469125 91.59349206133723 291
1694631469160 91.85188739753461 292
1694631469190 91.46829329878537 293
1694631469224 91.53418757768115 294
1694631469256 90.13758271783614 295
1694631469290 90.34389652985809 296
1694631469322 91.25437502763322 297
1694631469357 90.3344394525209 298
1694631469392 89.87840356103244 299
1694631469425 90.42087772260469 300
1694631469456 89.58849410546921 301
1694631469489 89.08682511588074 302
1694631469518 89.36282048523155 303
1694631469550 87.88303271420247 304
1694631469581 88.64941730767273 305
1694631469614 87.7030251673853 306
1694631469648 87.84665321572726 307
1694631469681 87.54710752239464 308
1694631469715 88.12589500099098 309
1694631469748 88.11892176339501 310
1694631469781 88.5737486880411 311
1694631469811 87.86355428399168 312
1694631469841 87.55643350028454 313
1694631469873 87.69298143975311 314
1694631469903 86.88191538181191 315
1694631469938 87.36117920759399 316
1694631469970 85.65077123543539 317
1694631470001 86.52482535451402 318
1694631470034 86.14862770837861 319
1694631470067 86.46382979423836 320
1694631470101 85.66792592773136 321
1694631470134 86.22644982669074 322
1694631470169 86.01898545283552 323
1694631470201 85.10602724392108 324
1694631470234 84.89784259736702 325
1694631470266 85.19262655041528 326
1694631470298 85.58877129984917 327
1694631470331 84.76568279741002 328
1694631470365 85.06255027478646 329
1694631470399 84.32305092633149 330
1694631470434 84.23526785279948 331
1694631470467 83.95560225446953 332
1694631470503 83.35158145617642 333
1694631470535 82.63950115669643 334
1694631470568 82.91604602988942 335
1694631470600 82.78604784990173 336
1694631470632 83.32321117663513 337
1694631470667 83.33618773726742 338
1694631470701 81.80047463445896 339
1694631470735 81.67452644187547 340
1694631470770 82.11367142959463 341
1694631470802 81.98796102616448 342
1694631470837 81.26631436515096 343
1694631470872 82.26782808312306 344
1694631470902 81.482063377668 345
1694631470936 81.27379526529047 346
1694631470968 81.12094147373817 347
1694631471001 82.04089978557755 348
1694631471034 81.06365443093773 349
1694631471069 81.05895140408076 350
1694631471099 80.02964013633435 351
1694631471138 79.8881851669854 352
1694631471174 79.41970405355978 353
1694631471208 80.28195064898632 354
1694631471240 79.22806859265975 355
1694631471273 79.45691610778273 356
1694631471306 78.98025870780134 357
1694631471336 80.03272472666659 358
1694631471371 79.115991047698 359
1694631471404 79.26602583216932 360
1694631471440 79.79811071901675 361
1694631471473 78.8184862328541 362
1694631471509 78.6400544037278 363
1694631471544 77.86646228645488 364
1694631471577 77.90686610872191 365
1694631471614 77.52110849661409 366
1694631471650 78.04880094780599 367
1694631471686 77.69416279064781 368
1694631471721 77.58520496601419 369
1694631471756 78.14833572639924 370
1694631471791 76.66537517294758 371
1694631471822 76.55182614818399 372
1694631471857 76.65483265930116 373
1694631471890 76.09609655589419 374
1694631471921 76.73669372949328 375
1694631471953 75.80298333485169 376
1694631471987 75.74134265334915 377
1694631472022 76.50113778103129 378
1694631472057 75.78646014064789 379
1694631472089 74.82354279435795 380
1694631472121 75.2985114885912 381
1694631472152 75.87808023734662 382
1694631472184 74.95593556273995 383
1694631472216 75.0696379037442 384
1694631472248 75.51980447416398 385
1694631472281 74.5958048282882 386
1694631472313 74.40842069837068 387
1694631472348 73.87800001868845 388
1694631472383 74.61376988876282 389
1694631472413 73.82332300572213 390
1694631472446 73.21955692463354 391
1694631472477 73.87199456612656 392
1694631472510 73.54878176802664 393
1694631472544 73.60296775345488 394
1694631472577 73.72815362152176 395
1694631472611 73.06158360750001 396
1694631472644 73.31365398424798 397
1694631472675 73.06450815796538 398
1694631472706 73.02073432630097 399
1694631472737 72.23318917261793 400
1694631472767 73.27393154228268 401
1694631472797 71.61009768443107 402
1694631472828 72.25086240154637 403
1694631472862 71.67279104789544 404
1694631472893 71.59770746734365 405
1694631472926 71.78820468362008 406
1694631472960 71.38042171006113 407
1694631472991 71.43370564680343 408
1694631473027 71.14672979603702 409
1694631473060 71.41907517322443 410
1694631473097 70.15556974104359 411
1694631473129 70.98126801885874 412
1694631473162 70.07820136521443 413
1694631473198 70.42267286948258 414
1694631473233 69.98941218266529 415
1694631473269 70.6151958518058 416
1694631473307 69.92509791157691 417
1694631473339 70.08622548607256 418
1694631473369 69.19553339853987 419
1694631473404 69.86787434799527 420
1694631473437 69.8453275531396 421
1694631473472 69.5954366592151 422
1694631473504 69.4931856201381 423
1694631473535 69.33718873380812 424
1694631473567 68.95187288947882 425
1694631473598 69.14368836508041 426
1694631473632 69.01806706934181 427
1694631473664 68.79587057864941 428
1694631473700 68.53635108877594 429
1694631473743 67.94984011778476 430
1694631473778 68.79210565005563 431
1694631473817 67.77067844771838 432
1694631473855 67.64464077699013 433
1694631473887 66.9489398418651 434
1694631473920 67.81782139691856 435
1694631473952 67.81083838243507 436
1694631473983 66.66940189707972 437
1694631474016 66.66648237693113 438
1694631474047 67.24350653205799 439
1694631474078 66.52317555980574 440
1694631474110 67.06622426950469 441
1694631474142 66.67738582635256 442
1694631474176 65.83401208484032 443
1694631474209 65.03758510467222 444
1694631474245 66.62527095819871 445
1694631474277 66.36469616962052 446
1694631474309 66.02908070405473 447
1694631474343 66.34161980276906 448
1694631474378 65.81203215717294 449
1694631474412 65.12675722687449 450
1694631474444 64.82247669255803 451
1694631474475 64.98267586586542 452
1694631474509 64.68438306492104 453
1694631474544 64.90642197144541 454
1694631474576 64.41807135007413 455
1694631474610 64.49470829241992 456
1694631474644 64.6543833045842 457
1694631474676 64.28417817449186 458
1694631474708 63.998927385894035 459
1694631474742 64.99218258402138 460
1694631474775 63.73085287473767 461
1694631474809 63.658189578198524 462
1694631474842 63.875870857468534 463
1694631474877 63.79301522181798 464
1694631474912 63.56535452336259 465
1694631474945 63.37446928086056 466
1694631474980 62.37605980788409 467
1694631475014 61.994385055711966 468
1694631475044 62.23468017185039 469
1694631475078 62.70352453696243 470
1694631475110 62.546607951051854 471
1694631475144 62.573101936529646 472
1694631475177 61.649559867202306 473
1694631475212 61.57026495903934 474
1694631475248 62.090699536743735 475
1694631475282 62.2755174570828 476
1694631475315 61.74574439974608 477
1694631475351 62.07755815646085 478
1694631475386 61.45828453219147 479
1694631475420 61.253616011741514 480
1694631475453 61.14644209842635 481
1694631475487 60.82936354916548 482
1694631475520 60.9445538217882 483
1694631475551 60.245703497480754 484
1694631475582 61.14156784985637 485
1694631475617 60.44709746155172 486
1694631475648 59.809312819123114 487
1694631475681 60.47062576229101 488
1694631475714 59.3452383527977 489
1694631475746 59.561975350304856 490
1694631475779 59.96821024157605 491
1694631475811 60.09471921670687 492
1694631475842 59.57452998224602 493
1694631475874 59.941825459213376 494
1694631475909 59.480544846284445 495
1694631475941 58.82883920847737 496
1694631475975 59.03495500123581 497
1694631476007 58.69304158659689 498
1694631476038 59.29714748711081 499
1694631476071 59.31827705548133 500
1694631476103 58.775327185900984 501
1694631476134 58.51390790632068 502
1694631476167 58.620074331597586 503
1694631476201 57.88926324940146 504
1694631476233 57.74866876913456 505
1694631476265 57.59751346757829 506
1694631476299 57.54501645382768 507
1694631476333 57.82048279250467 508
1694631476367 57.61120463975589 509
1694631476402 57.7601646373257 510
1694631476434 57.39240704142695 511
1694631476468 57.19889462964904 512
1694631476501 57.01226637857122 513
1694631476534 57.14324014667337 514
1694631476566 56.63220607889435 515
1694631476599 56.80698488866943 516
1694631476630 56.446511794329595 517
1694631476669 56.67224987559931 518
1694631476711 57.04739151808355 519
1694631476753 56.61705071442648 520
1694631476793 56.11855176551653 521
1694631476837 56.823387093571824 522
1694631476879 56.10209869788618 523
1694631476920 55.93558974011645 524
1694631476950 55.00354202674353 525
1694631476981 55.77109749733471 526
1694631477014 55.45360300323202 527
1694631477047 55.60702191440524 528
1694631477080 55.631775325319616 529
1694631477114 55.20510085545803 530
1694631477146 54.83471239542854 531
1694631477179 55.05611500116091 532
1694631477210 55.457907033695825 533
1694631477241 55.02649858178315 534
1694631477273 54.318043920598775 535
1694631477303 54.40001861404953 536
1694631477334 54.00495781505726 537
1694631477366 54.48056639174064 538
1694631477401 54.0934332283363 539
1694631477437 53.889321657292896 540
1694631477470 53.750868863647405 541
1694631477503 53.75864075283931 542
1694631477536 54.434153341191625 543
1694631477570 53.59831963332347 544
1694631477604 53.49160753338486 545
1694631477637 53.412769738511116 546
1694631477672 53.452501579650914 547
1694631477704 53.531768512334 548
1694631477734 52.58340085716338 549
1694631477768 53.062601739929406 550
1694631477803 52.94271627171508 551
1694631477834 52.4992488084992 552
1694631477868 52.786902751912 553
1694631477901 52.396161636415336 554
1694631477932 52.86765971090931 555
1694631477965 52.342363897647914 556
1694631477999 52.51014200570421 557
1694631478029 52.23964307146281 558
1694631478062 52.13805859185572 559
1694631478096 51.22410879523403 560
1694631478128 52.33189724008083 561
1694631478160 51.08237424605609 562
1694631478193 50.903434422037606 563
1694631478226 51.62578203881067 564
1694631478257 51.82837872027039 565
1694631478289 51.23604827946575 566
1694631478319 51.16406716222934 567
1694631478349 50.96773254750975 568
1694631478384 50.69444955298687 569
1694631478418 50.75988458337617 570
1694631478450 51.120958600220646 571
1694631478482 50.54275339213321 572
1694631478513 50.27228817116074 573
1694631478546 50.222777599749584 574
1694631478582 50.23446179013065 575
1694631478618 49.632977803224016 576
1694631478651 50.12131378208368 577
1694631478686 50.859461304848786 578
1694631478722 49.51234959739881 579
1694631478753 49.50052516931613 580
1694631478788 49.82545523511275 581
1694631478819 49.31365134364979 582
1694631478850 49.1454269243315 583
1694631478883 49.787590407859376 584
1694631478916 49.00535360772673 585
1694631478948 48.89399123442442 586
1694631478981 49.29416013701382 587
1694631479015 48.96171058623992 588
1694631479047 49.182577670879525 589
1694631479082 48.594814485034526 590
1694631479117 49.02608654629892 591
1694631479150 48.80847499407825 592
1694631479185 48.52185268900981 593
1694631479220 48.30280587292015 594
1694631479254 48.25506040016288 595
1694631479288 48.27005265229086 596
1694631479323 48.11866409582788 597
1694631479358 47.45491547208257 598
1694631479394 46.98052036065314 599
1694631479428 47.64691315932658 600
1694631479460 47.461402782547864 601
1694631479495 47.30292195728853 602
1694631479531 47.53960917032325 603
1694631479564 46.739586286995625 604
1694631479598 47.23827728558021 605
1694631479635 46.8776735522287 606
1694631479675 47.191771999153495 607
1694631479711 46.45468501207273 608
1694631479749 46.3329719138331 609
1694631479784 46.6080492454945 610
1694631479816 46.588956134792646 611
1694631479849 47.008007057402764 612
1694631479882 46.54015916368578 613
1694631479918 46.37454829592345 614
1694631479950 46.38800959090553 615
1694631479984 46.15250386232088 616
1694631480023 45.86758996551408 617
1694631480057 45.7533068308065 618
1694631480092 45.79347732407104 619
1694631480125 46.01421000219114 620
1694631480157 45.5001881741414 621
1694631480190 45.121251658762986 622
1694631480222 45.762821988923044 623
1694631480252 45.327929550643354 624
1694631480285 45.49104956278298 625
1694631480319 44.89627588485611 626
1694631480350 45.43725763550687 627
1694631480384 44.66359650965645 628
1694631480413 44.93717771993234 629
1694631480445 44.84180807819919 630
1694631480478 44.22181097480153 631
1694631480512 45.10805620044855 632
1694631480546 44.361747635639816 633
1694631480576 44.00697228513294 634
1694631480611 44.73228374293003 635
1694631480644 44.698191444044795 636
1694631480680 44.278761280917045 637
1694631480716 43.79940798298509 638
1694631480748 43.932316564695434 639
1694631480780 43.72480080066124 640
1694631480813 43.64082788628784 641
1694631480845 43.50055115773251 642
1694631480875 43.46106182710918 643
1694631480908 44.050787406777694 644
1694631480940 43.54541111185773 645
1694631480974 43.67844796325616 646
1694631481008 43.065212574266994 647
1694631481042 42.578352112962136 648
1694631481077 43.485065623521564 649
1694631481113 42.52803530812273 650
1694631481147 42.68008964990078 651
1694631481184 43.04860545694431 652
1694631481219 42.62839754403173 653
1694631481252 42.22213975545921 654
1694631481288 42.78363730830643 655
1694631481322 42.35773552460198 656
1694631481360 42.65601690068671 657
1694631481399 42.714392297410974 658
1694631481438 41.67593962091031 659
1694631481474 42.152629756508325 660
1694631481513 42.48656019225534 661
1694631481547 42.0077320523265 662
1694631481582 41.61210317625294 663
1694631481614 41.557052127918396 664
1694631481645 41.008024932647224 665
1694631481676 41.40635714135778 666
1694631481711 41.673797764937106 667
1694631481749 41.681775270124035 668
1694631481786 41.21262123006802 669
1694631481820 41.34235553062697 670
1694631481852 41.14664142605346 671
1694631481886 40.59920224197724 672
1694631481918 41.033851751881855 673
1694631481952 41.23515642601158 674
1694631481985 41.171137288162946 675
1694631482016 40.549218668769306 676
1694631482049 40.710411909419896 677
1694631482082 40.53648483587993 678
1694631482114 40.423565464643104 679
1694631482144 40.31634584969534 680
1694631482177 40.149856038235185 681
1694631482208 40.396664105707664 682
1694631482239 40.22092301401364 683
1694631482270 39.95530877395374 684
1694631482305 39.882109004040544 685
1694631482339 39.925619659882464 686
1694631482370 39.751066248180074 687
1694631482403 39.59568903695042 688
1694631482438 39.72204870005106 689
1694631482471 39.1712773261859 690
1694631482506 39.6129851463178 691
1694631482538 39.194773690151266 692
1694631482572 39.44069171876056 693
1694631482607 39.36592541859156 694
1694631482639 38.74049205760818 695
1694631482670 39.12476256835531 696
1694631482705 39.415221292255765 697
1694631482741 38.651226933849664 698
1694631482773 38.763373738087594 699
1694631482808 38.827490562787034 700
1694631482840 38.5698123073295 701
1694631482872 38.89406933545895 702
1694631482908 39.1692377303257 703
1694631482941 38.433847897437325 704
1694631482972 37.8574222514492 705
1694631483008 38.1321457890522 706
1694631483042 38.79803265433434 707
1694631483077 38.24372016006797 708
1694631483110 37.93117176651939 709
1694631483143 38.36621500644546 710
1694631483177 38.373624808949046 711
1694631483209 37.800192965891036 712
1694631483241 37.865455127032554 713
1694631483275 37.64371759987504 714
1694631483307 37.93705370181984 715
1694631483336 37.427967464558314 716
1694631483366 37.34886414163388 717
1694631483400 37.1617807451302 718
1694631483434 37.387946171517214 719
1694631483465 37.53033631192929 720
1694631483500 37.06002819553064 721
1694631483534 37.728337792883565 722
1694631483569 36.69913499565286 723
1694631483602 36.7086472451737 724
1694631483635 36.59987953544314 725
1694631483669 36.67809365343102 726
1694631483703 36.60785667770099 727
1694631483735 36.74386221508975 728
1694631483769 36.33004742205979 729
1694631483801 36.6734270723981 730
1694631483834 36.276408624418664 731
1694631483868 36.652959939561235 732
1694631483901 36.03530536922052 733
1694631483936 35.76626580745972 734
1694631483967 35.92531159901701 735
1694631483999 36.31613407491335 736
1694631484032 35.45841788587459 737
1694631484065 35.64270257243884 738
1694631484100 35.74943810755173 739
1694631484133 35.79070879629493 740
1694631484166 35.29927556216483 741
1694631484201 36.01374723852257 742
1694631484234 35.43285783596601 743
1694631484265 34.97376234963431 744
1694631484296 35.09519967721766 745
1694631484329 35.373249238276415 746
1694631484361 35.24500797564635 747
1694631484394 35.603631625840215 748
1694631484427 35.211963945794025 749
1694631484462 35.15380561646898 750
1694631484497 34.75839660860543 751
1694631484529 34.825833152638275 752
1694631484559 34.84968922410915 753
1694631484590 34.464697061196304 754
1694631484621 34.32233236493185 755
1694631484651 34.24581659382633 756
1694631484681 34.025948547837366 757
1694631484715 34.51602849554046 758
1694631484749 34.659425247090965 759
1694631484780 33.959029451800106 760
1694631484813 34.188822615290505 761
1694631484846 34.187821215864425 762
1694631484878 34.09373010653381 763
1694631484911 33.66274867203809 764
1694631484942 33.95168856343239 765
1694631484974 33.82369736518354 766
1694631485007 33.69609808005678 767
1694631485038 33.366616971029565 768
1694631485070 33.76710850443247 769
1694631485101 33.49703057852703 770
1694631485132 33.66731199375092 771
1694631485166 33.44703234873903 772
1694631485197 33.684300756655 773
1694631485229 33.95933642837231 774
1694631485259 33.29363952495377 775
1694631485293 33.07406761170695 776
1694631485326 33.5101439596556 777
1694631485361 33.64459186890538 778
1694631485395 32.47687734654523 779
1694631485427 32.78109708870722 780
1694631485460 32.881800451413866 781
1694631485495 32.94826949323867 782
1694631485528 32.63236019550683 783
1694631485560 32.68546733938407 784
1694631485595 32.60667100424315 785
1694631485628 32.77747976374302 786
1694631485660 32.391638018508445 787
1694631485693 32.47235080787448 788
1694631485727 32.818517397771735 789
1694631485761 32.44218708564023 790
1694631485794 32.036638004534815 791
1694631485826 32.41556336475464 792
1694631485858 31.941960724559227 793
1694631485892 31.91341072025018 794
1694631485923 32.25456825333303 795
1694631485954 31.44759796797339 796
1694631485988 31.800151898674798 797
1694631486020 31.706609010515486 798
1694631486051 31.334218789387982 799
1694631486082 31.54129821583125 800
1694631486115 31.498512987031738 801
1694631486149 31.663707330049554 802
1694631486182 31.220823547373353 803
1694631486217 31.35492799365998 804
1694631486251 31.296456194235184 805
1694631486283 31.088666423066943 806
1694631486315 31.137454522970646 807
1694631486346 31.602670464595455 808
1694631486379 31.33400595968814 809
1694631486412 31.075744140023275 810
1694631486445 31.370297281856217 811
1694631486476 30.70447340778074 812
1694631486510 31.230954060761462 813
1694631486542 30.75609586385753 814
1694631486573 30.61253367758177 815
1694631486608 30.620248265406754 816
1694631486638 30.358717777453137 817
1694631486670 30.51056951841747 818
1694631486706 30.47447758742385 819
1694631486738 30.449894223518257 820
1694631486768 30.427772885924327 821
1694631486800 30.330441791554794 822
1694631486830 29.87493157314384 823
1694631486863 30.096477938887823 824
1694631486898 30.086733706878316 825
1694631486934 29.922890874543526 826
1694631486981 29.700819911393417 827
1694631487021 29.69964659223895 828
1694631487067 29.91880151004217 829
1694631487107 30.07892567512408 830
1694631487154 29.394700061360467 831
1694631487193 29.642420818025833 832
1694631487228 29.326074167871223 833
1694631487259 29.95935628525679 834
1694631487291 29.279451213676953 835
1694631487323 29.348331483432517 836
1694631487356 28.959596928978456 837
1694631487389 29.30802226381172 838
1694631487419 29.22886396960754 839
1694631487453 29.682867280134694 840
1694631487486 28.923610986752866 841
1694631487520 29.0089981171695 842
1694631487552 29.033970045542105 843
1694631487585 29.398480231504745 844
1694631487618 29.226306428188316 845
1694631487652 29.026970257068008 846
1694631487686 29.01924700708391 847
1694631487721 28.499290080879273 848
1694631487752 28.51900822063612 849
1694631487784 28.554110977387534 850
1694631487818 28.367077599684936 851
1694631487849 28.434991205889713 852
1694631487885 28.250663473829853 853
1694631487917 28.215101213262034 854
1694631487950 28.279815277559702 855
1694631487984 28.401926348258765 856
1694631488019 28.113771035030766 857
1694631488053 28.097251956084634 858
1694631488086 28.31896624333038 859
1694631488117 28.244692350936564 860
1694631488150 27.663360313091324 861
1694631488185 28.32747548061725 862
1694631488217 27.736099000364604 863
1694631488248 27.844217035812846 864
1694631488280 27.63447343992338 865
1694631488312 27.88052304347087 866
1694631488344 26.981778081304643 867
1694631488377 27.83675913281658 868
1694631488408 27.559134107704793 869
1694631488439 27.068934542637304 870
1694631488472 27.41893355180616 871
1694631488508 26.77800354860728 872
1694631488542 27.502273755158726 873
1694631488582 27.178056275696008 874
1694631488615 27.092657495761816 875
1694631488647 27.094500550809904 876
1694631488681 27.139485001839518 877
1694631488714 27.563439363174194 878
1694631488746 26.915329865334954 879
1694631488781 26.783746632207382 880
1694631488816 26.47702276091877 881
1694631488850 26.426274350001545 882
1694631488885 26.76626611039337 883
1694631488919 26.971431556103635 884
1694631488951 26.64491522044327 885
1694631488984 26.39592213254511 886
1694631489016 26.365470866019482 887
1694631489049 26.853495853772092 888
1694631489081 26.294314483548938 889
1694631489113 25.81379327734151 890
1694631489144 26.334355518320336 891
1694631489178 26.509990499498564 892
1694631489209 26.172196596997377 893
1694631489241 26.028586082226568 894
1694631489274 26.003303878249184 895
1694631489309 26.32861699858606 896
1694631489342 26.358741020273477 897
1694631489376 25.917401271027387 898
1694631489409 25.65779951357732 899
1694631489441 25.785716710920582 900
1694631489476 25.96480522444169 901
1694631489517 25.658525542576058 902
1694631489557 26.15971607422408 903
1694631489591 25.588211362372974 904
1694631489625 25.695414366125874 905
1694631489659 25.583149677137015 906
1694631489693 25.279679524944896 907
1694631489727 25.188821468806516 908
1694631489760 25.189762092268023 909
1694631489792 25.60897197043039 910
1694631489825 25.37725367261729 911
1694631489858 25.147709587096738 912
1694631489893 25.365940886121297 913
1694631489925 25.058836774917857 914
1694631489962 24.96885875791982 915
1694631489994 25.289708537890718 916
1694631490028 25.099940575077568 917
1694631490060 24.64989305549964 918
1694631490093 24.591181999528047 919
1694631490128 24.82598884184121 920
1694631490158 24.609169610442382 921
1694631490191 24.392507357294683 922
1694631490225 24.88246860307455 923
1694631490257 24.93019469347756 924
1694631490291 24.353251960436083 925
1694631490323 24.702093451459163 926
1694631490354 24.479576045885565 927
1694631490386 24.394917552541738 928
1694631490418 24.370819085494073 929
1694631490451 23.88295731223425 930
1694631490485 24.369265437362483 931
1694631490519 24.333587112533728 932
1694631490551 24.05688877781652 933
1694631490585 24.21289881252297 934
1694631490618 24.37006051204191 935
1694631490652 24.219414418886714 936
1694631490685 24.47842410039292 937
1694631490715 24.108746076341617 938
1694631490748 23.616787163192193 939
1694631490779 23.604399746429234 940
1694631490810 23.811923588647108 941
1694631490843 23.827343029767018 942
1694631490878 23.46464998893306 943
1694631490911 23.462707720302415 944
1694631490946 23.299161484823532 945
1694631490979 23.978096342879716 946
1694631491010 23.57568866432459 947
1694631491043 23.4784385174915 948
1694631491078 23.18733000675957 949
1694631491113 23.638820648166114 950
1694631491144 23.130889572904252 951
1694631491176 23.229260007918015 952
1694631491207 23.27939186979803 953
1694631491237 23.613456978053186 954
1694631491271 22.939475603094923 955
1694631491305 22.987564197415686 956
1694631491338 22.66247372688868 957
1694631491369 23.088542058575946 958
1694631491402 23.520660460645 959
1694631491434 23.015783536861687 960
1694631491466 22.99431161580192 961
1694631491499 23.247628519362095 962
1694631491532 22.820555908519943 963
1694631491562 22.66618631129708 964
1694631491596 22.675380544040706 965
1694631491631 22.660469265261426 966
1694631491663 22.52059198672062 967
1694631491697 22.657380313835336 968
1694631491729 22.49325112438423 969
1694631491761 22.456830099218497 970
1694631491794 22.54050265408721 971
1694631491834 22.3114243291606 972
1694631491873 22.201777924473703 973
1694631491908 22.280664649419563 974
1694631491943 22.512412911870726 975
1694631491974 22.23698328495905 976
1694631492008 22.13022677444076 977
1694631492041 22.683128031912624 978
1694631492075 22.15347999338116 979
1694631492108 21.93101922954867 980
1694631492143 22.000086969643792 981
1694631492174 21.93443328009284 982
1694631492206 21.45881978679379 983
1694631492237 21.971574971599722 984
1694631492270 21.872412325309238 985
1694631492306 21.615510576849037 986
1694631492340 21.621371839926045 987
1694631492371 21.944269900645082 988
1694631492405 21.441244243171546 989
1694631492440 21.47326588519433 990
1694631492474 21.32189884292659 991
1694631492507 21.260138635034604 992
1694631492537 21.97379162890481 993
1694631492570 21.157636139922296 994
1694631492601 21.432922530393427 995
1694631492634 21.311233218483462 996
1694631492665 21.459850236923558 997
1694631492701 21.18362152822247 998
1694631492735 21.37897496557644 999
