1694629559693 0.0 0
1694629559909 0.0 1
1694629560112 0.0 2
1694629560317 0.0 3
1694629560517 0.0 4
1694629560719 0.0 5
1694629560939 0.0 6
1694629561118 0.0 7
1694629561303 0.0 8
1694629561493 0.0 9
1694629561688 0.0 10
1694629561873 0.0 11
1694629562064 0.0 12
1694629562261 0.0 13
1694629562489 0.0 14
1694629562685 0.0 15
1694629562878 0.0 16
1694629563072 0.0 17
1694629563257 0.0 18
1694629563444 0.0 19
1694629563640 0.0 20
1694629563819 0.0 21
1694629563999 0.0 22
1694629564189 0.0 23
1694629564391 0.0 24
1694629564592 0.0 25
1694629564773 0.0 26
1694629564973 0.0 27
1694629565175 0.0 28
1694629565376 0.0 29
1694629565588 0.0 30
1694629565801 0.0 31
1694629566004 0.0 32
1694629566207 0.0 33
1694629566410 0.0 34
1694629566622 0.0 35
1694629566823 0.0 36
1694629567020 0.0 37
1694629567215 0.0 38
1694629567398 0.0 39
1694629567578 0.0 40
1694629567759 0.0 41
1694629567953 0.0 42
1694629568152 0.0 43
1694629568351 0.0 44
1694629568563 0.0 45
1694629568780 0.0 46
1694629569001 0.0 47
1694629569193 0.0 48
1694629569381 0.0 49
1694629569574 0.0 50
1694629569777 0.0 51
1694629569988 0.0 52
1694629570192 0.0 53
1694629570373 0.0 54
1694629570553 0.0 55
1694629570748 0.0 56
1694629570937 0.0 57
1694629571133 0.0 58
1694629571327 0.0 59
1694629571523 0.0 60
1694629571702 0.0 61
1694629571897 0.0 62
1694629572088 0.0 63
1694629572309 0.0 64
1694629572480 0.0 65
1694629572670 0.0 66
1694629572864 0.0 67
1694629573061 0.0 68
1694629573274 0.0 69
1694629573456 0.0 70
1694629573654 0.0 71
1694629573838 0.0 72
1694629574032 0.0 73
1694629574212 0.0 74
1694629574390 0.0 75
1694629574559 0.0 76
1694629574730 0.0 77
1694629574920 0.0 78
1694629575111 0.0 79
1694629575304 0.0 80
1694629575479 0.0 81
1694629575675 0.0 82
1694629575868 0.0 83
1694629576065 0.0 84
1694629576276 0.0 85
1694629576492 0.0 86
1694629576693 0.0 87
1694629576885 0.0 88
1694629577058 0.0 89
1694629577228 0.0 90
1694629577397 0.0 91
1694629577575 0.0 92
1694629577761 0.0 93
1694629577970 0.0 94
1694629578186 0.0 95
1694629578409 0.0 96
1694629578619 0.0 97
1694629578813 0.0 98
1694629578997 0.0 99
1694629579195 0.0 100
1694629579392 0.0 101
1694629579563 0.0 102
1694629579750 0.0 103
1694629579958 0.0 104
1694629580170 0.0 105
1694629580344 0.0 106
1694629580522 0.0 107
1694629580709 0.0 108
1694629580883 0.0 109
1694629581089 0.0 110
1694629581304 0.0 111
1694629581515 0.0 112
1694629581727 0.0 113
1694629581942 0.0 114
1694629582138 0.0 115
1694629582382 0.0 116
1694629582589 0.0 117
1694629582795 0.0 118
1694629583005 0.0 119
1694629583196 0.0 120
1694629583379 0.0 121
1694629583588 0.0 122
1694629583797 0.0 123
1694629584005 0.0 124
1694629584200 0.0 125
1694629584373 0.0 126
1694629584552 0.0 127
1694629584724 0.0 128
1694629584888 0.0 129
1694629585077 0.0 130
1694629585260 0.0 131
1694629585472 0.0 132
1694629585677 0.0 133
1694629585882 0.0 134
1694629586106 0.0 135
1694629586318 0.0 136
1694629586527 0.0 137
1694629586722 0.0 138
1694629586922 0.0 139
1694629587123 0.0 140
1694629587315 0.0 141
1694629587492 0.0 142
1694629587671 0.0 143
1694629587842 0.0 144
1694629588012 0.0 145
1694629588189 0.0 146
1694629588366 0.0 147
1694629588555 0.0 148
1694629588728 0.0 149
1694629588901 0.0 150
1694629589088 0.0 151
1694629589263 0.0 152
1694629589436 0.0 153
1694629589626 0.0 154
1694629589824 0.0 155
1694629590019 0.0 156
1694629590236 0.0 157
1694629590451 0.0 158
1694629590646 0.0 159
1694629590838 0.0 160
1694629591028 0.0 161
1694629591235 0.0 162
1694629591447 0.0 163
1694629591654 0.0 164
1694629591849 0.0 165
1694629592025 0.0 166
1694629592204 0.0 167
1694629592390 0.0 168
1694629592568 0.0 169
1694629592765 0.0 170
1694629592949 0.0 171
1694629593143 0.0 172
1694629593352 0.0 173
1694629593562 0.0 174
1694629593746 0.0 175
1694629593931 0.0 176
1694629594109 0.0 177
1694629594284 0.0 178
1694629594467 0.0 179
1694629594655 0.0 180
1694629594846 0.0 181
1694629595038 0.0 182
1694629595242 0.0 183
1694629595440 0.0 184
1694629595615 0.0 185
1694629595794 0.0 186
1694629595983 0.0 187
1694629596175 0.0 188
1694629596379 0.0 189
1694629596591 0.0 190
1694629596804 0.0 191
1694629597018 0.0 192
1694629597220 0.0 193
1694629597418 0.0 194
1694629597620 0.0 195
1694629597799 0.0 196
1694629597973 0.0 197
1694629598149 0.0 198
1694629598326 0.0 199
1694629598517 0.0 200
1694629598717 0.0 201
1694629598931 0.0 202
1694629599130 0.0 203
1694629599310 0.0 204
1694629599485 0.0 205
1694629599657 0.0 206
1694629599829 0.0 207
1694629600019 0.0 208
1694629600199 0.0 209
1694629600394 0.0 210
1694629600592 0.0 211
1694629600793 0.0 212
1694629600989 0.0 213
1694629601184 0.0 214
1694629601395 0.0 215
1694629601609 0.0 216
1694629601821 0.0 217
1694629602002 0.0 218
1694629602186 0.0 219
1694629602396 0.0 220
1694629602593 0.0 221
1694629602775 0.0 222
1694629602975 0.0 223
1694629603158 0.0 224
1694629603341 0.0 225
1694629603547 0.0 226
1694629603736 0.0 227
1694629603927 0.0 228
1694629604176 0.0 229
1694629604441 0.0 230
1694629604635 0.0 231
1694629604831 0.0 232
1694629605027 0.0 233
1694629605207 0.0 234
1694629605383 0.0 235
1694629605565 0.0 236
1694629605757 0.0 237
1694629605961 0.0 238
1694629606160 0.0 239
1694629606345 0.0 240
1694629606524 0.0 241
1694629606725 0.0 242
1694629606923 0.0 243
1694629607107 0.0 244
1694629607290 0.0 245
1694629607466 0.0 246
1694629607658 0.0 247
1694629607847 0.0 248
1694629608055 0.0 249
1694629608244 0.0 250
1694629608459 0.0 251
1694629608651 0.0 252
1694629608856 0.0 253
1694629609036 0.0 254
1694629609220 0.0 255
1694629609439 0.0 256
1694629609642 0.0 257
1694629609830 0.0 258
1694629610029 0.0 259
1694629610239 0.0 260
1694629610424 0.0 261
1694629610622 0.0 262
1694629610815 0.0 263
1694629611013 0.0 264
1694629611231 0.0 265
1694629611425 0.0 266
1694629611643 0.0 267
1694629611831 0.0 268
1694629612021 0.0 269
1694629612227 0.0 270
1694629612498 0.0 271
1694629612699 0.0 272
1694629612950 0.0 273
1694629613174 0.0 274
1694629613381 0.0 275
1694629613597 0.0 276
1694629613797 0.0 277
1694629614024 0.0 278
1694629614210 0.0 279
1694629614414 0.0 280
1694629614602 0.0 281
1694629614785 0.0 282
1694629614981 0.0 283
1694629615157 0.0 284
1694629615354 0.0 285
1694629615557 0.0 286
1694629615739 0.0 287
1694629615935 0.0 288
1694629616136 0.0 289
1694629616395 0.0 290
1694629616593 0.0 291
1694629616778 0.0 292
1694629616965 0.0 293
1694629617178 0.0 294
1694629617375 0.0 295
1694629617565 0.0 296
1694629617749 0.0 297
1694629617953 0.0 298
1694629618163 0.0 299
1694629618358 0.0 300
1694629618563 0.0 301
1694629618749 0.0 302
1694629618945 0.0 303
1694629619147 0.0 304
1694629619334 0.0 305
1694629619543 0.0 306
1694629619765 0.0 307
1694629619979 0.0 308
1694629620209 0.0 309
1694629620429 0.0 310
1694629620643 0.0 311
1694629620834 0.0 312
1694629621044 0.0 313
1694629621246 0.0 314
1694629621439 0.0 315
1694629621625 0.0 316
1694629621824 0.0 317
1694629622017 0.0 318
1694629622210 0.0 319
1694629622415 0.0 320
1694629622672 0.0 321
1694629622848 0.0 322
1694629623086 0.0 323
1694629623301 0.0 324
1694629623491 0.0 325
1694629623682 0.0 326
1694629623876 0.0 327
1694629624076 0.0 328
1694629624255 0.0 329
1694629624471 0.0 330
1694629624655 0.0 331
1694629624829 0.0 332
1694629625004 0.0 333
1694629625191 0.0 334
1694629625368 0.0 335
1694629625565 0.0 336
1694629625740 0.0 337
1694629625919 0.0 338
1694629626098 0.0 339
1694629626272 0.0 340
1694629626445 0.0 341
1694629626641 0.0 342
1694629626836 0.0 343
1694629627046 0.0 344
1694629627257 0.0 345
1694629627463 0.0 346
1694629627654 0.0 347
1694629627875 0.0 348
1694629628065 0.0 349
1694629628249 0.0 350
1694629628425 0.0 351
1694629628615 0.0 352
1694629628822 0.0 353
1694629629007 0.0 354
1694629629191 0.0 355
1694629629379 0.0 356
1694629629578 0.0 357
1694629629777 0.0 358
1694629630000 0.0 359
1694629630188 0.0 360
1694629630386 0.0 361
1694629630570 0.0 362
1694629630749 0.0 363
1694629630935 0.0 364
1694629631119 0.0 365
1694629631322 0.0 366
1694629631518 0.0 367
1694629631692 0.0 368
1694629631870 0.0 369
1694629632059 0.0 370
1694629632245 0.0 371
1694629632444 0.0 372
1694629632637 0.0 373
1694629632815 0.0 374
1694629632990 0.0 375
1694629633198 0.0 376
1694629633391 0.0 377
1694629633570 0.0 378
1694629633753 0.0 379
1694629633923 0.0 380
1694629634113 0.0 381
1694629634285 0.0 382
1694629634462 0.0 383
1694629634644 0.0 384
1694629634825 0.0 385
1694629635008 0.0 386
1694629635183 0.0 387
1694629635360 0.0 388
1694629635557 0.0 389
1694629635769 0.0 390
1694629635994 0.0 391
1694629636191 0.0 392
1694629636375 0.0 393
1694629636555 0.0 394
1694629636739 0.0 395
1694629636933 0.0 396
1694629637112 0.0 397
1694629637285 0.0 398
1694629637474 0.0 399
1694629637676 0.0 400
1694629637849 0.0 401
1694629638037 0.0 402
1694629638210 0.0 403
1694629638388 0.0 404
1694629638579 0.0 405
1694629638753 0.0 406
1694629638930 0.0 407
1694629639111 0.0 408
1694629639291 0.0 409
1694629639486 0.0 410
1694629639689 0.0 411
1694629639899 0.0 412
1694629640110 0.0 413
1694629640300 0.0 414
1694629640478 0.0 415
1694629640650 0.0 416
1694629640820 0.0 417
1694629640993 0.0 418
1694629641167 0.0 419
1694629641343 0.0 420
1694629641519 0.0 421
1694629641697 0.0 422
1694629641897 0.0 423
1694629642104 0.0 424
1694629642310 0.0 425
1694629642524 0.0 426
1694629642755 0.0 427
1694629642952 0.0 428
1694629643133 0.0 429
1694629643322 0.0 430
1694629643505 0.0 431
1694629643691 0.0 432
1694629643875 0.0 433
1694629644086 0.0 434
1694629644286 0.0 435
1694629644490 0.0 436
1694629644684 0.0 437
1694629644878 0.0 438
1694629645087 0.0 439
1694629645279 0.0 440
1694629645459 0.0 441
1694629645639 0.0 442
1694629645838 0.0 443
1694629646042 0.0 444
1694629646256 0.0 445
1694629646463 0.0 446
1694629646660 0.0 447
1694629646850 0.0 448
1694629647066 0.0 449
1694629647281 0.0 450
1694629647505 0.0 451
1694629647720 0.0 452
1694629647924 0.0 453
1694629648123 0.0 454
1694629648327 0.0 455
1694629648518 0.0 456
1694629648701 0.0 457
1694629648908 0.0 458
1694629649126 0.0 459
1694629649339 0.0 460
1694629649527 0.0 461
1694629649715 0.0 462
1694629649891 0.0 463
1694629650077 0.0 464
1694629650247 0.0 465
1694629650448 0.0 466
1694629650657 0.0 467
1694629650870 0.0 468
1694629651082 0.0 469
1694629651295 0.0 470
1694629651503 0.0 471
1694629651692 0.0 472
1694629651910 0.0 473
1694629652138 0.0 474
1694629652362 0.0 475
1694629652562 0.0 476
1694629652749 0.0 477
1694629652922 0.0 478
1694629653109 0.0 479
1694629653282 0.0 480
1694629653482 0.0 481
1694629653681 0.0 482
1694629653865 0.0 483
1694629654041 0.0 484
1694629654218 0.0 485
1694629654407 0.0 486
1694629654623 0.0 487
1694629654834 0.0 488
1694629655035 0.0 489
1694629655225 0.0 490
1694629655430 0.0 491
1694629655632 0.0 492
1694629655824 0.0 493
1694629656023 0.0 494
1694629656212 0.0 495
1694629656404 0.0 496
1694629656603 0.0 497
1694629656792 0.0 498
1694629657004 0.0 499
1694629657214 0.0 500
1694629657428 0.0 501
1694629657641 0.0 502
1694629657850 0.0 503
1694629658043 0.0 504
1694629658237 0.0 505
1694629658447 0.0 506
1694629658659 0.0 507
1694629658870 0.0 508
1694629659060 0.0 509
1694629659230 0.0 510
1694629659413 0.0 511
1694629659600 0.0 512
1694629659787 0.0 513
1694629660000 0.0 514
1694629660223 0.0 515
1694629660435 0.0 516
1694629660638 0.0 517
1694629660839 0.0 518
1694629661027 0.0 519
1694629661232 0.0 520
1694629661429 0.0 521
1694629661623 0.0 522
1694629661828 0.0 523
1694629662054 0.0 524
1694629662278 0.0 525
1694629662489 0.0 526
1694629662683 0.0 527
1694629662896 0.0 528
1694629663092 0.0 529
1694629663300 0.0 530
1694629663528 0.0 531
1694629663741 0.0 532
1694629663922 0.0 533
1694629664130 0.0 534
1694629664329 0.0 535
1694629664533 0.0 536
1694629664729 0.0 537
1694629664939 0.0 538
1694629665157 0.0 539
1694629665371 0.0 540
1694629665585 0.0 541
1694629665774 0.0 542
1694629665974 0.0 543
1694629666190 0.0 544
1694629666363 0.0 545
1694629666564 0.0 546
1694629666758 0.0 547
1694629666972 0.0 548
1694629667194 0.0 549
1694629667422 0.0 550
1694629667612 0.0 551
1694629667806 0.0 552
1694629667986 0.0 553
1694629668174 0.0 554
1694629668360 0.0 555
1694629668553 0.0 556
1694629668722 0.0 557
1694629668895 0.0 558
1694629669071 0.0 559
1694629669252 0.0 560
1694629669447 0.0 561
1694629669637 0.0 562
1694629669819 0.0 563
1694629670027 0.0 564
1694629670243 0.0 565
1694629670453 0.0 566
1694629670651 0.0 567
1694629670830 0.0 568
1694629671005 0.0 569
1694629671186 0.0 570
1694629671363 0.0 571
1694629671543 0.0 572
1694629671720 0.0 573
1694629671891 0.0 574
1694629672071 0.0 575
1694629672248 0.0 576
1694629672420 0.0 577
1694629672600 0.0 578
1694629672774 0.0 579
1694629672972 0.0 580
1694629673174 0.0 581
1694629673380 0.0 582
1694629673603 0.0 583
1694629673780 0.0 584
1694629674015 0.0 585
1694629674216 0.0 586
1694629674437 0.0 587
1694629674606 0.0 588
1694629674788 0.0 589
1694629675034 0.0 590
1694629675231 0.0 591
1694629675430 0.0 592
1694629675628 0.0 593
1694629675836 0.0 594
1694629676030 0.0 595
1694629676227 0.0 596
1694629676438 0.0 597
1694629676668 0.0 598
1694629676880 0.0 599
1694629677074 0.0 600
1694629677264 0.0 601
1694629677470 0.0 602
1694629677682 0.0 603
1694629677918 0.0 604
1694629678113 0.0 605
1694629678350 0.0 606
1694629678551 0.0 607
1694629678748 0.0 608
1694629678981 0.0 609
1694629679190 0.0 610
1694629679380 0.0 611
1694629679575 0.0 612
1694629679765 0.0 613
1694629679954 0.0 614
1694629680155 0.0 615
1694629680366 0.0 616
1694629680568 0.0 617
1694629680756 0.0 618
1694629680952 0.0 619
1694629681165 0.0 620
1694629681366 0.0 621
1694629681579 0.0 622
1694629681775 0.0 623
1694629681980 0.0 624
1694629682195 0.0 625
1694629682409 0.0 626
1694629682620 0.0 627
1694629682830 0.0 628
1694629683035 0.0 629
1694629683231 0.0 630
1694629683421 0.0 631
1694629683619 0.0 632
1694629683841 0.0 633
1694629684063 0.0 634
1694629684254 0.0 635
1694629684444 0.0 636
1694629684670 0.0 637
1694629684879 0.0 638
1694629685091 0.0 639
1694629685287 0.0 640
1694629685499 0.0 641
1694629685699 0.0 642
1694629685887 0.0 643
1694629686077 0.0 644
1694629686283 0.0 645
1694629686483 0.0 646
1694629686676 0.0 647
1694629686891 0.0 648
1694629687079 0.0 649
1694629687259 0.0 650
1694629687431 0.0 651
1694629687607 0.0 652
1694629687780 0.0 653
1694629687955 0.0 654
1694629688125 0.0 655
1694629688303 0.0 656
1694629688482 0.0 657
1694629688676 0.0 658
1694629688862 0.0 659
1694629689063 0.0 660
1694629689276 0.0 661
1694629689481 0.0 662
1694629689677 0.0 663
1694629689874 0.0 664
1694629690072 0.0 665
1694629690280 0.0 666
1694629690463 0.0 667
1694629690638 0.0 668
1694629690807 0.0 669
1694629690983 0.0 670
1694629691176 0.0 671
1694629691363 0.0 672
1694629691562 0.0 673
1694629691753 0.0 674
1694629691957 0.0 675
1694629692165 0.0 676
1694629692378 0.0 677
1694629692606 0.0 678
1694629692818 0.0 679
1694629693005 0.0 680
1694629693209 0.0 681
1694629693408 0.0 682
1694629693608 0.0 683
1694629693818 0.0 684
1694629694028 0.0 685
1694629694226 0.0 686
1694629694427 0.0 687
1694629694611 0.0 688
1694629694811 0.0 689
1694629695011 0.0 690
1694629695218 0.0 691
1694629695437 0.0 692
1694629695642 0.0 693
1694629695846 0.0 694
1694629696027 0.0 695
1694629696239 0.0 696
1694629696451 0.0 697
1694629696667 0.0 698
1694629696878 0.0 699
1694629697088 0.0 700
1694629697279 0.0 701
1694629697482 0.0 702
1694629697684 0.0 703
1694629697879 0.0 704
1694629698090 0.0 705
1694629698306 0.0 706
1694629698506 0.0 707
1694629698716 0.0 708
1694629698921 0.0 709
1694629699113 0.0 710
1694629699303 0.0 711
1694629699476 0.0 712
1694629699665 0.0 713
1694629699856 0.0 714
1694629700034 0.0 715
1694629700224 0.0 716
1694629700403 0.0 717
1694629700585 0.0 718
1694629700782 0.0 719
1694629700971 0.0 720
1694629701181 0.0 721
1694629701394 0.0 722
1694629701590 0.0 723
1694629701776 0.0 724
1694629701981 0.0 725
1694629702192 0.0 726
1694629702393 0.0 727
1694629702577 0.0 728
1694629702749 0.0 729
1694629702920 0.0 730
1694629703093 0.0 731
1694629703274 0.0 732
1694629703457 0.0 733
1694629703641 0.0 734
1694629703830 0.0 735
1694629704032 0.0 736
1694629704208 0.0 737
1694629704394 0.0 738
1694629704569 0.0 739
1694629704759 0.0 740
1694629704942 0.0 741
1694629705124 0.0 742
1694629705300 0.0 743
1694629705477 0.0 744
1694629705654 0.0 745
1694629705828 0.0 746
1694629706000 0.0 747
1694629706174 0.0 748
1694629706364 0.0 749
1694629706565 0.0 750
1694629706761 0.0 751
1694629706937 0.0 752
1694629707114 0.0 753
1694629707298 0.0 754
1694629707469 0.0 755
1694629707676 0.0 756
1694629707863 0.0 757
1694629708076 0.0 758
1694629708288 0.0 759
1694629708477 0.0 760
1694629708681 0.0 761
1694629708878 0.0 762
1694629709091 0.0 763
1694629709283 0.0 764
1694629709477 0.0 765
1694629709659 0.0 766
1694629709842 0.0 767
1694629710026 0.0 768
1694629710229 0.0 769
1694629710413 0.0 770
1694629710614 0.0 771
1694629710793 0.0 772
1694629710993 0.0 773
1694629711195 0.0 774
1694629711393 0.0 775
1694629711603 0.0 776
1694629711799 0.0 777
1694629712011 0.0 778
1694629712223 0.0 779
1694629712412 0.0 780
1694629712606 0.0 781
1694629712804 0.0 782
1694629713023 0.0 783
1694629713209 0.0 784
1694629713392 0.0 785
1694629713583 0.0 786
1694629713764 0.0 787
1694629713960 0.0 788
1694629714168 0.0 789
1694629714384 0.0 790
1694629714588 0.0 791
1694629714776 0.0 792
1694629714954 0.0 793
1694629715149 0.0 794
1694629715366 0.0 795
1694629715563 0.0 796
1694629715746 0.0 797
1694629715923 0.0 798
1694629716105 0.0 799
1694629716284 0.0 800
1694629716474 0.0 801
1694629716655 0.0 802
1694629716835 0.0 803
1694629717017 0.0 804
1694629717203 0.0 805
1694629717388 0.0 806
1694629717569 0.0 807
1694629717747 0.0 808
1694629717917 0.0 809
1694629718095 0.0 810
1694629718278 0.0 811
1694629718476 0.0 812
1694629718683 0.0 813
1694629718887 0.0 814
1694629719107 0.0 815
1694629719312 0.0 816
1694629719501 0.0 817
1694629719707 0.0 818
1694629719894 0.0 819
1694629720128 0.0 820
1694629720323 0.0 821
1694629720498 0.0 822
1694629720680 0.0 823
1694629720862 0.0 824
1694629721039 0.0 825
1694629721233 0.0 826
1694629721429 0.0 827
1694629721625 0.0 828
1694629721828 0.0 829
1694629722041 0.0 830
1694629722252 0.0 831
1694629722448 0.0 832
1694629722641 0.0 833
1694629722841 0.0 834
1694629723018 0.0 835
1694629723194 0.0 836
1694629723393 0.0 837
1694629723580 0.0 838
1694629723786 0.0 839
1694629723972 0.0 840
1694629724186 0.0 841
1694629724406 0.0 842
1694629724593 0.0 843
1694629724780 0.0 844
1694629724962 0.0 845
1694629725168 0.0 846
1694629725356 0.0 847
1694629725538 0.0 848
1694629725721 0.0 849
1694629725919 0.0 850
1694629726105 0.0 851
1694629726292 0.0 852
1694629726473 0.0 853
1694629726670 0.0 854
1694629726856 0.0 855
1694629727050 0.0 856
1694629727265 0.0 857
1694629727482 0.0 858
1694629727700 0.0 859
1694629727921 0.0 860
1694629728125 0.0 861
1694629728315 0.0 862
1694629728526 0.0 863
1694629728734 0.0 864
1694629728933 0.0 865
1694629729120 0.0 866
1694629729298 0.0 867
1694629729483 0.0 868
1694629729657 0.0 869
1694629729844 0.0 870
1694629730052 0.0 871
1694629730242 0.0 872
1694629730443 0.0 873
1694629730635 0.0 874
1694629730822 0.0 875
1694629731008 0.0 876
1694629731232 0.0 877
1694629731439 0.0 878
1694629731636 0.0 879
1694629731832 0.0 880
1694629732048 0.0 881
1694629732257 0.0 882
1694629732461 0.0 883
1694629732652 0.0 884
1694629732845 0.0 885
1694629733043 0.0 886
1694629733258 0.0 887
1694629733469 0.0 888
1694629733651 0.0 889
1694629733827 0.0 890
1694629734014 0.0 891
1694629734210 0.0 892
1694629734416 0.0 893
1694629734613 0.0 894
1694629734786 0.0 895
1694629734975 0.0 896
1694629735161 0.0 897
1694629735338 0.0 898
1694629735520 0.0 899
1694629735698 0.0 900
1694629735866 0.0 901
1694629736054 0.0 902
1694629736230 0.0 903
1694629736413 0.0 904
1694629736623 0.0 905
1694629736802 0.0 906
1694629736988 0.0 907
1694629737171 0.0 908
1694629737356 0.0 909
1694629737536 0.0 910
1694629737724 0.0 911
1694629737897 0.0 912
1694629738092 0.0 913
1694629738268 0.0 914
1694629738454 0.0 915
1694629738645 0.0 916
1694629738817 0.0 917
1694629739003 0.0 918
1694629739193 0.0 919
1694629739391 0.0 920
1694629739596 0.0 921
1694629739810 0.0 922
1694629740052 0.0 923
1694629740270 0.0 924
1694629740484 0.0 925
1694629740663 0.0 926
1694629740849 0.0 927
1694629741084 0.0 928
1694629741296 0.0 929
1694629741499 0.0 930
1694629741696 0.0 931
1694629741940 0.0 932
1694629742167 0.0 933
1694629742388 0.0 934
1694629742602 0.0 935
1694629742805 0.0 936
1694629743030 0.0 937
1694629743253 0.0 938
1694629743451 0.0 939
1694629743650 0.0 940
1694629743879 0.0 941
1694629744090 0.0 942
1694629744284 0.0 943
1694629744464 0.0 944
1694629744644 0.0 945
1694629744851 0.0 946
1694629745051 0.0 947
1694629745226 0.0 948
1694629745417 0.0 949
1694629745614 0.0 950
1694629745825 0.0 951
1694629746049 0.0 952
1694629746269 0.0 953
1694629746477 0.0 954
1694629746673 0.0 955
1694629746868 0.0 956
1694629747055 0.0 957
1694629747257 0.0 958
1694629747482 0.0 959
1694629747699 0.0 960
1694629747874 0.0 961
1694629748075 0.0 962
1694629748261 0.0 963
1694629748445 0.0 964
1694629748646 0.0 965
1694629748826 0.0 966
1694629749006 0.0 967
1694629749194 0.0 968
1694629749390 0.0 969
1694629749617 0.0 970
1694629749826 0.0 971
1694629750027 0.0 972
1694629750234 0.0 973
1694629750455 0.0 974
1694629750648 0.0 975
1694629750854 0.0 976
1694629751050 0.0 977
1694629751257 0.0 978
1694629751448 0.0 979
1694629751661 0.0 980
1694629751871 0.0 981
1694629752085 0.0 982
1694629752276 0.0 983
1694629752450 0.0 984
1694629752630 0.0 985
1694629752826 0.0 986
1694629753002 0.0 987
1694629753176 0.0 988
1694629753355 0.0 989
1694629753527 0.0 990
1694629753697 0.0 991
1694629753881 0.0 992
1694629754052 0.0 993
1694629754233 0.0 994
1694629754449 0.0 995
1694629754659 0.0 996
1694629754861 0.0 997
1694629755041 0.0 998
1694629755255 0.0 999
