1694629126126 0.06703622795047053 0
1694629126325 0.00974928678070835 1
1694629126556 0.02597566716009144 2
1694629126767 0.034298343320755924 3
1694629126970 0.05480043546662018 4
1694629127160 0.0969657094348875 5
1694629127378 0.24766697382338454 6
1694629127571 0.046546987991546517 7
1694629127760 0.0002814667273973472 8
1694629127939 0.06114159623145964 9
1694629128101 0.045391436806456756 10
1694629128316 0.029513781660348997 11
1694629128529 0.06976667499072904 12
1694629128710 0.00013787899428556596 13
1694629128890 0.057225862515643065 14
1694629129071 0.0006371810041550513 15
1694629129258 0.2590814886046434 16
1694629129443 0.01264996563521492 17
1694629129643 0.00839718727279716 18
1694629129845 0.013315726630928622 19
1694629130025 2.6907570822521746e-05 20
1694629130245 0.9301660519275963 21
1694629130444 1.965469816985877e-05 22
1694629130635 0.006733369984437442 23
1694629130818 0.4898091906809168 24
1694629131020 0.24540435826175985 25
1694629131213 0.06750659795403775 26
1694629131444 0.06987793759246785 27
1694629131618 0.015805975024938166 28
1694629131817 0.01563815805622087 29
1694629132034 0.16668349597789306 30
1694629132216 0.004788701610512036 31
1694629132404 0.2243067161327815 32
1694629132602 0.6640980381055219 33
1694629132780 0.1341566221726321 34
1694629132988 0.0016041616026059716 35
1694629133188 0.021909460182106127 36
1694629133379 0.021604588807769703 37
1694629133574 0.043744601454852254 38
1694629133795 0.20575538820993453 39
1694629134008 1.1861466002211959e-05 40
1694629134171 0.0005120144579020597 41
1694629134358 0.1301382456224348 42
1694629134535 0.08549173954297909 43
1694629134704 0.26816566269105324 44
1694629134877 0.031585129172853804 45
1694629135076 0.021378734930392336 46
1694629135272 0.02490860728788846 47
1694629135463 0.09201889007003025 48
1694629135677 0.0027469069498693532 49
1694629135859 0.19795016051400932 50
1694629136051 0.005013388957492529 51
1694629136265 0.1426655644775072 52
1694629136445 0.08082719039614761 53
1694629136642 0.0106118819264907 54
1694629136818 0.6878930405723512 55
1694629137022 0.04255596143440855 56
1694629137215 0.41756983512154394 57
1694629137417 0.04995807329067953 58
1694629137615 0.010644546641000738 59
1694629137799 0.07520959483947397 60
1694629137979 0.010398983139596524 61
1694629138193 0.11827870801952121 62
1694629138373 0.12850449631600996 63
1694629138587 0.0959664666666206 64
1694629138769 0.012083535678515502 65
1694629138963 1.5382452490730709e-06 66
1694629139160 0.10853279378022841 67
1694629139387 0.028203218851014147 68
1694629139579 0.04912814901757787 69
1694629139765 0.006688686563531102 70
1694629139965 0.1637623805154265 71
1694629140208 0.1548656223508894 72
1694629140383 0.003784112232404918 73
1694629140588 0.1621423083764326 74
1694629140769 0.002963789597830214 75
1694629140952 1.7026497637612865 76
1694629141158 0.10733157898572204 77
1694629141341 0.0021611832275333525 78
1694629141519 0.06072327220731728 79
1694629141717 0.04854150493708325 80
1694629141903 0.08885389760908377 81
1694629142104 0.0016062673936706468 82
1694629142287 0.04453062470049609 83
1694629142502 0.1893130238686637 84
1694629142722 0.06415233406847311 85
1694629142923 0.00405072291214095 86
1694629143109 0.08745192251398337 87
1694629143294 0.09547268335042167 88
1694629143488 0.04990780890245656 89
1694629143657 0.2765003885493407 90
1694629143841 0.21827739087577205 91
1694629144028 2.5492574706301726e-05 92
1694629144207 0.00863315330740179 93
1694629144412 0.0002606751419135106 94
1694629144596 0.11081201197066631 95
1694629144793 0.00018237080701368616 96
1694629145005 0.5303376915579746 97
1694629145218 0.12050617168661681 98
1694629145422 0.005477307023320358 99
1694629145669 0.1880040505812368 100
1694629145895 0.00015702606451307687 101
1694629146096 0.11151168671038157 102
1694629146284 0.005754449424635049 103
1694629146464 0.14081162976191075 104
1694629146713 0.01627075790830008 105
1694629146921 0.16670021059866172 106
1694629147127 0.145646469054108 107
1694629147323 0.00027982292779891386 108
1694629147516 0.0061232351373822986 109
1694629147696 0.0074316532119884 110
1694629147865 2.4125392988175236e-05 111
1694629148005 0.3723195342843872 112
1694629148227 1.2125423634419499 113
1694629148412 0.028091001232039257 114
1694629148593 0.040601924043568355 115
1694629148765 0.08511712064173707 116
1694629148956 0.038354161087937357 117
1694629149175 0.12733658860200275 118
1694629149363 0.0044311898969009895 119
1694629149545 0.010491403616979708 120
1694629149730 0.24309380418206883 121
1694629149924 0.32709998918330613 122
1694629150038 0.09635427147034713 123
1694629150409 0.045630129498132846 124
1694629150620 0.015625842490528986 125
1694629150820 0.04381617143568912 126
1694629150994 0.216894380998399 127
1694629151171 0.7309593282886696 128
1694629151343 0.0074644173979044135 129
1694629151552 0.00026693799674278783 130
1694629151736 0.02893563398268479 131
1694629151921 0.07224075618373434 132
1694629152124 0.09432456842867187 133
1694629152331 0.004403394752815264 134
1694629152531 0.04269894649352842 135
1694629152736 0.04148490243052642 136
1694629152910 0.0009253751871312224 137
1694629153117 0.1862508239228659 138
1694629153289 0.00015960683918759026 139
1694629153460 0.012750173554921425 140
1694629153684 0.0019003084646392824 141
1694629153882 0.0005737418411738542 142
1694629154073 0.04676180207358894 143
1694629154272 0.0002990076686685071 144
1694629154461 0.002147819853769563 145
1694629154667 0.05717299471812142 146
1694629154840 0.030755715788608175 147
1694629155037 0.0917967953026144 148
1694629155266 0.0067370063751078 149
1694629155489 0.2189111878834405 150
1694629155704 0.5442862750915481 151
1694629155890 0.1686152887958366 152
1694629156071 1.0151881030152807 153
1694629156262 0.015912939331763246 154
1694629156441 0.11754408461448003 155
1694629156648 0.06413618131144373 156
1694629156909 0.017105124406485008 157
1694629157114 0.12362488284887913 158
1694629157295 0.15357147869213053 159
1694629157491 0.014801849136577038 160
1694629157674 0.04545102264429524 161
1694629157876 0.010224651576834545 162
1694629158062 0.050453297043848246 163
1694629158238 0.049036452133265046 164
1694629158475 0.110264154328314 165
1694629158658 0.0750704129877797 166
1694629158859 0.12011627995523666 167
1694629159070 0.2249393269869054 168
1694629159256 0.0013447995806170814 169
1694629159438 0.17551973815770658 170
1694629159662 0.22390006828341255 171
1694629159874 0.04616514117290032 172
1694629160083 0.20246914845453357 173
1694629160320 0.16798232219241507 174
1694629160528 0.018420759174502022 175
1694629160730 0.018147840479588787 176
1694629160957 0.2813810659918661 177
1694629161146 0.008581476075512158 178
1694629161359 0.005586000160170574 179
1694629161572 2.0036221705502526 180
1694629161780 0.18824153711491298 181
1694629161983 0.1015668334863536 182
1694629162199 1.6892339796603865e-06 183
1694629162399 0.00959432457838809 184
1694629162590 8.432331157438926e-06 185
1694629162770 0.10127364261961588 186
1694629162945 0.018730720747421718 187
1694629163129 0.8332123380053187 188
1694629163344 2.844792399773224e-05 189
1694629163570 0.016986290824924567 190
1694629163759 0.03246274752102385 191
1694629163971 0.38620615191280044 192
1694629164149 0.03260286798480379 193
1694629164316 0.5920859069493165 194
1694629164543 0.0032172298354650867 195
1694629164723 0.4078883236011584 196
1694629164910 0.9724084350705532 197
1694629165095 0.04055590290737489 198
1694629165304 0.025002909233170532 199
1694629165491 0.056283628689251575 200
1694629165668 0.006950340410049756 201
1694629165860 0.20583502126822958 202
1694629166049 0.01838648690140861 203
1694629166239 0.07849068257412367 204
1694629166427 0.03815367377455911 205
1694629166597 0.010225188544657926 206
1694629166768 0.048399539781058855 207
1694629166955 0.04007757463560527 208
1694629167157 0.0001051427414870532 209
1694629167327 0.0037465511606802624 210
1694629167509 0.017847377929404083 211
1694629167716 0.0020592356377003157 212
1694629167922 0.00554957400612845 213
1694629168102 0.06688643475765657 214
1694629168284 0.10184977514511116 215
1694629168472 0.31085578753187826 216
1694629168670 0.01887094350705886 217
1694629168839 0.020606362892399494 218
1694629169015 0.05224611681971719 219
1694629169209 1.1050998138816999 220
1694629169391 0.14064840632223646 221
1694629169597 0.13631353480120872 222
1694629169808 0.011210765464365002 223
1694629170008 0.00562306301588223 224
1694629170189 0.025098404104258256 225
1694629170361 0.0015274813324575188 226
1694629170565 0.009027016224645036 227
1694629170748 0.05331842899305604 228
1694629170925 0.14324701554813274 229
1694629171102 0.14049334587925008 230
1694629171274 0.04619973485362485 231
1694629171468 0.005230305199309806 232
1694629171647 0.1184330357741939 233
1694629171842 0.15139906467201264 234
1694629172031 0.057776852117083756 235
1694629172210 0.10201715142647987 236
1694629172429 0.11249964412944222 237
1694629172631 0.13057920895535752 238
1694629172822 0.19163101648997513 239
1694629173039 0.04531286557864721 240
1694629173227 0.0039345611690259075 241
1694629173408 0.009645618970788606 242
1694629173596 0.0018234716969967805 243
1694629173792 1.2388526810906724 244
1694629173990 0.5310380137577289 245
1694629174159 0.4864968512921131 246
1694629174330 0.0005973060379564174 247
1694629174535 0.023828887638154675 248
1694629174717 0.22184885957122533 249
1694629174901 0.12170136843592104 250
1694629175074 0.11789993944562616 251
1694629175303 0.4575850236861458 252
1694629175485 0.0029715029344646606 253
1694629175678 0.25787387528110955 254
1694629175857 0.13891182994227774 255
1694629176065 0.023102415761494882 256
1694629176245 0.009429347235949927 257
1694629176421 0.01959098895865473 258
1694629176611 0.006685545385802788 259
1694629176804 0.1769147521567909 260
1694629177026 0.7756793298813516 261
1694629177215 0.0951300454984828 262
1694629177414 0.041099258195557785 263
1694629177599 0.005759228338741179 264
1694629177778 0.021291810647698257 265
1694629177951 2.4287340287541843 266
1694629178149 0.1298970071204866 267
1694629178349 0.017974683488102966 268
1694629178539 0.012172024610532576 269
1694629178723 0.1340157544223976 270
1694629178913 0.10916368368235714 271
1694629179106 0.01468903255988789 272
1694629179339 0.0020627284705946602 273
1694629179528 0.005038672684069016 274
1694629179745 0.04270835014809025 275
1694629179927 0.0028111302825703875 276
1694629180141 0.23763570171452023 277
1694629180336 0.2921247483898423 278
1694629180526 0.026596686140025368 279
1694629180757 0.0028541472056154665 280
1694629180949 0.1678753646315987 281
1694629181138 0.002778997095125208 282
1694629181321 0.029618518046101144 283
1694629181519 0.007089673495409445 284
1694629181718 0.0002932895875927232 285
1694629181888 0.21915029823425825 286
1694629182072 0.10498020000508548 287
1694629182248 0.09001159411814795 288
1694629182425 0.0007259729857628882 289
1694629182624 0.0035153976412096786 290
1694629182857 0.052628036961567724 291
1694629183144 0.00017587694938800283 292
1694629183341 0.42502967655547924 293
1694629183559 0.19942119694523672 294
1694629183740 0.007290317545259473 295
1694629183933 0.0009221073849513053 296
1694629184119 0.00877880002811604 297
1694629184349 0.314651577581533 298
1694629184541 0.08862991780027747 299
1694629184755 0.04495288526374452 300
1694629184933 0.008419791495139845 301
1694629185148 0.11172907867612075 302
1694629185354 0.126842754917408 303
1694629185556 0.028664560505987324 304
1694629185774 0.003968998550243127 305
1694629185956 0.0008579011513660251 306
1694629186149 0.37602506996963636 307
1694629186347 0.0918218198514585 308
1694629186546 0.028329055918269244 309
1694629186750 2.800658702252153e-06 310
1694629186957 0.03149841832334291 311
1694629187161 0.0412199027918553 312
1694629187364 0.023826164560387855 313
1694629187544 3.235034769605903e-06 314
1694629187737 0.002839246563936426 315
1694629187934 0.08090318254649183 316
1694629188166 0.004762217597551626 317
1694629188381 0.146222806546633 318
1694629188571 0.009402726651079569 319
1694629188755 0.0384895796202178 320
1694629188955 0.7892258988373815 321
1694629189144 0.11925094321554656 322
1694629189333 0.1296853070743974 323
1694629189536 0.09032761960337812 324
1694629189729 0.012137702646175709 325
1694629189924 0.004104591478033392 326
1694629190121 0.43267333216797754 327
1694629190322 0.00011547229001630707 328
1694629190534 0.042233047290758954 329
1694629190725 0.056766780262117685 330
1694629190929 0.21389435487814457 331
1694629191116 0.008955965248422362 332
1694629191306 0.003263545165611866 333
1694629191503 0.030159485010546352 334
1694629191690 0.24096143876405443 335
1694629191872 0.20514605960561644 336
1694629192053 0.028517501422988048 337
1694629192263 0.08033759410995302 338
1694629192432 0.0021803518670712035 339
1694629192599 0.016057885773573786 340
1694629192808 0.07866315423776034 341
1694629192981 0.05194839117681028 342
1694629193162 0.006329592977356594 343
1694629193369 0.06897848197602488 344
1694629193539 0.011410967608261206 345
1694629193689 0.5294250384100622 346
1694629193915 0.1466984265549444 347
1694629194109 0.026367575929258043 348
1694629194300 0.08354062475374174 349
1694629194495 0.00829088319846052 350
1694629194702 0.07110568372341555 351
1694629194918 8.938168104652353e-05 352
1694629195096 0.0211793500358585 353
1694629195294 0.013591521173779082 354
1694629195480 0.21614057494356737 355
1694629195654 0.8226621431895142 356
1694629195829 0.07605112849649548 357
1694629196056 0.013731590249512513 358
1694629196228 0.04104685208829968 359
1694629196421 0.20455173993874504 360
1694629196606 0.01456665446765043 361
1694629196775 0.05947070523903713 362
1694629196941 0.24167219959017422 363
1694629197147 0.28810270553283185 364
1694629197331 0.00018881700047644235 365
1694629197563 0.08404364769234764 366
1694629197784 0.04195234032531353 367
1694629197996 0.04563590759671793 368
1694629198181 0.06037035649253213 369
1694629198349 0.0010541577693317984 370
1694629198555 0.1383669604989345 371
1694629198756 0.16496347373194853 372
1694629198935 0.021555160471622828 373
1694629199106 0.013990680851098043 374
1694629199329 0.0029033626960848886 375
1694629199549 0.005638267654920984 376
1694629199759 0.10201801293893692 377
1694629199979 0.15592282865727458 378
1694629200176 0.09109215312064613 379
1694629200372 0.1880244677906878 380
1694629200577 0.1247407522969549 381
1694629200748 0.05480014281885513 382
1694629200925 0.018792158532833097 383
1694629201149 0.0003273658845238143 384
1694629201351 0.025566953656069497 385
1694629201564 0.038444609138334786 386
1694629201771 0.039834403424370744 387
1694629201998 0.043678723279486985 388
1694629202195 0.05358206295928667 389
1694629202372 0.16255172556446706 390
1694629202595 0.018249671730216844 391
1694629202783 0.11147933950688943 392
1694629202971 0.360979707107341 393
1694629203167 0.8433158132211591 394
1694629203358 0.6507147453177298 395
1694629203538 0.00738021129046547 396
1694629203710 0.019323052086754586 397
1694629203916 0.15781799951346834 398
1694629204182 3.6617047720132694e-05 399
1694629204393 0.3243055463080919 400
1694629204591 0.001264237131545288 401
1694629204777 0.07263792238896265 402
1694629204949 0.03444338805046486 403
1694629205138 1.0011714196272048 404
1694629205322 0.005501013772569584 405
1694629205510 0.010611221525158821 406
1694629205681 0.027211545906359907 407
1694629205874 0.376841601738662 408
1694629206056 0.07614331796026873 409
1694629206245 0.2573595013481608 410
1694629206454 0.04059647614131775 411
1694629206639 0.6220111482355288 412
1694629206825 0.2235833213472405 413
1694629207010 0.01372902882507636 414
1694629207201 0.24073109952244465 415
1694629207412 0.003189970678283617 416
1694629207632 0.05579749449043895 417
1694629207814 0.17959778142443333 418
1694629208013 0.0005212847436813892 419
1694629208196 0.02129969875729568 420
1694629208389 0.00862623152838236 421
1694629208595 0.0007670496977621982 422
1694629208793 0.014287179241045096 423
1694629208983 0.18145033401384347 424
1694629209167 0.31196216984419706 425
1694629209389 0.004058986347283255 426
1694629209583 0.02919477974938137 427
1694629209770 0.11324610707876501 428
1694629209971 0.012917103880453676 429
1694629210171 0.10548710331851106 430
1694629210379 0.2793168367257105 431
1694629210618 0.2196243912200723 432
1694629210810 0.07381205605691118 433
1694629210997 0.010814118507389937 434
1694629211198 0.11302084631815924 435
1694629211374 0.005975495880492952 436
1694629211579 0.000588895387124833 437
1694629211771 0.0707002305451319 438
1694629211954 0.7825578744588498 439
1694629212129 0.0018510314266429453 440
1694629212322 0.34739829712314785 441
1694629212509 0.43586403964049986 442
1694629212700 0.0019863087554118446 443
1694629212885 0.0010471714102156353 444
1694629213079 0.024106028222125004 445
1694629213273 0.343236742712568 446
1694629213466 0.07733290328020884 447
1694629213666 0.003707532877731596 448
1694629213854 0.02159305509521436 449
1694629214065 0.0057336089712199615 450
1694629214242 0.055960206537163285 451
1694629214419 0.11227152163499793 452
1694629214598 0.10821109647101734 453
1694629214778 0.0902558522951997 454
1694629214990 0.08091594469930778 455
1694629215181 0.12709123535527392 456
1694629215379 0.03851796716795711 457
1694629215565 0.26253470420536273 458
1694629215758 0.23067965152075767 459
1694629215964 1.3444014318396267e-05 460
1694629216169 0.0018788833025037916 461
1694629216393 0.05266782548069751 462
1694629216585 0.44477888740448557 463
1694629216768 0.022756567024147127 464
1694629216961 0.033784466128535036 465
1694629217147 0.014985193177209477 466
1694629217393 0.006596793791427515 467
1694629217622 0.10024441067134456 468
1694629217822 0.02037824322977264 469
1694629217998 0.0030304726595884427 470
1694629218184 0.5095752979469913 471
1694629218402 0.015413874227562956 472
1694629218589 0.07289569692749515 473
1694629218785 0.039268836451107264 474
1694629219001 0.03810207358970798 475
1694629219187 0.6679446579667201 476
1694629219383 0.09098121706233782 477
1694629219565 0.11676351088167809 478
1694629219757 1.957265594052358e-07 479
1694629219980 0.03647852039004267 480
1694629220189 0.015123724444667 481
1694629220374 0.056777135564781166 482
1694629220616 0.13042432936678763 483
1694629220801 0.009801175188939 484
1694629220985 0.049754266996754906 485
1694629221186 0.15723903708052625 486
1694629221367 0.17473731276304177 487
1694629221555 0.24747121762358634 488
1694629221777 0.1609711722725671 489
1694629221989 0.058363228983456104 490
1694629222202 0.06834740276654967 491
1694629222396 0.013277077690028645 492
1694629222634 0.33925971000854904 493
1694629222822 0.008611367627846141 494
1694629223017 0.0672697954460841 495
1694629223201 0.2630787458615694 496
1694629223411 0.011631591178138731 497
1694629223643 0.14864192045760313 498
1694629223886 2.8986606524604124e-05 499
1694629224093 0.04399877628480795 500
1694629224274 0.1177810920733921 501
1694629224471 0.19630149319156545 502
1694629224662 0.026204189326127243 503
1694629224857 0.016569087881804296 504
1694629225054 0.07651191585854185 505
1694629225230 0.08851111756477453 506
1694629225408 0.49640033253311905 507
1694629225611 0.2841859828963111 508
1694629225797 0.01979856390370693 509
1694629225999 0.3074019463520948 510
1694629226183 0.09880578765342059 511
1694629226368 0.013166516111854251 512
1694629226557 0.17218133986080764 513
1694629226735 0.03357728286017162 514
1694629226919 0.27071021574370235 515
1694629227114 0.1707015478301445 516
1694629227304 0.1477953755069979 517
1694629227510 0.03609069452777719 518
1694629227707 0.02181967300475957 519
1694629227901 0.07160269262816878 520
1694629228116 0.22245959165707924 521
1694629228292 0.016153234362085395 522
1694629228489 0.03141541191364063 523
1694629228688 0.5113518533792756 524
1694629228861 0.0244906556113236 525
1694629229031 0.03630769616086868 526
1694629229214 0.13076547753229453 527
1694629229390 0.016698216174846525 528
1694629229586 0.017500090436266803 529
1694629229764 0.011199677974144754 530
1694629229945 0.08843764296495125 531
1694629230138 0.0002703953908311498 532
1694629230335 0.1758828287589127 533
1694629230565 0.0002416884119422991 534
1694629230783 0.27239945386856046 535
1694629230969 0.09967024293037523 536
1694629231152 0.03067427150653171 537
1694629231378 0.00016631427749891443 538
1694629231590 0.02561940622554798 539
1694629231805 0.018351545483331105 540
1694629232029 0.5191881093760448 541
1694629232232 0.2426289613523444 542
1694629232432 0.021186461179421856 543
1694629232635 0.0357559445477654 544
1694629232808 0.005936051970169095 545
1694629232989 0.0765943168099761 546
1694629233173 8.439663953745008e-05 547
1694629233363 0.07896716135047124 548
1694629233538 0.20939236549797438 549
1694629233716 1.1375533518943144 550
1694629233908 0.08927797144680007 551
1694629234091 0.30837629557047347 552
1694629234283 0.09696022650482068 553
1694629234452 0.042315942256600333 554
1694629234633 0.007645317117067646 555
1694629234873 0.016932885115405128 556
1694629235078 0.015315693639100316 557
1694629235296 0.010283411676385181 558
1694629235502 0.03428979706129524 559
1694629235675 0.038580995640160536 560
1694629235873 0.008968041906291545 561
1694629236072 0.10078828673515097 562
1694629236260 0.0010592932888465897 563
1694629236465 0.3853364895651764 564
1694629236667 0.056063537821883516 565
1694629236856 0.0020025101818876992 566
1694629237066 0.01350722476850329 567
1694629237262 0.04440300361975871 568
1694629237458 0.4640855956344837 569
1694629237679 0.0003334840405376191 570
1694629237851 0.45240712139359784 571
1694629238096 0.15975396686988652 572
1694629238309 0.0008789271337664998 573
1694629238535 0.0003292800821036194 574
1694629238735 0.0005432638041945732 575
1694629238920 0.0016033678841906208 576
1694629239107 0.11640318486902702 577
1694629239294 0.42227657464069956 578
1694629239474 0.09188088395923624 579
1694629239671 0.005513215748659595 580
1694629239889 0.055399360808409834 581
1694629240074 0.037515642647817454 582
1694629240253 0.1739523307576411 583
1694629240462 0.033691671804332766 584
1694629240646 0.037162922020963426 585
1694629240893 0.006008678637184362 586
1694629241507 0.010263658967620893 587
1694629242398 0.19045309910891553 588
1694629243046 0.0011611615487960977 589
1694629243611 0.00026872163355339234 590
1694629244123 0.001110520928412681 591
1694629244602 0.0012031770190275282 592
1694629245106 0.07406114724504571 593
1694629245607 0.000626633966607695 594
1694629246389 0.0001451102279070317 595
1694629247197 0.20928537406320322 596
1694629248118 0.007598084920762788 597
1694629248797 0.00568239206226777 598
1694629249649 0.046168443579715716 599
1694629250491 0.02190586473335959 600
1694629251185 0.019542384888028314 601
1694629251779 0.27824872424956987 602
1694629252335 0.543946788547811 603
1694629252802 0.008746546106645214 604
1694629253283 0.05011026651980614 605
1694629253715 0.05873482215943698 606
1694629254321 0.2341794716762249 607
1694629254705 0.14497161461704064 608
1694629255037 0.006917943089407426 609
1694629255392 0.21597271241870522 610
1694629255711 0.005197937294187672 611
1694629256014 0.02366905022606145 612
1694629256291 1.6395205646281044e-07 613
1694629256602 0.0763273970856915 614
1694629256947 0.02222143107768777 615
1694629257851 0.15728223243601205 616
1694629258879 0.9168608472833355 617
1694629259443 0.019154259466698607 618
1694629259989 0.16974214862211262 619
1694629260738 0.0030732865982085805 620
1694629261420 0.0064168674217808756 621
1694629261838 0.006257129891958571 622
1694629262338 0.004496844398207482 623
1694629262839 6.569795349931228e-06 624
1694629263326 0.06619207515694905 625
1694629263783 0.002488566826999631 626
1694629264196 0.004982617440471555 627
1694629264615 0.21259053185331053 628
1694629265112 0.6990375790578374 629
1694629265557 0.03137206574618982 630
1694629266012 0.115667125890175 631
1694629266417 0.08778591318893463 632
1694629266890 0.0017493337183188337 633
1694629267410 0.3144954114998973 634
1694629267841 0.0061553674237911395 635
1694629268213 0.02501083165575494 636
1694629268558 0.015747993657490775 637
1694629268986 0.004721699481283967 638
1694629269350 0.04582192498191511 639
1694629269751 0.20541984143636824 640
1694629270108 0.0021046796136037155 641
1694629270456 0.14501742443796373 642
1694629270795 0.14205709046906947 643
1694629271206 0.007133017439852353 644
1694629271590 0.06120083502637747 645
1694629272005 0.3130081722461085 646
1694629272357 0.03271463730306299 647
1694629272729 0.0003038428770296722 648
1694629273078 0.005060121465365035 649
1694629273442 0.1270709943716577 650
1694629273788 0.010191012117781917 651
1694629274146 0.029989703109985305 652
1694629274496 0.08269322161111532 653
1694629274811 0.00015988060097115443 654
1694629275281 0.02504876048631111 655
1694629275683 0.016328880950091947 656
1694629276012 0.0016465030421080192 657
1694629276362 0.008362393760780155 658
1694629276782 0.07208018224447449 659
1694629277180 0.04629382237601553 660
1694629277561 0.14916304294722302 661
1694629277961 0.18175231831373695 662
1694629278376 0.06060627484546212 663
1694629278726 0.16921347229274586 664
1694629279140 0.00026948892052642946 665
1694629279463 0.06490238978049902 666
1694629279813 0.003976424117089033 667
1694629280155 0.13700964492314216 668
1694629280502 0.00029046499618253126 669
1694629280871 0.2382606647122163 670
1694629281226 0.02943682134397974 671
1694629281593 0.0023680757087908674 672
1694629281930 1.2659256625835442 673
1694629282261 0.018121523434367712 674
1694629282605 0.13575526888203687 675
1694629282950 0.2243678277549061 676
1694629283300 0.1615091158116123 677
1694629283660 0.00662697463666342 678
1694629284092 0.09190479842572262 679
1694629284450 0.0744691637062861 680
1694629284850 0.19881443961423506 681
1694629285199 0.004117947011338856 682
1694629285579 0.0007195285730736011 683
1694629285922 0.40536063135401496 684
1694629286310 0.008136460486773394 685
1694629286642 0.07096581659154275 686
1694629286995 0.0028822387781176537 687
1694629287357 0.06242003800040865 688
1694629287722 0.06518885901777098 689
1694629288104 0.6886960365165762 690
1694629288468 0.014514194394469014 691
1694629288858 0.2060770765485009 692
1694629289317 0.0025121236934331696 693
1694629289671 0.005171952433892586 694
1694629290075 0.052580755587958106 695
1694629290445 0.09649292767501932 696
1694629290741 2.32008614106925 697
1694629291132 0.2684934393907198 698
1694629291495 0.13026284360192433 699
1694629291854 0.3921056225048581 700
1694629292216 0.005463098105610437 701
1694629292610 0.1167659349648412 702
1694629292945 2.154922292646667e-05 703
1694629293308 0.0017033085693834663 704
1694629293649 0.014159341613786597 705
1694629294092 0.03407212697826774 706
1694629294518 0.000564520911884473 707
1694629294866 0.5997144772560952 708
1694629295244 0.2785307803731693 709
1694629295616 0.007185429101237846 710
1694629295989 0.005194689599820999 711
1694629296345 0.13740730730742953 712
1694629296712 0.07217247382039722 713
1694629297077 0.37255478141678705 714
1694629297456 0.17416504569099656 715
1694629297816 0.33414003453852037 716
1694629298228 0.3741061825634456 717
1694629298594 0.11537067580274524 718
1694629298985 0.12392843264766473 719
1694629299387 0.07909863406059883 720
1694629299822 0.055284694065432224 721
1694629300154 0.19708810203280913 722
1694629300551 0.015647245934983102 723
1694629300878 0.01456466058678046 724
1694629301263 0.09101243975042053 725
1694629301614 0.0002936166634218275 726
1694629302026 0.008384656475056334 727
1694629302410 0.02531031897029804 728
1694629302843 0.006830985883961795 729
1694629303432 0.03997250360313476 730
1694629303868 0.062105588860941204 731
1694629304215 0.3780166605660822 732
1694629304629 0.00910315107436947 733
1694629304956 0.0048552501028324745 734
1694629305458 0.03795546602509595 735
1694629305838 0.057764345893824995 736
1694629306236 0.016138604015729172 737
1694629306627 0.005442367496101468 738
1694629307007 0.017136985087162857 739
1694629307371 0.5297013001326346 740
1694629307729 0.08681322968200288 741
1694629308059 0.3868081517682404 742
1694629308417 0.1364713743454923 743
1694629308787 0.03402269996196193 744
1694629309162 0.015633358537193075 745
1694629309517 0.020980113881368535 746
1694629309959 0.458087138554684 747
1694629310341 0.0953508478742591 748
1694629310706 0.07363297173423387 749
1694629311155 0.3694571340037264 750
1694629311505 0.020133221420837146 751
1694629311856 0.04424442178219873 752
1694629312249 0.16162948301734537 753
1694629312624 0.03194860565809325 754
1694629312984 0.0156063970752091 755
1694629313358 0.5073354815241803 756
1694629313675 0.3784064544438482 757
1694629313924 0.023363730366717357 758
1694629314155 0.11390695827203995 759
1694629314342 0.17162892142088407 760
1694629314553 0.1745603351918682 761
1694629314768 0.04266406617819627 762
1694629314971 0.020752769921641035 763
1694629315167 0.009813860709950962 764
1694629315373 0.11584068925249286 765
1694629315580 0.14839488660189226 766
1694629315789 0.4914972664750124 767
1694629315993 0.03177571665365983 768
1694629316213 0.017566370155947142 769
1694629316424 0.0010397109580140647 770
1694629316625 0.18625497259801435 771
1694629316843 0.06644469398115298 772
1694629317049 0.12490534397796049 773
1694629317259 0.14947571170016827 774
1694629317477 1.6448573796841873e-07 775
1694629317691 0.0530573457677309 776
1694629317880 2.8253356178732997e-05 777
1694629318092 0.5650132244555456 778
1694629318299 0.004814590498907905 779
1694629318516 0.047817255156603164 780
1694629318733 0.08240724057567042 781
1694629318948 0.0653843175224007 782
1694629319132 0.015965298883693337 783
1694629319357 0.1680644253985485 784
1694629319568 0.517511611936545 785
1694629319768 0.46008657799134084 786
1694629320012 0.1802135016235187 787
1694629320227 0.17168945688295922 788
1694629320433 0.08621956585825295 789
1694629320688 0.6871339234566676 790
1694629320886 0.0612641416757099 791
1694629321093 0.17815171153480108 792
1694629321299 0.016090790703051548 793
1694629321509 0.04439705098191982 794
1694629321719 0.04568831692694507 795
1694629321926 0.05545331691849798 796
1694629322132 0.06370099475537304 797
1694629322340 0.1310625022068721 798
1694629322561 0.05047282681336719 799
1694629322762 0.02274604093535388 800
1694629322975 0.012195483015762272 801
1694629323180 0.6864313666068782 802
1694629323357 0.05259382901225258 803
1694629323553 0.2185078014469231 804
1694629323745 0.13249768313046326 805
1694629323938 0.03745794499523884 806
1694629324121 0.3163398144276809 807
1694629324319 0.2602296417486091 808
1694629324497 0.04188563011993685 809
1694629324686 0.08657058788024191 810
1694629324902 0.044323743453586785 811
1694629325105 0.15997219329354248 812
1694629325293 0.12623052274581342 813
1694629325506 0.01194540785975722 814
1694629325713 0.13625146888313774 815
1694629325936 0.0010936250299533026 816
1694629326146 0.06465307632855266 817
1694629326360 0.1837341000391935 818
1694629326559 0.0016795006823218624 819
1694629326735 0.6591206823500385 820
1694629326919 0.2197029317586724 821
1694629327119 0.006042140406132955 822
1694629327304 0.031277407288904636 823
1694629327529 0.05471027821313587 824
1694629327724 0.0519773432294207 825
1694629327914 0.24059452625215372 826
1694629328103 0.021069620195765686 827
1694629328302 0.5982540991639642 828
1694629328499 0.012354499254249285 829
1694629328703 0.09681757695450782 830
1694629328893 0.001145192422109252 831
1694629329096 0.0003343608778507792 832
1694629329299 0.0064365249314489465 833
1694629329509 0.468479364816827 834
1694629329702 0.003906410855979582 835
1694629329902 0.13958782882655407 836
1694629330104 0.37442852884733097 837
1694629330320 0.006296168301965705 838
1694629330520 0.04896935028349386 839
1694629330714 0.0013502401143279607 840
1694629330922 0.0009606579716598992 841
1694629331128 0.22034686145365973 842
1694629331333 0.27719459475746433 843
1694629331557 0.11264899352938135 844
1694629331749 0.013488694101821599 845
1694629331940 0.0030392823542494483 846
1694629332164 0.002007968077855519 847
1694629332359 0.024235033496329043 848
1694629332551 0.12553468849320823 849
1694629332771 0.10282223130134058 850
1694629332973 6.819843398872411e-05 851
1694629333186 0.008025977183444317 852
1694629333389 0.01062933708263521 853
1694629333577 0.013763843967529736 854
1694629333774 0.006156373969366763 855
1694629333999 0.014085602429224488 856
1694629334222 0.26320135230407055 857
1694629334418 0.00689173683912544 858
1694629334632 0.01971536046931386 859
1694629334829 0.02308302073932156 860
1694629335022 0.4672260823276601 861
1694629335215 0.03553815677237173 862
1694629335455 0.20000588083696963 863
1694629335662 0.045759977630915244 864
1694629335870 0.3231518336981148 865
1694629336062 0.2731989047900827 866
1694629336192 0.020884915196883163 867
1694629336482 0.043446323801758814 868
1694629336672 0.09236919207357157 869
1694629336858 0.012884755374541753 870
1694629337095 0.27506189127637864 871
1694629337258 0.38398058957476106 872
1694629337465 0.005585199478349077 873
1694629337663 0.09050220522415961 874
1694629337862 0.002711355989277358 875
1694629338065 0.06316871025269168 876
1694629338284 0.03478979086369701 877
1694629338483 0.5538280525762549 878
1694629338683 0.18674173964393967 879
1694629338916 0.0016236774035587069 880
1694629339097 0.07790756545983817 881
1694629339269 0.0017537216230557957 882
1694629339470 0.00739459339407673 883
1694629339692 0.10152904989892987 884
1694629339876 0.07299137317221249 885
1694629340092 0.08746364676229289 886
1694629340317 0.1925336150089598 887
1694629340513 0.015526077299051325 888
1694629340708 0.0065302532714898096 889
1694629340897 0.01304047531385094 890
1694629341104 3.3785452164889965e-05 891
1694629341318 0.004239919613596673 892
1694629341524 0.024200348336747328 893
1694629341721 0.048271835723811475 894
1694629341927 0.3091386148666477 895
1694629342134 0.4421023486706927 896
1694629342347 0.0005417792873193967 897
1694629342564 0.012546174826575161 898
1694629342741 0.1011925427035181 899
1694629342940 0.11167501781395649 900
1694629343129 0.4903092218213651 901
1694629343314 0.07371335930464344 902
1694629343509 0.2985482378104933 903
1694629343711 0.7532645843523091 904
1694629343918 0.004761928459636506 905
1694629344112 0.09758898099071565 906
1694629344306 0.07485505609632555 907
1694629344499 0.30541930977623366 908
1694629344677 0.03105972862777775 909
1694629344861 0.20188910603244561 910
1694629345062 0.16374512592250634 911
1694629345237 0.0006591661872632837 912
1694629345419 0.06287547523770819 913
1694629345602 0.21583746575090942 914
1694629345795 0.008899102357407023 915
1694629345982 0.4554652202725258 916
1694629346158 0.015669833194051377 917
1694629346347 0.005681817292829847 918
1694629346542 0.07341384632414115 919
1694629346740 0.022974715338708006 920
1694629346952 0.011848945253337897 921
1694629347155 0.0056561918353458815 922
1694629347381 0.1690936021955557 923
1694629347576 0.03769545510782016 924
1694629347775 0.11531076831813837 925
1694629348006 0.05494755443427107 926
1694629348207 0.018103952815120592 927
1694629348404 0.07981914285088858 928
1694629348607 0.008873954117005542 929
1694629348841 0.011954882548139003 930
1694629349042 0.11205174333231589 931
1694629349230 0.5776632283465746 932
1694629349454 0.14919434698804176 933
1694629349657 0.011066967800773401 934
1694629349889 0.0026564103657345057 935
1694629350086 0.06579296595413336 936
1694629350306 0.1478877938978727 937
1694629350502 2.2022783873712803e-08 938
1694629350691 0.09846664542061802 939
1694629350873 0.3195080950570663 940
1694629351100 0.359640853789875 941
1694629351285 0.06681277131612048 942
1694629351516 0.005493377371025812 943
1694629351696 0.7833767662730303 944
1694629351870 0.0007421995577073298 945
1694629352051 0.11318334458048253 946
1694629352262 0.16154135844959133 947
1694629352454 0.06545907891743165 948
1694629352657 3.6056526597102304e-05 949
1694629352844 0.04817783497601169 950
1694629353037 0.05744076093122154 951
1694629353219 0.3015198280932201 952
1694629353425 0.0794556263790506 953
1694629353600 0.01692842962650106 954
1694629353803 0.0017093903072052524 955
1694629353992 0.06659486925503542 956
1694629354199 0.0060567625696989185 957
1694629354394 0.07525696652627975 958
1694629354572 0.010599528468055366 959
1694629354777 0.014537510662662482 960
1694629354973 0.18490132730063275 961
1694629355170 0.03814293573340438 962
1694629355374 0.3491347174680119 963
1694629355597 0.05666217309449359 964
1694629355783 0.053023119839936295 965
1694629355992 0.8692905207032955 966
1694629356203 0.08660105103550447 967
1694629356392 0.5745735212397215 968
1694629356603 0.0019925929088576402 969
1694629356775 0.06686219454516358 970
1694629356952 0.31190588328517294 971
1694629357130 0.3198439955990218 972
1694629357336 0.4040518251871202 973
1694629357541 0.02546957745454603 974
1694629357748 0.19041154999488322 975
1694629357938 0.04319926509212386 976
1694629358153 0.8388244101241482 977
1694629358354 0.33525715136608686 978
1694629358587 0.0008267553639945569 979
1694629358794 2.627379072123331e-05 980
1694629359004 0.002812901338282095 981
1694629359201 0.21521514279424553 982
1694629359403 0.1595655627317584 983
1694629359591 1.0954588951028417e-05 984
1694629359821 0.007728363409693756 985
1694629360011 0.20360670674712497 986
1694629360210 0.1902490235464838 987
1694629360427 0.20653213211312307 988
1694629360635 0.03557002440319971 989
1694629360821 0.00806556236167836 990
1694629361010 0.00505962500747523 991
1694629361214 0.0014788869216589156 992
1694629361408 0.04580399323205695 993
1694629361591 0.044932502303098656 994
1694629361777 0.0193023335190552 995
1694629361961 0.031865884276120374 996
1694629362148 0.0014392867119232594 997
1694629362327 0.01258043405299039 998
1694629362541 0.10632193635265613 999
