1694629126134 0.0 0
1694629126333 0.0 1
1694629126565 0.0 2
1694629126776 0.0 3
1694629126978 0.0 4
1694629127167 0.0 5
1694629127385 0.0 6
1694629127579 0.0 7
1694629127767 0.0 8
1694629127948 0.0 9
1694629128141 0.0 10
1694629128324 0.0 11
1694629128537 0.0 12
1694629128718 0.0 13
1694629128897 0.0 14
1694629129079 0.0 15
1694629129266 0.0 16
1694629129449 0.0 17
1694629129650 0.0 18
1694629129851 0.0 19
1694629130033 0.0 20
1694629130253 0.0 21
1694629130451 0.0 22
1694629130643 0.0 23
1694629130825 0.0 24
1694629131030 0.0 25
1694629131220 0.0 26
1694629131452 0.0 27
1694629131626 0.0 28
1694629131827 0.0 29
1694629132042 0.0 30
1694629132224 0.0 31
1694629132412 0.0 32
1694629132609 0.0 33
1694629132787 0.0 34
1694629132995 0.0 35
1694629133196 0.0 36
1694629133385 0.0 37
1694629133583 0.0 38
1694629133805 0.0 39
1694629134016 0.0 40
1694629134188 0.0 41
1694629134366 0.0 42
1694629134542 0.0 43
1694629134711 0.0 44
1694629134885 0.0 45
1694629135083 0.0 46
1694629135280 0.0 47
1694629135470 0.0 48
1694629135685 0.0 49
1694629135865 0.0 50
1694629136061 0.0 51
1694629136274 0.0 52
1694629136452 0.0 53
1694629136649 0.0 54
1694629136825 0.0 55
1694629137029 0.0 56
1694629137223 0.0 57
1694629137425 0.0 58
1694629137623 0.0 59
1694629137808 0.0 60
1694629137985 0.0 61
1694629138201 0.0 62
1694629138381 0.0 63
1694629138595 0.0 64
1694629138778 0.0 65
1694629138969 0.0 66
1694629139168 0.0 67
1694629139395 0.0 68
1694629139585 0.0 69
1694629139773 0.0 70
1694629139971 0.0 71
1694629140216 0.0 72
1694629140391 0.0 73
1694629140595 0.0 74
1694629140776 0.0 75
1694629140958 0.0 76
1694629141166 0.0 77
1694629141349 0.0 78
1694629141528 0.0 79
1694629141726 0.0 80
1694629141911 0.0 81
1694629142112 0.0 82
1694629142294 0.0 83
1694629142512 0.0 84
1694629142730 0.0 85
1694629142932 0.0 86
1694629143116 0.0 87
1694629143301 0.0 88
1694629143496 0.0 89
1694629143665 0.0 90
1694629143849 0.0 91
1694629144035 0.0 92
1694629144214 0.0 93
1694629144419 0.0 94
1694629144603 0.0 95
1694629144800 0.0 96
1694629145013 0.0 97
1694629145225 0.0 98
1694629145431 0.0 99
1694629145686 0.0 100
1694629145903 0.0 101
1694629146103 0.0 102
1694629146291 0.0 103
1694629146471 0.0 104
1694629146722 0.0 105
1694629146932 0.0 106
1694629147136 0.0 107
1694629147331 0.0 108
1694629147524 0.0 109
1694629147703 0.0 110
1694629147871 0.0 111
1694629148047 0.0 112
1694629148235 0.0 113
1694629148419 0.0 114
1694629148599 0.0 115
1694629148773 0.0 116
1694629148963 0.0 117
1694629149183 0.0 118
1694629149371 0.0 119
1694629149553 0.0 120
1694629149737 0.0 121
1694629149934 0.0 122
1694629150134 0.0 123
1694629150416 0.0 124
1694629150629 0.0 125
1694629150827 0.0 126
1694629151001 0.0 127
1694629151178 0.0 128
1694629151351 0.0 129
1694629151560 0.0 130
1694629151743 0.0 131
1694629151930 0.0 132
1694629152132 0.0 133
1694629152339 0.0 134
1694629152540 0.0 135
1694629152744 0.0 136
1694629152916 0.0 137
1694629153123 0.0 138
1694629153297 0.0 139
1694629153468 0.0 140
1694629153693 0.0 141
1694629153888 0.0 142
1694629154081 0.0 143
1694629154281 0.0 144
1694629154470 0.0 145
1694629154674 0.0 146
1694629154847 0.0 147
1694629155053 0.0 148
1694629155277 0.0 149
1694629155498 0.0 150
1694629155714 0.0 151
1694629155897 0.0 152
1694629156079 0.0 153
1694629156269 0.0 154
1694629156448 0.0 155
1694629156658 0.0 156
1694629156917 0.0 157
1694629157122 0.0 158
1694629157302 0.0 159
1694629157499 0.0 160
1694629157680 0.0 161
1694629157883 0.0 162
1694629158069 0.0 163
1694629158283 0.0 164
1694629158485 0.0 165
1694629158665 0.0 166
1694629158867 0.0 167
1694629159080 0.0 168
1694629159264 0.0 169
1694629159447 0.0 170
1694629159670 0.0 171
1694629159882 0.0 172
1694629160091 0.0 173
1694629160327 0.0 174
1694629160537 0.0 175
1694629160737 0.0 176
1694629160965 0.0 177
1694629161154 0.0 178
1694629161368 0.0 179
1694629161581 0.0 180
1694629161787 0.0 181
1694629161995 0.0 182
1694629162209 0.0 183
1694629162411 0.0 184
1694629162598 0.0 185
1694629162777 0.0 186
1694629162952 0.0 187
1694629163137 0.0 188
1694629163353 0.0 189
1694629163577 0.0 190
1694629163766 0.0 191
1694629163977 0.0 192
1694629164156 0.0 193
1694629164339 0.0 194
1694629164549 0.0 195
1694629164732 0.0 196
1694629164917 0.0 197
1694629165103 0.0 198
1694629165313 0.0 199
1694629165498 0.0 200
1694629165676 0.0 201
1694629165867 0.0 202
1694629166056 0.0 203
1694629166247 0.0 204
1694629166433 0.0 205
1694629166604 0.0 206
1694629166777 0.0 207
1694629166967 0.0 208
1694629167164 0.0 209
1694629167333 0.0 210
1694629167517 0.0 211
1694629167722 0.0 212
1694629167931 0.0 213
1694629168109 0.0 214
1694629168291 0.0 215
1694629168481 0.0 216
1694629168678 0.0 217
1694629168846 0.0 218
1694629169022 0.0 219
1694629169217 0.0 220
1694629169397 0.0 221
1694629169605 0.0 222
1694629169815 0.0 223
1694629170017 0.0 224
1694629170195 0.0 225
1694629170369 0.0 226
1694629170577 0.0 227
1694629170755 0.0 228
1694629170932 0.0 229
1694629171109 0.0 230
1694629171282 0.0 231
1694629171477 0.0 232
1694629171654 0.0 233
1694629171851 0.0 234
1694629172038 0.0 235
1694629172217 0.0 236
1694629172438 0.0 237
1694629172638 0.0 238
1694629172832 0.0 239
1694629173047 0.0 240
1694629173234 0.0 241
1694629173415 0.0 242
1694629173605 0.0 243
1694629173800 0.0 244
1694629173997 0.0 245
1694629174166 0.0 246
1694629174338 0.0 247
1694629174540 0.0 248
1694629174723 0.0 249
1694629174908 0.0 250
1694629175081 0.0 251
1694629175311 0.0 252
1694629175493 0.0 253
1694629175686 0.0 254
1694629175865 0.0 255
1694629176073 0.0 256
1694629176252 0.0 257
1694629176428 0.0 258
1694629176617 0.0 259
1694629176812 0.0 260
1694629177034 0.0 261
1694629177222 0.0 262
1694629177421 0.0 263
1694629177606 0.0 264
1694629177785 0.0 265
1694629177960 0.0 266
1694629178155 0.0 267
1694629178356 0.0 268
1694629178547 0.0 269
1694629178731 0.0 270
1694629178920 0.0 271
1694629179126 0.0 272
1694629179348 0.0 273
1694629179534 0.0 274
1694629179753 0.0 275
1694629179935 0.0 276
1694629180150 0.0 277
1694629180343 0.0 278
1694629180534 0.0 279
1694629180766 0.0 280
1694629180955 0.0 281
1694629181146 0.0 282
1694629181330 0.0 283
1694629181527 0.0 284
1694629181726 0.0 285
1694629181895 0.0 286
1694629182081 0.0 287
1694629182255 0.0 288
1694629182432 0.0 289
1694629182634 0.0 290
1694629182870 0.0 291
1694629183152 0.0 292
1694629183348 0.0 293
1694629183567 0.0 294
1694629183747 0.0 295
1694629183943 0.0 296
1694629184126 0.0 297
1694629184357 0.0 298
1694629184549 0.0 299
1694629184764 0.0 300
1694629184942 0.0 301
1694629185156 0.0 302
1694629185361 0.0 303
1694629185564 0.0 304
1694629185782 0.0 305
1694629185963 0.0 306
1694629186159 0.0 307
1694629186354 0.0 308
1694629186554 0.0 309
1694629186762 0.0 310
1694629186966 0.0 311
1694629187169 0.0 312
1694629187372 0.0 313
1694629187551 0.0 314
1694629187745 0.0 315
1694629187981 0.0 316
1694629188172 0.0 317
1694629188387 0.0 318
1694629188578 0.0 319
1694629188763 0.0 320
1694629188966 0.0 321
1694629189151 0.0 322
1694629189343 0.0 323
1694629189544 0.0 324
1694629189737 0.0 325
1694629189932 0.0 326
1694629190129 0.0 327
1694629190330 0.0 328
1694629190544 0.0 329
1694629190731 0.0 330
1694629190938 0.0 331
1694629191123 0.0 332
1694629191314 0.0 333
1694629191513 0.0 334
1694629191697 0.0 335
1694629191879 0.0 336
1694629192060 0.0 337
1694629192270 0.0 338
1694629192438 0.0 339
1694629192646 0.0 340
1694629192816 0.0 341
1694629192989 0.0 342
1694629193170 0.0 343
1694629193377 0.0 344
1694629193547 0.0 345
1694629193729 0.0 346
1694629193921 0.0 347
1694629194119 0.0 348
1694629194306 0.0 349
1694629194502 0.0 350
1694629194711 0.0 351
1694629194927 0.0 352
1694629195102 0.0 353
1694629195301 0.0 354
1694629195488 0.0 355
1694629195661 0.0 356
1694629195837 0.0 357
1694629196065 0.0 358
1694629196234 0.0 359
1694629196429 0.0 360
1694629196613 0.0 361
1694629196782 0.0 362
1694629196949 0.0 363
1694629197155 0.0 364
1694629197338 0.0 365
1694629197572 0.0 366
1694629197791 0.0 367
1694629198003 0.0 368
1694629198188 0.0 369
1694629198385 0.0 370
1694629198562 0.0 371
1694629198765 0.0 372
1694629198942 0.0 373
1694629199114 0.0 374
1694629199337 0.0 375
1694629199557 0.0 376
1694629199767 0.0 377
1694629199986 0.0 378
1694629200184 0.0 379
1694629200381 0.0 380
1694629200585 0.0 381
1694629200754 0.0 382
1694629200933 0.0 383
1694629201157 0.0 384
1694629201359 0.0 385
1694629201573 0.0 386
1694629201779 0.0 387
1694629202006 0.0 388
1694629202201 0.0 389
1694629202381 0.0 390
1694629202602 0.0 391
1694629202792 0.0 392
1694629202980 0.0 393
1694629203175 0.0 394
1694629203365 0.0 395
1694629203545 0.0 396
1694629203717 0.0 397
1694629203925 0.0 398
1694629204192 0.0 399
1694629204399 0.0 400
1694629204599 0.0 401
1694629204784 0.0 402
1694629204955 0.0 403
1694629205147 0.0 404
1694629205332 0.0 405
1694629205518 0.0 406
1694629205687 0.0 407
1694629205883 0.0 408
1694629206064 0.0 409
1694629206253 0.0 410
1694629206462 0.0 411
1694629206646 0.0 412
1694629206831 0.0 413
1694629207018 0.0 414
1694629207213 0.0 415
1694629207421 0.0 416
1694629207639 0.0 417
1694629207821 0.0 418
1694629208020 0.0 419
1694629208204 0.0 420
1694629208397 0.0 421
1694629208603 0.0 422
1694629208804 0.0 423
1694629208990 0.0 424
1694629209174 0.0 425
1694629209397 0.0 426
1694629209592 0.0 427
1694629209779 0.0 428
1694629209980 0.0 429
1694629210179 0.0 430
1694629210388 0.0 431
1694629210630 0.0 432
1694629210816 0.0 433
1694629211004 0.0 434
1694629211205 0.0 435
1694629211381 0.0 436
1694629211588 0.0 437
1694629211778 0.0 438
1694629211961 0.0 439
1694629212138 0.0 440
1694629212330 0.0 441
1694629212516 0.0 442
1694629212707 0.0 443
1694629212892 0.0 444
1694629213085 0.0 445
1694629213281 0.0 446
1694629213475 0.0 447
1694629213673 0.0 448
1694629213862 0.0 449
1694629214072 0.0 450
1694629214249 0.0 451
1694629214427 0.0 452
1694629214606 0.0 453
1694629214784 0.0 454
1694629214998 0.0 455
1694629215189 0.0 456
1694629215385 0.0 457
1694629215571 0.0 458
1694629215765 0.0 459
1694629215970 0.0 460
1694629216178 0.0 461
1694629216402 0.0 462
1694629216593 0.0 463
1694629216776 0.0 464
1694629216969 0.0 465
1694629217154 0.0 466
1694629217401 0.0 467
1694629217633 0.0 468
1694629217829 0.0 469
1694629218005 0.0 470
1694629218192 0.0 471
1694629218410 0.0 472
1694629218596 0.0 473
1694629218794 0.0 474
1694629219009 0.0 475
1694629219194 0.0 476
1694629219390 0.0 477
1694629219572 0.0 478
1694629219766 0.0 479
1694629219988 0.0 480
1694629220198 0.0 481
1694629220382 0.0 482
1694629220623 0.0 483
1694629220807 0.0 484
1694629220993 0.0 485
1694629221194 0.0 486
1694629221374 0.0 487
1694629221563 0.0 488
1694629221784 0.0 489
1694629221998 0.0 490
1694629222210 0.0 491
1694629222404 0.0 492
1694629222641 0.0 493
1694629222830 0.0 494
1694629223026 0.0 495
1694629223207 0.0 496
1694629223418 0.0 497
1694629223655 0.0 498
1694629223894 0.0 499
1694629224100 0.0 500
1694629224283 0.0 501
1694629224478 0.0 502
1694629224670 0.0 503
1694629224864 0.0 504
1694629225061 0.0 505
1694629225239 0.0 506
1694629225415 0.0 507
1694629225619 0.0 508
1694629225804 0.0 509
1694629226006 0.0 510
1694629226190 0.0 511
1694629226376 0.0 512
1694629226565 0.0 513
1694629226742 0.0 514
1694629226927 0.0 515
1694629227121 0.0 516
1694629227313 0.0 517
1694629227517 0.0 518
1694629227716 0.0 519
1694629227908 0.0 520
1694629228123 0.0 521
1694629228300 0.0 522
1694629228496 0.0 523
1694629228697 0.0 524
1694629228868 0.0 525
1694629229037 0.0 526
1694629229222 0.0 527
1694629229397 0.0 528
1694629229593 0.0 529
1694629229770 0.0 530
1694629229953 0.0 531
1694629230145 0.0 532
1694629230343 0.0 533
1694629230572 0.0 534
1694629230790 0.0 535
1694629230976 0.0 536
1694629231159 0.0 537
1694629231387 0.0 538
1694629231598 0.0 539
1694629231815 0.0 540
1694629232037 0.0 541
1694629232241 0.0 542
1694629232440 0.0 543
1694629232641 0.0 544
1694629232815 0.0 545
1694629232995 0.0 546
1694629233182 0.0 547
1694629233369 0.0 548
1694629233546 0.0 549
1694629233725 0.0 550
1694629233916 0.0 551
1694629234098 0.0 552
1694629234291 0.0 553
1694629234460 0.0 554
1694629234640 0.0 555
1694629234881 0.0 556
1694629235085 0.0 557
1694629235305 0.0 558
1694629235509 0.0 559
1694629235683 0.0 560
1694629235885 0.0 561
1694629236079 0.0 562
1694629236267 0.0 563
1694629236475 0.0 564
1694629236676 0.0 565
1694629236863 0.0 566
1694629237075 0.0 567
1694629237270 0.0 568
1694629237467 0.0 569
1694629237686 0.0 570
1694629237860 0.0 571
1694629238106 0.0 572
1694629238318 0.0 573
1694629238542 0.0 574
1694629238742 0.0 575
1694629238927 0.0 576
1694629239114 0.0 577
1694629239301 0.0 578
1694629239483 0.0 579
1694629239679 0.0 580
1694629239896 0.0 581
1694629240082 0.0 582
1694629240261 0.0 583
1694629240470 0.0 584
1694629240653 0.0 585
1694629240901 0.0 586
1694629241532 0.0 587
1694629242429 0.0 588
1694629243079 0.0 589
1694629243631 0.0 590
1694629244149 0.0 591
1694629244621 0.0 592
1694629245131 0.0 593
1694629245636 0.0 594
1694629246422 0.0 595
1694629247225 0.0 596
1694629248150 0.0 597
1694629248820 0.0 598
1694629249679 0.0 599
1694629250525 0.0 600
1694629251215 0.0 601
1694629251804 0.0 602
1694629252366 0.0 603
1694629252833 0.0 604
1694629253303 0.0 605
1694629253736 0.0 606
1694629254341 0.0 607
1694629254726 0.0 608
1694629255056 0.0 609
1694629255405 0.0 610
1694629255723 0.0 611
1694629256034 0.0 612
1694629256309 0.0 613
1694629256614 0.0 614
1694629256978 0.0 615
1694629257899 0.0 616
1694629258901 0.0 617
1694629259473 0.0 618
1694629260026 0.0 619
1694629260759 0.0 620
1694629261445 0.0 621
1694629261859 0.0 622
1694629262366 0.0 623
1694629262859 0.0 624
1694629263342 0.0 625
1694629263808 0.0 626
1694629264217 0.0 627
1694629264640 0.0 628
1694629265133 0.0 629
1694629265582 0.0 630
1694629266031 0.0 631
1694629266432 0.0 632
1694629266916 0.0 633
1694629267433 0.0 634
1694629267858 0.0 635
1694629268227 0.0 636
1694629268583 0.0 637
1694629269001 0.0 638
1694629269364 0.0 639
1694629269769 0.0 640
1694629270122 0.0 641
1694629270472 0.0 642
1694629270810 0.0 643
1694629271223 0.0 644
1694629271606 0.0 645
1694629272019 0.0 646
1694629272373 0.0 647
1694629272747 0.0 648
1694629273093 0.0 649
1694629273455 0.0 650
1694629273802 0.0 651
1694629274163 0.0 652
1694629274509 0.0 653
1694629274833 0.0 654
1694629275323 0.0 655
1694629275697 0.0 656
1694629276026 0.0 657
1694629276376 0.0 658
1694629276796 0.0 659
1694629277195 0.0 660
1694629277576 0.0 661
1694629277988 0.0 662
1694629278396 0.0 663
1694629278743 0.0 664
1694629279158 0.0 665
1694629279480 0.0 666
1694629279829 0.0 667
1694629280171 0.0 668
1694629280521 0.0 669
1694629280887 0.0 670
1694629281240 0.0 671
1694629281611 0.0 672
1694629281943 0.0 673
1694629282275 0.0 674
1694629282618 0.0 675
1694629282962 0.0 676
1694629283313 0.0 677
1694629283674 0.0 678
1694629284117 0.0 679
1694629284467 0.0 680
1694629284866 0.0 681
1694629285211 0.0 682
1694629285593 0.0 683
1694629285935 0.0 684
1694629286324 0.0 685
1694629286656 0.0 686
1694629287010 0.0 687
1694629287386 0.0 688
1694629287741 0.0 689
1694629288125 0.0 690
1694629288488 0.0 691
1694629288873 0.0 692
1694629289338 0.0 693
1694629289688 0.0 694
1694629290094 0.0 695
1694629290462 0.0 696
1694629290779 0.0 697
1694629291151 0.0 698
1694629291510 0.0 699
1694629291869 0.0 700
1694629292234 0.0 701
1694629292627 0.0 702
1694629292969 0.0 703
1694629293323 0.0 704
1694629293666 0.0 705
1694629294111 0.0 706
1694629294544 0.0 707
1694629294879 0.0 708
1694629295265 0.0 709
1694629295634 0.0 710
1694629296007 0.0 711
1694629296361 0.0 712
1694629296727 0.0 713
1694629297092 0.0 714
1694629297474 0.0 715
1694629297837 0.0 716
1694629298242 0.0 717
1694629298610 0.0 718
1694629299003 0.0 719
1694629299411 0.0 720
1694629299838 0.0 721
1694629300175 0.0 722
1694629300569 0.0 723
1694629300895 0.0 724
1694629301281 0.0 725
1694629301629 0.0 726
1694629302043 0.0 727
1694629302426 0.0 728
1694629302859 0.0 729
1694629303461 0.0 730
1694629303885 0.0 731
1694629304239 0.0 732
1694629304646 0.0 733
1694629304970 0.0 734
1694629305489 0.0 735
1694629305854 0.0 736
1694629306251 0.0 737
1694629306641 0.0 738
1694629307025 0.0 739
1694629307384 0.0 740
1694629307742 0.0 741
1694629308073 0.0 742
1694629308431 0.0 743
1694629308800 0.0 744
1694629309177 0.0 745
1694629309537 0.0 746
1694629309979 0.0 747
1694629310357 0.0 748
1694629310720 0.0 749
1694629311170 0.0 750
1694629311528 0.0 751
1694629311874 0.0 752
1694629312264 0.0 753
1694629312639 0.0 754
1694629313007 0.0 755
1694629313371 0.0 756
1694629313685 0.0 757
1694629313932 0.0 758
1694629314162 0.0 759
1694629314350 0.0 760
1694629314561 0.0 761
1694629314775 0.0 762
1694629314982 0.0 763
1694629315175 0.0 764
1694629315380 0.0 765
1694629315588 0.0 766
1694629315800 0.0 767
1694629316002 0.0 768
1694629316220 0.0 769
1694629316432 0.0 770
1694629316650 0.0 771
1694629316851 0.0 772
1694629317055 0.0 773
1694629317269 0.0 774
1694629317486 0.0 775
1694629317701 0.0 776
1694629317887 0.0 777
1694629318099 0.0 778
1694629318307 0.0 779
1694629318525 0.0 780
1694629318745 0.0 781
1694629318957 0.0 782
1694629319141 0.0 783
1694629319367 0.0 784
1694629319574 0.0 785
1694629319777 0.0 786
1694629320021 0.0 787
1694629320235 0.0 788
1694629320440 0.0 789
1694629320696 0.0 790
1694629320893 0.0 791
1694629321102 0.0 792
1694629321308 0.0 793
1694629321515 0.0 794
1694629321728 0.0 795
1694629321938 0.0 796
1694629322139 0.0 797
1694629322360 0.0 798
1694629322568 0.0 799
1694629322770 0.0 800
1694629322985 0.0 801
1694629323189 0.0 802
1694629323363 0.0 803
1694629323560 0.0 804
1694629323753 0.0 805
1694629323947 0.0 806
1694629324127 0.0 807
1694629324329 0.0 808
1694629324505 0.0 809
1694629324695 0.0 810
1694629324912 0.0 811
1694629325114 0.0 812
1694629325301 0.0 813
1694629325513 0.0 814
1694629325721 0.0 815
1694629325943 0.0 816
1694629326153 0.0 817
1694629326371 0.0 818
1694629326565 0.0 819
1694629326741 0.0 820
1694629326927 0.0 821
1694629327126 0.0 822
1694629327315 0.0 823
1694629327538 0.0 824
1694629327731 0.0 825
1694629327922 0.0 826
1694629328110 0.0 827
1694629328310 0.0 828
1694629328507 0.0 829
1694629328713 0.0 830
1694629328900 0.0 831
1694629329103 0.0 832
1694629329307 0.0 833
1694629329517 0.0 834
1694629329709 0.0 835
1694629329914 0.0 836
1694629330111 0.0 837
1694629330330 0.0 838
1694629330527 0.0 839
1694629330722 0.0 840
1694629330930 0.0 841
1694629331136 0.0 842
1694629331339 0.0 843
1694629331567 0.0 844
1694629331756 0.0 845
1694629331948 0.0 846
1694629332171 0.0 847
1694629332367 0.0 848
1694629332559 0.0 849
1694629332779 0.0 850
1694629332981 0.0 851
1694629333192 0.0 852
1694629333398 0.0 853
1694629333585 0.0 854
1694629333783 0.0 855
1694629334007 0.0 856
1694629334229 0.0 857
1694629334425 0.0 858
1694629334641 0.0 859
1694629334835 0.0 860
1694629335030 0.0 861
1694629335223 0.0 862
1694629335464 0.0 863
1694629335669 0.0 864
1694629335877 0.0 865
1694629336070 0.0 866
1694629336252 0.0 867
1694629336489 0.0 868
1694629336679 0.0 869
1694629336867 0.0 870
1694629337103 0.0 871
1694629337277 0.0 872
1694629337472 0.0 873
1694629337670 0.0 874
1694629337870 0.0 875
1694629338072 0.0 876
1694629338293 0.0 877
1694629338492 0.0 878
1694629338691 0.0 879
1694629338924 0.0 880
1694629339104 0.0 881
1694629339283 0.0 882
1694629339485 0.0 883
1694629339700 0.0 884
1694629339889 0.0 885
1694629340104 0.0 886
1694629340325 0.0 887
1694629340521 0.0 888
1694629340716 0.0 889
1694629340905 0.0 890
1694629341111 0.0 891
1694629341326 0.0 892
1694629341531 0.0 893
1694629341729 0.0 894
1694629341934 0.0 895
1694629342143 0.0 896
1694629342354 0.0 897
1694629342573 0.0 898
1694629342749 0.0 899
1694629342947 0.0 900
1694629343135 0.0 901
1694629343321 0.0 902
1694629343518 0.0 903
1694629343719 0.0 904
1694629343926 0.0 905
1694629344118 0.0 906
1694629344314 0.0 907
1694629344505 0.0 908
1694629344686 0.0 909
1694629344870 0.0 910
1694629345070 0.0 911
1694629345242 0.0 912
1694629345427 0.0 913
1694629345611 0.0 914
1694629345802 0.0 915
1694629345990 0.0 916
1694629346165 0.0 917
1694629346354 0.0 918
1694629346547 0.0 919
1694629346747 0.0 920
1694629346960 0.0 921
1694629347163 0.0 922
1694629347389 0.0 923
1694629347583 0.0 924
1694629347782 0.0 925
1694629348018 0.0 926
1694629348215 0.0 927
1694629348412 0.0 928
1694629348615 0.0 929
1694629348852 0.0 930
1694629349048 0.0 931
1694629349238 0.0 932
1694629349462 0.0 933
1694629349664 0.0 934
1694629349899 0.0 935
1694629350093 0.0 936
1694629350314 0.0 937
1694629350509 0.0 938
1694629350697 0.0 939
1694629350882 0.0 940
1694629351107 0.0 941
1694629351294 0.0 942
1694629351523 0.0 943
1694629351704 0.0 944
1694629351877 0.0 945
1694629352059 0.0 946
1694629352268 0.0 947
1694629352462 0.0 948
1694629352666 0.0 949
1694629352852 0.0 950
1694629353043 0.0 951
1694629353227 0.0 952
1694629353433 0.0 953
1694629353607 0.0 954
1694629353810 0.0 955
1694629353999 0.0 956
1694629354208 0.0 957
1694629354401 0.0 958
1694629354580 0.0 959
1694629354785 0.0 960
1694629354979 0.0 961
1694629355177 0.0 962
1694629355382 0.0 963
1694629355605 0.0 964
1694629355791 0.0 965
1694629356001 0.0 966
1694629356211 0.0 967
1694629356399 0.0 968
1694629356611 0.0 969
1694629356784 0.0 970
1694629356958 0.0 971
1694629357138 0.0 972
1694629357344 0.0 973
1694629357548 0.0 974
1694629357755 0.0 975
1694629357944 0.0 976
1694629358160 0.0 977
1694629358362 0.0 978
1694629358594 0.0 979
1694629358804 0.0 980
1694629359011 0.0 981
1694629359209 0.0 982
1694629359410 0.0 983
1694629359599 0.0 984
1694629359832 0.0 985
1694629360019 0.0 986
1694629360219 0.0 987
1694629360435 0.0 988
1694629360644 0.0 989
1694629360830 0.0 990
1694629361017 0.0 991
1694629361221 0.0 992
1694629361415 0.0 993
1694629361601 0.0 994
1694629361785 0.0 995
1694629361969 0.0 996
1694629362155 0.0 997
1694629362335 0.0 998
1694629362549 0.0 999
