1694634871578 0.0 0
1694634871799 0.0 1
1694634871989 0.0 2
1694634872181 0.0 3
1694634872363 0.0 4
1694634872566 0.0 5
1694634872782 0.0 6
1694634872983 0.0 7
1694634873179 0.0 8
1694634873386 0.0 9
1694634873596 0.0 10
1694634873810 0.0 11
1694634874032 0.0 12
1694634874241 0.0 13
1694634874447 0.0 14
1694634874645 0.0 15
1694634874851 0.0 16
1694634875068 0.0 17
1694634875285 0.0 18
1694634875506 0.0 19
1694634875716 0.0 20
1694634875900 0.0 21
1694634876099 0.0 22
1694634876286 0.0 23
1694634876485 0.0 24
1694634876682 0.0 25
1694634876894 0.0 26
1694634877101 0.0 27
1694634877304 0.0 28
1694634877499 0.0 29
1694634877696 0.0 30
1694634877883 0.0 31
1694634878112 0.0 32
1694634878321 0.0 33
1694634878550 0.0 34
1694634878768 0.0 35
1694634878993 0.0 36
1694634879245 0.0 37
1694634879489 0.0 38
1694634879702 0.0 39
1694634879914 0.0 40
1694634880159 0.0 41
1694634880366 0.0 42
1694634880570 0.0 43
1694634880779 0.0 44
1694634881005 0.0 45
1694634881193 0.0 46
1694634881409 0.0 47
1694634881624 0.0 48
1694634881846 0.0 49
1694634882077 0.0 50
1694634882319 0.0 51
1694634882562 0.0 52
1694634882810 0.0 53
1694634883048 0.0 54
1694634883293 0.0 55
1694634883543 0.0 56
1694634883743 0.0 57
1694634883985 0.0 58
1694634884199 0.0 59
1694634884403 0.0 60
1694634884628 0.0 61
1694634884867 0.0 62
1694634885098 0.0 63
1694634885345 0.0 64
1694634885550 0.0 65
1694634885783 0.0 66
1694634886013 0.0 67
1694634886243 0.0 68
1694634886484 0.0 69
1694634886718 0.0 70
1694634886944 0.0 71
1694634887190 0.0 72
1694634887416 0.0 73
1694634887662 0.0 74
1694634887910 0.0 75
1694634888137 0.0 76
1694634888392 0.0 77
1694634888629 0.0 78
1694634888849 0.0 79
1694634889091 0.0 80
1694634889304 0.0 81
1694634889536 0.0 82
1694634889780 0.0 83
1694634889991 0.0 84
1694634890223 0.0 85
1694634890451 0.0 86
1694634890701 0.0 87
1694634890909 0.0 88
1694634891148 0.0 89
1694634891383 0.0 90
1694634891581 0.0 91
1694634891808 0.0 92
1694634892010 0.0 93
1694634892210 0.0 94
1694634892433 0.0 95
1694634892647 0.0 96
1694634892873 0.0 97
1694634893110 0.0 98
1694634893312 0.0 99
1694634893533 0.0 100
1694634893771 0.0 101
1694634893973 0.0 102
1694634894191 0.0 103
1694634894434 0.0 104
1694634894642 0.0 105
1694634894862 0.0 106
1694634895086 0.0 107
1694634895290 0.0 108
1694634895517 0.0 109
1694634895749 0.0 110
1694634895969 0.0 111
1694634896178 0.0 112
