1694622658421 0.0 0
1694622658634 0.0 1
1694622658851 0.0 2
1694622659028 0.0 3
1694622659216 0.0 4
1694622659421 0.0 5
1694622659612 0.0 6
1694622659814 0.0 7
1694622660015 0.0 8
1694622660255 0.0 9
1694622660478 0.0 10
1694622660699 0.0 11
1694622660923 0.0 12
1694622661112 0.0 13
1694622661314 0.0 14
1694622661502 0.0 15
1694622661709 0.0 16
1694622661895 0.0 17
1694622662092 0.0 18
1694622662275 0.0 19
1694622662504 0.0 20
1694622662706 0.0 21
1694622662908 0.0 22
1694622663103 0.0 23
1694622663303 0.0 24
1694622663501 0.0 25
1694622663703 0.0 26
1694622663901 0.0 27
1694622664097 0.0 28
