1694623416457 72.68200360768698 0
1694623416729 51.924096905343255 1
1694623416922 30.453650740317176 2
1694623417110 17.509764179819587 3
1694623417366 7.7183315901422995 4
1694623417570 2.919157435381206 5
1694623417797 2.79042268317792 6
1694623418037 1.353882363445345 7
1694623418223 1.018944548134081 8
1694623418473 0.6910297013808888 9
1694623418717 0.497297540825109 10
1694623418945 0.4364769265811033 11
1694623419121 0.010699100883863609 12
1694623419381 0.2645506088259171 13
1694623419581 0.05246910661659759 14
1694623419814 0.03885454132573365 15
1694623420041 0.2024049790819787 16
1694623420278 0.008353184538158987 17
1694623420548 0.007132740870665623 18
1694623420751 0.042706556518928365 19
1694623420985 0.17710673981913433 20
1694623421257 0.004151890123997315 21
1694623421516 0.10392768079824907 22
1694623421765 0.01464999250949147 23
1694623422028 0.030287242952883445 24
1694623422253 0.5316256243834852 25
1694623422613 0.24775915705950438 26
1694623422908 0.8964368495740057 27
1694623423188 0.342934622501793 28
1694623423443 0.17417360175954869 29
1694623423637 0.001236832081789994 30
1694623423849 0.023361338165484656 31
1694623424074 0.10605497002235868 32
1694623424270 0.2922356461477703 33
1694623424579 0.03113264042122757 34
1694623424872 0.031788903320815964 35
1694623425165 0.6765991469639021 36
1694623425391 0.0017700609905588807 37
1694623425716 0.0005801697561296299 38
1694623425989 0.317756682766762 39
1694623426213 0.22129932123171958 40
1694623426465 0.045247406576982424 41
1694623426739 0.08379708705470594 42
1694623426978 0.05998987394265302 43
1694623427251 0.007275943912478009 44
1694623427520 0.1864513141476901 45
1694623427806 0.04265700590816658 46
1694623428077 0.10646130334475318 47
1694623428312 0.09698385153446332 48
1694623428532 0.29036612572271114 49
1694623428733 0.06924501921175466 50
1694623429040 0.009470492842579304 51
1694623429369 0.26093197001967156 52
1694623429607 0.017942930744193945 53
1694623429833 0.07799142855219998 54
1694623430100 0.06327639056384438 55
1694623430351 5.8200886579640145e-05 56
1694623430611 0.04858401985061281 57
1694623430857 0.00014246952955216998 58
1694623431154 0.037634184227116965 59
1694623431411 0.024162595645911528 60
1694623431639 0.0034656107674671103 61
1694623431983 0.18044018636058362 62
1694623432239 5.602625104848298e-06 63
1694623432455 0.0027465427520856345 64
1694623432724 0.08853093289553156 65
1694623432918 0.07699842642237656 66
1694623433125 0.02548326398078078 67
1694623433321 0.01294820338746373 68
1694623433551 0.027833058270178745 69
1694623433806 0.005746549429284119 70
1694623434065 0.6813062832686433 71
1694623434321 0.00912921181573175 72
1694623434577 0.03160158647043763 73
1694623434851 0.02434423069700873 74
1694623435030 0.001173743268860444 75
1694623435245 0.08477250057833782 76
1694623435452 0.00047406557954665076 77
1694623435667 0.2815140861009851 78
1694623435909 0.017256631849978884 79
1694623436108 0.10347240920428931 80
1694623436296 0.0014588647857098366 81
1694623436520 0.0036444584007970862 82
1694623436732 0.03099583190306605 83
1694623436977 0.007674993051860126 84
1694623437244 0.008059615551536175 85
1694623437522 0.026911548119831156 86
1694623437993 0.1408516400697777 87
1694623438244 0.02033446079598925 88
1694623438499 0.8084199955795176 89
1694623438884 0.18345170285754217 90
1694623439207 0.08599338010040761 91
1694623439522 0.013235696573657403 92
1694623439910 0.006044242444493926 93
1694623440283 0.08194577275993081 94
1694623440768 0.36981502139515127 95
1694623441178 0.0032680489849453865 96
1694623441421 0.09017910512191567 97
1694623441707 0.0979700296050067 98
1694623441923 0.5641517752659164 99
1694623442165 0.005558643195886617 100
1694623442474 0.02129229255241769 101
1694623442755 0.0020425958938522864 102
1694623442973 0.03728624598557082 103
1694623443189 0.035583646993083 104
1694623443415 0.1350290017743079 105
1694623443690 0.016799787966693732 106
1694623443887 0.026260739049617374 107
1694623444075 0.024195569119137027 108
1694623444301 0.0036402757925490313 109
1694623444488 0.0002576182762760829 110
1694623444719 0.15724765011350145 111
1694623445001 0.028876519621034852 112
1694623445256 0.00859412212379274 113
1694623445453 0.14547737769624036 114
1694623445669 0.062232303128660446 115
1694623445857 0.2781829044628851 116
1694623446048 0.005218963692165168 117
1694623446379 0.12981563424570447 118
1694623446686 0.06497623988223478 119
1694623446970 0.036571736912117174 120
1694623447224 0.02593436787241421 121
1694623447476 0.16759453135491248 122
1694623447708 0.019795514239544235 123
1694623447921 0.003910636497087066 124
1694623448180 0.16507760470356272 125
1694623448513 0.9570863080500521 126
1694623448781 0.010792468744229995 127
1694623449069 0.056271675055471815 128
1694623449315 0.32517549222170117 129
1694623449502 0.3666985906715686 130
1694623449717 0.09466714198365658 131
1694623450069 0.11270844626128483 132
1694623450411 0.017092831802070475 133
1694623450665 0.10031430288143724 134
1694623450905 1.3074209476650078 135
1694623451128 0.0006062218466214331 136
1694623451384 0.09438912378775705 137
1694623451685 0.08657393472945685 138
1694623452065 0.004597733667485699 139
