1694620848675 171.538029321796 0
1694620848711 171.5030806217959 1
1694620848750 171.4681395923632 2
1694620848785 171.43320623119106 3
1694620848817 171.3982805359741 4
1694620848848 171.3633625044082 5
1694620848883 171.3284521341907 6
1694620848918 171.2935494230203 7
1694620848953 171.258654368597 8
1694620848993 171.22376696862221 9
1694620849028 171.18888722079876 10
1694620849055 171.15401512283074 11
1694620849082 171.11915067242364 12
1694620849112 171.08429386728437 13
1694620849141 171.04944470512112 14
1694620849170 171.0146031836435 15
1694620849196 170.97976930056234 16
1694620849230 170.94494305359007 17
1694620849267 170.91012444044023 18
1694620849310 170.8753134588279 19
1694620849347 170.84051010646934 20
1694620849387 170.8057143810823 21
1694620849427 170.7709262803858 22
1694620849466 170.73614580210022 23
1694620849504 170.70137294394732 24
1694620849540 170.66660770365016 25
1694620849568 170.63185007893318 26
1694620849594 170.59710006752218 27
1694620849621 170.56235766714417 28
1694620849653 170.5276228755277 29
1694620849684 170.49289569040246 30
1694620849715 170.45817610949962 31
1694620849756 170.42346413055165 32
1694620849787 170.3887597512923 33
1694620849825 170.3540629694567 34
1694620849864 170.31937378278127 35
1694620849915 170.2846921890039 36
1694620849966 170.25001818586352 37
1694620850014 170.21535177110073 38
1694620850065 170.18069294245723 39
1694620850103 170.14604169767608 40
1694620850141 170.11139803450175 41
1694620850175 170.0767619506799 42
1694620850212 170.04213344395762 43
1694620850241 170.00751251208328 44
1694620850270 169.97289915280655 45
1694620850305 169.93829336387847 46
1694620850334 169.90369514305135 47
1694620850360 169.86910448807882 48
1694620850394 169.8345213967158 49
1694620850431 169.79994586671862 50
1694620850475 169.76537789584475 51
1694620850528 169.73081748185314 52
1694620850586 169.696264622504 53
1694620850641 169.6617193155587 54
1694620850690 169.6271815587802 55
1694620850744 169.5926513499325 56
1694620850783 169.55812868678103 57
1694620850837 169.52361356709244 58
1694620850896 169.48910598863483 59
1694620850982 169.45460594917748 60
1694620851059 169.42011344649092 61
1694620851117 169.38562847834712 62
1694620851179 169.35115104251923 63
1694620851234 169.31668113678177 64
1694620851286 169.2822187589105 65
1694620851335 169.24776390668248 66
1694620851376 169.21331657787607 67
1694620851417 169.17887677027093 68
1694620851466 169.14444448164798 69
1694620851513 169.11001970978944 70
1694620851555 169.07560245247885 71
1694620851595 169.04119270750093 72
1694620851634 169.00679047264182 73
1694620851671 168.97239574568883 74
1694620851699 168.9380085244306 75
1694620851727 168.903628806657 76
1694620851761 168.8692565901593 77
1694620851787 168.83489187272988 78
1694620851821 168.80053465216255 79
1694620851852 168.76618492625227 80
1694620851878 168.73184269279534 81
1694620851903 168.69750794958927 82
1694620851928 168.66318069443295 83
1694620851955 168.62886092512642 84
1694620851985 168.59454863947104 85
1694620852015 168.56024383526946 86
1694620852045 168.52594651032555 87
1694620852076 168.4916566624445 88
1694620852103 168.45737428943266 89
1694620852129 168.42309938909776 90
1694620852154 168.38883195924868 91
1694620852180 168.35457199769567 92
1694620852205 168.32031950225016 93
1694620852231 168.28607447072483 94
1694620852257 168.25183690093365 95
1694620852285 168.21760679069186 96
1694620852330 168.1833841378159 97
1694620852368 168.1491689401235 98
1694620852403 168.11496119543366 99
1694620852433 168.08076090156652 100
1694620852461 168.04656805634357 101
1694620852487 168.01238265758758 102
1694620852514 167.97820470312243 103
1694620852542 167.94403419077338 104
1694620852589 167.9098711183668 105
1694620852640 167.87571548373043 106
1694620852679 167.84156728469318 107
1694620852708 167.8074265190852 108
1694620852739 167.7732931847379 109
1694620852780 167.73916727948392 110
1694620852818 167.7050488011571 111
1694620852866 167.67093774759257 112
1694620852926 167.6368341166267 113
1694620852970 167.602737906097 114
1694620853001 167.56864911384224 115
1694620853038 167.5345677377026 116
1694620853081 167.50049377551917 117
1694620853124 167.46642722513454 118
1694620853185 167.43236808439238 119
1694620853238 167.39831635113762 120
1694620853283 167.36427202321644 121
1694620853321 167.3302350984762 122
1694620853357 167.2962055747655 123
1694620853401 167.2621834499342 124
1694620853455 167.2281687218333 125
1694620853508 167.19416138831508 126
1694620853555 167.16016144723298 127
1694620853592 167.12616889644173 128
1694620853641 167.09218373379719 129
1694620853687 167.05820595715647 130
1694620853722 167.02423556437796 131
1694620853764 166.99027255332115 132
1694620853812 166.95631692184676 133
1694620853860 166.9223686678168 134
1694620853902 166.8884277890944 135
1694620853940 166.85449428354394 136
1694620853972 166.82056814903098 137
1694620854002 166.78664938342226 138
1694620854029 166.7527379845858 139
1694620854058 166.7188339503908 140
1694620854087 166.68493727870757 141
1694620854112 166.65104796740772 142
1694620854141 166.61716601436402 143
1694620854168 166.5832914174504 144
1694620854194 166.54942417454208 145
1694620854219 166.51556428351543 146
1694620854244 166.48171174224794 147
1694620854271 166.44786654861838 148
1694620854299 166.41402870050666 149
1694620854327 166.38019819579392 150
1694620854354 166.34637503236252 151
1694620854380 166.31255920809588 152
1694620854407 166.2787507208787 153
1694620854434 166.24494956859684 154
1694620854459 166.2111557491374 155
1694620854485 166.17736926038856 156
1694620854509 166.14359010023978 157
1694620854535 166.1098182665816 158
1694620854566 166.07605375730586 159
1694620854596 166.04229657030547 160
1694620854627 166.00854670347454 161
1694620854653 165.9748041547084 162
1694620854681 165.94106892190354 163
1694620854707 165.9073410029576 164
1694620854733 165.87362039576942 165
1694620854762 165.83990709823894 166
1694620854788 165.80620110826737 167
1694620854816 165.7725024237571 168
1694620854842 165.73881104261147 169
1694620854868 165.7051269627353 170
1694620854892 165.67145018203436 171
1694620854917 165.63778069841567 172
1694620854943 165.60411850978738 173
1694620854972 165.57046361405878 174
1694620854997 165.53681600914044 175
1694620855022 165.5031756929439 176
1694620855047 165.46954266338204 177
1694620855077 165.43591691836878 178
1694620855105 165.40229845581922 179
1694620855141 165.3686872736497 180
1694620855179 165.33508336977758 181
1694620855216 165.30148674212148 182
1694620855254 165.2678973886011 183
1694620855306 165.23431530713734 184
1694620855355 165.20074049565224 185
1694620855400 165.16717295206894 186
1694620855443 165.13361267431182 187
1694620855477 165.10005966030633 188
1694620855525 165.0665139079791 189
1694620855575 165.03297541525788 190
1694620855618 164.99944418007158 191
1694620855661 164.96592020035024 192
1694620855702 164.93240347402505 193
1694620855736 164.89889399902842 194
1694620855772 164.8653917732937 195
1694620855805 164.83189679475555 196
1694620855839 164.7984090613497 197
1694620855867 164.76492857101306 198
1694620855893 164.73145532168365 199
1694620855921 164.69798931130057 200
1694620855955 164.66453053780413 201
1694620855982 164.63107899913572 202
1694620856008 164.59763469323786 203
1694620856035 164.5641976180543 204
1694620856060 164.53076777152978 205
1694620856088 164.4973451516102 206
1694620856114 164.46392975624266 207
1694620856142 164.4305215833753 208
1694620856178 164.39712063095746 209
1694620856216 164.3637268969395 210
1694620856263 164.33034037927303 211
1694620856316 164.29696107591064 212
1694620856366 164.26358898480615 213
1694620856407 164.23022410391448 214
1694620856436 164.1968664311916 215
1694620856463 164.1635159645947 216
1694620856488 164.13017270208198 217
1694620856515 164.0968366416128 218
1694620856542 164.0635077811477 219
1694620856568 164.03018611864817 220
1694620856593 163.99687165207698 221
1694620856622 163.9635643793979 222
1694620856660 163.93026429857588 223
1694620856703 163.89697140757693 224
1694620856754 163.86368570436815 225
1694620856800 163.8304071869178 226
1694620856845 163.79713585319521 227
1694620856903 163.76387170117084 228
1694620857008 163.73061472881625 229
1694620857062 163.69736493410403 230
1694620857117 163.66412231500797 231
1694620857169 163.63088686950292 232
1694620857223 163.59765859556478 233
1694620857275 163.56443749117062 234
1694620857327 163.5312235542986 235
1694620857366 163.49801678292795 236
1694620857405 163.46481717503895 237
1694620857450 163.43162472861306 238
1694620857493 163.39843944163275 239
1694620857532 163.36526131208166 240
1694620857581 163.33209033794446 241
1694620857633 163.29892651720695 242
1694620857685 163.265769847856 243
1694620857738 163.23262032787954 244
1694620857777 163.19947795526662 245
1694620857818 163.16634272800738 246
1694620857862 163.133214644093 247
1694620857897 163.1000937015158 248
1694620857927 163.0669798982691 249
1694620857961 163.03387323234742 250
1694620857989 163.00077370174625 251
1694620858024 162.96768130446222 252
1694620858061 162.93459603849303 253
1694620858108 162.90151790183742 254
1694620858145 162.86844689249517 255
1694620858180 162.83538300846732 256
1694620858211 162.80232624775581 257
1694620858239 162.7692766083637 258
1694620858266 162.73623408829502 259
1694620858294 162.70319868555512 260
1694620858319 162.6701703981502 261
1694620858359 162.6371492240876 262
1694620858404 162.60413516137575 263
1694620858451 162.57112820802408 264
1694620858497 162.53812836204315 265
1694620858532 162.5051356214446 266
1694620858568 162.47214998424104 267
1694620858608 162.43917144844622 268
1694620858646 162.4062000120749 269
1694620858688 162.37323567314294 270
1694620858739 162.34027842966728 271
1694620858785 162.3073282796659 272
1694620858827 162.27438522115773 273
1694620858879 162.2414492521629 274
1694620858950 162.20852037070262 275
1694620859015 162.17559857479895 276
1694620859074 162.14268386247522 277
1694620859153 162.10977623175566 278
1694620859227 162.07687568066567 279
1694620859287 162.04398220723158 280
1694620859347 162.01109580948093 281
1694620859401 161.97821648544212 282
1694620859475 161.94534423314477 283
1694620859528 161.91247905061937 284
1694620859594 161.8796209358976 285
1694620859646 161.8467698870122 286
1694620859705 161.81392590199675 287
1694620859757 161.78108897888615 288
1694620859801 161.7482591157161 289
1694620859843 161.7154363105235 290
1694620859875 161.68262056134623 291
1694620859903 161.64981186622313 292
1694620859930 161.61701022319426 293
1694620859958 161.58421563030055 294
1694620859988 161.5514280855841 295
1694620860022 161.51864758708788 296
1694620860054 161.48587413285605 297
1694620860092 161.4531077209337 298
1694620860130 161.42034834936703 299
1694620860167 161.3875960162032 300
1694620860214 161.35485071949049 301
1694620860265 161.32211245727805 302
1694620860308 161.28938122761625 303
1694620860361 161.25665702855636 304
1694620860413 161.2239398581507 305
1694620860455 161.19122971445262 306
1694620860496 161.1585265955165 307
1694620860568 161.12583049939778 308
1694620860607 161.0931414241528 309
1694620860636 161.0604593678391 310
1694620860669 161.02778432851508 311
1694620860701 160.99511630424024 312
1694620860743 160.96245529307512 313
1694620860778 160.9298012930812 314
1694620860811 160.89715430232098 315
1694620860841 160.86451431885808 316
1694620860872 160.83188134075704 317
1694620860904 160.7992553660834 318
1694620860940 160.7666363929038 319
1694620860986 160.73402441928576 320
1694620861026 160.70141944329802 321
1694620861055 160.6688214630101 322
1694620861086 160.63623047649264 323
1694620861116 160.60364648181732 324
1694620861141 160.57106947705674 325
1694620861174 160.53849946028458 326
1694620861204 160.50593642957548 327
1694620861233 160.4733803830051 328
1694620861268 160.44083131865008 329
1694620861305 160.4082892345881 330
1694620861338 160.37575412889785 331
1694620861365 160.34322599965896 332
1694620861404 160.31070484495208 333
1694620861443 160.27819066285892 334
1694620861479 160.2456834514621 335
1694620861513 160.2131832088453 336
1694620861542 160.18068993309313 337
1694620861569 160.14820362229125 338
1694620861596 160.11572427452631 339
1694620861624 160.08325188788598 340
1694620861654 160.0507864604588 341
1694620861688 160.01832799033443 342
1694620861724 159.98587647560345 343
1694620861762 159.95343191435748 344
1694620861794 159.9209943046891 345
1694620861824 159.88856364469186 346
1694620861854 159.85613993246034 347
1694620861881 159.82372316609 348
1694620861910 159.79131334367744 349
1694620861944 159.75891046332018 350
1694620861975 159.7265145231166 351
1694620862005 159.69412552116634 352
1694620862037 159.66174345556968 353
1694620862068 159.62936832442816 354
1694620862110 159.59700012584418 355
1694620862150 159.56463885792104 356
1694620862184 159.5322845187632 357
1694620862218 159.49993710647595 358
1694620862248 159.46759661916565 359
1694620862280 159.43526305493955 360
1694620862314 159.40293641190593 361
1694620862346 159.37061668817404 362
1694620862380 159.33830388185407 363
1694620862408 159.30599799105718 364
1694620862446 159.27369901389554 365
1694620862482 159.24140694848228 366
1694620862520 159.20912179293148 367
1694620862550 159.17684354535817 368
1694620862579 159.14457220387837 369
1694620862607 159.11230776660906 370
1694620862634 159.08005023166825 371
1694620862666 159.0477995971748 372
1694620862709 159.01555586124854 373
1694620862776 158.9833190220104 374
1694620862828 158.9510890775821 375
1694620862862 158.91886602608645 376
1694620862890 158.88664986564714 377
1694620862918 158.85444059438888 378
1694620862944 158.82223821043723 379
1694620862973 158.79004271191883 380
1694620863002 158.75785409696124 381
1694620863036 158.7256723636929 382
1694620863067 158.69349751024328 383
1694620863105 158.66132953474283 384
1694620863142 158.62916843532284 385
1694620863172 158.59701421011565 386
1694620863202 158.56486685725454 387
1694620863233 158.5327263748737 388
1694620863264 158.50059276110827 389
1694620863301 158.46846601409436 390
1694620863330 158.43634613196903 391
1694620863359 158.40423311287026 392
1694620863386 158.37212695493702 393
1694620863411 158.34002765630916 394
1694620863444 158.30793521512751 395
1694620863477 158.27584962953392 396
1694620863511 158.24377089767097 397
1694620863553 158.21169901768243 398
1694620863589 158.17963398771283 399
1694620863619 158.1475758059077 400
1694620863648 158.1155244704135 401
1694620863682 158.0834799793777 402
1694620863715 158.05144233094856 403
1694620863746 158.01941152327544 404
1694620863775 157.98738755450853 405
1694620863808 157.95537042279892 406
1694620863836 157.92336012629877 407
1694620863864 157.89135666316105 408
1694620863901 157.85936003153967 409
1694620863934 157.82737022958958 410
1694620863965 157.7953872554665 411
1694620863991 157.76341110732724 412
1694620864016 157.7314417833294 413
1694620864044 157.6994792816316 414
1694620864074 157.6675236003933 415
1694620864102 157.63557473777504 416
1694620864130 157.60363269193806 417
1694620864159 157.57169746104472 418
1694620864186 157.53976904325825 419
1694620864215 157.50784743674268 420
1694620864244 157.47593263966314 421
1694620864277 157.44402465018558 422
1694620864313 157.41212346647688 423
1694620864344 157.38022908670487 424
1694620864374 157.34834150903828 425
1694620864404 157.3164607316467 426
1694620864436 157.28458675270076 427
1694620864478 157.25271957037185 428
1694620864521 157.22085918283244 429
1694620864566 157.18900558825575 430
1694620864604 157.1571587848161 431
1694620864635 157.1253187706885 432
1694620864666 157.09348554404906 433
1694620864693 157.0616591030747 434
1694620864723 157.02983944594328 435
1694620864775 156.99802657083356 436
1694620864820 156.9662204759252 437
1694620864863 156.93442115939882 438
1694620864902 156.9026286194359 439
1694620864939 156.87084285421875 440
1694620864980 156.83906386193075 441
1694620865021 156.80729164075606 442
1694620865065 156.77552618887978 443
1694620865105 156.74376750448792 444
1694620865139 156.71201558576735 445
1694620865172 156.68027043090595 446
1694620865203 156.64853203809233 447
1694620865231 156.61680040551613 448
1694620865259 156.58507553136786 449
1694620865292 156.5533574138389 450
1694620865333 156.52164605112156 451
1694620865378 156.48994144140894 452
1694620865421 156.45824358289525 453
1694620865458 156.4265524737754 454
1694620865490 156.39486811224523 455
1694620865521 156.36319049650155 456
1694620865557 156.33151962474193 457
1694620865600 156.29985549516505 458
1694620865641 156.26819810597019 459
1694620865677 156.23654745535777 460
1694620865709 156.2049035415289 461
1694620865743 156.1732663626858 462
1694620865770 156.14163591703132 463
1694620865807 156.11001220276944 464
1694620865838 156.07839521810482 465
1694620865874 156.0467849612431 466
1694620865907 156.0151814303909 467
1694620865941 155.9835846237555 468
1694620865974 155.95199453954524 469
1694620866005 155.92041117596924 470
1694620866032 155.88883453123756 471
1694620866064 155.85726460356116 472
1694620866104 155.82570139115177 473
1694620866139 155.7941448922221 474
1694620866169 155.76259510498573 475
1694620866200 155.73105202765706 476
1694620866227 155.69951565845136 477
1694620866257 155.66798599558484 478
1694620866285 155.63646303727458 479
1694620866314 155.60494678173845 480
1694620866342 155.57343722719529 481
1694620866371 155.54193437186476 482
1694620866399 155.51043821396738 483
1694620866429 155.47894875172457 484
1694620866465 155.4474659833586 485
1694620866497 155.4159899070926 486
1694620866530 155.3845205211506 487
1694620866562 155.35305782375747 488
1694620866594 155.32160181313895 489
1694620866626 155.29015248752165 490
1694620866651 155.25870984513307 491
1694620866683 155.22727388420154 492
1694620866719 155.19584460295616 493
1694620866756 155.16442199962714 494
1694620866784 155.1330060724453 495
1694620866812 155.10159681964248 496
1694620866841 155.0701942394513 497
1694620866870 155.03879833010524 498
1694620866899 155.00740908983866 499
1694620866929 154.97602651688678 500
1694620866959 154.94465060948568 501
1694620866987 154.91328136587228 502
1694620867015 154.8819187842844 503
1694620867044 154.8505628629606 504
1694620867074 154.8192136001404 505
1694620867105 154.78787099406415 506
1694620867132 154.75653504297304 507
1694620867166 154.72520574510915 508
1694620867195 154.69388309871528 509
1694620867225 154.66256710203524 510
1694620867255 154.63125775331363 511
1694620867282 154.59995505079587 512
1694620867309 154.56865899272825 513
1694620867333 154.5373695773579 514
1694620867358 154.5060868029328 515
1694620867382 154.47481066770177 516
1694620867406 154.44354116991448 517
1694620867430 154.41227830782145 518
1694620867454 154.38102207967404 519
1694620867479 154.3497724837244 520
1694620867503 154.31852951822563 521
1694620867528 154.28729318143152 522
1694620867553 154.25606347159692 523
1694620867582 154.22484038697726 524
1694620867609 154.19362392582903 525
1694620867638 154.16241408640937 526
1694620867671 154.1312108669764 527
1694620867701 154.10001426578904 528
1694620867731 154.06882428110697 529
1694620867767 154.03764091119083 530
1694620867807 154.006464154302 531
1694620867837 153.9752940087027 532
1694620867867 153.94413047265598 533
1694620867898 153.91297354442582 534
1694620867929 153.8818232222769 535
1694620867955 153.85067950447478 536
1694620867985 153.81954238928589 537
1694620868013 153.7884118749774 538
1694620868043 153.75728795981743 539
1694620868075 153.72617064207478 540
1694620868106 153.69505992001916 541
1694620868134 153.66395579192118 542
1694620868161 153.63285825605212 543
1694620868190 153.60176731068412 544
1694620868220 153.57068295409024 545
1694620868247 153.5396051845443 546
1694620868274 153.50853400032096 547
1694620868303 153.47746939969562 548
1694620868330 153.44641138094462 549
1694620868359 153.41535994234505 550
1694620868388 153.3843150821748 551
1694620868415 153.35327679871267 552
1694620868443 153.32224509023817 553
1694620868469 153.2912199550317 554
1694620868497 153.26020139137444 555
1694620868526 153.22918939754842 556
1694620868554 153.19818397183641 557
1694620868585 153.16718511252208 558
1694620868616 153.13619281788988 559
1694620868647 153.10520708622508 560
1694620868676 153.07422791581374 561
1694620868705 153.0432553049427 562
1694620868736 153.01228925189972 563
1694620868767 152.98132975497325 564
1694620868797 152.95037681245265 565
1694620868830 152.919430422628 566
1694620868861 152.88849058379026 567
1694620868894 152.8575572942311 568
1694620868925 152.82663055224313 569
1694620868957 152.79571035611966 570
1694620868987 152.76479670415486 571
1694620869017 152.73388959464364 572
1694620869049 152.70298902588178 573
1694620869083 152.67209499616584 574
1694620869116 152.64120750379317 575
1694620869145 152.61032654706196 576
1694620869175 152.5794521242711 577
1694620869204 152.54858423372045 578
1694620869232 152.51772287371048 579
1694620869265 152.48686804254257 580
1694620869297 152.4560197385189 581
1694620869327 152.4251779599424 582
1694620869355 152.3943427051168 583
1694620869385 152.36351397234668 584
1694620869414 152.33269175993735 585
1694620869442 152.30187606619495 586
1694620869469 152.27106688942638 587
1694620869499 152.24026422793938 588
1694620869528 152.20946808004246 589
1694620869555 152.17867844404492 590
1694620869586 152.14789531825681 591
1694620869615 152.11711870098904 592
1694620869645 152.08634859055329 593
1694620869672 152.05558498526196 594
1694620869700 152.02482788342837 595
1694620869728 151.9940772833665 596
1694620869760 151.96333318339117 597
1694620869789 151.93259558181796 598
1694620869821 151.9018644769633 599
1694620869850 151.8711398671444 600
1694620869879 151.8404217506791 601
1694620869909 151.8097101258862 602
1694620869941 151.77900499108523 603
1694620869970 151.74830634459644 604
1694620869999 151.71761418474097 605
1694620870028 151.68692850984064 606
1694620870055 151.6562493182181 607
1694620870088 151.62557660819675 608
1694620870114 151.59491037810088 609
1694620870139 151.56425062625533 610
1694620870164 151.53359735098593 611
1694620870190 151.50295055061918 612
1694620870216 151.47231022348237 613
1694620870245 151.4416763679036 614
1694620870281 151.41104898221175 615
1694620870311 151.38042806473638 616
1694620870343 151.34981361380787 617
1694620870375 151.3192056277575 618
1694620870409 151.28860410491708 619
1694620870438 151.2580090436194 620
1694620870466 151.22742044219794 621
1694620870496 151.19683829898685 622
1694620870524 151.16626261232125 623
1694620870552 151.13569338053688 624
1694620870584 151.10513060197033 625
1694620870613 151.0745742749589 626
1694620870642 151.0440243978406 627
1694620870671 151.01348096895438 628
1694620870699 150.9829439866398 629
1694620870729 150.95241344923724 630
1694620870762 150.92188935508784 631
1694620870792 150.89137170253352 632
1694620870821 150.86086048991694 633
1694620870852 150.83035571558153 634
1694620870884 150.79985737787143 635
1694620870913 150.76936547513165 636
1694620870942 150.73888000570787 637
1694620870979 150.7084009679465 638
1694620871013 150.6779283601948 639
1694620871041 150.64746218080077 640
1694620871073 150.61700242811312 641
1694620871105 150.58654910048136 642
1694620871133 150.55610219625572 643
1694620871160 150.52566171378717 644
1694620871190 150.49522765142748 645
1694620871220 150.46480000752922 646
1694620871249 150.43437878044557 647
1694620871278 150.40396396853055 648
1694620871310 150.37355557013896 649
1694620871337 150.34315358362628 650
1694620871363 150.31275800734878 651
1694620871393 150.2823688396635 652
1694620871421 150.25198607892813 653
1694620871450 150.22160972350127 654
1694620871478 150.19123977174212 655
1694620871508 150.16087622201067 656
1694620871536 150.1305190726677 657
1694620871566 150.1001683220747 658
1694620871596 150.0698239685939 659
1694620871627 150.03948601058826 660
1694620871658 150.00915444642155 661
1694620871686 149.9788292744582 662
1694620871713 149.94851049306348 663
1694620871745 149.91819810060326 664
1694620871772 149.8878920954443 665
1694620871797 149.85759247595402 666
1694620871834 149.82729924050054 667
1694620871870 149.79701238745284 668
1694620871906 149.76673191518054 669
1694620871940 149.73645782205406 670
1694620871969 149.70619010644444 671
1694620871998 149.67592876672362 672
1694620872030 149.64567380126417 673
1694620872067 149.61542520843946 674
1694620872103 149.5851829866235 675
1694620872133 149.5549471341911 676
1694620872162 149.5247176495178 677
1694620872191 149.49449453097992 678
1694620872220 149.4642777769544 679
1694620872253 149.434067385819 680
1694620872281 149.40386335595213 681
1694620872311 149.37366568573302 682
1694620872340 149.34347437354154 683
1694620872367 149.31328941775845 684
1694620872395 149.28311081676506 685
1694620872423 149.25293856894345 686
1694620872453 149.2227726726765 687
1694620872481 149.1926131263477 688
1694620872511 149.1624599283414 689
1694620872539 149.1323130770426 690
1694620872570 149.102172570837 691
1694620872599 149.0720384081111 692
1694620872628 149.041910587252 693
1694620872656 149.01178910664774 694
1694620872686 148.98167396468682 695
1694620872716 148.95156515975864 696
1694620872747 148.92146269025326 697
1694620872778 148.89136655456142 698
1694620872806 148.8612767510747 699
1694620872850 148.8311932781853 700
1694620872888 148.8011161342862 701
1694620872927 148.77104531777093 702
1694620872956 148.740980827034 703
1694620872988 148.7109226604705 704
1694620873038 148.68087081647613 705
1694620873086 148.65082529344753 706
1694620873126 148.62078608978186 707
1694620873165 148.59075320387717 708
1694620873195 148.560726634132 709
1694620873223 148.53070637894584 710
1694620873251 148.50069243671874 711
1694620873279 148.4706848058515 712
1694620873313 148.44068348474565 713
1694620873342 148.41068847180335 714
1694620873372 148.38069976542764 715
1694620873404 148.3507173640221 716
1694620873433 148.3207412659911 717
1694620873467 148.29077146973967 718
1694620873497 148.26080797367362 719
1694620873527 148.2308507761994 720
1694620873558 148.2008998757242 721
1694620873587 148.1709552706559 722
1694620873615 148.14101695940306 723
1694620873645 148.11108494037504 724
1694620873673 148.0811592119818 725
1694620873718 148.051239772634 726
1694620873768 148.02132662074314 727
1694620873797 147.99141975472128 728
1694620873826 147.9615191729812 729
1694620873856 147.93162487393644 730
1694620873884 147.90173685600118 731
1694620873912 147.87185511759037 732
1694620873939 147.84197965711957 733
1694620873968 147.81211047300513 734
1694620874168 147.78224756366401 735
1694620874203 147.75239092751391 736
1694620874236 147.72254056297325 737
1694620874265 147.69269646846115 738
1694620874294 147.6628586423973 739
1694620874321 147.6330270832023 740
1694620874346 147.60320178929726 741
1694620874374 147.57338275910405 742
1694620874402 147.54356999104522 743
1694620874430 147.51376348354407 744
1694620874459 147.4839632350245 745
1694620874487 147.45416924391122 746
1694620874516 147.4243815086295 747
1694620874544 147.39460002760532 748
1694620874578 147.36482479926548 749
1694620874609 147.3350558220373 750
1694620874638 147.3052930943489 751
1694620874671 147.2755366146291 752
1694620874703 147.24578638130728 753
1694620874735 147.21604239281362 754
1694620874765 147.18630464757896 755
1694620874793 147.1565731440348 756
1694620874822 147.12684788061338 757
1694620874850 147.09712885574757 758
1694620874879 147.06741606787088 759
1694620874905 147.03770951541765 760
1694620874934 147.00800919682277 761
1694620874962 146.97831511052186 762
1694620874989 146.94862725495125 763
1694620875017 146.9189456285479 764
1694620875047 146.88927022974946 765
1694620875080 146.85960105699428 766
1694620875113 146.8299381087214 767
1694620875141 146.80028138337053 768
1694620875168 146.77063087938197 769
1694620875197 146.74098659519683 770
1694620875236 146.71134852925684 771
1694620875278 146.6817166800044 772
1694620875313 146.65209104588254 773
1694620875353 146.62247162533512 774
1694620875399 146.5928584168065 775
1694620875437 146.56325141874183 776
1694620875480 146.53365062958684 777
1694620875534 146.504056047788 778
1694620875598 146.47446767179244 779
1694620875654 146.44488550004795 780
1694620875707 146.415309531003 781
1694620875743 146.38573976310676 782
1694620875784 146.356176194809 783
1694620875820 146.32661882456017 784
1694620875853 146.29706765081147 785
1694620875885 146.2675226720147 786
1694620875930 146.23798388662232 787
1694620875983 146.20845129308748 788
1694620876036 146.17892488986402 789
1694620876094 146.14940467540646 790
1694620876144 146.11989064816981 791
1694620876199 146.09038280661002 792
1694620876256 146.0608811491835 793
1694620876303 146.03138567434746 794
1694620876360 146.00189638055963 795
1694620876423 145.97241326627847 796
1694620876471 145.94293632996315 797
1694620876513 145.91346557007344 798
1694620876558 145.8840009850698 799
1694620876601 145.85454257341337 800
1694620876640 145.82509033356587 801
1694620876682 145.79564426398977 802
1694620876724 145.76620436314815 803
1694620876775 145.73677062950472 804
1694620876835 145.70734306152397 805
1694620876876 145.6779216576709 806
1694620876918 145.64850641641124 807
1694620876961 145.61909733621135 808
1694620877000 145.58969441553828 809
1694620877033 145.56029765285976 810
1694620877068 145.53090704664405 811
1694620877103 145.50152259536023 812
1694620877136 145.4721442974779 813
1694620877168 145.44277215146738 814
1694620877203 145.41340615579958 815
1694620877253 145.38404630894618 816
1694620877301 145.35469260937938 817
1694620877350 145.3253450555721 818
1694620877399 145.29600364599793 819
1694620877449 145.266668379131 820
1694620877489 145.23733925344627 821
1694620877524 145.2080162674192 822
1694620877556 145.1786994195259 823
1694620877585 145.14938870824324 824
1694620877616 145.12008413204865 825
1694620877649 145.0907856894202 826
1694620877681 145.0614933788366 827
1694620877708 145.03220719877734 828
1694620877740 145.0029271477224 829
1694620877774 144.97365322415237 830
1694620877810 144.9443854265487 831
1694620877842 144.91512375339332 832
1694620877870 144.88586820316874 833
1694620877894 144.85661877435834 834
1694620877919 144.8273754654459 835
1694620877945 144.79813827491603 836
1694620877971 144.76890720125382 837
1694620878003 144.73968224294515 838
1694620878048 144.71046339847643 839
1694620878101 144.68125066633476 840
1694620878157 144.6520440450079 841
1694620878214 144.62284353298418 842
1694620878272 144.59364912875256 843
1694620878339 144.56446083080274 844
1694620878387 144.535278637625 845
1694620878431 144.5061025477102 846
1694620878481 144.47693255954994 847
1694620878532 144.44776867163637 848
1694620878592 144.41861088246233 849
1694620878653 144.38945919052122 850
1694620878721 144.36031359430717 851
1694620878776 144.33117409231485 852
1694620878812 144.3020406830397 853
1694620878849 144.2729133649776 854
1694620878885 144.24379213662516 855
1694620878922 144.21467699647968 856
1694620878968 144.18556794303905 857
1694620879022 144.15646497480165 858
1694620879067 144.1273680902667 859
1694620879115 144.098277287934 860
1694620879154 144.06919256630385 861
1694620879189 144.04011392387727 862
1694620879236 144.01104135915594 863
1694620879279 143.98197487064212 864
1694620879323 143.95291445683867 865
1694620879365 143.92386011624913 866
1694620879404 143.89481184737767 867
1694620879444 143.865769648729 868
1694620879478 143.83673351880856 869
1694620879510 143.8077034561223 870
1694620879541 143.77867945917697 871
1694620879571 143.74966152647974 872
1694620879605 143.7206496565385 873
1694620879638 143.6916438478618 874
1694620879675 143.66264409895874 875
1694620879704 143.63365040833904 876
1694620879737 143.60466277451306 877
1694620879772 143.57568119599182 878
1694620879808 143.54670567128693 879
1694620879843 143.51773619891054 880
1694620879871 143.4887727773756 881
1694620879903 143.45981540519546 882
1694620879934 143.43086408088425 883
1694620879970 143.40191880295666 884
1694620880010 143.372979569928 885
1694620880053 143.34404638031413 886
1694620880102 143.31511923263164 887
1694620880141 143.28619812539765 888
1694620880179 143.25728305713 889
1694620880218 143.22837402634696 890
1694620880261 143.19947103156755 891
1694620880297 143.17057407131142 892
1694620880330 143.14168314409875 893
1694620880366 143.11279824845036 894
1694620880401 143.08391938288767 895
1694620880434 143.05504654593278 896
1694620880465 143.0261797361083 897
1694620880496 142.9973189519375 898
1694620880527 142.9684641919443 899
1694620880558 142.93961545465314 900
1694620880587 142.9107727385891 901
1694620880618 142.88193604227789 902
1694620880645 142.8531053642458 903
1694620880672 142.82428070301978 904
1694620880698 142.7954620571273 905
1694620880726 142.76664942509655 906
1694620880761 142.73784280545618 907
1694620880797 142.7090421967356 908
1694620880835 142.68024759746464 909
1694620880875 142.65145900617395 910
1694620880910 142.6226764213946 911
1694620880945 142.59389984165836 912
1694620880978 142.56512926549755 913
1694620881012 142.5363646914452 914
1694620881047 142.50760611803474 915
1694620881082 142.4788535438004 916
1694620881116 142.4501069672769 917
1694620881150 142.4213663869996 918
1694620881178 142.39263180150445 919
1694620881206 142.36390320932796 920
1694620881237 142.33518060900735 921
1694620881267 142.3064639990803 922
1694620881297 142.27775337808515 923
1694620881325 142.24904874456087 924
1694620881354 142.22035009704697 925
1694620881382 142.1916574340836 926
1694620881411 142.16297075421144 927
1694620881439 142.13429005597186 928
1694620881469 142.10561533790673 929
1694620881497 142.07694659855858 930
1694620881525 142.0482838364705 931
1694620881554 142.01962705018616 932
1694620881581 141.9909762382499 933
1694620881610 141.96233139920653 934
1694620881638 141.93369253160157 935
1694620881666 141.90505963398107 936
1694620881699 141.87643270489167 937
1694620881733 141.8478117428806 938
1694620881768 141.8191967464957 939
1694620881799 141.79058771428535 940
1694620881832 141.76198464479864 941
1694620881861 141.73338753658507 942
1694620881891 141.70479638819492 943
1694620881924 141.67621119817886 944
1694620881958 141.64763196508832 945
1694620881990 141.6190586874752 946
1694620882018 141.59049136389203 947
1694620882047 141.56192999289195 948
1694620882075 141.53337457302865 949
1694620882107 141.5048251028564 950
1694620882140 141.47628158093005 951
1694620882170 141.44774400580508 952
1694620882202 141.4192123760375 953
1694620882237 141.39068669018394 954
1694620882272 141.3621669468016 955
1694620882302 141.33365314444825 956
1694620882333 141.30514528168226 957
1694620882366 141.27664335706254 958
1694620882394 141.24814736914863 959
1694620882421 141.21965731650064 960
1694620882446 141.19117319767923 961
1694620882470 141.16269501124572 962
1694620882498 141.13422275576184 963
1694620882529 141.10575642979006 964
1694620882561 141.07729603189338 965
1694620882591 141.04884156063534 966
1694620882625 141.02039301458012 967
1694620882651 140.9919503922924 968
1694620882677 140.96351369233756 969
1694620882703 140.93508291328135 970
1694620882748 140.9066580536903 971
1694620882799 140.87823911213138 972
1694620882844 140.84982608717223 973
1694620882884 140.82141897738103 974
1694620882913 140.79301778132645 975
1694620882957 140.76462249757782 976
1694620883006 140.73623312470508 977
1694620883056 140.70784966127866 978
1694620883098 140.67947210586956 979
1694620883135 140.65110045704938 980
1694620883178 140.62273471339037 981
1694620883219 140.59437487346514 982
1694620883261 140.56602093584706 983
1694620883292 140.53767289911 984
1694620883328 140.5093307618284 985
1694620883367 140.48099452257733 986
1694620883400 140.45266417993227 987
1694620883432 140.4243397324694 988
1694620883461 140.39602117876544 989
1694620883489 140.3677085173977 990
1694620883524 140.33940174694396 991
1694620883555 140.3111008659827 992
1694620883591 140.28280587309285 993
1694620883629 140.25451676685395 994
1694620883662 140.22623354584607 995
1694620883695 140.19795620864997 996
1694620883733 140.16968475384678 997
1694620883768 140.14141918001832 998
1694620883801 140.113159485747 999
