1694640520137 111.04588090395004 0
1694640520421 67.58072731452823 1
1694640521051 36.04228347662188 2
1694640521749 13.58024656483388 3
1694640522350 12.742761463883374 4
1694640522911 5.840078518493684 5
1694640523545 4.083220268465975 6
1694640524165 0.46623105082758937 7
1694640524927 1.0627406498274239 8
1694640525472 0.24095702990305945 9
1694640526083 1.1054004602240954 10
1694640526718 0.1050703914625747 11
1694640527317 0.010039410234384464 12
1694640527924 0.1786518674878863 13
1694640528541 0.004018108463570062 14
1694640529132 0.014111631247158899 15
1694640529747 0.2401272791280712 16
1694640530326 0.16281675942895854 17
1694640530916 0.003489040518507671 18
1694640531495 0.011460505221716802 19
1694640532133 0.04799472212678234 20
1694640532726 0.04406244124094594 21
1694640533317 0.1424081291823105 22
1694640533989 0.6517161758999318 23
1694640534582 0.057380420387137955 24
1694640535214 0.0035894630008242332 25
1694640535849 0.02892963461368066 26
1694640536537 0.05065491360298853 27
1694640537102 0.0017860700969607225 28
1694640537658 0.0007709597373393185 29
1694640538248 0.06409264233865367 30
1694640538832 0.049433758913602376 31
1694640539443 0.0004190373720767098 32
1694640540032 0.008011641418011516 33
1694640540659 0.00044137934577786537 34
1694640541233 0.16587659498416657 35
1694640541843 5.032048898644655e-05 36
1694640542441 0.024877201909960393 37
1694640543029 0.07393164771301843 38
1694640543615 0.023976917226359626 39
1694640544200 0.018264166139845724 40
1694640544834 0.014061933284477777 41
1694640545429 0.06327161330287112 42
1694640546023 0.1857884240941683 43
1694640546659 0.19126885513750966 44
1694640547239 0.03978690857005998 45
1694640547860 0.23988015651799655 46
1694640548437 0.01695904373041237 47
1694640549029 0.016671344922761327 48
1694640549626 0.028619763144637513 49
