1694640520153 0.0 0
1694640520435 0.0 1
1694640521081 0.0 2
1694640521766 0.0 3
1694640522369 0.0 4
1694640522931 0.0 5
1694640523565 0.0 6
1694640524188 0.0 7
1694640524947 0.0 8
1694640525497 0.0 9
1694640526100 0.0 10
1694640526737 0.0 11
1694640527337 0.0 12
1694640527941 0.0 13
1694640528559 0.0 14
1694640529151 0.0 15
1694640529765 0.0 16
1694640530345 0.0 17
1694640530935 0.0 18
1694640531516 0.0 19
1694640532158 0.0 20
1694640532746 0.0 21
1694640533335 0.0 22
1694640534008 0.0 23
1694640534606 0.0 24
1694640535231 0.0 25
1694640535871 0.0 26
1694640536556 0.0 27
1694640537129 0.0 28
1694640537673 0.0 29
1694640538262 0.0 30
1694640538851 0.0 31
1694640539461 0.0 32
1694640540056 0.0 33
1694640540677 0.0 34
1694640541252 0.0 35
1694640541861 0.0 36
1694640542458 0.0 37
1694640543048 0.0 38
1694640543632 0.0 39
1694640544222 0.0 40
1694640544853 0.0 41
1694640545446 0.0 42
1694640546043 0.0 43
1694640546678 0.0 44
1694640547255 0.0 45
1694640547881 0.0 46
1694640548455 0.0 47
1694640549048 0.0 48
1694640549644 0.0 49
