1694628921113 0.2037812265170673 0
1694628921391 0.07071875737527368 1
1694628921616 0.013894890703498482 2
1694628921830 0.060340876189832984 3
1694628922110 0.7348109233134164 4
1694628922459 0.17399715221393708 5
1694628922637 0.25335457527009725 6
1694628922810 0.047107933451778564 7
1694628923125 0.003341416338832086 8
1694628923430 0.06229588645991473 9
1694628923735 8.242839569946886e-05 10
1694628924046 0.05303363720012483 11
1694628924316 0.08390108547339317 12
1694628924602 0.028710964178502264 13
1694628924827 0.00015591441263150974 14
1694628925038 0.26067139185469157 15
1694628925243 0.0028809730600170974 16
1694628925524 0.08498836289240816 17
1694628925723 0.009040100228271552 18
1694628925919 0.007761140419624584 19
1694628926108 0.19695696049879646 20
1694628926319 0.4334721041594566 21
1694628926521 0.13662368345655093 22
1694628926704 0.008662481268827743 23
1694628926915 0.08598040582174306 24
1694628927234 0.10971714700787721 25
1694628927595 9.290671715535068e-06 26
1694628927825 0.005001364227184535 27
1694628928006 0.0800834529473442 28
1694628928201 0.21202462293078067 29
1694628928400 0.02278482569282406 30
1694628928586 1.3935398164914263 31
1694628928751 0.04097785623353045 32
1694628928998 0.009606812549558877 33
1694628929245 0.6393654737101332 34
1694628929506 0.6757061153810728 35
1694628929687 0.07089051283764057 36
1694628929869 0.10928050372019091 37
1694628930124 0.05433702893164395 38
1694628930323 0.00028271365048445854 39
1694628930632 0.08678369188675362 40
1694628930853 0.09875125600872416 41
1694628931072 0.003702041795403309 42
1694628931312 1.5821209542851856e-07 43
1694628931532 0.002671437325280666 44
1694628931721 0.08260018714634845 45
1694628931834 0.0034625308135136186 46
1694628932146 0.1132293176688461 47
1694628932361 1.1031868419237256 48
1694628932578 0.061271168875834676 49
1694628932765 0.408644910226229 50
1694628932974 0.08168572489495353 51
1694628933186 0.014667823651683013 52
1694628933375 0.012451746682159728 53
1694628933600 0.045553276965707934 54
1694628933881 0.007395007613470317 55
1694628934142 0.2219419990776638 56
1694628934363 0.032856395991815154 57
1694628934561 0.19363050697382594 58
1694628934755 0.11399848511995546 59
1694628934961 0.00022765625676184607 60
1694628935183 0.011796311837154322 61
1694628935413 0.7736373265895067 62
1694628935605 0.198521567262836 63
1694628935829 0.013580395971951587 64
1694628936015 0.08972122020501448 65
1694628936209 0.3266762064605388 66
1694628936431 0.0021400533272463483 67
1694628936642 0.05288856249410633 68
1694628936828 0.024894878160948656 69
1694628937050 0.1285435764105221 70
1694628937230 0.00765849928079574 71
1694628937444 0.0533297045917676 72
1694628937631 0.13282295417510095 73
1694628937844 0.1917170293470288 74
1694628938070 0.10220972742361982 75
1694628938260 0.0051681089484896334 76
1694628938480 0.012615421002730802 77
1694628938666 2.4517683841293246e-05 78
1694628938888 0.3467527204995534 79
1694628939105 0.018653712255037414 80
1694628939280 4.107828835021642e-05 81
1694628939503 0.17744135292288257 82
1694628939695 0.7880338930128724 83
1694628939882 0.44298607688109015 84
1694628940089 0.21310552602689276 85
1694628940280 0.20764287912492643 86
1694628940499 0.10574384312063245 87
1694628940738 2.9826412985491957e-05 88
1694628940957 0.0003135331619122226 89
1694628941181 0.01563993973820355 90
1694628941388 0.01131411022479654 91
1694628941613 0.08791942804363563 92
1694628941808 0.00025337437278942314 93
1694628942004 0.03831909353073164 94
1694628942184 0.03735424228900588 95
1694628942381 0.011273377247042223 96
1694628942572 0.06246536013427365 97
1694628942782 0.0451081533686441 98
1694628943012 0.058376044914140966 99
1694628943208 0.011934629918408003 100
1694628943394 0.015697998543572268 101
1694628943578 0.08031202748357012 102
1694628943802 0.05698716309026853 103
1694628944025 0.009468560678399981 104
1694628944271 0.08699832330287523 105
1694628944454 0.0029713178046283407 106
1694628944688 0.2508366983309939 107
1694628944912 0.04135712871145497 108
1694628945083 0.08624857627933939 109
1694628945289 0.0007523081610395388 110
1694628945474 0.02600832381699322 111
1694628945652 0.010535717214910133 112
1694628945844 0.022912538414750373 113
1694628946102 0.08141872551506996 114
1694628946354 0.24192430427207695 115
1694628946579 0.13786630255212676 116
1694628946763 0.2397111339145699 117
1694628946960 0.0002685505704282241 118
1694628947156 0.040139711513014466 119
1694628947344 0.009747501517217688 120
1694628947564 0.29593917700598626 121
1694628947801 0.23977334507022044 122
1694628948033 0.019950620064945152 123
1694628948254 0.0009655825187789652 124
1694628948483 0.004234205953002265 125
1694628948667 0.16786416858128214 126
1694628948879 0.1665385449363755 127
1694628949194 0.0030460155008049474 128
1694628949454 0.00808485457621649 129
1694628949698 0.09024027128719697 130
1694628949889 0.4200965403496219 131
1694628950044 0.07510880142830256 132
1694628950303 0.23525395449260197 133
1694628950537 0.3654409106904992 134
1694628950751 0.02314075519045499 135
1694628950953 0.23841549902539877 136
1694628951171 0.6172871512118766 137
1694628951403 0.017178217790057848 138
1694628951616 0.02820037221361076 139
1694628951832 0.16608448413897126 140
1694628952064 0.018796898072782755 141
1694628952256 0.7869865188537573 142
1694628952447 0.0913718388526164 143
1694628952670 0.2615655896161992 144
1694628952922 0.006106972663101507 145
1694628953147 0.19870563871848987 146
1694628953326 0.07874799011561583 147
1694628953518 0.05478096823647769 148
1694628953681 0.2198642377474667 149
1694628953914 0.20332451861143314 150
1694628954159 0.024746696460787542 151
1694628954357 0.11483989725271197 152
1694628954533 0.05392000729667882 153
1694628954807 0.00017798459522993986 154
1694628955057 0.22931618455783787 155
1694628955240 0.13338198413269273 156
1694628955430 0.010474585650993386 157
1694628955615 0.0258407764930995 158
1694628955801 0.054011512740814616 159
1694628956008 0.005205677417550744 160
1694628956179 6.807488375070117e-05 161
1694628956370 0.23221754824495636 162
1694628956599 0.010337479940080267 163
1694628956822 0.029845913076894957 164
1694628957090 0.014960057002269858 165
1694628957296 0.4008747616499228 166
1694628957521 0.1704652676611111 167
1694628957720 0.009068298704069245 168
1694628958003 0.010605821946570566 169
1694628958377 0.009599699100963139 170
1694628958632 0.06541030591833827 171
1694628958904 0.15366950157744919 172
1694628959190 0.005174690565765668 173
1694628959396 0.22245532645190513 174
1694628959595 0.036928892787893984 175
1694628959848 0.24722693805260484 176
1694628960120 0.02777434967503404 177
1694628960411 0.004438040295582468 178
1694628960666 0.1522809162661664 179
1694628960962 0.13799658528518366 180
1694628961260 0.2603151594647024 181
1694628961540 0.03292856047404799 182
1694628961839 0.9085089661382645 183
1694628962104 0.03772635572739566 184
1694628962384 0.1308592937198505 185
1694628962641 0.019404960679122854 186
1694628962974 0.040685967291592455 187
1694628963262 0.5307203857858677 188
1694628963489 0.032080552763498686 189
1694628963839 0.006541017902260554 190
1694628964124 0.2804889945109405 191
1694628964379 0.2200846547533106 192
1694628964613 0.038184506760320994 193
1694628964898 0.004479605591339361 194
1694628965178 0.0008356986310781615 195
1694628965399 0.02257642157887886 196
1694628965614 0.07495306890252457 197
1694628965859 0.031040798870506512 198
1694628966169 0.030131016070378557 199
1694628966468 0.13080088744413018 200
1694628966751 0.15333572030017129 201
1694628967037 0.005477952520101972 202
1694628967378 0.0010824457270020393 203
1694628967751 0.002992835293828276 204
1694628968062 0.0779004883787884 205
1694628968295 0.27620911751497373 206
1694628968573 0.27288423140243534 207
1694628968980 0.2484508163354674 208
1694628969218 0.016248987149256242 209
1694628969511 5.54633891731351e-05 210
1694628969712 0.17329419195780307 211
1694628969898 0.1270959907414409 212
1694628970090 0.06514264792209012 213
1694628970306 0.016688495223311638 214
1694628970617 0.001056705287223064 215
1694628970861 0.987959890913372 216
1694628971087 0.1847411156214011 217
1694628971385 0.0007770204982279876 218
1694628971637 0.41366150746671027 219
1694628971836 0.017572441202105434 220
1694628972110 0.030507778955244823 221
1694628972292 0.066175400384473 222
1694628972620 0.011986214632666825 223
1694628972916 0.028914283224914655 224
1694628973188 0.00086118979837109 225
1694628973470 0.06490170725058779 226
1694628973724 0.032010154015061396 227
1694628973980 0.0008132035848813501 228
1694628974167 0.15074904684244844 229
1694628974354 0.32176020748643724 230
1694628974580 0.037532934121368676 231
1694628974766 0.04462231547564156 232
1694628975000 0.06918225541876794 233
1694628975197 0.1116535556931318 234
1694628975375 0.0009087548050664165 235
1694628975589 0.008655665849654954 236
1694628975805 0.23887081886946437 237
1694628976018 0.3616470877601751 238
1694628976168 0.0004131217721582456 239
1694628976543 0.00587434172663668 240
1694628976780 1.0036858812830765 241
1694628977012 0.011615441712879785 242
1694628977245 0.08444421193654852 243
1694628977473 0.3753403202836146 244
1694628977762 0.009789246913252093 245
1694628978040 0.0019578909664612113 246
1694628978229 0.035803663204177966 247
1694628978463 0.03671940216868263 248
1694628978724 0.006879955461032688 249
1694628978929 0.018765143166586087 250
1694628979193 0.0005681071626699603 251
1694628979419 0.05732896618254527 252
1694628979666 0.05245377828243779 253
1694628979879 0.22821205282186183 254
1694628980098 0.22857784182008967 255
1694628980342 0.053144892473021815 256
1694628980581 0.005870857151130886 257
1694628980829 0.12661634386668177 258
1694628981094 0.0007881741190719299 259
1694628981318 0.001917673421494554 260
1694628981529 0.4180179902557937 261
1694628981751 0.07371006209488812 262
1694628982000 0.12828711092351722 263
1694628982227 0.004022302964200134 264
1694628982421 7.367544352746608e-06 265
1694628982610 0.3514851361990283 266
1694628982812 0.04466060276967713 267
1694628983028 0.0489944582516371 268
1694628983264 0.07710989090907117 269
1694628983455 0.0004771217706607239 270
1694628983633 0.06634633970933058 271
1694628983860 0.015418692423271495 272
1694628984048 0.013830942387813686 273
1694628984230 0.1047345107777841 274
1694628984431 0.04515321516216661 275
1694628984630 0.019881222406072575 276
1694628984840 0.05114309275447106 277
1694628985077 0.003085710856691956 278
1694628985261 0.0644801468642807 279
1694628985467 0.04066390370974427 280
1694628985644 0.11104368198647926 281
1694628985834 0.13323425165454444 282
1694628986065 0.030613558851019095 283
1694628986240 0.06293667603844452 284
1694628986437 0.03454006165737819 285
1694628986615 0.013439285501184419 286
1694628986780 0.009928052456765668 287
1694628986956 0.7601101528094104 288
1694628987135 0.261175137890876 289
1694628987344 0.14392435350636656 290
1694628987548 0.004778707409575141 291
1694628987740 0.13704063069532096 292
1694628987924 0.05617946031495887 293
1694628988138 0.04480062848364504 294
1694628988320 0.05788449551006579 295
1694628988500 3.7208493862063115e-05 296
1694628988700 0.001405468099389985 297
1694628988877 0.06709685339012662 298
1694628989128 0.005168593832709559 299
1694628989252 0.08798377763433597 300
1694628989471 0.08052981004880429 301
1694628989683 0.19834507455239614 302
1694628989856 0.006161850180737859 303
1694628990077 0.028487888819882925 304
1694628990254 0.0026411012133967225 305
1694628990419 0.002838099765915241 306
1694628990612 0.03409652756952963 307
1694628990786 0.010786708871039084 308
1694628990971 0.3192600715989669 309
1694628991139 0.026962756213531478 310
1694628991325 0.009916553612313417 311
1694628991530 0.0651020678485878 312
1694628991706 0.00029848009621663 313
1694628991875 0.0004587740682946282 314
1694628992049 0.03017178046039661 315
1694628992214 0.1705309221530276 316
1694628992453 0.005548103382017935 317
1694628992639 0.024349485655964016 318
1694628992885 0.000325923633732974 319
1694628993090 0.06255345075145857 320
1694628993308 0.09373335763142102 321
1694628993501 0.03464920585590731 322
1694628993674 0.5252020205644319 323
1694628993870 0.0032413187770302864 324
1694628994061 0.01568871818365204 325
1694628994276 0.08640968052417292 326
1694628994452 0.19510729756483047 327
1694628994628 0.002335638492911151 328
1694628994847 0.134280239304047 329
1694628995042 0.2684265382297091 330
1694628995265 0.005127677611389096 331
1694628995466 0.05544652196078113 332
1694628995646 0.04210021680735482 333
1694628995829 0.10429314910762233 334
1694628996026 0.1329704884811752 335
1694628996216 0.056930314831609374 336
1694628996409 0.0035160778359571154 337
1694628996618 0.0005871833871329483 338
1694628996800 0.13623084977518277 339
1694628996993 0.021869150786104526 340
1694628997204 0.10437603551341336 341
1694628997376 0.23273523660563145 342
1694628997585 0.2670497010936065 343
1694628997773 0.02568975488356731 344
1694628997980 0.2017400017386014 345
1694628998179 0.2697213081674289 346
1694628998356 0.098443740177469 347
1694628998501 0.13291788397039597 348
1694628998769 0.34587875053598505 349
1694628998954 0.06509819992401164 350
1694628999196 0.07556086531595473 351
1694628999417 0.45241101878962275 352
1694628999594 0.06472524069880134 353
1694628999768 0.0204333587323389 354
1694628999970 0.21662597882711995 355
1694629000118 0.062283507131013285 356
1694629000349 0.020285776945964062 357
1694629000537 0.09396091477654074 358
1694629000699 0.011522850226119636 359
1694629000919 0.042750630165738136 360
1694629001110 0.019719624870546206 361
1694629001334 0.002000271226787871 362
1694629001563 0.03088652698404169 363
1694629001795 0.0003511465307125491 364
1694629002062 0.0005562089129747743 365
1694629002357 0.2772458486581647 366
1694629002535 0.041319527714105395 367
1694629002724 7.713755548803279e-05 368
1694629002949 0.0426820840762971 369
1694629003030 0.2103002569693183 370
1694629003340 0.0779071753935915 371
1694629003522 0.07546855876007481 372
1694629003698 0.003833945181014302 373
1694629003883 0.1421805892922329 374
1694629004081 0.030239752460133582 375
1694629004254 0.42862403775788693 376
1694629004462 0.5603285604652446 377
1694629004641 0.04273685372443824 378
1694629004804 0.43889282522797046 379
1694629004973 0.019098645234943555 380
1694629005199 0.14964698789413713 381
1694629005379 0.12859979501324942 382
1694629005590 0.04322589800367223 383
1694629005813 0.03503781152838845 384
1694629005981 0.010658866491054502 385
1694629006150 0.002412601235714069 386
1694629006374 0.02572463316416692 387
1694629006553 0.2133210071878834 388
1694629006730 0.002605366787793579 389
1694629006974 0.1561244421090111 390
1694629007158 0.06680070699383742 391
1694629007357 0.3286940018577028 392
1694629007555 0.21604898908303055 393
1694629007740 0.49384334051430895 394
1694629007927 0.04138451849669924 395
1694629008103 0.04886574329318337 396
1694629008297 0.09818303663974991 397
1694629008482 0.0021020614679284604 398
1694629008711 0.36318860382358337 399
1694629008896 0.008414021128076205 400
1694629009082 0.023829206692614457 401
1694629009331 0.016510579264274745 402
1694629009510 0.023646036208625976 403
1694629009683 0.005870732656362034 404
1694629009880 0.10976882720366028 405
1694629010104 0.023798673724361237 406
1694629010290 0.26413403544485825 407
1694629010510 0.006062446455918401 408
1694629010698 0.0030076163546801818 409
1694629010923 0.1506113527850339 410
1694629011111 0.016919578930436597 411
1694629011285 8.513195542593033e-05 412
1694629011499 0.1065934357091069 413
1694629011692 0.14434188658237304 414
1694629011899 0.19477824260712606 415
1694629012118 0.7211560954988482 416
1694629012303 0.10717989188777662 417
1694629012495 0.0009599428559469759 418
1694629012664 0.02773526057382465 419
1694629012879 0.019246278047615407 420
1694629013060 0.0035515641693072307 421
1694629013281 0.4676578756314714 422
1694629013450 0.006345852889810915 423
1694629013649 0.021363659965874037 424
1694629013834 0.09554782163191407 425
1694629014049 0.08837386641956195 426
1694629014223 0.0016382423775822786 427
1694629014416 0.2881459453471858 428
1694629014604 0.6620657122186485 429
1694629014783 0.018431926232901116 430
1694629014984 0.04810764669305843 431
1694629015179 0.0022934217646714064 432
1694629015418 0.2795204128208846 433
1694629015596 0.3603366490877942 434
1694629015777 0.0197038096663998 435
1694629015962 0.007644299304908773 436
1694629016190 1.1194074747526621 437
1694629016368 0.001076642798909738 438
1694629016570 0.01094519149677521 439
1694629016744 0.020702579683298285 440
1694629016914 0.0007507411191621008 441
1694629017112 0.006462010901365679 442
1694629017323 0.037951945874043436 443
1694629017500 0.19862287233402823 444
1694629017708 0.002608611655802867 445
1694629017884 0.01400692078211698 446
1694629018069 0.003998089424194633 447
1694629018284 0.027657817622699327 448
1694629018466 0.06066021406974996 449
1694629018645 0.0438493081769761 450
1694629018815 0.26941818350492325 451
1694629018980 0.3179382343614136 452
1694629019194 3.243011717719239e-05 453
1694629019389 0.05964133620405634 454
1694629019558 0.11975386093543489 455
1694629019721 0.01984959560634212 456
1694629019907 0.03740110613320739 457
1694629020149 0.028681075483849128 458
1694629020319 0.040148285616295736 459
1694629020535 0.02748940248567651 460
1694629020706 0.03190799111313316 461
1694629020878 0.00012457241119976568 462
1694629021051 0.21313629728197842 463
1694629021250 0.1696563807999466 464
1694629021440 0.0005053827972281348 465
1694629021621 0.010643061534044481 466
1694629021815 0.11335174641078889 467
1694629021990 0.01029413152952055 468
1694629022167 0.23245117118004147 469
1694629022366 0.046343767550009685 470
1694629022563 0.1368936702085138 471
1694629022757 0.0018203931024819583 472
1694629022956 0.0012054192762438066 473
1694629023130 0.022203783088096746 474
1694629023330 0.03947256893926378 475
1694629023505 0.05049661555271999 476
1694629023673 0.06193066926973452 477
1694629023867 0.4745169151162417 478
1694629024044 0.012270819346575656 479
1694629024250 0.02328682176384243 480
1694629024430 0.06374100476537699 481
1694629024604 0.05235589028223588 482
1694629024782 0.0062601475530799445 483
1694629024952 0.5401055670746961 484
1694629025180 0.11105201453624894 485
1694629025423 0.018982270758540382 486
1694629025617 0.0366138517608765 487
1694629025796 1.2762879348881044 488
1694629025997 0.07384302126019524 489
1694629026176 0.009384275444960417 490
1694629026358 0.0009676045688030843 491
1694629026575 0.00042945479614783474 492
1694629026763 0.002367489619091308 493
1694629026938 0.029827095919716752 494
1694629027119 1.1748166465934518 495
1694629027322 0.012082732478071134 496
1694629027501 0.02977459038936997 497
1694629027676 0.04107481209814199 498
1694629027876 0.011614868026376141 499
1694629028053 0.26441527332714077 500
1694629028243 0.21280592259595832 501
1694629028431 0.15160735849281445 502
1694629028604 0.13397873298859306 503
1694629028777 0.049143108524534844 504
1694629028962 0.12191292534286347 505
1694629029032 0.4171067374068475 506
1694629029306 0.017396056080921932 507
1694629029507 0.1429047640284779 508
1694629029700 0.012258631598286461 509
1694629029892 0.15556509153842815 510
1694629030085 0.05524461067962499 511
1694629030263 0.2861663761212562 512
1694629030454 0.07857781968662855 513
1694629030654 0.0902687414213446 514
1694629030837 0.26719979294662427 515
1694629031022 0.01519194315529927 516
1694629031231 0.10263450480647356 517
1694629031414 0.0006820544635994472 518
1694629031623 0.027010278726456755 519
1694629031833 0.2621764651265081 520
1694629032059 0.0007878111768332731 521
1694629032302 0.0014656237466266293 522
1694629032511 2.825306468375548e-06 523
1694629032719 0.04082032176664095 524
1694629032900 0.2187427876424371 525
1694629033091 0.0025130256110892655 526
1694629033271 0.006297731525868889 527
1694629033472 0.03684802517038146 528
1694629033665 0.5083371937262327 529
1694629033858 0.09455303408807005 530
1694629034042 0.045649680358655055 531
1694629034255 0.2266230360962021 532
1694629034433 0.00023168189882140776 533
1694629034611 0.0012912980914416407 534
1694629034798 0.06153161933570809 535
1694629034976 1.6830501603914112e-06 536
1694629035165 0.04101995101863633 537
1694629035365 0.022527216551107027 538
1694629035572 0.047998263196664254 539
1694629035741 0.17234981714958125 540
1694629035917 0.02060902934049577 541
1694629036130 0.027347080357016076 542
1694629036311 0.7482210314987832 543
1694629036507 0.11844045519360955 544
1694629036696 0.009466859799626798 545
1694629036895 0.003681039416001048 546
1694629037077 0.10281132457253547 547
1694629037255 0.0029384739567458284 548
1694629037445 0.0313310736874819 549
1694629037627 0.004579924459880615 550
1694629037800 0.1657510031678611 551
1694629037996 0.008532695607405895 552
1694629038199 0.0701965673784874 553
1694629038384 0.048581939487705346 554
1694629038558 1.1360569490791872 555
1694629038756 0.09625553481951991 556
1694629038934 0.2310788851340081 557
1694629039111 0.002271968590179969 558
1694629039305 0.10715887869947814 559
1694629039480 0.0522961321380418 560
1694629039660 0.04456953639701499 561
1694629039847 0.00951528493375222 562
1694629040044 0.04749369904496229 563
1694629040213 0.1162514705898801 564
1694629040409 1.2900841247130043e-06 565
1694629040591 0.0011897181140685452 566
1694629040770 0.009791366612380037 567
1694629040966 0.002649399803992085 568
1694629041157 0.072534003992206 569
1694629041338 0.010411622984049901 570
1694629041520 0.0006165562253679069 571
1694629041739 0.008467400449275042 572
1694629041914 0.13133434846507666 573
1694629042124 0.05316040714173883 574
1694629042317 0.011398254291912015 575
1694629042519 0.015308052829546401 576
1694629042729 0.00856717585317595 577
1694629042908 0.03776855870943674 578
1694629043091 0.04891850861698359 579
1694629043301 0.09399898532060043 580
1694629043491 0.0962592047184488 581
1694629043676 0.01792492108201263 582
1694629043860 0.036212999744779574 583
1694629044074 0.15205973939528836 584
1694629044187 0.47581903264554914 585
1694629044431 0.08669281727740992 586
1694629044602 0.00737148980194712 587
1694629044806 0.024745954730291623 588
1694629045027 0.03468380258567959 589
1694629045260 0.06049461055197511 590
1694629045469 0.006492833430635798 591
1694629045701 0.0004851017995053128 592
1694629045883 0.14461890454417248 593
1694629046061 0.07861608899923858 594
1694629046261 0.0455991105369193 595
1694629046437 0.03991189588692366 596
1694629046652 0.18198062102656368 597
1694629046860 0.1498870688504497 598
1694629047078 0.029152731209373263 599
1694629047271 0.011720280991096737 600
1694629047482 0.12866347031845368 601
1694629047681 1.1428218025003702 602
1694629047880 0.5534616746843184 603
1694629048056 0.34818356173745785 604
1694629048255 0.016459244759413447 605
1694629048441 1.4547176227592986 606
1694629048641 0.04127204861872745 607
1694629048857 0.06239711490163143 608
1694629049062 6.0721452092478664e-05 609
1694629049238 0.013736869249286236 610
1694629049433 0.0027995124433767334 611
1694629049663 0.036353206935138944 612
1694629049854 0.00022688202805443754 613
1694629050027 0.0179911847916474 614
1694629050217 0.16364340040231587 615
1694629050399 0.05341854838502301 616
1694629050609 0.08413752664497778 617
1694629050803 0.08430827288195285 618
1694629050990 0.7441460723416713 619
1694629051182 0.38822074490160585 620
1694629051384 0.13075880734217904 621
1694629051592 0.1614533433443646 622
1694629051770 0.14382227156850652 623
1694629051986 0.2427962444592556 624
1694629052168 0.0449920470750875 625
1694629052354 0.008518302907743273 626
1694629052525 0.11011897293133979 627
1694629052697 4.859111621470643e-07 628
1694629052886 0.00020975981338897397 629
1694629053066 0.05819855107056341 630
1694629053248 0.11052249249149367 631
1694629053423 0.04930257158570859 632
1694629053632 0.01500978304454487 633
1694629053811 0.3233744792872645 634
1694629054001 0.34440685884438443 635
1694629054176 0.0018527530769297449 636
1694629054345 0.044810113008582834 637
1694629054539 0.06651595767135628 638
1694629054713 0.27404994392875603 639
1694629054890 0.05678986909225603 640
1694629055062 0.1399087176522498 641
1694629055231 0.19706217128727602 642
1694629055425 0.012408308856561846 643
1694629055599 0.05835858250956088 644
1694629055814 0.03980606859960809 645
1694629056005 0.2245040787347258 646
1694629056181 0.011417830814279226 647
1694629056361 0.005293794442088094 648
1694629056550 0.015964282066474152 649
1694629056733 0.04113098803249849 650
1694629056917 0.5537945829918236 651
1694629057116 1.1712693314073035 652
1694629057315 0.22038822949219491 653
1694629057519 0.20859697167730773 654
1694629057714 0.0001860720356203349 655
1694629057919 0.26602596159150826 656
1694629058106 0.9332040982832187 657
1694629058318 0.023192652778844608 658
1694629058496 0.007263378416117283 659
1694629058671 2.4743968440550087e-05 660
1694629058859 0.13382685121480373 661
1694629059064 0.009217099046439305 662
1694629059245 0.44785987595478227 663
1694629059421 0.28128553617615565 664
1694629059609 1.0137282220895878 665
1694629059780 0.034486118112637534 666
1694629059951 0.11159959504731257 667
1694629060117 0.4979985280314003 668
1694629060325 0.04948045788667048 669
1694629060500 0.2912877131160393 670
1694629060706 0.12586252538664827 671
1694629060921 0.026258892156494462 672
1694629061141 0.027020166328443774 673
1694629061316 0.05386806833185253 674
1694629061499 0.0002497829889288603 675
1694629061675 0.05246366913072501 676
1694629061875 0.09363750426342225 677
1694629062070 4.604243841109996e-05 678
1694629062271 3.2324380984905675e-07 679
1694629062461 0.1296475775380425 680
1694629062644 0.05184750915608359 681
1694629062817 0.048814712156085946 682
1694629063011 0.12100644123102448 683
1694629063194 0.1494816997347995 684
1694629063378 0.2789044772052298 685
1694629063574 0.02080534720459381 686
1694629063753 0.09304275263754637 687
1694629063938 0.08659122908037405 688
1694629064123 0.0031639238086601015 689
1694629064320 0.09463321062900079 690
1694629064500 0.03936426683567862 691
1694629064691 0.019484785620500742 692
1694629064872 0.12601744060795037 693
1694629065057 0.4676638508278139 694
1694629065245 0.061462266362521494 695
1694629065425 0.18615208616859422 696
1694629065618 0.08111706667483412 697
1694629065808 0.3065475230212655 698
1694629066038 0.00941023476120609 699
1694629066218 0.0007022859400070385 700
1694629066426 0.022391160665883043 701
1694629066612 0.14604477595492674 702
1694629066785 0.0092642845374736 703
1694629066977 7.57668636545612e-05 704
1694629067168 0.0684657292612541 705
1694629067352 0.04855565776283908 706
1694629067550 0.01459187364754608 707
1694629067735 0.10216758545599043 708
1694629067918 0.02861432043815576 709
1694629068096 0.04706991080336153 710
1694629068290 0.010723385752820813 711
1694629068478 0.08311454511949244 712
1694629068667 0.005600854804784764 713
1694629068856 0.3059682642373355 714
1694629069075 0.002111328144216095 715
1694629069294 0.358303728033866 716
1694629069514 0.4869763332549694 717
1694629069722 0.015189597553634242 718
1694629069934 0.013393743878918053 719
1694629070131 0.03922618883181248 720
1694629070318 0.08004513354548935 721
1694629070506 0.19621283988999927 722
1694629070680 0.28335104070048944 723
1694629070861 0.011766390072804993 724
1694629071077 0.21254898007661055 725
1694629071286 0.018491880806294134 726
1694629071509 0.059326062672630776 727
1694629071730 0.0012276616787381459 728
1694629071908 0.5836771989372811 729
1694629072133 0.20308065802788322 730
1694629072320 0.00017162735043235858 731
1694629072497 0.004978007564860888 732
1694629072688 0.10438381428406432 733
1694629072889 0.0031260291157724374 734
1694629073069 0.3919599194377086 735
1694629073253 0.03241290695510954 736
1694629073441 0.03732986415286179 737
1694629073630 0.2101282643234879 738
1694629073818 0.0033127640818289227 739
1694629073987 0.3414108107489269 740
1694629074207 0.036280846352919664 741
1694629074378 0.003283542197602206 742
1694629074563 0.16536952511439118 743
1694629074757 0.02886772797758614 744
1694629074951 0.0008933129046075549 745
1694629075131 0.06455028442007404 746
1694629075326 0.013540350241727346 747
1694629075562 0.013928258876642079 748
1694629075788 0.18817248901019212 749
1694629076030 9.607149611809787e-05 750
1694629076228 0.00706510118869349 751
1694629076416 0.9768116776541881 752
1694629076594 0.0019915122744634042 753
1694629076780 0.08000309752657189 754
1694629076970 0.00982795144546883 755
1694629077162 0.002833900429098258 756
1694629077287 0.5926349377517925 757
1694629077564 0.2141810471039134 758
1694629077747 0.025867246446026445 759
1694629077930 0.15966476784249528 760
1694629078111 0.7574144331723939 761
1694629078319 0.03249305418307828 762
1694629078485 0.3202385723410187 763
1694629078676 0.3020441585866166 764
1694629078875 0.005519564711490828 765
1694629079045 0.030616491048664266 766
1694629079228 0.03941516774989712 767
1694629079414 0.1270144039310822 768
1694629079598 0.20332690505736453 769
1694629079835 0.15198254031678313 770
1694629080051 0.031126074639750895 771
1694629080231 0.12595725186728982 772
1694629080420 0.6921037950990898 773
1694629080593 0.17826490712196602 774
1694629080771 0.02999448127323813 775
1694629080962 0.012242021416241963 776
1694629081187 0.002454203182411231 777
1694629081378 0.02560857077809472 778
1694629081575 0.002693068865451388 779
1694629081796 0.00022849304451695845 780
1694629081986 0.016260834281551936 781
1694629082175 0.19498730991298352 782
1694629082357 0.0010190502893076146 783
1694629082537 0.0057508405758354055 784
1694629082716 0.0009779121289944074 785
1694629082889 0.15428612877464448 786
1694629083058 0.21426573142856278 787
1694629083227 0.07781908018417581 788
1694629083425 0.008598477440673994 789
1694629083606 0.28692212260465094 790
1694629083779 0.08629698098829582 791
1694629083952 0.009836598940572972 792
1694629084140 0.0011450863001509052 793
1694629084356 0.0012833458339339702 794
1694629084522 0.08420050509323192 795
1694629084689 0.2177412591447696 796
1694629084860 0.057286558968286834 797
1694629085025 0.07644098009208347 798
1694629085190 0.005346532760836151 799
1694629085387 0.31414317685441956 800
1694629085558 0.0005966167864332692 801
1694629085722 0.002576880890091114 802
1694629085887 0.0001883435014074431 803
1694629086082 0.45447476546119975 804
1694629086248 0.00028357743060846937 805
1694629086423 0.18059663022331002 806
1694629086630 0.894365069878237 807
1694629086831 0.03403980828061341 808
1694629087044 0.006014128280144523 809
1694629087223 0.022101494428959013 810
1694629087394 0.03161208692543416 811
1694629087568 0.004501648315181249 812
1694629087780 0.007906901320861809 813
1694629087959 0.06425345232468109 814
1694629088181 0.018846811890233378 815
1694629088377 0.2729904413587811 816
1694629088558 0.14754014991945782 817
1694629088757 0.0002688107284901793 818
1694629088940 0.03810247520338414 819
1694629089144 0.2448173292136573 820
1694629089363 0.006269894960871322 821
1694629089571 0.13651004043978726 822
1694629089766 0.034055756076545034 823
1694629089977 0.21566834618452166 824
1694629090173 0.05415048665400092 825
1694629090362 0.1157338657462852 826
1694629090548 0.006467374848815259 827
1694629090736 0.004096664241371307 828
1694629090924 0.003285365428593443 829
1694629091106 0.21257913013394664 830
1694629091287 0.05761228297579801 831
1694629091469 0.09871935543713789 832
1694629091678 0.009915775389805986 833
1694629091856 0.012570368790499444 834
1694629092053 0.04630982426980249 835
1694629092237 0.009044686998516906 836
1694629092420 0.040083629200184226 837
1694629092605 0.09295364975510607 838
1694629092777 1.179113221327871 839
1694629092995 0.07934538136528074 840
1694629093182 0.2800337433143982 841
1694629093378 0.054282507078338454 842
1694629093567 0.053557243598905915 843
1694629093752 0.12372407813626977 844
1694629093935 0.011675938736540391 845
1694629094132 0.0032139997117462886 846
1694629094345 0.15094737078799111 847
1694629094534 0.20362321478204104 848
1694629094730 0.0001533440661343759 849
1694629094923 0.029855713475144284 850
1694629095107 0.07979406867602253 851
1694629095299 0.16466582959479023 852
1694629095481 0.1755460646691147 853
1694629095661 0.018574955707112865 854
1694629095845 0.05714042241454571 855
1694629096076 0.09005084363569622 856
1694629096266 0.01890237691117675 857
1694629096471 0.02269321288900641 858
1694629096643 0.007643665887980626 859
1694629096813 0.04159901172588452 860
1694629096986 0.006692073072655335 861
1694629097184 0.06357842333586883 862
1694629097359 0.04421232618810973 863
1694629097541 0.07297224411333175 864
1694629097741 0.08127928388268985 865
1694629097936 0.11971674865841746 866
1694629098134 0.06299016632349488 867
1694629098316 0.026520479400291234 868
1694629098529 0.005130404272741799 869
1694629098709 0.10616955136475853 870
1694629098909 0.003807559236557262 871
1694629099087 0.5163678565222473 872
1694629099354 0.039955659000335535 873
1694629099563 0.3496714915932373 874
1694629099779 0.022409874003008704 875
1694629099994 0.004722472982328696 876
1694629100174 0.17451251492619427 877
1694629100350 0.002448858042282337 878
1694629100535 0.06385706747778537 879
1694629100706 0.5755865888753051 880
1694629100886 0.1959107262060783 881
1694629101086 0.0070367650648469615 882
1694629101283 0.0702500048064198 883
1694629101483 0.556676656188431 884
1694629101661 0.21096373332724333 885
1694629101844 0.09213795297846177 886
1694629102041 0.12433285888824967 887
1694629102262 0.03386780699862287 888
1694629102462 0.02196860702659856 889
1694629102672 0.13935909503045707 890
1694629102861 0.01562797372992046 891
1694629103089 0.11090285064724596 892
1694629103294 0.02375509338331556 893
1694629103513 1.661042443226972e-05 894
1694629103724 0.05370990903376217 895
1694629103933 0.0004194616197159463 896
1694629104144 0.015584942160215253 897
1694629104346 0.01098912567888128 898
1694629104532 0.014845312396502658 899
1694629104726 0.5694217428488969 900
1694629104903 0.0057127188691351105 901
1694629105097 0.08925252863168816 902
1694629105285 0.01767610181924856 903
1694629105469 0.02376532417153894 904
1694629105664 0.024872137057458138 905
1694629105821 0.07034453126643563 906
1694629106049 0.00024458566474426817 907
1694629106313 0.6031988385115649 908
1694629106533 0.16173788302813796 909
1694629106768 1.2102942883949671e-05 910
1694629106979 0.1597732537179515 911
1694629107150 0.11466300640856351 912
1694629107364 0.11636956696020034 913
1694629107556 0.34279805508021133 914
1694629107736 0.19775685779360733 915
1694629107916 0.22827956825059184 916
1694629108110 0.20285219413925795 917
1694629108304 0.056361253496846724 918
1694629108513 0.023270840846784675 919
1694629108692 0.0031357057029803366 920
1694629108864 0.35959645372273347 921
1694629109039 0.21853862352646017 922
1694629109229 0.09896885029131063 923
1694629109420 0.017486761342505392 924
1694629109608 0.2661167719734306 925
1694629109799 0.0066082669222306024 926
1694629110020 0.5427237827953624 927
1694629110218 0.27615972412737616 928
1694629110418 0.11797759521980365 929
1694629110588 0.01555602782647677 930
1694629110767 0.026371404081794912 931
1694629110982 0.18604042434998075 932
1694629111167 0.0783089042119329 933
1694629111353 0.09208009839223986 934
1694629111570 0.3722498059109816 935
1694629111759 0.026129192902085853 936
1694629111954 0.11303991019012388 937
1694629112158 0.07468267405775006 938
1694629112349 0.5670824787087471 939
1694629112553 0.021927904147372074 940
1694629112761 0.004550599689287021 941
1694629112988 0.14686448257199575 942
1694629113180 0.1419646882360969 943
1694629113362 0.001413522583313923 944
1694629113554 0.2921949939770709 945
1694629113743 0.005743881737146694 946
1694629113915 0.0002533495964088734 947
1694629114096 0.16308989464759652 948
1694629114283 0.03025786805064609 949
1694629114473 0.06800928733930384 950
1694629114654 0.017015052191174343 951
1694629114771 2.8915119458571612e-05 952
1694629115025 0.05952983729760911 953
1694629115195 0.12048340174867117 954
1694629115418 0.1467967839640706 955
1694629115599 0.00031914599966438627 956
1694629115782 0.06485569827446712 957
1694629115952 0.0154442733424784 958
1694629116138 0.01051220602973278 959
1694629116318 0.029973396007646355 960
1694629116502 0.0687535813646414 961
1694629116701 0.06952585640124273 962
1694629116921 0.01097020416746509 963
1694629117108 0.00912353622922684 964
1694629117294 0.03559205349762868 965
1694629117487 0.9070779773901423 966
1694629117658 0.05565264578574184 967
1694629117825 0.017564304869529365 968
1694629117998 0.2564817999044215 969
1694629118193 0.3686030915204204 970
1694629118375 0.0008096100284131057 971
1694629118544 0.02593806707916132 972
1694629118743 1.4239735947908352e-06 973
1694629118918 0.015190025576705287 974
1694629119119 0.002926300744530306 975
1694629119303 0.025561541358678073 976
1694629119484 0.1493225292422946 977
1694629119679 0.14469777889937685 978
1694629119880 0.015012010815735798 979
1694629120087 0.005899986589221488 980
1694629120289 0.025264236941013096 981
1694629120462 0.0011267804784947895 982
1694629120650 0.008606857879187071 983
1694629120817 0.004281144785077155 984
1694629121002 0.5975307017750048 985
1694629121187 0.18103551940475793 986
1694629121377 0.10753094214125994 987
1694629121566 0.006257497477528755 988
1694629121733 0.020207082000201666 989
1694629121900 0.3172139327059139 990
1694629122069 0.004775206247076977 991
1694629122257 0.0246190841223652 992
1694629122475 0.16838469549634458 993
1694629122683 0.11805505889463756 994
1694629122897 0.008779268154799215 995
1694629123088 0.03710052274119525 996
1694629123268 0.23501112108763708 997
1694629123438 7.0916782437432724e-06 998
1694629123622 0.3928834824261875 999
