1694628921126 0.0 0
1694628921399 0.0 1
1694628921623 0.0 2
1694628921840 0.0 3
1694628922121 0.0 4
1694628922467 0.0 5
1694628922644 0.0 6
1694628922816 0.0 7
1694628923137 0.0 8
1694628923441 0.0 9
1694628923749 0.0 10
1694628924053 0.0 11
1694628924332 0.0 12
1694628924610 0.0 13
1694628924833 0.0 14
1694628925046 0.0 15
1694628925251 0.0 16
1694628925533 0.0 17
1694628925730 0.0 18
1694628925927 0.0 19
1694628926116 0.0 20
1694628926326 0.0 21
1694628926529 0.0 22
1694628926712 0.0 23
1694628926926 0.0 24
1694628927248 0.0 25
1694628927608 0.0 26
1694628927833 0.0 27
1694628928013 0.0 28
1694628928211 0.0 29
1694628928407 0.0 30
1694628928593 0.0 31
1694628928758 0.0 32
1694628929009 0.0 33
1694628929270 0.0 34
1694628929515 0.0 35
1694628929695 0.0 36
1694628929877 0.0 37
1694628930131 0.0 38
1694628930336 0.0 39
1694628930648 0.0 40
1694628930861 0.0 41
1694628931081 0.0 42
1694628931321 0.0 43
1694628931544 0.0 44
1694628931729 0.0 45
1694628931941 0.0 46
1694628932155 0.0 47
1694628932373 0.0 48
1694628932584 0.0 49
1694628932774 0.0 50
1694628932982 0.0 51
1694628933193 0.0 52
1694628933383 0.0 53
1694628933610 0.0 54
1694628933890 0.0 55
1694628934151 0.0 56
1694628934376 0.0 57
1694628934568 0.0 58
1694628934764 0.0 59
1694628934968 0.0 60
1694628935193 0.0 61
1694628935420 0.0 62
1694628935613 0.0 63
1694628935840 0.0 64
1694628936023 0.0 65
1694628936216 0.0 66
1694628936439 0.0 67
1694628936649 0.0 68
1694628936838 0.0 69
1694628937057 0.0 70
1694628937239 0.0 71
1694628937451 0.0 72
1694628937639 0.0 73
1694628937851 0.0 74
1694628938077 0.0 75
1694628938268 0.0 76
1694628938488 0.0 77
1694628938677 0.0 78
1694628938896 0.0 79
1694628939112 0.0 80
1694628939289 0.0 81
1694628939510 0.0 82
1694628939702 0.0 83
1694628939892 0.0 84
1694628940096 0.0 85
1694628940291 0.0 86
1694628940509 0.0 87
1694628940745 0.0 88
1694628940966 0.0 89
1694628941189 0.0 90
1694628941396 0.0 91
1694628941622 0.0 92
1694628941816 0.0 93
1694628942012 0.0 94
1694628942209 0.0 95
1694628942388 0.0 96
1694628942581 0.0 97
1694628942791 0.0 98
1694628943022 0.0 99
1694628943215 0.0 100
1694628943401 0.0 101
1694628943585 0.0 102
1694628943810 0.0 103
1694628944035 0.0 104
1694628944278 0.0 105
1694628944466 0.0 106
1694628944697 0.0 107
1694628944919 0.0 108
1694628945091 0.0 109
1694628945298 0.0 110
1694628945481 0.0 111
1694628945660 0.0 112
1694628945851 0.0 113
1694628946112 0.0 114
1694628946364 0.0 115
1694628946586 0.0 116
1694628946772 0.0 117
1694628946969 0.0 118
1694628947163 0.0 119
1694628947353 0.0 120
1694628947575 0.0 121
1694628947808 0.0 122
1694628948043 0.0 123
1694628948261 0.0 124
1694628948494 0.0 125
1694628948675 0.0 126
1694628948891 0.0 127
1694628949204 0.0 128
1694628949461 0.0 129
1694628949709 0.0 130
1694628949899 0.0 131
1694628950095 0.0 132
1694628950318 0.0 133
1694628950545 0.0 134
1694628950760 0.0 135
1694628950961 0.0 136
1694628951178 0.0 137
1694628951412 0.0 138
1694628951623 0.0 139
1694628951840 0.0 140
1694628952073 0.0 141
1694628952265 0.0 142
1694628952454 0.0 143
1694628952679 0.0 144
1694628952932 0.0 145
1694628953155 0.0 146
1694628953333 0.0 147
1694628953526 0.0 148
1694628953709 0.0 149
1694628953924 0.0 150
1694628954166 0.0 151
1694628954364 0.0 152
1694628954540 0.0 153
1694628954815 0.0 154
1694628955064 0.0 155
1694628955248 0.0 156
1694628955437 0.0 157
1694628955624 0.0 158
1694628955811 0.0 159
1694628956015 0.0 160
1694628956192 0.0 161
1694628956381 0.0 162
1694628956610 0.0 163
1694628956831 0.0 164
1694628957100 0.0 165
1694628957305 0.0 166
1694628957527 0.0 167
1694628957734 0.0 168
1694628958017 0.0 169
1694628958389 0.0 170
1694628958643 0.0 171
1694628958913 0.0 172
1694628959203 0.0 173
1694628959402 0.0 174
1694628959606 0.0 175
1694628959858 0.0 176
1694628960131 0.0 177
1694628960420 0.0 178
1694628960676 0.0 179
1694628960975 0.0 180
1694628961272 0.0 181
1694628961550 0.0 182
1694628961848 0.0 183
1694628962116 0.0 184
1694628962391 0.0 185
1694628962653 0.0 186
1694628962982 0.0 187
1694628963270 0.0 188
1694628963503 0.0 189
1694628963847 0.0 190
1694628964137 0.0 191
1694628964385 0.0 192
1694628964621 0.0 193
1694628964912 0.0 194
1694628965187 0.0 195
1694628965406 0.0 196
1694628965626 0.0 197
1694628965867 0.0 198
1694628966185 0.0 199
1694628966477 0.0 200
1694628966761 0.0 201
1694628967055 0.0 202
1694628967389 0.0 203
1694628967763 0.0 204
1694628968073 0.0 205
1694628968306 0.0 206
1694628968589 0.0 207
1694628968993 0.0 208
1694628969229 0.0 209
1694628969522 0.0 210
1694628969721 0.0 211
1694628969905 0.0 212
1694628970098 0.0 213
1694628970315 0.0 214
1694628970626 0.0 215
1694628970870 0.0 216
1694628971095 0.0 217
1694628971398 0.0 218
1694628971645 0.0 219
1694628971845 0.0 220
1694628972116 0.0 221
1694628972300 0.0 222
1694628972629 0.0 223
1694628972933 0.0 224
1694628973197 0.0 225
1694628973486 0.0 226
1694628973732 0.0 227
1694628973990 0.0 228
1694628974175 0.0 229
1694628974363 0.0 230
1694628974588 0.0 231
1694628974772 0.0 232
1694628975008 0.0 233
1694628975206 0.0 234
1694628975382 0.0 235
1694628975599 0.0 236
1694628975813 0.0 237
1694628976034 0.0 238
1694628976258 0.0 239
1694628976551 0.0 240
1694628976789 0.0 241
1694628977020 0.0 242
1694628977276 0.0 243
1694628977481 0.0 244
1694628977771 0.0 245
1694628978049 0.0 246
1694628978276 0.0 247
1694628978472 0.0 248
1694628978733 0.0 249
1694628978938 0.0 250
1694628979201 0.0 251
1694628979429 0.0 252
1694628979674 0.0 253
1694628979885 0.0 254
1694628980108 0.0 255
1694628980350 0.0 256
1694628980589 0.0 257
1694628980846 0.0 258
1694628981103 0.0 259
1694628981326 0.0 260
1694628981537 0.0 261
1694628981765 0.0 262
1694628982009 0.0 263
1694628982233 0.0 264
1694628982430 0.0 265
1694628982616 0.0 266
1694628982822 0.0 267
1694628983035 0.0 268
1694628983271 0.0 269
1694628983462 0.0 270
1694628983641 0.0 271
1694628983869 0.0 272
1694628984055 0.0 273
1694628984241 0.0 274
1694628984439 0.0 275
1694628984640 0.0 276
1694628984848 0.0 277
1694628985084 0.0 278
1694628985270 0.0 279
1694628985475 0.0 280
1694628985651 0.0 281
1694628985845 0.0 282
1694628986074 0.0 283
1694628986246 0.0 284
1694628986444 0.0 285
1694628986622 0.0 286
1694628986788 0.0 287
1694628986964 0.0 288
1694628987143 0.0 289
1694628987350 0.0 290
1694628987556 0.0 291
1694628987747 0.0 292
1694628987932 0.0 293
1694628988146 0.0 294
1694628988328 0.0 295
1694628988509 0.0 296
1694628988706 0.0 297
1694628988885 0.0 298
1694628989135 0.0 299
1694628989298 0.0 300
1694628989478 0.0 301
1694628989691 0.0 302
1694628989864 0.0 303
1694628990083 0.0 304
1694628990262 0.0 305
1694628990427 0.0 306
1694628990619 0.0 307
1694628990794 0.0 308
1694628990978 0.0 309
1694628991145 0.0 310
1694628991333 0.0 311
1694628991537 0.0 312
1694628991713 0.0 313
1694628991882 0.0 314
1694628992056 0.0 315
1694628992222 0.0 316
1694628992461 0.0 317
1694628992651 0.0 318
1694628992892 0.0 319
1694628993098 0.0 320
1694628993315 0.0 321
1694628993508 0.0 322
1694628993682 0.0 323
1694628993877 0.0 324
1694628994070 0.0 325
1694628994284 0.0 326
1694628994460 0.0 327
1694628994635 0.0 328
1694628994855 0.0 329
1694628995051 0.0 330
1694628995274 0.0 331
1694628995472 0.0 332
1694628995654 0.0 333
1694628995835 0.0 334
1694628996033 0.0 335
1694628996223 0.0 336
1694628996416 0.0 337
1694628996626 0.0 338
1694628996807 0.0 339
1694628997000 0.0 340
1694628997210 0.0 341
1694628997385 0.0 342
1694628997595 0.0 343
1694628997781 0.0 344
1694628997988 0.0 345
1694628998187 0.0 346
1694628998363 0.0 347
1694628998552 0.0 348
1694628998776 0.0 349
1694628998961 0.0 350
1694628999204 0.0 351
1694628999423 0.0 352
1694628999603 0.0 353
1694628999776 0.0 354
1694628999977 0.0 355
1694629000147 0.0 356
1694629000356 0.0 357
1694629000544 0.0 358
1694629000707 0.0 359
1694629000930 0.0 360
1694629001117 0.0 361
1694629001346 0.0 362
1694629001571 0.0 363
1694629001803 0.0 364
1694629002071 0.0 365
1694629002364 0.0 366
1694629002543 0.0 367
1694629002733 0.0 368
1694629002956 0.0 369
1694629003128 0.0 370
1694629003349 0.0 371
1694629003531 0.0 372
1694629003707 0.0 373
1694629003889 0.0 374
1694629004088 0.0 375
1694629004261 0.0 376
1694629004471 0.0 377
1694629004648 0.0 378
1694629004812 0.0 379
1694629004982 0.0 380
1694629005208 0.0 381
1694629005389 0.0 382
1694629005596 0.0 383
1694629005819 0.0 384
1694629005989 0.0 385
1694629006160 0.0 386
1694629006382 0.0 387
1694629006561 0.0 388
1694629006738 0.0 389
1694629006981 0.0 390
1694629007165 0.0 391
1694629007365 0.0 392
1694629007564 0.0 393
1694629007746 0.0 394
1694629007934 0.0 395
1694629008112 0.0 396
1694629008304 0.0 397
1694629008490 0.0 398
1694629008719 0.0 399
1694629008904 0.0 400
1694629009090 0.0 401
1694629009340 0.0 402
1694629009517 0.0 403
1694629009691 0.0 404
1694629009888 0.0 405
1694629010111 0.0 406
1694629010297 0.0 407
1694629010517 0.0 408
1694629010707 0.0 409
1694629010930 0.0 410
1694629011119 0.0 411
1694629011294 0.0 412
1694629011512 0.0 413
1694629011700 0.0 414
1694629011910 0.0 415
1694629012127 0.0 416
1694629012311 0.0 417
1694629012502 0.0 418
1694629012671 0.0 419
1694629012885 0.0 420
1694629013067 0.0 421
1694629013288 0.0 422
1694629013458 0.0 423
1694629013658 0.0 424
1694629013845 0.0 425
1694629014057 0.0 426
1694629014231 0.0 427
1694629014423 0.0 428
1694629014613 0.0 429
1694629014790 0.0 430
1694629014991 0.0 431
1694629015186 0.0 432
1694629015428 0.0 433
1694629015604 0.0 434
1694629015784 0.0 435
1694629015972 0.0 436
1694629016199 0.0 437
1694629016375 0.0 438
1694629016576 0.0 439
1694629016751 0.0 440
1694629016923 0.0 441
1694629017125 0.0 442
1694629017329 0.0 443
1694629017506 0.0 444
1694629017716 0.0 445
1694629017892 0.0 446
1694629018075 0.0 447
1694629018293 0.0 448
1694629018473 0.0 449
1694629018652 0.0 450
1694629018822 0.0 451
1694629018987 0.0 452
1694629019201 0.0 453
1694629019397 0.0 454
1694629019566 0.0 455
1694629019729 0.0 456
1694629019916 0.0 457
1694629020156 0.0 458
1694629020363 0.0 459
1694629020543 0.0 460
1694629020713 0.0 461
1694629020886 0.0 462
1694629021059 0.0 463
1694629021259 0.0 464
1694629021447 0.0 465
1694629021627 0.0 466
1694629021822 0.0 467
1694629021997 0.0 468
1694629022175 0.0 469
1694629022374 0.0 470
1694629022570 0.0 471
1694629022765 0.0 472
1694629022963 0.0 473
1694629023139 0.0 474
1694629023338 0.0 475
1694629023512 0.0 476
1694629023689 0.0 477
1694629023874 0.0 478
1694629024051 0.0 479
1694629024258 0.0 480
1694629024437 0.0 481
1694629024611 0.0 482
1694629024790 0.0 483
1694629024975 0.0 484
1694629025188 0.0 485
1694629025431 0.0 486
1694629025624 0.0 487
1694629025804 0.0 488
1694629026006 0.0 489
1694629026184 0.0 490
1694629026368 0.0 491
1694629026583 0.0 492
1694629026770 0.0 493
1694629026947 0.0 494
1694629027127 0.0 495
1694629027332 0.0 496
1694629027510 0.0 497
1694629027692 0.0 498
1694629027882 0.0 499
1694629028060 0.0 500
1694629028252 0.0 501
1694629028437 0.0 502
1694629028611 0.0 503
1694629028783 0.0 504
1694629028969 0.0 505
1694629029144 0.0 506
1694629029313 0.0 507
1694629029515 0.0 508
1694629029707 0.0 509
1694629029899 0.0 510
1694629030093 0.0 511
1694629030271 0.0 512
1694629030462 0.0 513
1694629030662 0.0 514
1694629030845 0.0 515
1694629031030 0.0 516
1694629031238 0.0 517
1694629031422 0.0 518
1694629031630 0.0 519
1694629031842 0.0 520
1694629032066 0.0 521
1694629032312 0.0 522
1694629032518 0.0 523
1694629032727 0.0 524
1694629032908 0.0 525
1694629033098 0.0 526
1694629033278 0.0 527
1694629033482 0.0 528
1694629033673 0.0 529
1694629033866 0.0 530
1694629034049 0.0 531
1694629034263 0.0 532
1694629034441 0.0 533
1694629034619 0.0 534
1694629034805 0.0 535
1694629034984 0.0 536
1694629035174 0.0 537
1694629035373 0.0 538
1694629035579 0.0 539
1694629035748 0.0 540
1694629035925 0.0 541
1694629036138 0.0 542
1694629036319 0.0 543
1694629036514 0.0 544
1694629036702 0.0 545
1694629036902 0.0 546
1694629037084 0.0 547
1694629037263 0.0 548
1694629037452 0.0 549
1694629037634 0.0 550
1694629037806 0.0 551
1694629038002 0.0 552
1694629038206 0.0 553
1694629038392 0.0 554
1694629038564 0.0 555
1694629038763 0.0 556
1694629038941 0.0 557
1694629039119 0.0 558
1694629039314 0.0 559
1694629039489 0.0 560
1694629039667 0.0 561
1694629039854 0.0 562
1694629040051 0.0 563
1694629040219 0.0 564
1694629040416 0.0 565
1694629040597 0.0 566
1694629040776 0.0 567
1694629040973 0.0 568
1694629041164 0.0 569
1694629041347 0.0 570
1694629041530 0.0 571
1694629041746 0.0 572
1694629041921 0.0 573
1694629042130 0.0 574
1694629042323 0.0 575
1694629042528 0.0 576
1694629042737 0.0 577
1694629042917 0.0 578
1694629043099 0.0 579
1694629043310 0.0 580
1694629043499 0.0 581
1694629043684 0.0 582
1694629043868 0.0 583
1694629044081 0.0 584
1694629044248 0.0 585
1694629044438 0.0 586
1694629044611 0.0 587
1694629044815 0.0 588
1694629045034 0.0 589
1694629045266 0.0 590
1694629045478 0.0 591
1694629045709 0.0 592
1694629045891 0.0 593
1694629046070 0.0 594
1694629046268 0.0 595
1694629046444 0.0 596
1694629046662 0.0 597
1694629046866 0.0 598
1694629047086 0.0 599
1694629047278 0.0 600
1694629047491 0.0 601
1694629047688 0.0 602
1694629047887 0.0 603
1694629048063 0.0 604
1694629048263 0.0 605
1694629048449 0.0 606
1694629048648 0.0 607
1694629048866 0.0 608
1694629049070 0.0 609
1694629049245 0.0 610
1694629049443 0.0 611
1694629049671 0.0 612
1694629049862 0.0 613
1694629050033 0.0 614
1694629050226 0.0 615
1694629050407 0.0 616
1694629050619 0.0 617
1694629050810 0.0 618
1694629050997 0.0 619
1694629051192 0.0 620
1694629051392 0.0 621
1694629051599 0.0 622
1694629051778 0.0 623
1694629051993 0.0 624
1694629052175 0.0 625
1694629052362 0.0 626
1694629052533 0.0 627
1694629052709 0.0 628
1694629052895 0.0 629
1694629053075 0.0 630
1694629053255 0.0 631
1694629053429 0.0 632
1694629053641 0.0 633
1694629053819 0.0 634
1694629054008 0.0 635
1694629054183 0.0 636
1694629054352 0.0 637
1694629054546 0.0 638
1694629054719 0.0 639
1694629054897 0.0 640
1694629055069 0.0 641
1694629055237 0.0 642
1694629055432 0.0 643
1694629055606 0.0 644
1694629055821 0.0 645
1694629056013 0.0 646
1694629056187 0.0 647
1694629056369 0.0 648
1694629056557 0.0 649
1694629056740 0.0 650
1694629056924 0.0 651
1694629057126 0.0 652
1694629057322 0.0 653
1694629057527 0.0 654
1694629057722 0.0 655
1694629057926 0.0 656
1694629058114 0.0 657
1694629058326 0.0 658
1694629058502 0.0 659
1694629058678 0.0 660
1694629058866 0.0 661
1694629059073 0.0 662
1694629059251 0.0 663
1694629059430 0.0 664
1694629059617 0.0 665
1694629059786 0.0 666
1694629059959 0.0 667
1694629060125 0.0 668
1694629060334 0.0 669
1694629060508 0.0 670
1694629060715 0.0 671
1694629060929 0.0 672
1694629061148 0.0 673
1694629061322 0.0 674
1694629061507 0.0 675
1694629061682 0.0 676
1694629061882 0.0 677
1694629062078 0.0 678
1694629062281 0.0 679
1694629062468 0.0 680
1694629062651 0.0 681
1694629062825 0.0 682
1694629063019 0.0 683
1694629063200 0.0 684
1694629063386 0.0 685
1694629063580 0.0 686
1694629063761 0.0 687
1694629063945 0.0 688
1694629064131 0.0 689
1694629064327 0.0 690
1694629064507 0.0 691
1694629064699 0.0 692
1694629064880 0.0 693
1694629065064 0.0 694
1694629065251 0.0 695
1694629065432 0.0 696
1694629065625 0.0 697
1694629065818 0.0 698
1694629066046 0.0 699
1694629066226 0.0 700
1694629066432 0.0 701
1694629066619 0.0 702
1694629066792 0.0 703
1694629066984 0.0 704
1694629067175 0.0 705
1694629067361 0.0 706
1694629067558 0.0 707
1694629067743 0.0 708
1694629067926 0.0 709
1694629068105 0.0 710
1694629068298 0.0 711
1694629068486 0.0 712
1694629068675 0.0 713
1694629068864 0.0 714
1694629069083 0.0 715
1694629069302 0.0 716
1694629069521 0.0 717
1694629069729 0.0 718
1694629069944 0.0 719
1694629070138 0.0 720
1694629070326 0.0 721
1694629070513 0.0 722
1694629070687 0.0 723
1694629070868 0.0 724
1694629071085 0.0 725
1694629071293 0.0 726
1694629071519 0.0 727
1694629071737 0.0 728
1694629071917 0.0 729
1694629072141 0.0 730
1694629072328 0.0 731
1694629072505 0.0 732
1694629072696 0.0 733
1694629072896 0.0 734
1694629073076 0.0 735
1694629073261 0.0 736
1694629073448 0.0 737
1694629073637 0.0 738
1694629073826 0.0 739
1694629074017 0.0 740
1694629074214 0.0 741
1694629074384 0.0 742
1694629074571 0.0 743
1694629074764 0.0 744
1694629074958 0.0 745
1694629075140 0.0 746
1694629075334 0.0 747
1694629075570 0.0 748
1694629075798 0.0 749
1694629076039 0.0 750
1694629076236 0.0 751
1694629076422 0.0 752
1694629076600 0.0 753
1694629076787 0.0 754
1694629076979 0.0 755
1694629077171 0.0 756
1694629077348 0.0 757
1694629077574 0.0 758
1694629077752 0.0 759
1694629077937 0.0 760
1694629078118 0.0 761
1694629078328 0.0 762
1694629078507 0.0 763
1694629078682 0.0 764
1694629078882 0.0 765
1694629079052 0.0 766
1694629079235 0.0 767
1694629079420 0.0 768
1694629079607 0.0 769
1694629079842 0.0 770
1694629080062 0.0 771
1694629080239 0.0 772
1694629080427 0.0 773
1694629080599 0.0 774
1694629080778 0.0 775
1694629080969 0.0 776
1694629081196 0.0 777
1694629081386 0.0 778
1694629081583 0.0 779
1694629081803 0.0 780
1694629081994 0.0 781
1694629082182 0.0 782
1694629082365 0.0 783
1694629082544 0.0 784
1694629082723 0.0 785
1694629082896 0.0 786
1694629083064 0.0 787
1694629083233 0.0 788
1694629083437 0.0 789
1694629083613 0.0 790
1694629083786 0.0 791
1694629083960 0.0 792
1694629084147 0.0 793
1694629084363 0.0 794
1694629084530 0.0 795
1694629084696 0.0 796
1694629084866 0.0 797
1694629085031 0.0 798
1694629085198 0.0 799
1694629085395 0.0 800
1694629085565 0.0 801
1694629085730 0.0 802
1694629085894 0.0 803
1694629086089 0.0 804
1694629086254 0.0 805
1694629086430 0.0 806
1694629086637 0.0 807
1694629086838 0.0 808
1694629087052 0.0 809
1694629087230 0.0 810
1694629087400 0.0 811
1694629087576 0.0 812
1694629087786 0.0 813
1694629087967 0.0 814
1694629088188 0.0 815
1694629088383 0.0 816
1694629088566 0.0 817
1694629088765 0.0 818
1694629088948 0.0 819
1694629089153 0.0 820
1694629089371 0.0 821
1694629089579 0.0 822
1694629089773 0.0 823
1694629089984 0.0 824
1694629090180 0.0 825
1694629090371 0.0 826
1694629090557 0.0 827
1694629090744 0.0 828
1694629090932 0.0 829
1694629091114 0.0 830
1694629091295 0.0 831
1694629091477 0.0 832
1694629091686 0.0 833
1694629091863 0.0 834
1694629092060 0.0 835
1694629092246 0.0 836
1694629092428 0.0 837
1694629092611 0.0 838
1694629092783 0.0 839
1694629093003 0.0 840
1694629093189 0.0 841
1694629093386 0.0 842
1694629093573 0.0 843
1694629093760 0.0 844
1694629093942 0.0 845
1694629094142 0.0 846
1694629094351 0.0 847
1694629094542 0.0 848
1694629094738 0.0 849
1694629094930 0.0 850
1694629095114 0.0 851
1694629095306 0.0 852
1694629095489 0.0 853
1694629095669 0.0 854
1694629095851 0.0 855
1694629096084 0.0 856
1694629096274 0.0 857
1694629096478 0.0 858
1694629096649 0.0 859
1694629096820 0.0 860
1694629096993 0.0 861
1694629097190 0.0 862
1694629097365 0.0 863
1694629097550 0.0 864
1694629097749 0.0 865
1694629097945 0.0 866
1694629098141 0.0 867
1694629098324 0.0 868
1694629098536 0.0 869
1694629098717 0.0 870
1694629098917 0.0 871
1694629099146 0.0 872
1694629099362 0.0 873
1694629099571 0.0 874
1694629099786 0.0 875
1694629100000 0.0 876
1694629100181 0.0 877
1694629100374 0.0 878
1694629100543 0.0 879
1694629100713 0.0 880
1694629100894 0.0 881
1694629101093 0.0 882
1694629101291 0.0 883
1694629101493 0.0 884
1694629101668 0.0 885
1694629101851 0.0 886
1694629102048 0.0 887
1694629102269 0.0 888
1694629102469 0.0 889
1694629102679 0.0 890
1694629102869 0.0 891
1694629103097 0.0 892
1694629103302 0.0 893
1694629103520 0.0 894
1694629103731 0.0 895
1694629103942 0.0 896
1694629104151 0.0 897
1694629104354 0.0 898
1694629104541 0.0 899
1694629104733 0.0 900
1694629104910 0.0 901
1694629105106 0.0 902
1694629105293 0.0 903
1694629105477 0.0 904
1694629105671 0.0 905
1694629105850 0.0 906
1694629106056 0.0 907
1694629106321 0.0 908
1694629106542 0.0 909
1694629106776 0.0 910
1694629106987 0.0 911
1694629107159 0.0 912
1694629107372 0.0 913
1694629107563 0.0 914
1694629107743 0.0 915
1694629107927 0.0 916
1694629108118 0.0 917
1694629108312 0.0 918
1694629108519 0.0 919
1694629108698 0.0 920
1694629108871 0.0 921
1694629109047 0.0 922
1694629109236 0.0 923
1694629109427 0.0 924
1694629109615 0.0 925
1694629109805 0.0 926
1694629110031 0.0 927
1694629110227 0.0 928
1694629110425 0.0 929
1694629110595 0.0 930
1694629110772 0.0 931
1694629110990 0.0 932
1694629111174 0.0 933
1694629111362 0.0 934
1694629111577 0.0 935
1694629111766 0.0 936
1694629111962 0.0 937
1694629112166 0.0 938
1694629112356 0.0 939
1694629112561 0.0 940
1694629112768 0.0 941
1694629112998 0.0 942
1694629113188 0.0 943
1694629113369 0.0 944
1694629113563 0.0 945
1694629113749 0.0 946
1694629113925 0.0 947
1694629114103 0.0 948
1694629114293 0.0 949
1694629114480 0.0 950
1694629114665 0.0 951
1694629114841 0.0 952
1694629115032 0.0 953
1694629115202 0.0 954
1694629115427 0.0 955
1694629115607 0.0 956
1694629115789 0.0 957
1694629115960 0.0 958
1694629116146 0.0 959
1694629116327 0.0 960
1694629116510 0.0 961
1694629116708 0.0 962
1694629116930 0.0 963
1694629117116 0.0 964
1694629117303 0.0 965
1694629117494 0.0 966
1694629117665 0.0 967
1694629117832 0.0 968
1694629118005 0.0 969
1694629118200 0.0 970
1694629118381 0.0 971
1694629118551 0.0 972
1694629118750 0.0 973
1694629118926 0.0 974
1694629119129 0.0 975
1694629119310 0.0 976
1694629119493 0.0 977
1694629119687 0.0 978
1694629119887 0.0 979
1694629120095 0.0 980
1694629120296 0.0 981
1694629120470 0.0 982
1694629120657 0.0 983
1694629120823 0.0 984
1694629121010 0.0 985
1694629121194 0.0 986
1694629121385 0.0 987
1694629121573 0.0 988
1694629121741 0.0 989
1694629121908 0.0 990
1694629122076 0.0 991
1694629122265 0.0 992
1694629122485 0.0 993
1694629122692 0.0 994
1694629122903 0.0 995
1694629123096 0.0 996
1694629123277 0.0 997
1694629123445 0.0 998
1694629123629 0.0 999
