1694631117581 144.26753277353455 0
1694631117614 112.96678277064912 1
1694631117647 90.52423903971695 2
1694631117681 74.0419720927659 3
1694631117712 60.8241258425919 4
1694631117743 47.9261265165569 5
1694631117780 39.39362052526975 6
1694631117824 32.29344597436319 7
1694631117859 25.934824381665788 8
1694631117891 20.812192627659236 9
1694631117925 17.980137777233637 10
1694631117959 14.447442600102118 11
1694631117996 12.153251275893492 12
1694631118034 10.05291823764885 13
1694631118070 8.304012788273264 14
1694631118105 6.9564863335214655 15
1694631118139 5.919278801518279 16
1694631118174 5.10385545829634 17
1694631118213 4.3812022989983195 18
1694631118249 3.7622974222546537 19
1694631118283 3.291622531097444 20
1694631118319 2.8768229348434597 21
1694631118358 2.4998631490006558 22
1694631118390 2.1930769061990194 23
1694631118424 1.9233444157965736 24
1694631118457 1.6866417661842044 25
1694631118490 1.6263296411327057 26
1694631118521 1.486590651502668 27
1694631118553 1.329658728082438 28
1694631118584 1.1549477952482758 29
1694631118618 1.1198733236929106 30
1694631118649 1.1033844704385523 31
1694631118683 0.9495155976012982 32
1694631118716 0.9100515067739156 33
1694631118749 0.9075921664033962 34
1694631118783 0.8513486130497239 35
1694631118817 0.7824842278515894 36
1694631118848 0.7852635104145713 37
1694631118880 0.7368653211801475 38
1694631118911 0.6730706516222936 39
1694631118943 0.6918555388483545 40
1694631118975 0.7270645324154357 41
1694631119008 0.6512709359875564 42
1694631119039 0.7123037982920439 43
1694631119072 0.6482718801814826 44
1694631119104 0.6863758681012796 45
1694631119134 0.6136414783703302 46
1694631119166 0.7102525364152752 47
1694631119199 0.5957892068315729 48
1694631119234 0.5872710236256851 49
1694631119269 0.5530564337197836 50
1694631119302 0.5945931918086999 51
1694631119338 0.5612911842657664 52
1694631119371 0.5855527312130963 53
1694631119405 0.6578086653849856 54
1694631119438 0.5828727928061216 55
1694631119472 0.5828804405457784 56
1694631119509 0.6208664698292896 57
1694631119541 0.5414064068570557 58
1694631119573 0.6291077553310327 59
1694631119608 0.5562694398041017 60
1694631119642 0.5677589212300579 61
1694631119674 0.5329040224363859 62
1694631119705 0.5822779265340543 63
1694631119739 0.5730844211030718 64
1694631119772 0.6297828155259444 65
1694631119805 0.5416430203724516 66
1694631119837 0.5454070899416422 67
1694631119869 0.5345176223001141 68
1694631119903 0.5448845930541872 69
1694631119937 0.5960588801030873 70
1694631119972 0.5772144634243043 71
1694631120010 0.5311437530394003 72
1694631120045 0.5615293312691946 73
1694631120081 0.5438876145924624 74
1694631120114 0.5826925319454359 75
1694631120146 0.5456393994110826 76
1694631120178 0.5493015673046245 77
1694631120211 0.5655370008512276 78
1694631120246 0.5458615907097512 79
1694631120282 0.5478589758044944 80
1694631120314 0.50285490883196 81
1694631120345 0.5884728314527907 82
1694631120377 0.6233861956727867 83
1694631120409 0.6264214741944563 84
1694631120443 0.5970073939575785 85
1694631120474 0.5450708158696375 86
1694631120508 0.5397034588487943 87
1694631120541 0.5595884038379377 88
1694631120576 0.6136730657840698 89
1694631120612 0.521100946912189 90
1694631120645 0.5916994059901759 91
1694631120681 0.543173722052886 92
1694631120714 0.5888038529217636 93
1694631120747 0.5852365372528403 94
1694631120780 0.5931838773210001 95
1694631120811 0.5085281082494255 96
1694631120845 0.5813997433599603 97
1694631120879 0.6041600958684279 98
1694631120910 0.5857896147922168 99
1694631120943 0.5785743646859901 100
1694631120976 0.5746053564072515 101
1694631121009 0.5223061846648037 102
1694631121044 0.5721903761769204 103
1694631121076 0.5545815597338792 104
1694631121109 0.5572196860333788 105
1694631121144 0.5346120938423209 106
1694631121178 0.5414009752390907 107
1694631121211 0.5924013086395675 108
1694631121244 0.5522152595076325 109
1694631121281 0.5628869627925455 110
1694631121316 0.5464268848983022 111
1694631121353 0.6276463601617244 112
1694631121388 0.6505478542367858 113
1694631121421 0.5688540627090344 114
1694631121455 0.5536090635130404 115
1694631121488 0.5883723166715233 116
1694631121524 0.5575546892464877 117
1694631121555 0.5574199665177564 118
