1694631117589 -0.008727336036220112 0
1694631117623 -0.009167246128257922 1
1694631117656 -0.00724111090452384 2
1694631117689 -0.007365575958468096 3
1694631117719 -0.007088449823199783 4
1694631117752 -0.005402619455594948 5
1694631117789 -0.0032849181978999997 6
1694631117835 -0.003058551559146805 7
1694631117867 0.0004490128613086064 8
1694631117899 0.0037995265521539867 9
1694631117933 0.006591460822781281 10
1694631117968 0.008020648575249645 11
1694631118006 0.020049125497912823 12
1694631118043 0.02150473966981281 13
1694631118077 0.029887119335061607 14
1694631118112 0.03719799570151039 15
1694631118146 0.05169204616809553 16
1694631118183 0.06045214067220195 17
1694631118221 0.07063857146267205 18
1694631118256 0.07927317395645883 19
1694631118290 0.08447704229081121 20
1694631118327 0.11520516126597924 21
1694631118367 0.13919467667969865 22
1694631118398 0.13562561799029416 23
1694631118431 0.15726028012341875 24
1694631118465 0.18227738684790318 25
1694631118496 0.16933643625839967 26
1694631118527 0.20826047031960104 27
1694631118559 0.19925475004548876 28
1694631118592 0.23596289315053742 29
1694631118625 0.3270816936551936 30
1694631118657 0.2397614216002688 31
1694631118689 0.24352014880741268 32
1694631118723 0.29345685311205516 33
1694631118757 0.2362331532096813 34
1694631118791 0.29570347878880654 35
1694631118825 0.27585035602835206 36
1694631118855 0.29548973724483074 37
1694631118888 0.3598501022020657 38
1694631118919 0.3257402028532339 39
1694631118950 0.2815260628997268 40
1694631118983 0.3484671175435521 41
1694631119016 0.3674386010671643 42
1694631119046 0.3505621291838038 43
1694631119079 0.349483698868559 44
1694631119111 0.3470797678844706 45
1694631119140 0.3513716175290357 46
1694631119174 0.306762605002585 47
1694631119207 0.3573793818829364 48
1694631119241 0.4322659435807954 49
1694631119276 0.4073705529739803 50
1694631119312 0.39184348977557804 51
1694631119346 0.37900082637331334 52
1694631119378 0.4137911444545024 53
1694631119412 0.32956110097527835 54
1694631119445 0.3358410604666108 55
1694631119484 0.38538755615577747 56
1694631119517 0.33980591241670743 57
1694631119548 0.3656185782666199 58
1694631119583 0.3469596669324657 59
1694631119616 0.4266881032377273 60
1694631119649 0.31141719560049497 61
1694631119681 0.3485749555340776 62
1694631119712 0.3582278594305206 63
1694631119746 0.371866532277182 64
1694631119779 0.35038155457835785 65
1694631119812 0.4371889304301806 66
1694631119844 0.3651698573200094 67
1694631119875 0.4357158656880391 68
1694631119910 0.3738986263046299 69
1694631119945 0.3778777600375347 70
1694631119980 0.3954800417161475 71
1694631120020 0.32346882152239054 72
1694631120055 0.3871088106597972 73
1694631120088 0.3866568554635218 74
1694631120122 0.34243738872429286 75
1694631120154 0.4247700496358454 76
1694631120186 0.3749906914203047 77
1694631120220 0.3840747462984644 78
1694631120255 0.43374910171253134 79
1694631120288 0.40222242638269134 80
1694631120321 0.35662475350464173 81
1694631120353 0.321720673055362 82
1694631120385 0.37940327595652423 83
1694631120418 0.3948305160706632 84
1694631120451 0.3518072120719685 85
1694631120483 0.39113937974024926 86
1694631120516 0.43259579667786996 87
1694631120550 0.45877146057573337 88
1694631120585 0.34626019768013483 89
1694631120620 0.37590160275470696 90
1694631120653 0.4309668403501298 91
1694631120689 0.3278590072635824 92
1694631120721 0.3608136330093151 93
1694631120755 0.31995922239661545 94
1694631120787 0.3477987246846159 95
1694631120819 0.4153936551759483 96
1694631120853 0.38361349863970406 97
1694631120888 0.36482799992732073 98
1694631120918 0.43443952867080216 99
1694631120951 0.3818045078343639 100
1694631120985 0.3790281367073983 101
1694631121018 0.4647395249495192 102
1694631121052 0.377459076167347 103
1694631121085 0.41748799713047113 104
1694631121118 0.37311610875513535 105
1694631121152 0.3654449834693011 106
1694631121187 0.40634877293987703 107
1694631121220 0.4078686403344941 108
1694631121252 0.3112525230488319 109
1694631121289 0.4067579234276323 110
1694631121325 0.3794112918321514 111
1694631121359 0.3406244552029697 112
1694631121396 0.3588708188720794 113
1694631121429 0.3717143620412783 114
1694631121462 0.33219842469979344 115
1694631121499 0.38186283821687494 116
1694631121533 0.369386622466536 117
1694631121563 0.4204303572941174 118
