1694619925511 0.0016391125028478726 0
1694619925548 0.002767562047407135 1
1694619925601 0.002421345538840991 2
1694619925659 0.0054322511047597555 3
1694619925725 0.0074183537194564275 4
1694619925791 0.010157196922008671 5
1694619925840 0.009692512995721936 6
1694619925892 0.014074826368723703 7
1694619925932 0.018565545448957166 8
1694619925978 0.027044819666325992 9
1694619926019 0.028371523253835074 10
1694619926058 0.04072533196340411 11
1694619926117 0.04857133916134082 12
1694619926180 0.055296170773281195 13
1694619926238 0.07129983866466294 14
1694619926289 0.09255570511733502 15
1694619926338 0.0974249847536981 16
1694619926396 0.1370412862607916 17
1694619926442 0.13500897370118692 18
1694619926487 0.18977805426318972 19
1694619926533 0.2223032124260883 20
1694619926581 0.2526351062252864 21
1694619926626 0.28500379982687374 22
1694619926698 0.34876276755748814 23
1694619926749 0.3199714123045675 24
1694619926790 0.4471949940381692 25
1694619926831 0.48661761614294485 26
1694619926911 0.5447263935663567 27
1694619926956 0.5455919636725202 28
1694619926991 0.5535318747515028 29
1694619927031 0.6347009512498296 30
1694619927075 0.6785364151581262 31
1694619927127 0.6810284103158735 32
1694619927178 0.6826704543594742 33
1694619927205 0.7354548772709947 34
1694619927236 0.7398000575068581 35
1694619927286 0.7144516776405101 36
1694619927329 0.7781151250784852 37
1694619927362 0.8140962671664326 38
1694619927392 0.8263337319753927 39
1694619927422 0.8342844776066589 40
1694619927452 0.8106525198834512 41
1694619927484 0.8238862338969737 42
1694619927516 0.8214330996089932 43
1694619927546 0.821496575663047 44
1694619927577 0.8299455433341703 45
1694619927608 0.8583792139563751 46
1694619927640 0.8258702113346641 47
1694619927677 0.817114235626929 48
1694619927715 0.8166820203664902 49
1694619927745 0.8001842010877945 50
1694619927778 0.8243160549586919 51
1694619927816 0.8576128567437535 52
1694619927855 0.8603090444517053 53
1694619927893 0.8300177704770139 54
1694619927927 0.8328880786984163 55
1694619927973 0.8334573906932169 56
1694619928011 0.866410954092976 57
1694619928046 0.8692113877042618 58
1694619928078 0.8542322680312179 59
1694619928108 0.8511026191028572 60
1694619928135 0.873186251133842 61
1694619928169 0.80601570711626 62
1694619928200 0.891203356892662 63
1694619928231 0.8485066274564561 64
1694619928259 0.7942655857184996 65
1694619928292 0.8525841680111518 66
1694619928323 0.7410126491821953 67
1694619928353 0.8445004425988165 68
1694619928387 0.8716456786818427 69
1694619928423 0.8093850288152953 70
1694619928453 0.8619092723038514 71
1694619928487 0.8654574715432454 72
1694619928515 0.8213616556507634 73
1694619928549 0.8462598561927708 74
1694619928587 0.8597543107453935 75
1694619928622 0.8371679161800019 76
1694619928653 0.8432500503808715 77
1694619928692 0.845018769909291 78
1694619928726 0.8475955752704414 79
1694619928755 0.8670397489425192 80
