1694636881018 0.00100929356644189 0
1694636881687 0.09871152701036093 1
1694636882283 0.08731409798287226 2
1694636882872 0.016380166082394135 3
1694636883454 0.04366829854048816 4
1694636884042 0.17454213831150497 5
1694636884649 0.012554764604584793 6
1694636885291 0.6018104694203248 7
1694636885867 7.826820690865628e-05 8
1694636886467 0.004806837407533112 9
1694636887105 0.020537779326136735 10
1694636887678 0.07710523657548551 11
1694636888289 0.10355085481274197 12
1694636888893 0.00021207038290982038 13
1694636889506 0.1639743767758038 14
1694636890153 0.0006103401383381569 15
1694636890720 0.029329374754325132 16
1694636891329 1.25717690411572 17
1694636891983 0.24274357928516016 18
1694636892587 0.0001055719068228621 19
1694636893212 0.029346960842935522 20
1694636893837 0.2506365118697974 21
1694636894455 0.006918784303868498 22
1694636895057 0.03031693558697991 23
1694636895681 0.03876353161177475 24
1694636896280 0.03352717227072155 25
1694636896908 0.1018924158611085 26
1694636897518 0.010396739332752761 27
1694636898132 0.2747163585393531 28
1694636898755 0.20545691775291763 29
1694636899355 0.00012956550784028252 30
1694636899890 0.013081620929924747 31
1694636900592 0.012847051280475735 32
1694636901038 0.0586397216841401 33
1694636901666 0.0030756778674112927 34
1694636902327 0.005733051003649056 35
1694636902910 0.15218782098653894 36
1694636903534 0.001645003199555994 37
1694636904133 0.005899240548690761 38
1694636904738 0.0024731772614252955 39
1694636905344 0.26731753729587254 40
1694636905931 0.0006940055090252554 41
1694636906435 0.03651271000670476 42
1694636907028 0.3011308580245386 43
1694636907638 0.05823766615743996 44
1694636908227 0.06737699734349076 45
1694636908842 0.1524404128538431 46
1694636909449 0.0013558640115946643 47
1694636910074 0.19485561964464956 48
1694636910704 0.07786847495258921 49
1694636911305 0.0037568388650174272 50
1694636911924 0.23599282536083588 51
1694636912449 0.05458797618379047 52
1694636913060 0.037328636372748795 53
1694636913670 0.01016388731508741 54
1694636914281 0.011571527944719096 55
1694636914912 0.08299031603698469 56
1694636915521 0.5274944123565218 57
1694636916074 0.14086987098445897 58
1694636916717 0.06921737652819715 59
1694636917281 0.06904896197480499 60
1694636917936 0.2304418869591661 61
1694636918606 0.00925858974823819 62
1694636919128 0.07868298240289744 63
1694636919677 0.005021103853299367 64
1694636920314 0.0008481672749010738 65
1694636921018 0.03753147027428017 66
1694636921605 0.3939828829630987 67
1694636922201 0.031153027911013403 68
1694636922805 0.03434261634259059 69
1694636923491 0.1752213187476958 70
1694636924160 0.13372569950641852 71
1694636924753 1.495241568565318e-06 72
1694636925294 0.008310069527563546 73
1694636925975 0.0004901262705826392 74
1694636926589 0.0007325503673487546 75
1694636927143 0.08151526186026815 76
1694636927718 0.017908966008323975 77
1694636928272 0.002536064302868624 78
1694636928852 0.24459148762280383 79
1694636929434 0.0018492265434304949 80
1694636930081 0.0026438335761004073 81
1694636930711 0.09261176385314591 82
1694636931289 0.02820492897489516 83
1694636931885 0.3516989416169863 84
1694636932495 0.00087734994564875 85
1694636933091 0.17904000653265045 86
1694636933713 0.06298657732291885 87
1694636934352 0.05350047254641683 88
1694636935028 0.007894374351021523 89
1694636935644 0.001278302872204701 90
1694636936227 0.09157605811854766 91
1694636936831 0.042552005540456676 92
1694636937409 0.07057057279948378 93
1694636938020 0.02254872464796576 94
1694636938618 0.0005184416379320255 95
1694636939359 0.017620721091349947 96
1694636940058 0.0015754614461040044 97
1694636940647 0.001263155977591401 98
1694636941300 0.3524582833211753 99
1694636941857 0.06373242567529104 100
1694636942451 0.0020908534474567706 101
1694636943077 0.0020196701212965933 102
1694636943735 0.034049140615509295 103
1694636944322 0.0019978130915530926 104
1694636944923 0.2333431464979309 105
1694636945541 1.8923570590409007e-07 106
1694636946152 0.1342572139087855 107
1694636946751 0.14660845366777622 108
1694636947363 0.10989632952300783 109
1694636947989 0.02138292122056232 110
1694636948605 0.044154311153721974 111
1694636949189 0.012074396877834832 112
1694636949825 0.0016628384708339285 113
