1694636881038 0.0 0
1694636881704 0.0 1
1694636882305 0.0 2
1694636882890 0.0 3
1694636883474 0.0 4
1694636884060 0.0 5
1694636884665 0.0 6
1694636885313 0.0 7
1694636885885 0.0 8
1694636886490 0.0 9
1694636887123 0.0 10
1694636887697 0.0 11
1694636888307 0.0 12
1694636888914 0.0 13
1694636889525 0.0 14
1694636890170 0.0 15
1694636890737 0.0 16
1694636891346 0.0 17
1694636892007 0.0 18
1694636892605 0.0 19
1694636893229 0.0 20
1694636893856 0.0 21
1694636894475 0.0 22
1694636895076 0.0 23
1694636895698 0.0 24
1694636896299 0.0 25
1694636896926 0.0 26
1694636897540 0.0 27
1694636898153 0.0 28
1694636898775 0.0 29
1694636899373 0.0 30
1694636900006 0.0 31
1694636900608 0.0 32
1694636901054 0.0 33
1694636901685 0.0 34
1694636902346 0.0 35
1694636902944 0.0 36
1694636903553 0.0 37
1694636904154 0.0 38
1694636904757 0.0 39
1694636905362 0.0 40
1694636905952 0.0 41
1694636906451 0.0 42
1694636907047 0.0 43
1694636907656 0.0 44
1694636908266 0.0 45
1694636908860 0.0 46
1694636909466 0.0 47
1694636910100 0.0 48
1694636910721 0.0 49
1694636911327 0.0 50
1694636911949 0.0 51
1694636912468 0.0 52
1694636913081 0.0 53
1694636913691 0.0 54
1694636914302 0.0 55
1694636914934 0.0 56
1694636915540 0.0 57
1694636916093 0.0 58
1694636916734 0.0 59
1694636917301 0.0 60
1694636917954 0.0 61
1694636918625 0.0 62
1694636919147 0.0 63
1694636919697 0.0 64
1694636920330 0.0 65
1694636921034 0.0 66
1694636921626 0.0 67
1694636922222 0.0 68
1694636922822 0.0 69
1694636923514 0.0 70
1694636924177 0.0 71
1694636924771 0.0 72
1694636925376 0.0 73
1694636925994 0.0 74
1694636926607 0.0 75
1694636927161 0.0 76
1694636927737 0.0 77
1694636928289 0.0 78
1694636928870 0.0 79
1694636929456 0.0 80
1694636930099 0.0 81
1694636930733 0.0 82
1694636931306 0.0 83
1694636931904 0.0 84
1694636932519 0.0 85
1694636933116 0.0 86
1694636933732 0.0 87
1694636934371 0.0 88
1694636935049 0.0 89
1694636935661 0.0 90
1694636936247 0.0 91
1694636936850 0.0 92
1694636937427 0.0 93
1694636938037 0.0 94
1694636938636 0.0 95
1694636939382 0.0 96
1694636940077 0.0 97
1694636940669 0.0 98
1694636941316 0.0 99
1694636941872 0.0 100
1694636942470 0.0 101
1694636943098 0.0 102
1694636943752 0.0 103
1694636944340 0.0 104
1694636944940 0.0 105
1694636945561 0.0 106
1694636946170 0.0 107
1694636946775 0.0 108
1694636947382 0.0 109
1694636948007 0.0 110
1694636948623 0.0 111
1694636949206 0.0 112
1694636949842 0.0 113
