1694624155789 -0.0033697953390972035 0
1694624155826 -0.003348457205171851 1
1694624155862 -0.003326328020676783 2
1694624155896 -0.003303394476880772 3
1694624155936 -0.0032796431603587806 4
1694624155972 -0.0032550605553092193 5
1694624156005 -0.00322963304598356 6
1694624156041 -0.0032033469192331854 7
1694624156085 -0.0031761883671683755 8
1694624156135 -0.003148143489936972 9
1694624156180 -0.003119198298625836 10
1694624156218 -0.0030893387182733267 11
1694624156251 -0.0030585505910167843 12
1694624156285 -0.0030268196793448165 13
1694624156314 -0.0029941316694928055 14
1694624156345 -0.0029604721749496576 15
1694624156383 -0.0029258267400960047 16
1694624156412 -0.002890180843967416 17
1694624156444 -0.0028535199041463954 18
1694624156482 -0.0028158292807829444 19
1694624156512 -0.0027770942807399113 20
1694624156544 -0.002737300161872014 21
1694624156587 -0.0026964321374338684 22
1694624156619 -0.0026544753806139187 23
1694624156683 -0.0026114150292033678 24
1694624156719 -0.002567236190390343 25
1694624156783 -0.002521923945687954 26
1694624156822 -0.002475463355988916 27
1694624156859 -0.002427839466749182 28
1694624156892 -0.002379037313303689 29
1694624156921 -0.00232904192630512 30
1694624156993 -0.0022778383372938915 31
1694624157034 -0.0022254115843933775 32
1694624157073 -0.0021717467181243677 33
1694624157108 -0.002116828807357196 34
1694624157145 -0.0020606429453684516 35
1694624157189 -0.0020031742560335797 36
1694624157225 -0.0019444079001327275 37
1694624157275 -0.0018843290817707192 38
1694624157305 -0.0018229230549147157 39
1694624157335 -0.0017601751300504453 40
1694624157374 -0.001696070680941908 41
1694624157404 -0.0016305951514958839 42
1694624157435 -0.0015637340627452367 43
1694624157470 -0.0014954730199214783 44
1694624157498 -0.001425797719631472 45
1694624157529 -0.0013546939571320582 46
1694624157577 -0.0012821476336932758 47
1694624157608 -0.0012081447640530651 48
1694624157640 -0.001132671483956571 49
1694624157691 -0.001055714057775825 50
1694624157742 -0.000977258886206922 51
1694624157794 -0.0008972925140386945 52
1694624157837 -0.0008158016379922195 53
1694624157876 -0.0007327731146207217 54
1694624157904 -0.00064819396826854 55
1694624157935 -0.0005620513990838294 56
1694624157962 -0.00047433279108011206 57
1694624157994 -0.0003850257202435703 58
1694624158028 -0.0002941179626643198 59
1694624158058 -0.00020159750271941945 60
1694624158095 -0.00010745254126831583 61
1694624158133 -1.1671503863608379e-05 62
1694624158180 8.575695100443426e-05 63
1694624158219 0.00018484392368212088 64
1694624158259 0.00028560026510582315 65
1694624158298 0.00038803656856978286 66
1694624158335 0.0004921631615063538 67
1694624158380 0.000597990097284784 68
1694624158412 0.0007055271470375324 69
1694624158446 0.0008147837915117861 70
1694624158493 0.0009257692129827078 71
1694624158533 0.0010384922871866653 72
1694624158575 0.001152961575333511 73
1694624158602 0.0012691853161631572 74
1694624158633 0.0013871714180927475 75
1694624158664 0.0015069274514197817 76
1694624158701 0.0016284606406257174 77
1694624158743 0.0017517778567687214 78
1694624158787 0.001876885609971346 79
1694624158827 0.0020037900420278865 80
1694624158871 0.0021324969191224286 81
1694624158904 0.002263011624663691 82
1694624158936 0.0023953391522651968 83
1694624158979 0.002529484098854451 84
1694624159013 0.002665450657935664 85
1694624159049 0.002803242613003798 86
1694624159082 0.0029428633311184837 87
1694624159121 0.003084315756661793 88
1694624159171 0.0032276024052508845 89
1694624159226 0.0033727253578553773 90
1694624159259 0.003519686255098242 91
1694624159294 0.00366848629175609 92
1694624159322 0.0038191262114686264 93
1694624159352 0.003971606301657826 94
1694624159392 0.004125926388672263 95
1694624159423 0.004282085833153371 96
1694624159452 0.0044400835256396265 97
1694624159490 0.004599917882401661 98
1694624159522 0.004761586841540599 99
1694624159553 0.004925087859318444 100
1694624159587 0.005090417906754463 101
1694624159614 0.005257573466491694 102
1694624159642 0.005426550529912921 103
1694624159670 0.005597344594558851 104
1694624159697 0.005769950661785872 105
1694624159728 0.005944363234749672 106
1694624159761 0.006120576316636983 107
1694624159799 0.006298583409214076 108
1694624159843 0.006478377511656808 109
1694624159892 0.006659951119687424 110
1694624159930 0.006843296225002904 111
1694624159971 0.007028404315017389 112
1694624160018 0.007215266372902707 113
1694624160052 0.007403872877943418 114
1694624160092 0.007594213806199401 115
1694624160120 0.007786278631481958 116
1694624160150 0.007980056326642893 117
1694624160189 0.008175535365179676 118
1694624160224 0.008372703723145136 119
1694624160257 0.008571548881397328 120
1694624160298 0.008772057828130397 121
1694624160335 0.008974217061747058 122
1694624160369 0.009178012594032725 123
1694624160401 0.009383429953636502 124
1694624160434 0.009590454189887687 125
1694624160464 0.00979906987687984 126
1694624160493 0.010009261117908896 127
1694624160527 0.010221011550175185 128
1694624160562 0.010434304349809631 129
1694624160601 0.010649122237192832 130
1694624160634 0.010865447482558688 131
1694624160667 0.01108326191191178 132
1694624160701 0.011302546913200873 133
1694624160736 0.011523283442795407 134
1694624160773 0.01174545203223154 135
1694624160806 0.011969032795229317 136
1694624160841 0.01219400543497784 137
1694624160893 0.01242034925167157 138
1694624160929 0.012648043150323529 139
1694624160968 0.012877065648794095 140
1694624160997 0.013107394886087587 141
1694624161024 0.013339008630867899 142
1694624161052 0.013571884290208613 143
1694624161089 0.013805998918558049 144
1694624161117 0.014041329226918697 145
1694624161155 0.014277851592230717 146
1694624161196 0.014515542066950493 147
1694624161230 0.014754376388816715 148
1694624161271 0.014994329990797306 149
1694624161309 0.015235378011207001 150
1694624161337 0.015477495303984345 151
1694624161371 0.01572065644912779 152
1694624161406 0.015964835763269347 153
1694624161436 0.016210007310380137 154
1694624161467 0.016456144912625148 155
1694624161502 0.01670322216129816 156
1694624161535 0.016951212427891105 157
1694624161570 0.01720008887525215 158
1694624161603 0.017449824468830033 159
1694624161639 0.01770039198799911 160
1694624161676 0.017951764037453133 161
1694624161720 0.01820391305865965 162
1694624161758 0.0184568113413508 163
1694624161797 0.018710431035086517 164
1694624161830 0.018964744160805957 165
1694624161870 0.019219722622430768 166
1694624161902 0.019475338218467364 167
1694624161936 0.019731562653613643 168
1694624161987 0.0199883675503566 169
1694624162027 0.02024572446055406 170
1694624162069 0.020503604876992876 171
1694624162118 0.02076198024490672 172
1694624162158 0.021020821973454895 173
1694624162217 0.021280101447147537 174
1694624162266 0.02153979003720763 175
1694624162305 0.021799859112858977 176
1694624162341 0.02206028005254901 177
1694624162378 0.022321024255076427 178
1694624162417 0.02258206315061717 179
1694624162448 0.02284336821166255 180
1694624162482 0.023104910963837377 181
1694624162518 0.023366662996607057 182
1694624162552 0.023628595973854694 183
1694624162587 0.023890681644332168 184
1694624162621 0.024152891851959235 185
1694624162652 0.024415198546010153 186
1694624162684 0.024677573791104912 187
1694624162720 0.024939989777076788 188
1694624162756 0.02520241882866381 189
1694624162790 0.02546483341503336 190
1694624162830 0.02572720615913393 191
1694624162869 0.025989509846857217 192
1694624162911 0.026251717436045596 193
1694624162953 0.026513802065270542 194
1694624162997 0.026775737062448735 195
1694624163049 0.027037495953251778 196
1694624163083 0.027299052469303087 197
1694624163132 0.027560380556204023 198
1694624163175 0.027821454381307897 199
1694624163226 0.028082248341317673 200
1694624163269 0.028342737069657176 201
1694624163310 0.028602895443617826 202
1694624163340 0.028862698591317515 203
1694624163372 0.029122121898398357 204
1694624163413 0.029381141014532264 205
1694624163449 0.029639731859692486 206
1694624163487 0.029897870630201107 207
1694624163539 0.030155533804551715 208
1694624163582 0.030412698149003714 209
1694624163629 0.030669340722953464 210
1694624163673 0.030925438884072398 211
1694624163718 0.031180970293221977 212
1694624163765 0.03143591291914127 213
1694624163811 0.03169024504290274 214
1694624163846 0.03194394526214994 215
1694624163884 0.032196992495091004 216
1694624163922 0.03244936598430437 217
1694624163954 0.03270104530027307 218
1694624163988 0.03295201034473261 219
1694624164026 0.033202241353785134 220
1694624164055 0.03345171890078624 221
1694624164087 0.03370042389903449 222
1694624164121 0.03394833760423421 223
1694624164163 0.03419544161673338 224
1694624164204 0.034441717883572975 225
1694624164246 0.034687148700313086 226
1694624164285 0.03493171671265938 227
1694624164332 0.035175404917883624 228
1694624164375 0.035418196666046176 229
1694624164422 0.0356600756610197 230
1694624164453 0.03590102596131972 231
1694624164489 0.0361410319807457 232
1694624164534 0.03638007848882174 233
1694624164568 0.036618150611088085 234
1694624164606 0.03685523382916356 235
1694624164637 0.03709131398066845 236
1694624164670 0.03732637725895649 237
1694624164714 0.03756041021268386 238
1694624164753 0.0377933997452099 239
1694624164787 0.03802533311382772 240
1694624164831 0.03825619792885426 241
1694624164867 0.03848598215255794 242
1694624164909 0.0387146740979204 243
1694624164943 0.03894226242727805 244
1694624164972 0.03916873615079386 245
1694624165007 0.03939408462482874 246
1694624165035 0.03961829755013524 247
1694624165063 0.03984136496993951 248
1694624165094 0.040063277267920694 249
1694624165138 0.04028402516602514 250
1694624165179 0.04050359972218598 251
1694624165222 0.04072199232793694 252
1694624165260 0.040939194705904125 253
1694624165312 0.041155198907185 254
1694624165354 0.04136999730864177 255
1694624165391 0.04158358261009043 256
1694624165424 0.04179594783139384 257
1694624165458 0.042007086309470365 258
1694624165488 0.04221699169520521 259
1694624165524 0.04242565795029829 260
1694624165558 0.04263307934402749 261
1694624165590 0.04283925044991932 262
1694624165622 0.04304416614237905 263
1694624165654 0.04324782159322771 264
1694624165692 0.04345021226820145 265
1694624165744 0.043651333923368396 266
1694624165787 0.04385118260151033 267
1694624165837 0.04404975462843019 268
1694624165883 0.044247046609233176 269
1694624165932 0.044443055424536415 270
1694624165977 0.044637778226683356 271
1694624166020 0.044831212435849865 272
1694624166056 0.04502335573619065 273
1694624166093 0.04521420607189108 274
1694624166136 0.045403761643229124 275
1694624166180 0.045592020902593844 276
1694624166226 0.04577898255048718 277
1694624166256 0.0459646455315027 278
1694624166288 0.04614900903028851 279
1694624166324 0.046332072467496266 280
1694624166355 0.046513835495716194 281
1694624166391 0.046694297995405476 282
1694624166428 0.04687346007081117 283
1694624166459 0.047051322045875366 284
1694624166487 0.04722788446017323 285
1694624166522 0.04740314806480672 286
1694624166557 0.047577113818333516 287
1694624166592 0.047749782882691716 288
1694624166628 0.047921156619119776 289
1694624166670 0.048091236584120955 290
1694624166709 0.048260024525392686 291
1694624166752 0.04842752237780268 292
1694624166792 0.048593732259368694 293
1694624166834 0.048758656467256634 294
1694624166869 0.04892229747380039 295
1694624166899 0.04908465792252692 296
1694624166940 0.049245740624231815 297
1694624166976 0.049405548553063894 298
1694624167005 0.04956408484260555 299
1694624167037 0.049721352782047146 300
1694624167071 0.04987735581231878 301
1694624167104 0.050032097522299646 302
1694624167139 0.050185581645023514 303
1694624167173 0.050337812053959596 304
1694624167209 0.05048879275927487 305
1694624167238 0.05063852790415557 306
1694624167267 0.05078702176118499 307
1694624167295 0.050934278728709925 308
1694624167325 0.0510803033272792 309
1694624167352 0.0512251001961086 310
1694624167387 0.051368674089581456 311
1694624167426 0.05151102987379497 312
1694624167465 0.051652172523137474 313
1694624167498 0.051792107116915065 314
1694624167537 0.05193083883601368 315
1694624167572 0.05206837295960309 316
1694624167603 0.05220471486188483 317
1694624167637 0.05233987000888163 318
1694624167678 0.05247384395526844 319
1694624167722 0.05260664234125145 320
1694624167764 0.052738270889482464 321
1694624167801 0.05286873540202908 322
1694624167835 0.05299804175736833 323
1694624167867 0.053126195907454044 324
1694624167898 0.05325320387481103 325
1694624167929 0.05337907174966472 326
1694624167961 0.053503805687137196 327
1694624167994 0.05362741190447462 328
1694624168030 0.053749896678325526 329
1694624168071 0.053871266342058965 330
1694624168114 0.05399152728313317 331
1694624168160 0.054110685940508274 332
1694624168197 0.05422874880208961 333
1694624168231 0.05434572240225488 334
1694624168262 0.05446161331937516 335
1694624168294 0.05457642817341635 336
1694624168326 0.05469017362357442 337
1694624168363 0.054802856365952723 338
1694624168396 0.05491448313128777 339
1694624168437 0.05502506068271462 340
1694624168478 0.05513459581358071 341
1694624168517 0.05524309534529959 342
1694624168555 0.055350566125248246 343
1694624168597 0.05545701502471079 344
1694624168643 0.055562448936858355 345
1694624168685 0.05566687477477961 346
1694624168727 0.05577029946954437 347
1694624168771 0.055872729968319046 348
1694624168806 0.05597417323250231 349
1694624168848 0.056074636235947106 350
1694624168884 0.05617412596315341 351
1694624168927 0.05627264940757892 352
1694624168968 0.05637021356992378 353
1694624169001 0.056466825456497616 354
1694624169050 0.056562492077596005 355
1694624169095 0.0566572204459429 356
1694624169133 0.05675101757516121 357
1694624169173 0.056843890478249115 358
1694624169206 0.0569358461661601 359
1694624169240 0.05702689164635277 360
1694624169273 0.05711703392141654 361
1694624169304 0.05720627998772443 362
1694624169336 0.05729463683410674 363
1694624169370 0.05738211144058536 364
1694624169402 0.05746871077712912 365
1694624169446 0.05755444180242841 366
1694624169476 0.05763931146272916 367
1694624169507 0.05772332669068392 368
1694624169548 0.05780649440424379 369
1694624169578 0.057888821505563515 370
1694624169611 0.05797031487997906 371
1694624169649 0.058050981394963896 372
1694624169687 0.05813082789915369 373
1694624169731 0.05820986122138694 374
1694624169779 0.058288088169779706 375
1694624169813 0.058365515530814926 376
1694624169851 0.05844215006848952 377
1694624169886 0.05851799852346051 378
1694624169917 0.058593067612229155 379
1694624169954 0.0586673640263673 380
1694624169989 0.058740894431736024 381
1694624170033 0.05881366546776534 382
1694624170073 0.058885683746739415 383
1694624170106 0.058956955853114335 384
1694624170143 0.05902748834285798 385
1694624170181 0.0590972877428152 386
1694624170221 0.059166360550097385 387
1694624170263 0.059234713231492764 388
1694624170299 0.05930235222290414 389
1694624170341 0.05936928392880658 390
1694624170374 0.05943551472171493 391
1694624170405 0.059501050941714095 392
1694624170446 0.05956589889594144 393
1694624170476 0.05963006485816902 394
1694624170503 0.0596935550683374 395
1694624170541 0.059756375732153644 396
1694624170575 0.05981853302069129 397
1694624170608 0.059880033070002336 398
1694624170639 0.05994088198077152 399
1694624170671 0.0600010858179727 400
1694624170699 0.06006065061053212 401
1694624170733 0.060119582351033096 402
1694624170770 0.0601778869954227 403
1694624170802 0.060235570462742305 404
1694624170843 0.060292638634856344 405
1694624170884 0.060349097356238945 406
1694624170914 0.06040495243372368 407
1694624170946 0.060460209636293505 408
1694624170977 0.06051487469490935 409
1694624171003 0.06056895330230083 410
1694624171041 0.06062245111281461 411
1694624171071 0.06067537374225607 412
1694624171098 0.060727726767749846 413
1694624171132 0.0607795157276132 414
1694624171166 0.060830746121240065 415
1694624171198 0.06088142340900404 416
1694624171226 0.06093155301215136 417
1694624171259 0.06098114031275259 418
1694624171289 0.06103019065361004 419
1694624171319 0.06107870933820192 420
1694624171362 0.06112670163066425 421
1694624171393 0.06117417275571879 422
1694624171421 0.06122112789867551 423
1694624171453 0.06126757220541612 424
1694624171479 0.061313510782375236 425
1694624171508 0.06135894869655567 426
1694624171545 0.061403890975540665 427
1694624171581 0.061448342607515416 428
1694624171616 0.06149230854129928 429
1694624171651 0.06153579368638473 430
1694624171686 0.06157880291298523 431
1694624171718 0.061621341052091716 432
1694624171752 0.06166341289553656 433
1694624171787 0.06170502319605298 434
1694624171819 0.061746176667377806 435
1694624171860 0.06178687798431015 436
1694624171891 0.06182713178281607 437
1694624171929 0.06186694266012338 438
1694624171962 0.061906315174826254 439
1694624171991 0.0619452538469949 440
1694624172024 0.06198376315829124 441
1694624172054 0.06202184755209128 442
1694624172088 0.0620595114336121 443
1694624172117 0.062096759170043425 444
1694624172164 0.062133595090685945 445
1694624172195 0.06217002348709311 446
1694624172231 0.0622060486132211 447
1694624172264 0.062241674685566295 448
1694624172296 0.062276905883349554 449
1694624172329 0.062311746348647445 450
1694624172369 0.06234620018657122 451
1694624172399 0.06238027146543512 452
1694624172427 0.06241396421691259 453
1694624172455 0.0624472824362412 454
1694624172483 0.062480230082372246 455
1694624172509 0.06251281107816764 456
1694624172536 0.06254502931058403 457
1694624172567 0.06257688863084698 458
1694624172596 0.0626083928546709 459
1694624172625 0.06263954576242636 460
1694624172663 0.06267035109933661 461
1694624172694 0.06270081257570115 462
1694624172726 0.06273093386707007 463
1694624172767 0.0627607186144612 464
1694624172794 0.06279017042455237 465
1694624172826 0.06281929286991261 466
1694624172860 0.0628480894891873 467
1694624172892 0.0628765637873191 468
1694624172923 0.06290471923576113 469
1694624172958 0.06293255927268848 470
1694624172986 0.06296008730321578 471
1694624173018 0.06298730669961217 472
1694624173064 0.06301422080152064 473
1694624173108 0.06304083291617713 474
1694624173157 0.06306714631863075 475
1694624173189 0.06309316425196743 476
1694624173223 0.06311888992751968 477
1694624173256 0.06314432652511826 478
1694624173288 0.06316947719327592 479
1694624173317 0.06319434504945254 480
1694624173359 0.0632189331802504 481
1694624173388 0.06324324464165243 482
1694624173418 0.06326728245924662 483
1694624173463 0.06329104962845455 484
1694624173492 0.06331454911474388 485
1694624173520 0.06333778385388611 486
1694624173552 0.06336075675214226 487
1694624173579 0.06338347068653039 488
1694624173605 0.06340592850502347 489
1694624173633 0.06342813302679018 490
1694624173662 0.06345008704241817 491
1694624173696 0.06347179331414321 492
1694624173738 0.06349325457607569 493
1694624173779 0.0635144735344162 494
1694624173807 0.06353545286770745 495
1694624173836 0.06355619522703315 496
1694624173863 0.0635767032362583 497
1694624173894 0.06359697949224996 498
1694624173928 0.06361702656510293 499
1694624173970 0.06363684699836392 500
1694624174006 0.06365644330925424 501
1694624174062 0.06367581798889421 502
1694624174103 0.0636949735025244 503
1694624174162 0.063713912289728 504
1694624174195 0.06373263676465113 505
1694624174232 0.06375114931622783 506
1694624174269 0.06376945230838271 507
1694624174300 0.06378754808028009 508
1694624174346 0.06380543894651336 509
1694624174393 0.06382312719733563 510
1694624174428 0.06384061509887295 511
1694624174473 0.06385790489334087 512
1694624174515 0.06387499879925729 513
1694624174563 0.06389189901165726 514
1694624174596 0.06390860770230389 515
1694624174632 0.0639251270199016 516
1694624174671 0.06394145909030469 517
1694624174712 0.06395760601672906 518
1694624174746 0.06397356987995717 519
1694624174783 0.06398935273854878 520
1694624174820 0.06400495662904482 521
1694624174869 0.06402038356617279 522
1694624174904 0.06403563554305114 523
1694624174946 0.06405071453139266 524
1694624174982 0.06406562248170322 525
1694624175014 0.06408036132348882 526
1694624175045 0.06409493296544055 527
1694624175078 0.06410933929564766 528
1694624175108 0.06412358218179792 529
1694624175141 0.06413766347134331 530
1694624175175 0.0641515849917379 531
1694624175214 0.06416534855058598 532
1694624175248 0.06417895593587797 533
1694624175286 0.06419240891613631 534
1694624175326 0.06420570924064728 535
1694624175371 0.0642188586396174 536
1694624175414 0.0642318588243751 537
1694624175459 0.06424471148755184 538
1694624175492 0.06425741830326936 539
1694624175525 0.0642699809273175 540
1694624175559 0.06428240099734062 541
1694624175593 0.06429468013301431 542
1694624175626 0.06430681993623022 543
1694624175660 0.06431882199125594 544
1694624175694 0.06433068786494267 545
1694624175730 0.06434241910687011 546
1694624175776 0.06435401724953738 547
1694624175801 0.0643654838085187 548
1694624175830 0.06437682028266156 549
1694624175860 0.06438802815423061 550
1694624175891 0.06439910888908629 551
1694624175920 0.06441006393685511 552
1694624175962 0.06442089473107937 553
1694624175997 0.06443160268941339 554
1694624176026 0.064442189213743 555
1694624176055 0.06445265569039194 556
1694624176085 0.06446300349024747 557
1694624176114 0.06447323396893712 558
1694624176156 0.06448334846698445 559
1694624176197 0.06449334830995157 560
1694624176238 0.0645032348086253 561
1694624176288 0.06451300925912895 562
1694624176322 0.06452267294311664 563
1694624176355 0.06453222712789386 564
1694624176387 0.06454167306658054 565
1694624176419 0.06455101199825852 566
1694624176450 0.06456024514811665 567
1694624176487 0.0645693737276013 568
1694624176522 0.06457839893454576 569
1694624176578 0.06458732195334271 570
1694624176616 0.06459614395505808 571
1694624176660 0.06460486609758531 572
1694624176698 0.0646134895257855 573
1694624176731 0.06462201537161194 574
1694624176777 0.06463044475427482 575
1694624176810 0.06463877878034907 576
1694624176842 0.06464701854392318 577
1694624176882 0.06465516512672975 578
1694624176923 0.06466321959828047 579
1694624176963 0.06467118301598274 580
1694624177003 0.06467905642529814 581
1694624177034 0.064686840859842 582
1694624177061 0.06469453734152508 583
1694624177090 0.06470214688067799 584
1694624177117 0.06470967047617315 585
1694624177150 0.06471710911555206 586
1694624177188 0.06472446377514562 587
1694624177218 0.0647317354201965 588
1694624177249 0.0647389250049788 589
1694624177285 0.06474603347291741 590
1694624177318 0.06475306175670581 591
1694624177353 0.06476001077842308 592
1694624177388 0.0647668814496496 593
1694624177420 0.06477367467158113 594
1694624177464 0.0647803913351428 595
1694624177501 0.06478703232110106 596
1694624177543 0.0647935985001753 597
1694624177587 0.0648000907331473 598
1694624177618 0.06480650987097047 599
1694624177654 0.06481285675487869 600
1694624177704 0.06481913221649238 601
1694624177747 0.06482533707792326 602
1694624177801 0.06483147215188179 603
1694624177848 0.0648375382417784 604
1694624177888 0.06484353614183058 605
1694624177921 0.06484946663714908 606
1694624177959 0.06485533050386816 607
1694624178002 0.06486112850921555 608
1694624178041 0.06486686141162956 609
1694624178080 0.06487252996084081 610
1694624178126 0.06487813489798433 611
1694624178178 0.06488367695569475 612
1694624178245 0.06488915685818575 613
1694624178294 0.06489457532135756 614
1694624178325 0.0648999330528841 615
1694624178362 0.06490523075230592 616
1694624178396 0.06491046911112464 617
1694624178423 0.06491564881287704 618
1694624178453 0.0649207705332534 619
1694624178494 0.06492583494015669 620
1694624178529 0.06493084269380445 621
1694624178569 0.06493579444681108 622
1694624178596 0.06494069084427412 623
1694624178629 0.06494553252385848 624
1694624178664 0.0649503201158792 625
1694624178710 0.06495505424338521 626
1694624178753 0.06495973552223999 627
1694624178798 0.06496436456120303 628
1694624178834 0.06496894196201064 629
1694624178870 0.06497346831945305 630
1694624178913 0.06497794422145553 631
1694624178952 0.06498237024915621 632
1694624178991 0.06498674697696993 633
1694624179021 0.06499107497269263 634
1694624179053 0.06499535479754737 635
1694624179095 0.06499958700627306 636
1694624179136 0.06500377214719566 637
1694624179172 0.06500791076230283 638
1694624179211 0.0650120033873024 639
1694624179242 0.0650160505517211 640
1694624179273 0.06502005277894718 641
1694624179303 0.06502401058631446 642
1694624179332 0.06502792448516737 643
1694624179362 0.06503179498093026 644
1694624179394 0.06503562257317419 645
1694624179427 0.06503940775568295 646
1694624179463 0.06504315101652047 647
1694624179498 0.06504685283809497 648
1694624179529 0.06505051369722348 649
1694624179561 0.06505413406519622 650
1694624179595 0.06505771440783958 651
1694624179628 0.06506125518557782 652
1694624179670 0.06506475685349589 653
1694624179711 0.06506821986139988 654
1694624179752 0.06507164465387738 655
1694624179793 0.06507503167035789 656
1694624179828 0.06507838134517019 657
1694624179864 0.06508169410760367 658
1694624179897 0.06508497038196581 659
1694624179929 0.06508821058763004 660
1694624179957 0.06509141513910621 661
1694624179999 0.06509458444609528 662
1694624180031 0.06509771891353178 663
1694624180061 0.06510081894164899 664
1694624180098 0.06510388492603136 665
1694624180135 0.06510691725766604 666
1694624180169 0.06510991632299723 667
1694624180202 0.06511288250398117 668
1694624180235 0.06511581617812312 669
1694624180262 0.0651187177185566 670
1694624180291 0.06512158749406727 671
1694624180324 0.06512442586915501 672
1694624180355 0.0651272332040822 673
1694624180392 0.0651300098549209 674
1694624180428 0.06513275617360292 675
1694624180470 0.0651354725079667 676
1694624180516 0.06513815920180444 677
1694624180554 0.06514081659490945 678
1694624180600 0.06514344502312219 679
1694624180637 0.06514604481837549 680
1694624180669 0.06514861630873969 681
1694624180702 0.06515115981846875 682
1694624180735 0.06515367566804242 683
1694624180775 0.0651561641742111 684
1694624180817 0.0651586256500416 685
1694624180862 0.06516106040494574 686
1694624180902 0.06516346874475099 687
1694624180934 0.06516585097171312 688
1694624180970 0.06516820738457241 689
1694624181002 0.06517053827859476 690
1694624181035 0.06517284394559686 691
1694624181070 0.06517512467401498 692
1694624181104 0.06517738074891555 693
1694624181139 0.06517961245204984 694
1694624181182 0.06518182006188711 695
1694624181221 0.0651840038536553 696
1694624181265 0.06518616409937728 697
1694624181305 0.06518830106790763 698
1694624181349 0.06519041502497114 699
1694624181396 0.06519250623319761 700
1694624181434 0.06519457495215886 701
1694624181472 0.06519662143840377 702
1694624181510 0.06519864594549352 703
1694624181541 0.06520064872403619 704
1694624181575 0.06520263002172233 705
1694624181604 0.06520459008335644 706
1694624181638 0.06520652915089342 707
1694624181673 0.06520844746347276 708
1694624181703 0.0652103452574403 709
1694624181737 0.06521222276639826 710
1694624181771 0.06521408022122288 711
1694624181810 0.06521591785010994 712
1694624181846 0.0652177358785897 713
1694624181891 0.0652195345295683 714
1694624181924 0.06522131402335707 715
1694624181964 0.06522307457770138 716
1694624182019 0.06522481640781064 717
1694624182061 0.06522653972638948 718
1694624182111 0.06522824474366784 719
1694624182148 0.06522993166741697 720
1694624182190 0.06523160070300549 721
1694624182227 0.06523325205340036 722
1694624182263 0.06523488591920812 723
1694624182306 0.06523650249870205 724
1694624182338 0.06523810198783775 725
1694624182376 0.06523968458030471 726
1694624182426 0.06524125046752771 727
1694624182465 0.06524279983870596 728
1694624182514 0.06524433288083642 729
1694624182551 0.06524584977874048 730
1694624182584 0.06524735071508703 731
1694624182616 0.06524883587042396 732
1694624182647 0.06525030542318555 733
1694624182680 0.06525175954974716 734
1694624182717 0.06525319842442123 735
1694624182753 0.06525462221949474 736
1694624182787 0.06525603110525258 737
1694624182828 0.06525742524998879 738
1694624182862 0.06525880482005575 739
1694624182907 0.06526016997986295 740
1694624182939 0.06526152089189963 741
1694624182974 0.06526285771678153 742
1694624183015 0.06526418061324646 743
1694624183052 0.06526548973819146 744
1694624183092 0.06526678524667906 745
1694624183128 0.06526806729198487 746
1694624183166 0.06526933602559248 747
1694624183221 0.06527059159722759 748
1694624183264 0.06527183415487536 749
1694624183304 0.06527306384480147 750
1694624183336 0.06527428081157549 751
1694624183376 0.06527548519807513 752
1694624183415 0.06527667714553553 753
1694624183455 0.06527785679354281 754
1694624183495 0.06527902428005616 755
1694624183531 0.06528017974143874 756
1694624183568 0.06528132331247793 757
1694624183600 0.06528245512637976 758
1694624183635 0.06528357531481177 759
1694624183670 0.06528468400791954 760
1694624183707 0.06528578133432883 761
1694624183741 0.06528686742117873 762
1694624183770 0.0652879423941215 763
1694624183803 0.06528900637736923 764
1694624183836 0.06529005949368027 765
1694624183866 0.06529110186439369 766
1694624183896 0.06529213360943975 767
1694624183935 0.06529315484735931 768
1694624183985 0.06529416569532032 769
1694624184029 0.06529516626912213 770
1694624184072 0.06529615668323796 771
1694624184121 0.06529713705080442 772
1694624184156 0.06529810748365072 773
1694624184188 0.06529906809230113 774
1694624184219 0.06530001898601456 775
1694624184255 0.06530096027277499 776
1694624184290 0.06530189205931991 777
1694624184325 0.06530281445114372 778
1694624184372 0.0653037275525239 779
1694624184416 0.06530463146653775 780
1694624184465 0.06530552629506026 781
