1694635450714 -0.0039392811988685494 0
1694635450848 -0.0039115380790080145 1
1694635451014 -0.003882809938211773 2
1694635451134 -0.003853074771410059 3
1694635451265 -0.0038223101214989175 4
1694635451391 -0.0037904930705465745 5
1694635451497 -0.0037576002308359335 6
1694635451600 -0.0037236077357487574 7
1694635451689 -0.0036884912304853135 8
1694635451797 -0.0036522258626172643 9
1694635451931 -0.003614786272471582 10
1694635452030 -0.003576146583344153 11
1694635452111 -0.003536280391539748 12
1694635452202 -0.00349516075623435 13
1694635452277 -0.00345276018916163 14
1694635452407 -0.0034090506441155632 15
1694635452511 -0.0033640035062696416 16
1694635452612 -0.0033175895813137846 17
1694635452741 -0.003269779084397184 18
1694635452830 -0.0032205416288850763 19
1694635452934 -0.003169846214917227 20
1694635453023 -0.003117661217775236 21
1694635453097 -0.003063954376047562 22
1694635453178 -0.0030086927795951457 23
1694635453256 -0.002951842857313869 24
1694635453323 -0.002893370364689618 25
1694635453397 -0.002833240371146184 26
1694635453467 -0.0027714172471842158 27
1694635453544 -0.0027078646513019056 28
1694635453609 -0.0026425455167049527 29
1694635453672 -0.00257542203779626 30
1694635453742 -0.0025064556564478035 31
1694635453805 -0.002435607048046462 32
1694635453878 -0.0023628361073173565 33
1694635453953 -0.0022881019339215936 34
1694635454022 -0.0022113628178235256 35
1694635454086 -0.0021325762244222 36
1694635454155 -0.002051698779463429 37
1694635454234 -0.00196868625369917 38
1694635454341 -0.0018834935473230896 39
1694635454430 -0.0017960746741612077 40
1694635454529 -0.0017063827456238467 41
1694635454595 -0.0016143699544148848 42
1694635454670 -0.0015199875579965383 43
1694635454748 -0.0014231858618096727 44
1694635454811 -0.0013239142022476447 45
1694635454875 -0.0012221209293805657 46
1694635454970 -0.0011177533894313196 47
1694635455049 -0.0010107579070011141 48
1694635455143 -0.000901079767045232 49
1694635455231 -0.0007886631965932089 50
1694635455281 -0.0006734513462205438 51
1694635455323 -0.0005553862712639468 52
1694635455369 -0.0004344089127850115 53
1694635455412 -0.0003104590782796457 54
1694635455477 -0.0001834754221352597 55
1694635455540 -5.339542583038259e-05 56
1694635455614 7.984462211307886e-05 57
1694635455677 0.0002163096464332659 58
1694635455759 0.00035606580568370294 59
1694635455819 0.0004991805130375448 60
1694635455854 0.0006457224573397369 61
1694635455886 0.0007957616244114174 62
1694635455928 0.0009493693185937957 63
1694635455978 0.0011066181845399425 64
1694635456044 0.001267582229246167 65
1694635456089 0.0014323368443222018 66
1694635456143 0.0016009588284942033 67
1694635456187 0.0017735264103457826 68
1694635456234 0.001950119271275197 69
1694635456302 0.0021308185686919057 70
1694635456342 0.0023157069594192947 71
1694635456388 0.002504868623319001 72
1694635456427 0.0026983892871208504 73
1694635456478 0.0028963562484580763 74
1694635456545 0.003098858400097604 75
1694635456593 0.0033059862543611818 76
1694635456632 0.003517831967730034 77
1694635456672 0.00373448936562204 78
1694635456710 0.003956053967339224 79
1694635456754 0.004182623011169895 80
1694635456786 0.004414295479638564 81
1694635456821 0.00465117212490207 82
1694635456859 0.004893355494254292 83
1694635456894 0.005140949955771634 84
1694635456935 0.005394061724042776 85
1694635456978 0.005652798885996679 86
1694635457015 0.005917271426811865 87
1694635457053 0.006187591255880975 88
1694635457095 0.006463872232828405 89
1694635457142 0.006746230193560576 90
1694635457188 0.007034782976329201 91
1694635457236 0.007329650447792879 92
1694635457287 0.007630954529058709 93
1694635457338 0.007938819221689597 94
1694635457380 0.008253370633630963 95
1694635457421 0.008574737005082711 96
1694635457467 0.008903048734247854 97
1694635457507 0.00923843840295746 98
1694635457545 0.009581040802150276 99
1694635457583 0.009930992957154272 100
1694635457622 0.010288434152789905 101
1694635457669 0.010653505958219012 102
1694635457706 0.011026352251538807 103
1694635457741 0.011407119244081887 104
1694635457788 0.011795955504390498 105
1694635457846 0.01219301198183076 106
1694635457917 0.012598442029817525 107
1694635457971 0.01301240142860538 108
1694635458031 0.013435048407615335 109
1694635458091 0.013866543667256703 110
1694635458170 0.014307050400201082 111
1694635458226 0.014756734312069142 112
1694635458293 0.01521576364148558 113
1694635458407 0.015684309179458178 114
1694635458499 0.016162544288031322 115
1694635458596 0.016650644918170365 116
1694635458668 0.017148789626820315 117
1694635458729 0.017657159593094107 118
1694635458785 0.018175938633528732 119
1694635458829 0.018705313216361263 120
1694635458901 0.01924547247476216 121
1694635458949 0.019796608218974887 122
1694635459007 0.020358914947280704 123
1694635459071 0.02093258985574986 124
1694635459127 0.021517832846708385 125
1694635459176 0.022114846535837285 126
1694635459240 0.0227238362578549 127
1694635459302 0.023345010070701555 128
1694635459357 0.023978578758158786 129
1694635459423 0.02462475583082302 130
1694635459491 0.025283757525361716 131
1694635459542 0.025955802801972627 132
1694635459592 0.026641113339962996 133
1694635459670 0.027339913531367 134
1694635459734 0.028052430472521372 135
1694635459771 0.028778893953503304 136
1694635459811 0.02951953644535288 137
1694635459857 0.030274593084980594 138
1694635459922 0.031044301657674245 139
1694635459965 0.031828902577106244 140
1694635460013 0.03262863886274914 141
1694635460062 0.033443756114600154 142
1694635460109 0.034274502485115654 143
1694635460154 0.0351211286482529 144
1694635460194 0.035983887765521416 145
1694635460234 0.03686303544893377 146
1694635460286 0.03775882972075639 147
1694635460331 0.03867153096994913 148
1694635460375 0.039601401905189015 149
1694635460422 0.04054870750436734 150
1694635460464 0.04151371496045242 151
1694635460514 0.0424966936236052 152
1694635460553 0.043497914939438 153
1694635460604 0.04451765238330607 154
1694635460647 0.04555618139051476 155
1694635460693 0.04661377928233701 156
1694635460728 0.0476907251877251 157
1694635460766 0.04878729996060427 158
1694635460811 0.049903786092640345 159
1694635460858 0.05104046762136705 160
1694635460902 0.05219763003356559 161
1694635460971 0.05337556016378853 162
1694635461022 0.054574546087916787 163
1694635461072 0.05579487701165187 164
1694635461119 0.057036843153832284 165
1694635461163 0.058300735624481126 166
1694635461220 0.05958684629747857 167
1694635461263 0.06089546767777232 168
1694635461313 0.06222689276302895 169
1694635461357 0.06358141489964098 170
1694635461403 0.06495932763300527 171
1694635461455 0.06636092455199383 172
1694635461509 0.06778649912754364 173
1694635461555 0.06923634454529659 174
1694635461599 0.07071075353222589 175
1694635461652 0.07221001817719419 176
1694635461687 0.07373442974539335 177
1694635461730 0.07528427848662411 178
1694635461775 0.07685985343737733 179
1694635461822 0.07846144221669793 180
1694635461865 0.08008933081580683 181
1694635461923 0.0817438033814758 182
1694635461970 0.08342514199316031 183
1694635462004 0.08513362643389055 184
1694635462055 0.0868695339549721 185
1694635462096 0.0886331390344689 186
1694635462141 0.09042471312960987 187
1694635462182 0.09224452442308317 188
1694635462224 0.09409283756335018 189
1694635462268 0.09596991339903904 190
1694635462321 0.09787600870752766 191
1694635462358 0.09981137591782585 192
1694635462398 0.10177626282788466 193
1694635462438 0.10377091231648594 194
1694635462481 0.10579556204986251 195
1694635462545 0.10785044418323497 196
1694635462611 0.10993578505745794 197
1694635462663 0.11205180489098765 198
1694635462713 0.1141987174674004 199
1694635462747 0.11637672981871261 200
1694635462789 0.11858604190476962 201
1694635462821 0.12082684628898821 202
1694635462853 0.12309932781075739 203
1694635462887 0.12540366325482755 204
1694635462922 0.12774002101802495 205
1694635462955 0.13010856077366018 206
1694635462995 0.13250943313401586 207
1694635463032 0.13494277931131227 208
1694635463080 0.13740873077757987 209
1694635463124 0.13990740892387643 210
1694635463170 0.14243892471931818 211
1694635463224 0.14500337837039845 212
1694635463272 0.14760085898110398 213
1694635463331 0.1502314442143401 214
1694635463386 0.15289519995520795 215
1694635463453 0.15559217997668706 216
1694635463530 0.1583224256082948 217
1694635463590 0.16108596540831166 218
1694635463628 0.16388281484017486 219
1694635463677 0.1667129759536775 220
1694635463725 0.16957643707154246 221
1694635463769 0.1724731724821209 222
1694635463805 0.17540314213878205 223
1694635463847 0.17836629136667748 224
1694635463883 0.18136255057760076 225
1694635463918 0.18439183499356238 226
1694635463957 0.18745404437983504 227
1694635463997 0.19054906278809447 228
1694635464042 0.193676758310402 229
1694635464088 0.19683698284470497 230
1694635464139 0.20002957187255488 231
1694635464188 0.20325434424973754 232
1694635464231 0.20651110201050082 233
1694635464265 0.20979963018606884 234
1694635464303 0.2131196966381086 235
1694635464342 0.2164710519078078 236
1694635464373 0.21985342908124295 237
1694635464423 0.2232665436716167 238
1694635464462 0.22671009351903648 239
1694635464508 0.23018375870839747 240
1694635464550 0.23368720150595657 241
1694635464588 0.23722006631514303 242
1694635464649 0.24078197965213444 243
1694635464703 0.24437255014168546 244
1694635464758 0.24799136853367632 245
1694635464800 0.251638007740813 246
1694635464839 0.2553120228978685 247
1694635464885 0.25901295144282566 248
1694635464919 0.26274031322023594 249
1694635464954 0.2664936106070692 250
1694635465000 0.27027232866128903 251
1694635465046 0.27407593529333907 252
1694635465100 0.277903881460675 253
1694635465149 0.28175560138544387 254
1694635465196 0.2856305127953387 255
1694635465249 0.2895280171876323 256
1694635465298 0.2934475001163177 257
1694635465336 0.29738833150224564 258
1694635465368 0.3013498659660915 259
1694635465404 0.3053314431839229 260
1694635465441 0.309332388265097 261
1694635465471 0.31335201215214936 262
1694635465514 0.317389612042291 263
1694635465549 0.32144447183006475 264
1694635465591 0.3255158625706721 265
1694635465624 0.32960304296341403 266
1694635465688 0.33370525985464183 267
1694635465738 0.3378217487595655 268
1694635465781 0.34195173440221294 269
1694635465822 0.3460944312727826 270
1694635465861 0.3502490442015822 271
1694635465900 0.3544147689487115 272
1694635465950 0.3585907928086095 273
1694635465990 0.362776295228468 274
1694635466035 0.36697044843964943 275
1694635466071 0.37117241810098245 276
1694635466110 0.3753813639529673 277
1694635466174 0.3795964404817814 278
1694635466247 0.3838167975919897 279
1694635466325 0.3880415812868515 280
1694635466384 0.3922699343550041 281
1694635466444 0.39650099706246555 282
1694635466507 0.400733907848668 283
1694635466550 0.40496780402538 284
1694635466590 0.40920182247730486 285
1694635466632 0.413435100363153 286
1694635466668 0.4176667758159355 287
1694635466718 0.42189598864136046 288
1694635466757 0.42612188101303616 289
1694635466810 0.430343598163352 290
1694635466852 0.43456028906883515 291
1694635466910 0.4387711071288354 292
1694635466954 0.4429752108363807 293
1694635466995 0.44717176444010354 294
1694635467033 0.451359938596135 295
1694635467071 0.45553891100891175 296
1694635467121 0.4597078670598649 297
1694635467164 0.4638660004229943 298
1694635467208 0.468012513666375 299
1694635467252 0.4721466188386819 300
1694635467292 0.47626753803985244 301
1694635467331 0.4803745039750654 302
1694635467370 0.48446676049124804 303
1694635467419 0.48854356309538294 304
1694635467460 0.49260417945392343 305
1694635467509 0.4966478898726876 306
1694635467549 0.5006739877566528 307
1694635467583 0.5046817800491139 308
1694635467621 0.5086705876497424 309
1694635467662 0.5126397458111087 310
1694635467730 0.5165886045133221 311
1694635467773 0.5205165288164629 312
1694635467827 0.5244228991905514 313
1694635467863 0.5283071118228566 314
1694635467902 0.5321685789023927 315
1694635467948 0.5360067288815011 316
1694635467989 0.5398210067144977 317
1694635468041 0.5436108740733387 318
1694635468092 0.5473758095404444 319
1694635468133 0.5511153087787051 320
1694635468171 0.5548288846788724 321
1694635468217 0.5585160674845248 322
1694635468263 0.5621764048948321 323
1694635468314 0.5658094621454324 324
1694635468359 0.5694148220677238 325
1694635468405 0.5729920851269467 326
1694635468450 0.5765408694394523 327
1694635468508 0.5800608107695929 328
1694635468553 0.5835515625067007 329
1694635468609 0.5870127956226523 330
1694635468653 0.5904441986105368 331
1694635468707 0.5938454774049896 332
1694635468756 0.597216355284746 333
1694635468809 0.6005565727580282 334
1694635468854 0.603865887431362 335
1694635468907 0.6071440738624545 336
1694635468956 0.6103909233977896 337
1694635469022 0.6136062439955702 338
1694635469067 0.6167898600346979 339
1694635469109 0.6199416121104465 340
1694635469159 0.6230613568175095 341
1694635469206 0.6261489665211126 342
1694635469247 0.6292043291168644 343
1694635469283 0.6322273477800369 344
1694635469326 0.635217940704955 345
1694635469470 0.638176040835176 346
1694635469522 0.6411015955851345 347
1694635469565 0.6439945665539171 348
1694635469608 0.6468549292318304 349
1694635469654 0.6496826727004175 350
1694635469712 0.6524777993265491 351
1694635469781 0.6552403244512395 352
1694635469853 0.6579702760737819 353
1694635469914 0.6606676945318257 354
1694635469967 0.6633326321779704 355
1694635470016 0.6659651530534536 356
1694635470060 0.6685653325594907 357
1694635470108 0.6711332571268025 358
1694635470165 0.6736690238838607 359
1694635470223 0.6761727403243453 360
1694635470280 0.6786445239743112 361
1694635470334 0.6810845020595232 362
1694635470388 0.6834928111734182 363
1694635470443 0.6858695969461015 364
1694635470495 0.6882150137148293 365
1694635470540 0.6905292241963246 366
1694635470583 0.6928123991613235 367
1694635470628 0.6950647171117013 368
1694635470669 0.6972863639605082 369
1694635470719 0.6994775327152292 370
1694635470781 0.7016384231645698 371
1694635470843 0.7037692415690293 372
1694635470883 0.7058702003555475 373
1694635470920 0.707941517816435 374
1694635470954 0.7099834178128309 375
1694635470990 0.711996129482886 376
1694635471037 0.7139798869548585 377
1694635471077 0.7159349290653021 378
1694635471123 0.7178614990824933 379
1694635471163 0.7197598444352421 380
1694635471213 0.7216302164472157 381
1694635471255 0.7234728700768798 382
1694635471290 0.7252880636631566 383
1694635471326 0.7270760586768816 384
1694635471358 0.7288371194781322 385
1694635471393 0.7305715130794806 386
1694635471428 0.7322795089152231 387
1694635471460 0.7339613786166023 388
1694635471501 0.7356173957930774 389
1694635471537 0.737247835819617 390
1694635471574 0.7388529756300457 391
1694635471615 0.7404330935164183 392
1694635471659 0.7419884689344185 393
1694635471700 0.743519382314751 394
1694635471746 0.7450261148804914 395
1694635471780 0.7465089484703631 396
1694635471820 0.7479681653678869 397
1694635471860 0.749404048136351 398
1694635471896 0.7508168794595418 399
1694635471942 0.7522069419881737 400
1694635471985 0.7535745181919385 401
1694635472022 0.7549198902171134 402
1694635472061 0.7562433397496289 403
1694635472109 0.7575451478835329 404
1694635472177 0.7588255949947453 405
1694635472228 0.7600849606200294 406
1694635472271 0.7613235233410637 407
1694635472322 0.7625415606735503 408
1694635472369 0.7637393489612263 409
1694635472410 0.7649171632747034 410
1694635472457 0.7660752773150166 411
1694635472516 0.7672139633217909 412
1694635472575 0.7683334919859142 413
1694635472624 0.769434132366606 414
1694635472681 0.7705161518127898 415
1694635472735 0.7715798158886426 416
1694635472779 0.7726253883032326 417
1694635472821 0.7736531308441243 418
1694635472869 0.7746633033148502 419
1694635472932 0.7756561634761394 420
1694635472982 0.7766319669907982 421
1694635473031 0.7775909673721373 422
1694635473077 0.7785334159358315 423
1694635473123 0.7794595617551237 424
1694635473157 0.7803696516192553 425
1694635473197 0.7812639299950265 426
1694635473232 0.7821426389913828 427
1694635473277 0.7830060183269337 428
1694635473324 0.7838543053002986 429
1694635473368 0.7846877347631848 430
1694635473419 0.7855065390961009 431
1694635473462 0.7863109481866193 432
1694635473507 0.7871011894100794 433
1694635473546 0.7878774876126611 434
1694635473591 0.7886400650967236 435
1694635473637 0.7893891416083284 436
1694635473678 0.7901249343268628 437
1694635473718 0.7908476578566794 438
1694635473764 0.791557524220665 439
1694635473819 0.7922547428556694 440
1694635473872 0.7929395206097054 441
1694635473922 0.7936120617408519 442
1694635473962 0.7942725679177804 443
1694635474005 0.7949212382218382 444
1694635474043 0.7955582691506144 445
1694635474088 0.7961838546229174 446
1694635474135 0.7967981859851088 447
1694635474173 0.7974014520187112 448
1694635474213 0.7979938389492454 449
1694635474250 0.7985755304562233 450
1694635474289 0.7991467076842439 451
1694635474342 0.7997075492551295 452
1694635474397 0.8002582312810538 453
1694635474446 0.8007989273786006 454
1694635474514 0.8013298086837066 455
1694635474560 0.8018510438674326 456
1694635474605 0.8023627991525206 457
1694635474654 0.8028652383306828 458
1694635474688 0.8033585227805811 459
1694635474725 0.8038428114864559 460
1694635474760 0.8043182610573507 461
1694635474796 0.8047850257469056 462
1694635474847 0.8052432574736705 463
1694635474891 0.805693105841902 464
1694635474952 0.8061347181628121 465
1694635474999 0.8065682394762244 466
1694635475062 0.806993812572613 467
1694635475104 0.8074115780154889 468
1694635475172 0.8078216741640959 469
1694635475250 0.8082242371963966 470
1694635475307 0.8086194011323128 471
1694635475356 0.8090072978571942 472
1694635475396 0.8093880571454878 473
1694635475433 0.8097618066845892 474
1694635475485 0.8101286720988383 475
1694635475524 0.8104887769736516 476
1694635475560 0.8108422428797548 477
1694635475600 0.8111891893975074 478
1694635475639 0.811529734141289 479
1694635475673 0.8118639927839302 480
1694635475716 0.8121920790811766 481
1694635475755 0.8125141048961588 482
1694635475807 0.8128301802238551 483
1694635475862 0.8131404132155367 484
1694635475915 0.8134449102031691 485
1694635475979 0.8137437757237684 486
1694635476057 0.8140371125436853 487
1694635476120 0.8143250216828167 488
1694635476179 0.8146076024387251 489
1694635476235 0.8148849524106534 490
1694635476285 0.8151571675234317 491
1694635476353 0.8154243420512568 492
1694635476407 0.8156865686413421 493
1694635476460 0.8159439383374244 494
1694635476513 0.8161965406031204 495
1694635476564 0.8164444633451255 496
1694635476610 0.8166877929362479 497
1694635476652 0.8169266142382676 498
1694635476704 0.8171610106246178 499
1694635476760 0.8173910640028816 500
1694635476808 0.8176168548370966 501
1694635476859 0.8178384621698636 502
1694635476908 0.8180559636442551 503
1694635476960 0.8182694355255187 504
1694635477005 0.8184789527225693 505
1694635477059 0.8186845888092709 506
1694635477126 0.8188864160454996 507
1694635477194 0.8190845053979883 508
1694635477241 0.8192789265609499 509
1694635477310 0.8194697479764735 510
1694635477348 0.8196570368546967 511
1694635477389 0.819840859193747 512
1694635477434 0.8200212797994535 513
1694635477480 0.8201983623048272 514
1694635477521 0.8203721691893093 515
1694635477574 0.8205427617977822 516
1694635477617 0.8207102003593507 517
1694635477665 0.8208745440058849 518
1694635477708 0.8210358507903278 519
1694635477753 0.8211941777047704 520
1694635477809 0.8213495806982862 521
1694635477872 0.8215021146945353 522
1694635477921 0.8216518336091309 523
1694635477977 0.8217987903667706 524
1694635478033 0.821943036918137 525
1694635478094 0.8220846242565616 526
1694635478148 0.822223602434458 527
1694635478196 0.8223600205795244 528
1694635478262 0.8224939269107148 529
1694635478318 0.8226253687539824 530
1694635478380 0.8227543925577934 531
1694635478437 0.8228810439084173 532
1694635478511 0.8230053675449891 533
1694635478563 0.8231274073743519 534
1694635478622 0.8232472064856746 535
1694635478673 0.8233648071648514 536
1694635478733 0.8234802509086829 537
1694635478784 0.8235935784388406 538
1694635478832 0.8237048297156173 539
1694635478882 0.8238140439514652 540
1694635478941 0.8239212596243215 541
1694635478994 0.8240265144907288 542
1694635479059 0.8241298455987455 543
1694635479134 0.8242312893006549 544
1694635479201 0.82433088126547 545
1694635479252 0.824428656491238 546
1694635479304 0.8245246493171496 547
1694635479349 0.8246188934354481 548
1694635479385 0.8247114219031494 549
1694635479454 0.8248022671535677 550
1694635479528 0.8248914610076541 551
1694635479570 0.8249790346851468 552
1694635479618 0.825065018815538 553
1694635479656 0.8251494434488578 554
1694635479708 0.8252323380662792 555
1694635479752 0.8253137315905437 556
1694635479793 0.8253936523962143 557
1694635479842 0.825472128319752 558
1694635479909 0.8255491866694248 559
1694635479962 0.8256248542350457 560
1694635480003 0.8256991572975468 561
1694635480053 0.8257721216383876 562
1694635480101 0.8258437725488029 563
1694635480151 0.8259141348388899 564
1694635480195 0.8259832328465406 565
1694635480254 0.8260510904462165 566
1694635480304 0.8261177310575735 567
1694635480345 0.8261831776539336 568
1694635480394 0.8262474527706105 569
1694635480446 0.8263105785130889 570
1694635480495 0.8263725765650589 571
1694635480539 0.826433468196309 572
1694635480574 0.8264932742704809 573
1694635480615 0.8265520152526852 574
1694635480652 0.8266097112169827 575
1694635480701 0.8266663818537326 576
1694635480752 0.8267220464768091 577
1694635480801 0.8267767240306887 578
1694635480848 0.8268304330974112 579
1694635480907 0.8268831919034152 580
1694635480953 0.8269350183262512 581
1694635480997 0.8269859299011717 582
1694635481049 0.8270359438276043 583
1694635481090 0.8270850769755071 584
1694635481150 0.8271333458916081 585
1694635481197 0.8271807668055318 586
1694635481257 0.8272273556358123 587
1694635481314 0.8272731279958014 588
1694635481360 0.8273180991994633 589
1694635481421 0.8273622842670665 590
1694635481474 0.8274056979307706 591
1694635481531 0.8274483546401097 592
1694635481574 0.8274902685673767 593
1694635481622 0.8275314536129061 594
1694635481669 0.8275719234102615 595
1694635481715 0.8276116913313262 596
1694635481768 0.8276507704912992 597
1694635481820 0.8276891737536001 598
1694635481868 0.8277269137346812 599
1694635481926 0.8277640028087513 600
1694635481969 0.8278004531124122 601
1694635482024 0.8278362765492071 602
1694635482072 0.8278714847940858 603
1694635482153 0.8279060892977851 604
1694635482213 0.8279401012911294 605
1694635482269 0.827973531789248 606
1694635482332 0.8280063915957168 607
1694635482377 0.8280386913066182 608
1694635482443 0.828070441314529 609
1694635482495 0.8281016518124306 610
1694635482562 0.8281323327975458 611
1694635482615 0.828162494075105 612
1694635482660 0.8281921452620398 613
1694635482711 0.8282212957906074 614
1694635482753 0.8282499549119471 615
1694635482793 0.8282781316995681 616
1694635482849 0.8283058350527731 617
1694635482911 0.8283330737000161 618
1694635482949 0.8283598562021965 619
1694635483010 0.8283861909558906 620
1694635483075 0.828412086196523 621
1694635483144 0.8284375500014753 622
1694635483209 0.8284625902931391 623
1694635483272 0.8284872148419068 624
1694635483320 0.8285114312691094 625
1694635483356 0.8285352470498959 626
1694635483408 0.8285586695160577 627
1694635483454 0.8285817058588014 628
1694635483509 0.8286043631314653 629
1694635483547 0.828626648252187 630
1694635483585 0.8286485680065179 631
1694635483633 0.8286701290499894 632
1694635483675 0.8286913379106281 633
1694635483720 0.8287122009914245 634
1694635483774 0.8287327245727538 635
1694635483812 0.8287529148147489 636
1694635483879 0.8287727777596301 637
1694635483963 0.8287923193339898 638
1694635484027 0.8288115453510305 639
1694635484089 0.8288304615127636 640
1694635484137 0.8288490734121633 641
1694635484199 0.8288673865352806 642
1694635484246 0.8288854062633146 643
1694635484294 0.8289031378746471 644
1694635484351 0.8289205865468348 645
1694635484407 0.828937757358564 646
1694635484448 0.8289546552915699 647
1694635484494 0.8289712852325147 648
1694635484540 0.8289876519748338 649
1694635484588 0.8290037602205427 650
1694635484634 0.8290196145820117 651
1694635484672 0.8290352195837042 652
1694635484721 0.8290505796638828 653
1694635484765 0.8290656991762824 654
1694635484812 0.82908058239175 655
1694635484854 0.8290952334998531 656
1694635484922 0.8291096566104575 657
1694635484964 0.8291238557552744 658
1694635485005 0.829137834889376 659
1694635485047 0.8291515978926849 660
1694635485092 0.8291651485714314 661
1694635485137 0.829178490659584 662
1694635485182 0.8291916278202527 663
1694635485234 0.8292045636470635 664
1694635485296 0.8292173016655081 665
1694635485361 0.8292298453342655 666
1694635485411 0.8292421980464993 667
1694635485464 0.8292543631311293 668
1694635485527 0.8292663438540788 669
1694635485587 0.8292781434194965 670
1694635485653 0.8292897649709561 671
1694635485700 0.8293012115926315 672
1694635485749 0.8293124863104502 673
1694635485794 0.8293235920932227 674
1694635485848 0.8293345318537519 675
1694635485906 0.8293453084499192 676
1694635485957 0.8293559246857497 677
1694635486006 0.8293663833124584 678
1694635486057 0.8293766870294736 679
1694635486112 0.8293868384854423 680
1694635486159 0.829396840279214 681
1694635486233 0.8294066949608079 682
1694635486281 0.8294164050323592 683
1694635486350 0.8294259729490476 684
1694635486395 0.8294354011200082 685
1694635486458 0.8294446919092232 686
1694635486528 0.8294538476363987 687
1694635486583 0.8294628705778215 688
1694635486625 0.8294717629672016 689
1694635486665 0.8294805269964967 690
1694635486708 0.8294891648167211 691
1694635486757 0.8294976785387398 692
1694635486797 0.8295060702340448 693
1694635486847 0.8295143419355187 694
1694635486905 0.8295224956381821 695
1694635486949 0.8295305332999265 696
1694635486991 0.8295384568422337 697
1694635487037 0.829546268150879 698
1694635487093 0.8295539690766238 699
1694635487162 0.8295615614358924 700
1694635487231 0.8295690470114363 701
1694635487272 0.8295764275529851 702
1694635487317 0.829583704777886 703
1694635487357 0.8295908803717286 704
1694635487396 0.8295979559889599 705
1694635487436 0.8296049332534856 706
1694635487471 0.8296118137592603 707
1694635487515 0.8296185990708659 708
1694635487550 0.8296252907240791 709
1694635487592 0.8296318902264277 710
1694635487639 0.829638399057736 711
1694635487672 0.8296448186706589 712
1694635487711 0.829651150491206 713
1694635487755 0.8296573959192568 714
1694635487795 0.8296635563290637 715
1694635487840 0.8296696330697461 716
1694635487872 0.8296756274657748 717
1694635487906 0.8296815408174476 718
1694635487961 0.8296873744013543 719
1694635488082 0.8296931294708334 720
1694635488136 0.8296988072564203 721
1694635488190 0.8297044089662853 722
1694635488239 0.8297099357866646 723
1694635488287 0.8297153888822824 724
1694635488342 0.8297207693967636 725
1694635488388 0.8297260784530407 726
1694635488465 0.8297313171537504 727
1694635488578 0.8297364865816241 728
1694635488648 0.8297415877998698 729
1694635488706 0.8297466218525476 730
1694635488766 0.8297515897649359 731
1694635488813 0.8297564925438936 732
1694635488864 0.829761331178211 733
1694635488916 0.8297661066389588 734
1694635488972 0.8297708198798254 735
1694635489017 0.8297754718374509 736
1694635489070 0.8297800634317543 737
1694635489122 0.8297845955662518 738
1694635489172 0.8297890691283726 739
1694635489221 0.8297934849897644 740
1694635489281 0.8297978440065978 741
1694635489352 0.8298021470198594 742
1694635489405 0.8298063948556437 743
1694635489455 0.8298105883254367 744
1694635489517 0.8298147282263952 745
1694635489566 0.8298188153416193 746
1694635489614 0.829822850440421 747
1694635489659 0.8298268342785875 748
1694635489700 0.8298307675986378 749
1694635489747 0.8298346511300765 750
1694635489800 0.8298384855896401 751
1694635489847 0.8298422716815416 752
1694635489898 0.8298460100977072 753
1694635489947 0.8298497015180106 754
1694635490008 0.8298533466105016 755
1694635490074 0.8298569460316305 756
1694635490132 0.829860500426469 757
1694635490176 0.8298640104289245 758
1694635490225 0.8298674766619537 759
1694635490273 0.8298708997377683 760
1694635490322 0.829874280258039 761
1694635490362 0.8298776188140956 762
1694635490401 0.8298809159871217 763
1694635490446 0.8298841723483472 764
1694635490496 0.829887388459236 765
1694635490540 0.8298905648716698 766
1694635490586 0.8298937021281303 767
1694635490636 0.8298968007618749 768
1694635490691 0.8298998612971117 769
1694635490737 0.8299028842491692 770
1694635490792 0.8299058701246643 771
1694635490849 0.8299088194216647 772
1694635490897 0.829911732629851 773
1694635490948 0.8299146102306734 774
1694635490997 0.8299174526975066 775
1694635491047 0.8299202604958011 776
1694635491096 0.8299230340832321 777
1694635491141 0.8299257739098441 778
1694635491189 0.829928480418195 779
1694635491240 0.8299311540434959 780
1694635491279 0.829933795213747 781
1694635491337 0.8299364043498746 782
1694635491393 0.8299389818658611 783
1694635491440 0.8299415281688755 784
1694635491507 0.8299440436594003 785
1694635491572 0.8299465287313555 786
1694635491617 0.8299489837722218 787
1694635491669 0.8299514091631583 788
1694635491729 0.8299538052791222 789
1694635491771 0.8299561724889823 790
1694635491822 0.8299585111556328 791
1694635491875 0.8299608216361034 792
1694635491928 0.8299631042816679 793
1694635491980 0.8299653594379515 794
1694635492024 0.8299675874450336 795
1694635492065 0.829969788637552 796
1694635492113 0.8299719633448017 797
1694635492162 0.8299741118908344 798
1694635492206 0.8299762345945546 799
1694635492257 0.8299783317698142 800
1694635492303 0.8299804037255056 801
1694635492349 0.8299824507656524 802
1694635492388 0.8299844731894994 803
1694635492440 0.8299864712915992 804
1694635492499 0.8299884453618988 805
1694635492542 0.8299903956858231 806
1694635492590 0.8299923225443587 807
1694635492641 0.8299942262141335 808
1694635492682 0.8299961069674971 809
1694635492738 0.8299979650725984 810
1694635492793 0.8299998007934616 811
1694635492841 0.8300016143900618 812
1694635492884 0.8300034061183981 813
1694635492947 0.8300051762305658 814
1694635493008 0.8300069249748268 815
1694635493053 0.8300086525956796 816
1694635493093 0.8300103593339263 817
1694635493142 0.8300120454267402 818
1694635493191 0.8300137111077306 819
1694635493249 0.8300153566070072 820
1694635493300 0.8300169821512431 821
1694635493355 0.830018587963736 822
1694635493394 0.8300201742644693 823
1694635493441 0.8300217412701713 824
1694635493496 0.830023289194373 825
1694635493555 0.8300248182474663 826
1694635493605 0.8300263286367582 827
1694635493657 0.8300278205665275 828
1694635493703 0.8300292942380778 829
1694635493747 0.8300307498497905 830
1694635493797 0.8300321875971766 831
1694635493852 0.8300336076729274 832
1694635493904 0.830035010266965 833
1694635493955 0.8300363955664907 834
1694635494000 0.8300377637560324 835
1694635494052 0.8300391150174936 836
1694635494098 0.8300404495301971 837
1694635494159 0.8300417674709323 838
1694635494223 0.8300430690139984 839
1694635494281 0.8300443543312483 840
1694635494349 0.8300456235921326 841
1694635494406 0.8300468769637391 842
1694635494455 0.8300481146108356 843
1694635494511 0.8300493366959102 844
1694635494554 0.8300505433792107 845
1694635494604 0.8300517348187828 846
1694635494654 0.8300529111705094 847
1694635494707 0.8300540725881467 848
1694635494759 0.8300552192233618 849
1694635494809 0.8300563512257688 850
1694635494863 0.8300574687429628 851
1694635494921 0.830058571920556 852
1694635494982 0.8300596609022111 853
1694635495054 0.830060735829674 854
1694635495147 0.8300617968428077 855
1694635495221 0.8300628440796237 856
1694635495314 0.8300638776763131 857
1694635495406 0.8300648977672784 858
1694635495451 0.8300659044851633 859
1694635495534 0.8300668979608821 860
1694635495585 0.8300678783236495 861
1694635495649 0.8300688457010089 862
1694635495718 0.8300698002188605 863
1694635495809 0.8300707420014889 864
1694635495859 0.83007167117159 865
1694635495923 0.8300725878502978 866
1694635495963 0.8300734921572103 867
1694635496005 0.8300743842104148 868
1694635496052 0.8300752641265133 869
1694635496102 0.830076132020647 870
1694635496163 0.8300769880065206 871
1694635496221 0.8300778321964254 872
1694635496260 0.8300786647012631 873
1694635496324 0.8300794856305687 874
1694635496371 0.8300802950925322 875
1694635496425 0.8300810931940216 876
1694635496469 0.8300818800406031 877
1694635496533 0.8300826557365637 878
1694635496583 0.830083420384931 879
1694635496648 0.8300841740874938 880
1694635496716 0.8300849169448222 881
1694635496767 0.8300856490562872 882
1694635496813 0.8300863705200804 883
1694635496860 0.8300870814332316 884
1694635496906 0.830087781891629 885
1694635496957 0.8300884719900365 886
1694635497007 0.8300891518221112 887
1694635497057 0.830089821480422 888
1694635497107 0.8300904810564663 889
1694635497161 0.830091130640687 890
1694635497210 0.8300917703224885 891
1694635497257 0.8300924001902539 892
1694635497306 0.8300930203313607 893
1694635497358 0.8300936308321962 894
1694635497423 0.8300942317781735 895
1694635497475 0.8300948232537457 896
1694635497551 0.8300954053424217 897
1694635497629 0.8300959781267806 898
1694635497677 0.8300965416884852 899
1694635497726 0.8300970961082974 900
1694635497765 0.8300976414660908 901
1694635497820 0.8300981778408649 902
1694635497862 0.8300987053107586 903
1694635497919 0.830099223953062 904
1694635497961 0.8300997338442312 905
1694635498016 0.8301002350598992 906
1694635498061 0.830100727674889 907
1694635498114 0.8301012117632259 908
1694635498168 0.8301016873981492 909
1694635498230 0.8301021546521233 910
1694635498277 0.8301026135968506 911
1694635498341 0.8301030643032812 912
1694635498382 0.8301035068416255 913
1694635498442 0.830103941281364 914
1694635498492 0.8301043676912583 915
1694635498545 0.8301047861393619 916
1694635498585 0.8301051966930302 917
1694635498650 0.8301055994189305 918
1694635498690 0.8301059943830524 919
1694635498757 0.8301063816507177 920
1694635498814 0.8301067612865892 921
1694635498860 0.8301071333546802 922
1694635498914 0.8301074979183652 923
1694635498973 0.8301078550403871 924
1694635499025 0.830108204782868 925
1694635499070 0.8301085472073153 926
1694635499115 0.8301088823746334 927
1694635499179 0.8301092103451311 928
1694635499245 0.8301095311785281 929
1694635499288 0.8301098449339659 930
1694635499343 0.8301101516700143 931
1694635499386 0.8301104514446798 932
1694635499438 0.8301107443154125 933
1694635499478 0.8301110303391156 934
1694635499525 0.8301113095721508 935
1694635499566 0.8301115820703471 936
1694635499608 0.8301118478890069 937
1694635499655 0.8301121070829147 938
1694635499706 0.8301123597063425 939
1694635499753 0.8301126058130569 940
1694635499805 0.8301128454563271 941
1694635499857 0.8301130786889304 942
1694635499905 0.8301133055631584 943
1694635499956 0.830113526130825 944
1694635500005 0.830113740443271 945
1694635500056 0.8301139485513711 946
1694635500116 0.83011415050554 947
1694635500177 0.830114346355738 948
1694635500229 0.8301145361514778 949
1694635500267 0.8301147199418284 950
1694635500303 0.8301148977754235 951
1694635500337 0.8301150697004644 952
1694635500379 0.8301152357647275 953
1694635500421 0.8301153960155679 954
1694635500456 0.8301155504999268 955
1694635500498 0.8301156992643348 956
1694635500533 0.8301158423549184 957
1694635500566 0.830115979817404 958
1694635500600 0.8301161116971238 959
1694635500648 0.8301162380390199 960
1694635500688 0.8301163588876497 961
1694635500723 0.83011647428719 962
1694635500758 0.8301165842814427 963
1694635500795 0.830116688913838 964
1694635500842 0.8301167882274396 965
1694635500883 0.83011688226495 966
1694635500942 0.8301169710687123 967
1694635500981 0.830117054680718 968
1694635501024 0.8301171331426074 969
1694635501071 0.8301172064956774 970
1694635501124 0.8301172747808829 971
1694635501168 0.8301173380388417 972
1694635501221 0.8301173963098392 973
1694635501261 0.8301174496338304 974
1694635501320 0.8301174980504458 975
1694635501371 0.8301175415989941 976
1694635501436 0.8301175803184655 977
1694635501490 0.8301176142475365 978
1694635501537 0.8301176434245725 979
1694635501576 0.8301176678876317 980
1694635501626 0.8301176876744685 981
1694635501667 0.830117702822537 982
1694635501726 0.8301177133689943 983
1694635501775 0.8301177193507037 984
1694635501831 0.8301177208042382 985
1694635501887 0.8301177177658833 986
1694635501928 0.830117710271641 987
1694635501970 0.8301176983572314 988
1694635502024 0.8301176820580976 989
1694635502069 0.8301176614094068 990
1694635502125 0.8301176364460552 991
1694635502167 0.8301176072026695 992
1694635502206 0.8301175737136103 993
1694635502248 0.8301175360129749 994
1694635502293 0.8301174941345997 995
1694635502356 0.8301174481120639 996
1694635502407 0.8301173979786909 997
1694635502467 0.8301173437675526 998
1694635502519 0.8301172855114702 999
