1694619893298 -0.0004590939988105003 0
1694619893333 0.0015285437286468584 1
1694619893367 0.003409243078054569 2
1694619893396 0.00339573713405783 3
1694619893426 0.004064388412914566 4
1694619893462 0.0093647456448811 5
1694619893522 0.013091421514555557 6
1694619893586 0.017080392175621517 7
1694619893636 0.014903127856748966 8
1694619893680 0.021172527720433876 9
1694619893721 0.029060252930656394 10
1694619893755 0.03409388521246037 11
1694619893786 0.05502591664359169 12
1694619893819 0.03942272331314833 13
1694619893853 0.07603008001679157 14
1694619893881 0.06711465538329164 15
1694619893910 0.11251353005333764 16
1694619893946 0.12200410470931489 17
1694619893993 0.1657606827823913 18
1694619894036 0.15331719903523555 19
1694619894081 0.21346498872961783 20
1694619894145 0.2538000084346773 21
1694619894215 0.26128725547863785 22
1694619894299 0.3481626464037624 23
1694619894364 0.4276355254059868 24
1694619894426 0.39324596218940644 25
1694619894502 0.43520991028983014 26
1694619894565 0.48238754601060385 27
1694619894621 0.5530160856775781 28
1694619894690 0.583794588360693 29
1694619894766 0.6351029692719286 30
1694619894836 0.6683779586939447 31
1694619894892 0.6656711183808636 32
1694619894952 0.753189327385086 33
1694619895011 0.7565061845579046 34
1694619895081 0.7842209081664838 35
1694619895130 0.7588588812019275 36
1694619895182 0.8109858521800548 37
1694619895234 0.7842061141312227 38
1694619895303 0.8178903724111545 39
1694619895365 0.813283237031503 40
1694619895414 0.8353873910336309 41
1694619895460 0.8486137551512181 42
1694619895578 0.8501674528353462 43
1694619895684 0.8498985388615725 44
1694619895735 0.8166396747458007 45
1694619895786 0.8170036121450609 46
1694619895839 0.7516462370787476 47
1694619895986 0.8518779190514124 48
1694619896062 0.8780967652342593 49
1694619896188 0.8567628938777903 50
1694619896282 0.794211768882144 51
1694619896323 0.8575152898861215 52
1694619896373 0.8540393538761123 53
1694619896405 0.8112795250357114 54
1694619896449 0.7925268524915589 55
1694619896503 0.8459816432788048 56
1694619896571 0.8575211191094312 57
1694619896636 0.8330949853682064 58
1694619896698 0.87117810644724 59
1694619896756 0.795520917164106 60
1694619896826 0.8403451908226838 61
1694619896893 0.8244478943361346 62
1694619896940 0.8165178475391254 63
1694619896983 0.8482716885727879 64
1694619897029 0.7867200673283807 65
1694619897068 0.7878212293031093 66
1694619897102 0.8712578204697159 67
1694619897139 0.8415896002587826 68
1694619897175 0.8551805529596465 69
1694619897204 0.8673234202436875 70
1694619897236 0.8502510214800785 71
1694619897277 0.8397327579558233 72
1694619897311 0.8391637079941237 73
1694619897352 0.8193978855614363 74
1694619897390 0.8498420700009882 75
1694619897426 0.8457815632252935 76
1694619897460 0.8777405367223995 77
1694619897491 0.83891510181063 78
1694619897523 0.8495079581743938 79
1694619897553 0.8341911176214969 80
1694619897587 0.8918437523945242 81
1694619897695 0.8364078715678103 82
1694619897789 0.7680780796984182 83
1694619897842 0.845868336886177 84
1694619897893 0.8622354058220619 85
1694619897934 0.8583367947013465 86
1694619897979 0.8451330968880761 87
1694619898032 0.8470057771165302 88
1694619898113 0.8749393867435991 89
1694619898228 0.8516532233310112 90
1694619898301 0.8429225751631929 91
1694619898350 0.8716603634956593 92
1694619898388 0.85427531364887 93
1694619898420 0.8784769745641423 94
1694619898452 0.850708340838431 95
1694619898519 0.8498089679085916 96
1694619898603 0.8482835836019068 97
1694619898682 0.837812124936786 98
1694619898781 0.8379401974648969 99
1694619898847 0.8226735851727315 100
1694619898899 0.7968753780338732 101
1694619898931 0.8271202985662109 102
1694619899005 0.7978529633984546 103
1694619899107 0.8469716507665557 104
1694619899189 0.8190203936175405 105
1694619899278 0.8557649599298759 106
1694619899344 0.8652062860464506 107
1694619899415 0.8578916702148556 108
1694619899480 0.8338334537881018 109
1694619899568 0.8177178771430402 110
1694619899653 0.8737361067928104 111
1694619899719 0.8523546704655653 112
1694619899807 0.83949305654253 113
1694619899894 0.8562886327921089 114
1694619899974 0.8388043112509982 115
1694619900056 0.8146123822228897 116
1694619900131 0.8605022462079936 117
1694619900198 0.8248977920621701 118
1694619900273 0.8582188993920078 119
1694619900334 0.8449979838445056 120
1694619900437 0.8400548105719747 121
1694619900497 0.761833656584305 122
1694619900536 0.8376486333317381 123
1694619900569 0.7843701959124106 124
1694619900619 0.8537302175204216 125
1694619900669 0.8199052161845595 126
1694619900714 0.8908262825916031 127
1694619900753 0.7929820642785064 128
1694619900794 0.8651697208886003 129
1694619900847 0.8128040261703118 130
