1694619893283 142.22434932445773 0
1694619893326 112.96191406735932 1
1694619893361 90.97846057472721 2
1694619893389 73.33915090444943 3
1694619893419 58.895359632825475 4
1694619893450 46.854412238715405 5
1694619893513 37.71621946889043 6
1694619893572 30.07356420628749 7
1694619893623 24.630166008875744 8
1694619893671 19.385023816450317 9
1694619893713 15.763979636140181 10
1694619893748 12.576044343649755 11
1694619893779 9.949521515214457 12
1694619893812 8.029626094324545 13
1694619893846 6.503310506226789 14
1694619893875 5.369258316868016 15
1694619893903 4.340111323991416 16
1694619893936 3.437946127288296 17
1694619893982 2.704868175067278 18
1694619894029 2.1649397205233694 19
1694619894069 1.7668658008776745 20
1694619894132 1.4977864299075385 21
1694619894189 1.1736459180543208 22
1694619894286 1.0207069177152832 23
1694619894349 0.7316089857705598 24
1694619894413 0.6715990519792563 25
1694619894480 0.5209591625190924 26
1694619894552 0.47985372845912755 27
1694619894607 0.38084965551961736 28
1694619894668 0.3202424798563433 29
1694619894743 0.26547326338522453 30
1694619894820 0.23059863710953515 31
1694619894879 0.22484962629141916 32
1694619894940 0.17858890167668817 33
1694619894996 0.15857334645220572 34
1694619895065 0.16795544766405177 35
1694619895121 0.1367542332031813 36
1694619895168 0.11294753360138352 37
1694619895224 0.12307587196348804 38
1694619895286 0.10548714857035145 39
1694619895350 0.10459091369127477 40
1694619895404 0.09770725993596045 41
1694619895449 0.1030883279464312 42
1694619895533 0.0941504737352988 43
1694619895675 0.07874663718592927 44
1694619895719 0.10159966707876553 45
1694619895778 0.09979687329608006 46
1694619895818 0.15128704124451003 47
1694619895963 0.09417731471083653 48
1694619896047 0.07357537545009252 49
1694619896161 0.11347210280894521 50
1694619896260 0.09334243104488163 51
1694619896315 0.08311435673831198 52
1694619896357 0.08166835135269684 53
1694619896396 0.09761873424322098 54
1694619896440 0.08588837285571924 55
1694619896494 0.08967706210183027 56
1694619896555 0.10031967047125302 57
1694619896629 0.08920958353658093 58
1694619896680 0.08661088112101285 59
1694619896747 0.14438210537252807 60
1694619896806 0.08511847034693128 61
1694619896880 0.09615086405799254 62
1694619896927 0.09497940664530442 63
1694619896973 0.07718331824846417 64
1694619897019 0.10852402575934826 65
1694619897060 0.13440719562085693 66
1694619897096 0.07490899679100485 67
1694619897131 0.07988175809743407 68
1694619897167 0.09729850539488935 69
1694619897198 0.08794571513477258 70
1694619897230 0.08214708840805461 71
1694619897267 0.09335591647486804 72
1694619897303 0.0888488005647838 73
1694619897344 0.08508334468773028 74
1694619897382 0.08428285850084442 75
1694619897418 0.09161369776827062 76
1694619897452 0.07557840002268242 77
1694619897483 0.10534786471965024 78
1694619897514 0.0884796090663995 79
1694619897548 0.0880293778460143 80
1694619897578 0.0719382802878483 81
1694619897644 0.0946515838492255 82
1694619897767 0.1464239873026466 83
1694619897831 0.07777713303712615 84
1694619897880 0.09641520559132882 85
1694619897926 0.09622449960276723 86
1694619897968 0.0878000082045815 87
1694619898015 0.07414239878125639 88
1694619898091 0.08191833487796264 89
1694619898214 0.08611372225598025 90
1694619898283 0.074731856625078 91
1694619898339 0.06162900369134155 92
1694619898382 0.08330315157901334 93
1694619898413 0.08103193127329779 94
1694619898443 0.09169901040437393 95
1694619898504 0.07168307326360616 96
1694619898582 0.0805181898969801 97
1694619898664 0.0895677415149112 98
1694619898745 0.07874472134230617 99
1694619898841 0.09642742695667718 100
1694619898884 0.09348138886297634 101
1694619898924 0.08973577015390054 102
1694619898980 0.09387960083239025 103
1694619899085 0.09082319827130758 104
1694619899168 0.1013215335660558 105
1694619899265 0.08273403101250296 106
1694619899333 0.07837050454871415 107
1694619899398 0.08685366712949881 108
1694619899458 0.07637897352430985 109
1694619899550 0.08970975097783715 110
1694619899637 0.06714769760059665 111
1694619899701 0.07068478502788611 112
1694619899784 0.08660703250629864 113
1694619899872 0.09111382720285045 114
1694619899953 0.07518648990195755 115
1694619900038 0.10474678051857575 116
1694619900115 0.10918116152369568 117
1694619900184 0.12451058302763758 118
1694619900256 0.0835315585188069 119
1694619900316 0.08625462265468374 120
1694619900421 0.08765010809222387 121
1694619900487 0.1270812633625446 122
1694619900529 0.08290130704173972 123
1694619900561 0.1467126622780035 124
1694619900605 0.08629578817054175 125
1694619900651 0.09642383992959977 126
1694619900708 0.0720166233001805 127
1694619900747 0.12941051072408946 128
1694619900785 0.08302806604188874 129
1694619900834 0.101158714251593 130
