1694625607111 0.0 0
1694625607402 0.0 1
1694625607657 0.0 2
1694625607969 0.0 3
1694625608270 0.0 4
1694625608566 0.0 5
1694625608825 0.0 6
1694625609076 0.0 7
1694625609334 0.0 8
1694625609576 0.0 9
1694625609799 0.0 10
1694625610042 0.0 11
1694625610273 0.0 12
1694625610499 0.0 13
1694625610745 0.0 14
1694625610966 0.0 15
1694625611207 0.0 16
1694625611438 0.0 17
1694625611683 0.0 18
1694625611913 0.0 19
1694625612142 0.0 20
1694625612378 0.0 21
1694625612618 0.0 22
1694625612842 0.0 23
1694625613074 0.0 24
1694625613344 0.0 25
1694625613588 0.0 26
1694625613828 0.0 27
1694625614049 0.0 28
1694625614266 0.0 29
1694625614513 0.0 30
1694625614734 0.0 31
1694625614962 0.0 32
1694625615190 0.0 33
1694625615430 0.0 34
1694625615681 0.0 35
1694625615892 0.0 36
1694625616089 0.0 37
1694625616343 0.0 38
1694625616575 0.0 39
1694625616802 0.0 40
1694625617038 0.0 41
1694625617278 0.0 42
1694625617523 0.0 43
1694625617775 0.0 44
1694625618000 0.0 45
1694625618226 0.0 46
1694625618475 0.0 47
1694625618699 0.0 48
1694625618946 0.0 49
1694625619203 0.0 50
1694625619434 0.0 51
1694625619663 0.0 52
1694625619878 0.0 53
1694625620142 0.0 54
1694625620387 0.0 55
1694625620599 0.0 56
1694625620857 0.0 57
1694625621096 0.0 58
1694625621339 0.0 59
1694625621593 0.0 60
1694625621824 0.0 61
1694625622075 0.0 62
1694625622311 0.0 63
1694625622573 0.0 64
1694625622790 0.0 65
1694625623032 0.0 66
1694625623284 0.0 67
1694625623527 0.0 68
1694625623741 0.0 69
1694625623968 0.0 70
1694625624229 0.0 71
1694625624469 0.0 72
1694625624694 0.0 73
1694625624931 0.0 74
1694625625160 0.0 75
1694625625412 0.0 76
1694625625650 0.0 77
1694625625861 0.0 78
1694625626102 0.0 79
1694625626379 0.0 80
1694625626628 0.0 81
1694625626861 0.0 82
1694625627097 0.0 83
1694625627357 0.0 84
1694625627596 0.0 85
1694625627812 0.0 86
1694625628036 0.0 87
1694625628289 0.0 88
1694625628536 0.0 89
1694625628779 0.0 90
1694625629031 0.0 91
1694625629256 0.0 92
1694625629513 0.0 93
1694625629779 0.0 94
1694625630018 0.0 95
1694625630251 0.0 96
1694625630486 0.0 97
1694625630733 0.0 98
1694625630958 0.0 99
1694625631196 0.0 100
1694625631440 0.0 101
1694625631676 0.0 102
1694625631886 0.0 103
1694625632106 0.0 104
1694625632372 0.0 105
1694625632682 0.0 106
1694625632927 0.0 107
1694625633158 0.0 108
1694625633403 0.0 109
1694625633657 0.0 110
1694625633896 0.0 111
1694625634142 0.0 112
1694625634362 0.0 113
1694625634608 0.0 114
1694625634845 0.0 115
1694625635082 0.0 116
1694625635334 0.0 117
1694625635555 0.0 118
1694625635800 0.0 119
1694625636089 0.0 120
1694625636377 0.0 121
1694625636608 0.0 122
1694625636822 0.0 123
1694625637017 0.0 124
1694625637251 0.0 125
1694625637511 0.0 126
1694625637789 0.0 127
1694625638020 0.0 128
1694625638259 0.0 129
1694625638479 0.0 130
1694625638732 0.0 131
1694625638953 0.0 132
1694625639205 0.0 133
1694625639444 0.0 134
1694625639703 0.0 135
1694625639908 0.0 136
1694625640131 0.0 137
1694625640364 0.0 138
1694625640572 0.0 139
1694625640802 0.0 140
1694625641030 0.0 141
1694625641253 0.0 142
1694625641495 0.0 143
1694625641754 0.0 144
1694625641962 0.0 145
1694625642242 0.0 146
1694625642474 0.0 147
1694625642709 0.0 148
1694625642998 0.0 149
1694625643235 0.0 150
1694625643473 0.0 151
1694625643700 0.0 152
1694625643975 0.0 153
1694625644204 0.0 154
1694625644446 0.0 155
1694625644665 0.0 156
1694625644909 0.0 157
1694625645163 0.0 158
1694625645385 0.0 159
1694625645608 0.0 160
1694625645862 0.0 161
1694625646080 0.0 162
1694625646343 0.0 163
1694625646763 0.0 164
1694625647003 0.0 165
1694625647245 0.0 166
1694625647482 0.0 167
1694625647746 0.0 168
1694625647978 0.0 169
1694625648207 0.0 170
1694625648456 0.0 171
1694625648678 0.0 172
1694625648945 0.0 173
1694625649185 0.0 174
1694625649460 0.0 175
1694625649693 0.0 176
1694625649950 0.0 177
1694625650198 0.0 178
1694625650503 0.0 179
1694625650724 0.0 180
1694625650932 0.0 181
1694625651141 0.0 182
1694625651383 0.0 183
1694625651610 0.0 184
1694625651833 0.0 185
1694625652055 0.0 186
1694625652293 0.0 187
1694625652512 0.0 188
1694625652736 0.0 189
1694625652974 0.0 190
1694625653231 0.0 191
1694625653482 0.0 192
1694625653715 0.0 193
1694625653968 0.0 194
1694625654232 0.0 195
1694625654460 0.0 196
1694625654704 0.0 197
1694625654954 0.0 198
1694625655182 0.0 199
1694625655457 0.0 200
1694625655684 0.0 201
1694625655920 0.0 202
1694625656175 0.0 203
1694625656415 0.0 204
1694625656723 0.0 205
1694625656989 0.0 206
1694625657260 0.0 207
1694625657447 0.0 208
1694625657693 0.0 209
1694625657957 0.0 210
1694625658191 0.0 211
1694625658434 0.0 212
1694625658666 0.0 213
1694625658893 0.0 214
1694625659120 0.0 215
1694625659353 0.0 216
1694625659601 0.0 217
1694625659847 0.0 218
1694625660097 0.0 219
1694625660354 0.0 220
1694625660581 0.0 221
1694625660840 0.0 222
1694625661097 0.0 223
1694625661346 0.0 224
1694625661565 0.0 225
1694625661776 0.0 226
1694625661990 0.0 227
1694625662291 0.0 228
1694625662638 0.0 229
1694625662875 0.0 230
1694625663171 0.0 231
1694625663467 0.0 232
1694625663708 0.0 233
1694625663964 0.0 234
1694625664186 0.0 235
1694625664455 0.0 236
1694625664841 0.0 237
1694625665112 0.0 238
1694625665458 0.0 239
1694625665815 0.0 240
1694625666158 0.0 241
1694625666504 0.0 242
1694625666859 0.0 243
1694625667262 0.0 244
1694625667702 0.0 245
1694625668143 0.0 246
1694625668453 0.0 247
1694625668735 0.0 248
1694625669070 0.0 249
1694625669466 0.0 250
1694625669872 0.0 251
1694625670269 0.0 252
1694625670700 0.0 253
1694625671114 0.0 254
1694625671548 0.0 255
1694625671939 0.0 256
1694625672418 0.0 257
1694625672845 0.0 258
1694625673327 0.0 259
1694625673806 0.0 260
1694625674246 0.0 261
1694625674759 0.0 262
1694625675174 0.0 263
1694625675517 0.0 264
1694625675790 0.0 265
1694625676050 0.0 266
1694625676357 0.0 267
1694625676694 0.0 268
1694625677059 0.0 269
1694625677436 0.0 270
1694625677871 0.0 271
1694625678322 0.0 272
1694625678748 0.0 273
1694625679183 0.0 274
1694625679604 0.0 275
1694625680064 0.0 276
1694625680544 0.0 277
1694625681028 0.0 278
1694625681460 0.0 279
1694625681732 0.0 280
1694625682024 0.0 281
1694625682342 0.0 282
1694625682633 0.0 283
1694625682948 0.0 284
1694625683306 0.0 285
1694625683597 0.0 286
1694625683920 0.0 287
1694625684222 0.0 288
1694625684578 0.0 289
1694625684874 0.0 290
1694625685187 0.0 291
1694625685529 0.0 292
1694625685837 0.0 293
1694625686135 0.0 294
1694625686372 0.0 295
1694625686611 0.0 296
1694625686832 0.0 297
1694625687056 0.0 298
1694625687314 0.0 299
1694625687553 0.0 300
1694625687781 0.0 301
1694625687993 0.0 302
1694625688198 0.0 303
1694625688460 0.0 304
1694625688697 0.0 305
1694625688934 0.0 306
1694625689174 0.0 307
1694625689421 0.0 308
1694625689645 0.0 309
1694625689885 0.0 310
1694625690120 0.0 311
1694625690373 0.0 312
1694625690607 0.0 313
1694625690851 0.0 314
1694625691167 0.0 315
1694625691446 0.0 316
1694625691718 0.0 317
1694625691978 0.0 318
1694625692235 0.0 319
1694625692496 0.0 320
1694625692756 0.0 321
1694625693036 0.0 322
1694625693307 0.0 323
1694625693563 0.0 324
1694625693811 0.0 325
1694625694061 0.0 326
1694625694334 0.0 327
1694625694622 0.0 328
1694625694908 0.0 329
1694625695163 0.0 330
1694625695604 0.0 331
1694625695898 0.0 332
1694625696177 0.0 333
1694625696439 0.0 334
1694625696777 0.0 335
1694625697118 0.0 336
1694625697402 0.0 337
1694625697679 0.0 338
1694625697953 0.0 339
1694625698244 0.0 340
1694625698506 0.0 341
1694625698790 0.0 342
1694625699066 0.0 343
1694625699346 0.0 344
1694625699649 0.0 345
1694625699931 0.0 346
1694625700220 0.0 347
1694625700500 0.0 348
1694625700785 0.0 349
1694625701053 0.0 350
1694625701348 0.0 351
1694625701618 0.0 352
1694625701853 0.0 353
1694625702146 0.0 354
1694625702419 0.0 355
1694625702694 0.0 356
1694625702970 0.0 357
1694625703222 0.0 358
1694625703488 0.0 359
1694625703799 0.0 360
1694625704057 0.0 361
1694625704355 0.0 362
1694625704631 0.0 363
1694625704924 0.0 364
1694625705177 0.0 365
1694625705460 0.0 366
1694625705699 0.0 367
1694625705950 0.0 368
1694625706218 0.0 369
1694625706471 0.0 370
1694625706751 0.0 371
1694625707028 0.0 372
1694625707326 0.0 373
1694625707554 0.0 374
1694625707820 0.0 375
1694625708092 0.0 376
1694625708376 0.0 377
1694625708595 0.0 378
1694625708801 0.0 379
1694625709084 0.0 380
1694625709374 0.0 381
1694625709646 0.0 382
1694625709913 0.0 383
1694625710197 0.0 384
1694625710472 0.0 385
1694625710761 0.0 386
1694625711009 0.0 387
1694625711291 0.0 388
1694625711598 0.0 389
1694625711896 0.0 390
1694625712185 0.0 391
1694625712426 0.0 392
1694625712681 0.0 393
1694625712966 0.0 394
1694625713251 0.0 395
1694625713534 0.0 396
1694625713821 0.0 397
1694625714113 0.0 398
1694625714397 0.0 399
1694625714672 0.0 400
1694625714967 0.0 401
1694625715222 0.0 402
1694625715544 0.0 403
1694625715808 0.0 404
1694625716061 0.0 405
1694625716346 0.0 406
1694625716665 0.0 407
1694625717052 0.0 408
1694625717397 0.0 409
1694625717704 0.0 410
1694625717949 0.0 411
1694625718326 0.0 412
1694625718633 0.0 413
1694625718939 0.0 414
1694625719228 0.0 415
1694625719525 0.0 416
1694625719830 0.0 417
1694625720135 0.0 418
1694625720487 0.0 419
1694625720825 0.0 420
1694625721085 0.0 421
1694625721379 0.0 422
1694625721623 0.0 423
1694625721912 0.0 424
1694625722184 0.0 425
1694625722446 0.0 426
1694625722724 0.0 427
1694625723018 0.0 428
1694625723325 0.0 429
1694625723618 0.0 430
1694625723850 0.0 431
1694625724156 0.0 432
1694625724497 0.0 433
1694625724800 0.0 434
1694625725082 0.0 435
1694625725380 0.0 436
1694625725669 0.0 437
1694625725958 0.0 438
1694625726250 0.0 439
1694625726547 0.0 440
1694625726857 0.0 441
1694625727215 0.0 442
1694625727514 0.0 443
1694625727816 0.0 444
1694625728118 0.0 445
1694625728408 0.0 446
1694625728700 0.0 447
1694625728981 0.0 448
1694625729278 0.0 449
1694625729634 0.0 450
1694625730043 0.0 451
1694625730469 0.0 452
1694625730858 0.0 453
1694625731235 0.0 454
1694625731634 0.0 455
1694625732008 0.0 456
1694625732400 0.0 457
1694625732766 0.0 458
1694625733115 0.0 459
1694625733483 0.0 460
1694625733869 0.0 461
1694625734196 0.0 462
1694625734566 0.0 463
1694625734915 0.0 464
1694625735279 0.0 465
1694625735645 0.0 466
1694625735973 0.0 467
1694625736416 0.0 468
1694625736773 0.0 469
1694625737075 0.0 470
1694625737315 0.0 471
1694625737666 0.0 472
1694625738021 0.0 473
1694625738359 0.0 474
1694625738720 0.0 475
1694625739049 0.0 476
1694625739413 0.0 477
1694625739745 0.0 478
1694625740064 0.0 479
1694625740393 0.0 480
1694625740753 0.0 481
1694625741102 0.0 482
1694625741463 0.0 483
1694625741799 0.0 484
1694625742111 0.0 485
1694625742444 0.0 486
1694625742817 0.0 487
1694625743134 0.0 488
1694625743483 0.0 489
1694625743846 0.0 490
1694625744176 0.0 491
1694625744549 0.0 492
1694625744859 0.0 493
1694625745202 0.0 494
1694625745575 0.0 495
1694625745950 0.0 496
1694625746303 0.0 497
1694625746687 0.0 498
1694625747019 0.0 499
1694625747399 0.0 500
1694625747776 0.0 501
1694625748125 0.0 502
1694625748470 0.0 503
1694625748796 0.0 504
1694625749149 0.0 505
1694625749500 0.0 506
1694625749866 0.0 507
1694625750265 0.0 508
1694625750655 0.0 509
1694625750997 0.0 510
1694625751355 0.0 511
1694625751664 0.0 512
1694625751993 0.0 513
1694625752301 0.0 514
1694625752657 0.0 515
1694625753019 0.0 516
1694625753330 0.0 517
1694625753665 0.0 518
1694625753983 0.0 519
1694625754310 0.0 520
1694625754611 0.0 521
1694625754905 0.0 522
1694625755186 0.0 523
1694625755465 0.0 524
1694625755730 0.0 525
1694625755989 0.0 526
1694625756305 0.0 527
1694625756605 0.0 528
1694625756929 0.0 529
1694625757209 0.0 530
1694625757612 0.0 531
1694625758011 0.0 532
1694625758380 0.0 533
1694625758691 0.0 534
1694625758996 0.0 535
1694625759315 0.0 536
1694625759640 0.0 537
1694625759941 0.0 538
1694625760253 0.0 539
1694625760579 0.0 540
1694625760911 0.0 541
1694625761197 0.0 542
1694625761502 0.0 543
1694625761802 0.0 544
1694625762104 0.0 545
1694625762428 0.0 546
1694625762715 0.0 547
1694625762981 0.0 548
1694625763284 0.0 549
1694625763579 0.0 550
1694625763850 0.0 551
1694625764082 0.0 552
1694625764521 0.0 553
1694625764884 0.0 554
1694625765177 0.0 555
1694625765513 0.0 556
1694625765865 0.0 557
1694625766166 0.0 558
1694625766501 0.0 559
1694625766836 0.0 560
1694625767250 0.0 561
1694625767615 0.0 562
1694625767971 0.0 563
1694625768288 0.0 564
1694625768568 0.0 565
1694625768898 0.0 566
1694625769243 0.0 567
1694625769539 0.0 568
1694625769838 0.0 569
1694625770139 0.0 570
1694625770480 0.0 571
1694625770771 0.0 572
1694625771103 0.0 573
1694625771396 0.0 574
