1694625607099 4.636183472948205 0
1694625607394 3.640806277869541 1
1694625607649 4.5495563688403955 2
1694625607959 1.2506973808147035 3
1694625608259 4.30360497514586 4
1694625608558 4.26497886814345 5
1694625608815 5.011551271363491 6
1694625609066 5.39199092504002 7
1694625609325 4.174948225822092 8
1694625609569 4.8617140712396125 9
1694625609791 4.512278667302565 10
1694625610030 4.614276086537138 11
1694625610265 5.493533425582808 12
1694625610491 5.915093261748372 13
1694625610735 2.606979511878007 14
1694625610957 11.369011608595216 15
1694625611197 2.0126378282568176 16
1694625611427 5.08284640475782 17
1694625611675 4.395317043179139 18
1694625611904 4.944850343582523 19
1694625612135 2.310182852265285 20
1694625612369 3.3916728370088958 21
1694625612612 5.168020672071925 22
1694625612830 9.296110017236645 23
1694625613064 4.1249451621337405 24
1694625613334 5.308809990506201 25
1694625613579 3.7516166586371207 26
1694625613800 4.3607985388731905 27
1694625614041 5.271392220967084 28
1694625614257 6.364955154449027 29
1694625614505 3.517456751306166 30
1694625614726 4.70158160535641 31
1694625614954 5.743078371825441 32
1694625615181 5.903964908159931 33
1694625615420 2.1092218549536206 34
1694625615673 1.8440139901070323 35
1694625615883 4.111129457009961 36
1694625616080 5.330621312401238 37
1694625616331 3.327836046574406 38
1694625616566 3.4472709928332343 39
1694625616794 4.507684791467951 40
1694625617026 4.896609033444863 41
1694625617267 6.625709718500693 42
1694625617512 5.814815956358125 43
1694625617765 6.446730921799669 44
1694625617991 5.801715680359991 45
1694625618214 11.751577311300876 46
1694625618465 7.755355483600845 47
1694625618692 4.799968245710499 48
1694625618933 3.3933259194181815 49
1694625619195 3.0215723741522376 50
1694625619426 4.589515934265919 51
1694625619656 5.879867193862597 52
1694625619867 7.599787728037629 53
1694625620133 7.200382336411181 54
1694625620378 4.288991326731694 55
1694625620591 4.573504812933531 56
1694625620849 4.537040448629917 57
1694625621087 6.34049844193174 58
1694625621329 4.344604596550516 59
1694625621581 6.127140426648633 60
1694625621813 3.5943134958167406 61
1694625622067 1.6844259036403335 62
1694625622301 3.2542338168602534 63
1694625622565 6.400462069786713 64
1694625622781 2.6760311694742867 65
1694625623023 4.219704203851659 66
1694625623276 5.155733390615681 67
1694625623515 5.269468295192173 68
1694625623731 0.5852447189460944 69
1694625623959 5.53510120283616 70
1694625624221 4.195059772103294 71
1694625624461 4.156362679316518 72
1694625624685 6.134662001972057 73
1694625624923 5.314209687585201 74
1694625625152 7.553057195132826 75
1694625625400 4.550882364232766 76
1694625625641 4.663699987600271 77
1694625625851 5.44254438889871 78
1694625626095 6.771382041712245 79
1694625626368 4.509577358172582 80
1694625626619 2.6350666263100666 81
1694625626854 5.684300712929904 82
1694625627090 6.828121174523908 83
1694625627347 3.857615439623817 84
1694625627587 4.970944388303831 85
1694625627802 4.994947872652247 86
1694625628025 5.508067778191399 87
1694625628278 2.608807749506935 88
1694625628526 2.720153676705782 89
1694625628770 6.587197813332563 90
1694625629021 3.8654380829303383 91
1694625629249 2.266849317933983 92
1694625629499 5.069890178840102 93
1694625629771 5.085126081927328 94
1694625630010 5.2418319584676825 95
1694625630240 5.366871665043676 96
1694625630478 4.863386191912374 97
1694625630725 4.42799952177245 98
1694625630948 5.525904071186515 99
1694625631188 2.416136907305006 100
1694625631430 4.875974324832148 101
1694625631668 2.833461207863233 102
1694625631876 4.085189146330471 103
1694625632098 3.504921119170736 104
1694625632357 4.912872773550177 105
1694625632670 3.404012283006533 106
1694625632918 1.848046952170812 107
1694625633147 4.46025123508509 108
1694625633395 2.3040512313833656 109
1694625633647 3.929847245320722 110
1694625633888 4.220995942410233 111
1694625634134 7.010351083008629 112
1694625634354 3.7509826447814327 113
1694625634596 3.512524214215241 114
1694625634800 5.757261118128246 115
1694625635071 3.6484792454629145 116
1694625635318 2.9311818912747043 117
1694625635548 4.713384355741992 118
1694625635785 4.571518531705376 119
1694625636081 7.214173566888637 120
1694625636366 4.610275236106545 121
1694625636596 2.800746587883268 122
1694625636813 4.202677587836159 123
1694625637007 5.7066807184028345 124
1694625637243 1.6832650125452429 125
1694625637501 5.516754094716446 126
1694625637779 5.378985431656836 127
1694625638010 6.3661660637031545 128
1694625638250 3.0917150991993934 129
1694625638472 4.082777143994556 130
1694625638721 6.461554030856721 131
1694625638946 5.828561877696627 132
1694625639195 9.21837178612961 133
1694625639434 2.727253859220882 134
1694625639695 2.7875871255844116 135
1694625639899 4.486518329907575 136
1694625640119 4.966163673014937 137
1694625640358 5.427312544482745 138
1694625640563 1.1578635756809756 139
1694625640785 5.478258375832745 140
1694625641023 4.712855465374299 141
1694625641246 4.822861443138438 142
1694625641483 5.819314495987591 143
1694625641746 5.483105187293388 144
1694625641955 4.685069057376817 145
1694625642196 7.533386941818537 146
1694625642465 4.073493970624023 147
1694625642701 6.027265176868868 148
1694625642990 5.889330414485825 149
1694625643226 5.084168421395023 150
1694625643461 4.1229483704002945 151
1694625643682 5.991276183624411 152
1694625643962 5.799690815811476 153
1694625644196 5.10605387222801 154
1694625644436 6.021714235493086 155
1694625644619 3.759631558830968 156
1694625644898 3.563050643991296 157
1694625645151 4.6681525754607955 158
1694625645377 5.2179484665569715 159
1694625645598 17.95839180070001 160
1694625645854 4.0415495120572915 161
1694625646072 8.093894853385017 162
1694625646333 3.6667799807191637 163
1694625646753 3.453889111844573 164
1694625646995 6.2627311784210224 165
1694625647235 5.919301147514944 166
1694625647472 5.89894574486495 167
1694625647736 5.240035641987762 168
1694625647935 5.9786636928398975 169
1694625648197 2.9556369421331232 170
1694625648447 3.5888208412734874 171
1694625648652 5.226388108604114 172
1694625648935 4.40589619784883 173
1694625649176 3.46852965565277 174
1694625649450 5.544463988601273 175
1694625649684 3.3813851693021504 176
1694625649941 4.993378071539234 177
1694625650187 3.4118828892945015 178
1694625650494 5.226019906677794 179
1694625650713 2.7886967514826333 180
1694625650923 4.62066838252393 181
1694625651130 7.619918101975754 182
1694625651373 3.4533857091404103 183
1694625651601 2.3958639305766245 184
1694625651826 5.341722369954898 185
1694625652046 5.195946694219803 186
1694625652279 2.89282866317255 187
1694625652503 5.140424967140219 188
1694625652728 4.3202074710276905 189
1694625652966 5.899125035717354 190
1694625653220 5.995550375977741 191
1694625653476 6.403833674591465 192
1694625653707 8.581995170879825 193
1694625653959 2.676069394805497 194
1694625654222 6.028543464340501 195
1694625654450 7.43476068433772 196
1694625654693 4.918754002625514 197
1694625654945 7.034743027450728 198
1694625655174 3.6005491852899603 199
1694625655447 3.863053810954297 200
1694625655676 7.503712711314136 201
1694625655912 4.259439752138621 202
1694625656162 5.929053735505855 203
1694625656406 4.285737233897374 204
1694625656712 1.8746255443648174 205
1694625656980 4.068569414750267 206
1694625657249 5.731745159060559 207
1694625657436 6.430542705543512 208
1694625657683 6.915559829114251 209
1694625657946 6.105164704940451 210
1694625658181 5.608394382620737 211
1694625658426 7.944355711221694 212
1694625658656 4.18077334325478 213
1694625658880 5.140966670106045 214
1694625659111 4.866645716511833 215
1694625659342 3.9716673674101073 216
1694625659594 4.096486958287504 217
1694625659837 4.354193756395411 218
1694625660090 5.783743304350195 219
1694625660346 3.868710574939736 220
1694625660571 3.323011429087677 221
1694625660828 1.7941546329815943 222
1694625661088 5.472132372822561 223
1694625661336 6.271857008128154 224
1694625661558 5.155827627865089 225
1694625661767 4.59691228685183 226
1694625661983 5.572139678849845 227
1694625662278 2.8379321400755835 228
1694625662627 5.080872617030353 229
1694625662867 2.557147532782432 230
1694625663161 4.2314124421520125 231
1694625663459 5.21334405047074 232
1694625663698 5.6681786603968245 233
1694625663954 4.992646777740287 234
1694625664179 6.103092367392073 235
1694625664443 7.130081569161768 236
1694625664825 6.537839756642742 237
1694625665104 4.182268553939601 238
1694625665445 2.102289151429343 239
1694625665804 5.70580793866727 240
1694625666146 7.12892350747075 241
1694625666492 5.347981381676331 242
1694625666846 3.0120542350822204 243
1694625667247 5.335971517076597 244
1694625667689 3.6989898154096794 245
1694625668130 2.5940293009700923 246
1694625668413 6.091789250357573 247
1694625668720 5.464299110045273 248
1694625669053 7.114779720140131 249
1694625669452 4.409363023968147 250
1694625669859 0.47175913878733444 251
1694625670254 4.501941235139219 252
1694625670687 8.164069992699885 253
1694625671101 6.091197260192435 254
1694625671523 4.277933429176989 255
1694625671926 4.100942741638139 256
1694625672402 6.783803366584146 257
1694625672829 3.2531434216184274 258
1694625673312 7.196060491536151 259
1694625673793 6.864199719026302 260
1694625674233 4.431528056115898 261
1694625674730 4.9509304809970205 262
1694625675161 3.89820164479839 263
1694625675509 6.133017400879032 264
1694625675780 5.902799746566275 265
1694625676042 5.403445576978286 266
1694625676347 6.034122924521519 267
1694625676679 4.329735043029376 268
1694625677046 2.7717000146353 269
1694625677421 7.220702468479094 270
1694625677856 1.1866255655518496 271
1694625678306 4.585900819670959 272
1694625678732 6.879493814199208 273
1694625679167 5.229526362030853 274
1694625679589 3.3633551066514915 275
1694625680049 5.785571022968832 276
1694625680527 5.252232607102308 277
1694625681012 6.819757688443895 278
1694625681448 5.8516134240068665 279
1694625681719 5.882526335556131 280
1694625682015 5.295448568719812 281
1694625682329 6.616674120035155 282
1694625682619 3.440414244538902 283
1694625682933 6.247947294629859 284
1694625683287 6.635150576687239 285
1694625683585 2.354163447039418 286
1694625683908 5.538308400202249 287
1694625684208 4.477691788270953 288
1694625684569 2.7482371721517005 289
1694625684795 6.1724832238682685 290
1694625685176 1.4867617658444885 291
1694625685516 2.581939463690262 292
1694625685823 3.857616591846181 293
1694625686125 5.488376243135191 294
1694625686363 6.415514693228311 295
1694625686599 4.828293975712966 296
1694625686824 6.916653966337335 297
1694625686970 3.5141624173922077 298
1694625687304 3.7085936519202325 299
1694625687544 2.79006547544182 300
1694625687774 7.2307645776095075 301
1694625687983 4.124819663039691 302
1694625688190 5.005537508902574 303
1694625688450 1.7979058992241712 304
1694625688689 3.4919434678488375 305
1694625688927 10.294125197114234 306
1694625689165 4.079870985073077 307
1694625689412 5.759775961190328 308
1694625689634 1.267895873435707 309
1694625689877 5.684822954266625 310
1694625690111 1.4075927654287428 311
1694625690362 7.199157916684689 312
1694625690599 2.164834056294768 313
1694625690842 5.169827757587935 314
1694625691155 4.882055135156093 315
1694625691434 4.44133918728363 316
1694625691707 8.042920101340165 317
1694625691969 2.5466041294687924 318
1694625692225 5.399310567420613 319
1694625692487 5.896512962055292 320
1694625692747 0.7453780909305376 321
1694625693024 2.588559847716603 322
1694625693298 4.7723702519263105 323
1694625693550 6.949247074082065 324
1694625693801 4.812398458636111 325
1694625694051 2.9394138155310814 326
1694625694322 6.971419948057319 327
1694625694612 2.78070006344851 328
1694625694898 5.436167527015289 329
1694625695151 6.1330029011174245 330
1694625695595 4.552496073129151 331
1694625695883 4.142628050738521 332
1694625696165 2.362240672695809 333
1694625696427 4.168256501637435 334
1694625696765 4.708690295076467 335
1694625697106 1.9187180370634065 336
1694625697393 6.3554966399336905 337
1694625697670 3.685353291370684 338
1694625697941 3.1901938081793015 339
1694625698230 3.118121772451762 340
1694625698498 3.6773239472825314 341
1694625698781 4.6247505049141475 342
1694625699056 4.908149345506395 343
1694625699336 5.565062765429192 344
1694625699639 4.241822461967445 345
1694625699921 3.7056567496865656 346
1694625700207 5.827288523068931 347
1694625700492 6.136643491602705 348
1694625700777 3.0336953550409183 349
1694625701043 6.681456955650213 350
1694625701335 5.9161122425815025 351
1694625701608 5.390393080797896 352
1694625701844 4.999815667702728 353
1694625702133 1.9754060306080716 354
1694625702410 5.4355032595932515 355
1694625702682 10.830312903926506 356
1694625702962 5.385408139987722 357
1694625703212 5.621861566821419 358
1694625703478 4.169243977247084 359
1694625703789 2.61861633481414 360
1694625704047 4.048963240870517 361
1694625704345 5.1515167049408195 362
1694625704620 3.3194174915487356 363
1694625704913 4.644752873210824 364
1694625705167 5.864258312538825 365
1694625705448 6.004712302419175 366
1694625705649 5.910109259958287 367
1694625705936 5.727332298051809 368
1694625706207 4.39413772558585 369
1694625706460 2.848465102042875 370
1694625706741 4.082418550139694 371
1694625707019 7.579969252646026 372
1694625707315 4.217612830142323 373
1694625707486 3.621361393351 374
1694625707810 2.9796170754430995 375
1694625708081 9.165400589054295 376
1694625708367 2.89141702474072 377
1694625708588 4.993597348093979 378
1694625708793 4.691187473991195 379
1694625709075 4.668846708940247 380
1694625709364 5.164269651563042 381
1694625709635 3.3385739224187554 382
1694625709903 3.7901205022270537 383
1694625710186 0.40315756248174267 384
1694625710464 2.697269377007822 385
1694625710751 3.82613625626921 386
1694625710999 5.229621729529411 387
1694625711280 7.298374853291857 388
1694625711589 4.214763408723305 389
1694625711886 2.84739079855185 390
1694625712174 4.610766067489857 391
1694625712417 6.065846544901886 392
1694625712672 4.361284139282507 393
1694625712955 6.928915620271398 394
1694625713241 12.548907711705596 395
1694625713521 3.5175309256438814 396
1694625713811 7.357350993307367 397
1694625714101 4.722329161068497 398
1694625714385 4.35459691880924 399
1694625714659 4.735934617031152 400
1694625714958 0.8443363915805628 401
1694625715210 3.384964113154636 402
1694625715533 2.894526210332279 403
1694625715797 5.294571499447911 404
1694625716050 4.1594503548788095 405
1694625716334 4.702300887817253 406
1694625716652 3.7559701558734098 407
1694625717039 4.279398511430023 408
1694625717382 4.481201295423797 409
1694625717695 6.578476795091782 410
1694625717940 3.796098721783447 411
1694625718315 2.2817773803441104 412
1694625718621 6.225011493287553 413
1694625718929 1.670824119107581 414
1694625719217 6.208096764275389 415
1694625719512 5.801628062658646 416
1694625719819 4.0953092649351115 417
1694625720126 4.715855724925731 418
1694625720474 3.5096685485432007 419
1694625720814 2.6426541266776864 420
1694625721077 3.2468957491698935 421
1694625721367 3.7787532281495695 422
1694625721612 5.218086883880017 423
1694625721886 5.673933023790139 424
1694625722175 3.539625992353705 425
1694625722434 5.452526187980019 426
1694625722709 7.284989383279765 427
1694625723003 5.871797644598439 428
1694625723314 4.1458044066806 429
1694625723606 5.7526185733652335 430
1694625723820 4.641177847916217 431
1694625724142 3.5145623000023383 432
1694625724485 4.4678354183275175 433
1694625724792 5.654334234983296 434
1694625725071 4.0462455148720435 435
1694625725368 3.2150339466806757 436
1694625725657 6.8950209651275 437
1694625725947 6.144676042518723 438
1694625726238 3.3084647749262452 439
1694625726535 5.873102164009743 440
1694625726843 4.044075692945674 441
1694625727203 5.38482144369369 442
1694625727502 5.604047834873188 443
1694625727803 3.1703718179760645 444
1694625728105 5.210829320115913 445
1694625728398 8.434834165319382 446
1694625728689 3.6338133109462847 447
1694625728937 1.1646041792275703 448
1694625729267 5.187989145949901 449
1694625729620 4.9520652493230495 450
1694625730029 4.501359571329076 451
1694625730454 4.89817072538947 452
1694625730847 3.4516962340480477 453
1694625731219 6.803776204630433 454
1694625731621 5.273136834576391 455
1694625731998 3.3826432804675597 456
1694625732387 13.421569456153454 457
1694625732754 5.761760177422017 458
1694625733100 2.665474189584347 459
1694625733470 7.031596993686616 460
1694625733859 7.309519167998558 461
1694625734183 4.402332146684332 462
1694625734556 5.912909857932199 463
1694625734903 2.458651998961192 464
1694625735266 3.4489070071660564 465
1694625735631 3.3980950833030232 466
1694625735957 4.404315872778567 467
1694625736403 4.785226130838331 468
1694625736757 6.267966547113374 469
1694625737066 2.7139295456557067 470
1694625737302 5.361132811896553 471
1694625737652 3.2972974145356497 472
1694625738008 9.136931916803565 473
1694625738346 3.458199501532987 474
1694625738709 1.7656547675581589 475
1694625739037 4.076436178427393 476
1694625739401 3.1441412396177797 477
1694625739732 5.317492043941489 478
1694625740051 4.914450388956818 479
1694625740379 4.551924175620359 480
1694625740744 3.368824281699848 481
1694625741094 2.9974346602874946 482
1694625741450 8.825863453239366 483
1694625741787 6.943300165052063 484
1694625742100 3.6141306226102374 485
1694625742428 5.2618854875876675 486
1694625742802 5.484785275694529 487
1694625743122 3.3006622762644553 488
1694625743472 6.083890997664848 489
1694625743831 4.236271297579741 490
1694625744165 7.643780283015483 491
1694625744534 5.014427413812189 492
1694625744847 4.3765129243232685 493
1694625745192 3.2998090156557778 494
1694625745564 6.883260109272764 495
1694625745936 5.783209235701742 496
1694625746289 4.6108379175993175 497
1694625746673 3.875375133078364 498
1694625747007 3.7508459463196555 499
1694625747387 3.754393974797808 500
1694625747766 5.697363883141865 501
1694625748112 5.7380958878362005 502
1694625748461 5.046017758379278 503
1694625748783 3.051099515558394 504
1694625749136 4.017559839334232 505
1694625749490 5.4675504626532705 506
1694625749854 3.735604251695404 507
1694625750250 5.305688427419556 508
1694625750638 3.9195734202420436 509
1694625750984 4.508848928539277 510
1694625751342 4.875813721230391 511
1694625751652 4.817853220871586 512
1694625751981 3.9244524101214022 513
1694625752290 6.472749717009823 514
1694625752646 5.48926269775247 515
1694625753006 3.433793708329195 516
1694625753317 5.754122854597706 517
1694625753653 4.33566075195476 518
1694625753972 5.697547629383083 519
1694625754298 5.301253953115841 520
1694625754600 4.546834325451106 521
1694625754893 5.048254671994223 522
1694625755177 6.1624684711218976 523
1694625755454 3.1417011194440967 524
1694625755720 7.460858853548382 525
1694625755979 4.711991371482717 526
1694625756293 5.248244712824225 527
1694625756594 4.609456359959674 528
1694625756918 3.7425407499279384 529
1694625757199 5.049355446901541 530
1694625757593 6.420643997746987 531
1694625757998 6.347463356139573 532
1694625758369 2.3733302766045625 533
1694625758680 7.72203945818576 534
1694625758983 8.46561040447057 535
1694625759305 6.078371813006207 536
1694625759627 3.3378608811717934 537
1694625759930 3.3086753716547683 538
1694625760237 1.9805485295483758 539
1694625760567 4.157076424970386 540
1694625760898 4.469686672620513 541
1694625761165 3.9178405183595126 542
1694625761492 5.488970297263105 543
1694625761795 2.1609823065704252 544
1694625762092 4.544635829138541 545
1694625762414 6.249840747880378 546
1694625762705 6.9027017694491555 547
1694625762969 6.992298703419688 548
1694625763273 6.558880838364392 549
1694625763567 3.0711534340578224 550
1694625763839 5.596732686991969 551
1694625764073 5.134069338480979 552
1694625764484 7.425122118944934 553
1694625764872 2.6199915423601206 554
1694625765169 6.576865920455322 555
1694625765503 11.755488289242141 556
1694625765849 3.8858326384058732 557
1694625766156 5.331786406114341 558
1694625766489 4.813569801557818 559
1694625766823 3.3281949737229573 560
1694625767236 5.826258417354115 561
1694625767599 4.295835213224085 562
1694625767957 3.248782631917412 563
1694625768277 7.069121616913632 564
1694625768560 3.718794657231148 565
1694625768886 3.8942919750414147 566
1694625769230 6.211776344389376 567
1694625769523 6.882750892883653 568
1694625769827 2.880914732587751 569
1694625770130 4.366145511469883 570
1694625770470 4.140028568702505 571
1694625770761 2.232193931035021 572
1694625771093 5.829528410468831 573
1694625771385 2.822872210372435 574
