1694623719600 166.44582018456336 0
1694623719625 164.2087049477829 1
1694623719649 162.0830388349224 2
1694623719674 157.2343147509692 3
1694623719698 154.976464877531 4
1694623719724 148.84086611759443 5
1694623719748 147.31507421492438 6
1694623719776 141.8428218035812 7
1694623719806 144.36997863504442 8
1694623719831 139.15586687304673 9
1694623719858 137.02684882139334 10
1694623719885 132.98534157047845 11
1694623719913 132.5108885923332 12
1694623719942 128.7685005970298 13
1694623719972 124.56880074675536 14
1694623720002 122.14884519074678 15
1694623720030 121.13754925135822 16
1694623720058 116.12173101620857 17
1694623720086 115.83737080379136 18
1694623720112 113.20468363788969 19
1694623720137 108.7356732895927 20
1694623720162 108.26154261018772 21
1694623720188 106.44839890985047 22
1694623720212 103.30637682378516 23
1694623720237 101.53575115275068 24
1694623720261 99.32643243355454 25
1694623720289 97.80158743828632 26
1694623720315 96.17115258641296 27
1694623720342 91.96698773998831 28
1694623720371 90.79605650502506 29
1694623720397 88.72372193486123 30
1694623720422 87.31167682674142 31
1694623720445 85.61328155675497 32
1694623720475 84.21575485409144 33
1694623720504 82.70598719518036 34
1694623720533 81.5558310608534 35
1694623720567 79.83962784451218 36
1694623720598 76.77080243922028 37
1694623720629 76.5061732334335 38
1694623720660 75.32399013438044 39
1694623720688 73.31741863155605 40
1694623720717 70.92672326724875 41
1694623720744 70.92490814830262 42
1694623720771 68.6723578975855 43
1694623720803 67.59083863716413 44
1694623720837 65.38972106655999 45
1694623720867 65.12355978954855 46
1694623720907 64.00587540033878 47
1694623720937 62.83888642402745 48
1694623720977 60.58478071494885 49
1694623721009 59.90914625190377 50
1694623721041 59.33633998053373 51
1694623721072 58.084137883731486 52
1694623721106 57.79421620868057 53
1694623721137 56.074305996697134 54
1694623721167 54.846340455363524 55
1694623721196 53.865535297818866 56
1694623721223 52.22548487759257 57
1694623721247 51.61557491050201 58
1694623721275 51.12346699310502 59
1694623721305 49.38494695347816 60
1694623721334 49.708009806857234 61
1694623721363 48.44413282072352 62
1694623721393 47.47755665564772 63
1694623721425 46.97943506244098 64
1694623721457 45.81478775521219 65
1694623721489 45.14904595114526 66
1694623721522 44.40657993396311 67
1694623721555 42.94670778327572 68
1694623721586 42.64895181642299 69
1694623721612 41.91550722631062 70
1694623721638 41.17660420135206 71
1694623721665 40.09994050852018 72
1694623721694 40.3199262725917 73
1694623721724 39.13910845288361 74
1694623721753 38.924738388820835 75
1694623721781 37.6091165456984 76
1694623721809 36.95244391685448 77
1694623721836 36.73904593325364 78
1694623721860 36.02668026116628 79
1694623721886 35.01987380292258 80
1694623721911 34.55153373186899 81
1694623721935 34.307579875634055 82
1694623721960 33.33768138196324 83
1694623721987 33.06007336387759 84
1694623722014 32.31633478507282 85
1694623722044 32.20524322796557 86
1694623722077 31.17658561131348 87
1694623722110 30.91445477293255 88
1694623722140 29.96752070058712 89
1694623722170 30.430643680422527 90
1694623722197 29.73186092558811 91
1694623722222 28.991245309727248 92
1694623722248 28.456695043206064 93
1694623722274 27.804342762991492 94
1694623722303 28.05688107760089 95
1694623722333 27.255208251667398 96
1694623722366 27.1682440161266 97
1694623722399 26.23371818380145 98
1694623722429 26.061838594386987 99
1694623722458 26.226410706210356 100
1694623722484 25.418719786187197 101
1694623722510 25.189717745836997 102
1694623722537 24.669976209785098 103
1694623722563 24.666460930578104 104
1694623722593 23.999978719008933 105
1694623722621 23.74175774842794 106
1694623722652 23.32893047587057 107
1694623722679 23.136898185350454 108
1694623722709 22.712058183407297 109
1694623722736 22.072657585485604 110
1694623722761 21.997548816552285 111
1694623722787 21.525426151649125 112
1694623722817 21.36874613253216 113
1694623722847 21.22274425891634 114
1694623722877 20.79089263920722 115
1694623722909 20.80609039286824 116
1694623722940 19.94840418018475 117
1694623722973 20.00655238654647 118
1694623723006 19.69265190861687 119
1694623723036 19.186088848595357 120
1694623723064 19.21741136387302 121
1694623723093 18.93467458926107 122
1694623723120 18.391970413760745 123
1694623723148 18.476744890819226 124
1694623723177 18.39997844130998 125
1694623723205 17.890548370196033 126
1694623723234 17.721461151437527 127
1694623723263 17.559825958324733 128
1694623723293 17.395894411247085 129
1694623723322 16.850640880706163 130
1694623723351 17.1427263168206 131
1694623723379 16.763249381338117 132
1694623723410 16.51046326191902 133
1694623723438 16.45791068540526 134
1694623723465 16.101163420093393 135
1694623723493 15.971404495935497 136
1694623723523 15.851973472960909 137
1694623723552 15.584340768591154 138
1694623723582 15.280491055262678 139
1694623723611 15.156450742159874 140
1694623723641 14.804954970046253 141
1694623723670 14.808010228318105 142
1694623723699 14.711973808616628 143
1694623723729 14.334316304565883 144
1694623723759 14.51264584632749 145
1694623723787 14.229976185833864 146
1694623723818 13.992916762960252 147
1694623723847 14.0300131517764 148
1694623723877 13.617815433189675 149
1694623723907 13.37558066855748 150
1694623723935 13.148603264967077 151
1694623723959 13.15494305457116 152
1694623723987 13.10246756017235 153
1694623724018 12.79473225935695 154
1694623724045 13.149619626065821 155
1694623724075 12.860946561148062 156
1694623724104 12.509892805562012 157
1694623724130 12.742437397554108 158
1694623724156 12.694193360514948 159
1694623724182 12.155352346136475 160
1694623724212 12.311191347453306 161
1694623724242 12.07435498534538 162
1694623724273 11.879201205552965 163
1694623724306 11.71148280560446 164
1694623724339 11.81227060532864 165
1694623724374 11.425262337727995 166
1694623724404 11.431789781255397 167
1694623724432 11.440666491091138 168
1694623724459 10.846483024635383 169
1694623724487 11.44529958852885 170
1694623724514 11.23554076491603 171
1694623724539 11.17551041452507 172
1694623724566 10.83920371677062 173
1694623724593 10.780755328494653 174
1694623724619 10.65779931135223 175
1694623724644 10.545549069987583 176
1694623724671 10.783017791150792 177
1694623724697 10.300911249272863 178
1694623724728 10.24271584235387 179
1694623724760 10.328903014863094 180
1694623724796 9.963359786967539 181
1694623724826 10.23411704479884 182
1694623724855 9.71368048300221 183
1694623724884 9.801344538779238 184
1694623724911 9.832701770337426 185
1694623724939 9.652091263754587 186
1694623724965 9.686229691673258 187
1694623724992 9.665096932204412 188
1694623725020 9.628107451667923 189
1694623725044 9.59182268206447 190
1694623725070 9.564435155255243 191
1694623725096 9.556564899917207 192
1694623725123 9.136003358777243 193
1694623725153 9.093433094056639 194
1694623725182 8.985305691215872 195
1694623725213 9.081173710999467 196
1694623725242 9.168770647381454 197
1694623725274 9.092742141253042 198
1694623725306 8.898755651875431 199
1694623725334 8.957081207807255 200
1694623725363 8.479695698499224 201
1694623725394 8.715036903317516 202
1694623725422 8.887468851423929 203
1694623725450 8.487457671915807 204
1694623725480 8.557887156687555 205
1694623725512 8.254781665145781 206
1694623725542 8.308785451839823 207
1694623725578 8.24012039082542 208
1694623725612 8.221117376315771 209
1694623725643 8.342616774674005 210
1694623725671 8.127037800338874 211
1694623725697 8.249921780771862 212
1694623725727 8.168004432569084 213
1694623725757 8.144586665168513 214
1694623725786 8.302399341261696 215
1694623725816 8.04272203890183 216
1694623725844 7.862987491085312 217
1694623725877 7.93800477525542 218
1694623725917 7.707705385055438 219
1694623725953 7.811609948582702 220
1694623725984 7.640906918947142 221
1694623726018 7.6162674862277475 222
1694623726046 7.717134462480596 223
1694623726074 7.676620857441884 224
1694623726103 7.607520108962652 225
1694623726130 7.4579567076249225 226
1694623726157 7.3074736006633545 227
1694623726185 7.637537370078995 228
1694623726212 7.235421046548999 229
1694623726239 7.49902351424269 230
1694623726270 7.260967664021352 231
1694623726299 7.354473456722631 232
1694623726327 7.257970565719948 233
1694623726354 7.13833916136268 234
1694623726380 7.04701458627174 235
1694623726405 7.093995532352222 236
1694623726429 7.072536260798272 237
1694623726455 6.948081520220129 238
1694623726478 6.92679994547149 239
1694623726502 7.091558923191577 240
1694623726530 7.127037076859628 241
1694623726561 6.9492038799146645 242
1694623726593 7.1738258410944375 243
1694623726623 6.939942849693569 244
1694623726653 6.7980801357536835 245
1694623726683 6.9077237062332655 246
1694623726712 6.8417860092489855 247
1694623726740 6.881664762945389 248
1694623726767 6.785873539375293 249
1694623726793 6.909687899145407 250
1694623726821 6.693609829309018 251
1694623726850 6.7212501883667155 252
1694623726878 6.585851015234892 253
1694623726908 6.692344027354431 254
1694623726937 6.369243884131767 255
1694623726964 6.753659369102381 256
1694623726992 6.768232125424412 257
1694623727026 6.665521147902634 258
1694623727059 6.637818154516096 259
1694623727091 6.436971183624636 260
1694623727124 6.420558103748175 261
1694623727154 6.351818847366021 262
1694623727186 6.516485053450639 263
1694623727216 6.488462994861711 264
1694623727246 6.255680742342208 265
1694623727276 6.396746479094189 266
1694623727310 6.275363556050389 267
1694623727341 6.23158371676432 268
1694623727377 6.356392449757116 269
1694623727411 6.319798923164451 270
1694623727445 6.232066774710481 271
1694623727477 6.1578764494201454 272
1694623727508 6.518414731776197 273
1694623727538 6.168690186719742 274
1694623727569 6.296706298983276 275
1694623727597 6.238240340195859 276
1694623727626 6.265535312728208 277
1694623727654 6.167567749308268 278
1694623727679 6.0635076535871155 279
1694623727707 6.15849074511801 280
1694623727736 5.98220461197072 281
1694623727762 6.0289737652601065 282
1694623727788 6.001067463335884 283
1694623727814 6.030228803211043 284
1694623727841 5.8186475166906995 285
1694623727870 6.125579306926205 286
1694623727903 6.047908891781081 287
1694623727944 5.942813115297689 288
1694623727980 5.945463047284896 289
1694623728012 5.852160455435158 290
1694623728044 5.94989837111435 291
1694623728076 5.805360288218619 292
1694623728105 5.92056906703708 293
1694623728131 5.924502467200411 294
1694623728157 6.072768057698139 295
1694623728185 5.831066091318071 296
1694623728215 5.79442926398701 297
1694623728245 5.909612695081499 298
1694623728275 5.664248514941286 299
1694623728308 5.851199533186106 300
1694623728339 5.778200411953694 301
1694623728368 5.819493697813466 302
1694623728396 5.763447955166166 303
1694623728426 5.830822833979956 304
1694623728457 5.719913386626724 305
1694623728488 5.5621763290968245 306
1694623728517 5.6576492061839305 307
1694623728544 5.79827119052604 308
1694623728572 5.789783965861326 309
1694623728601 5.738936935266668 310
1694623728630 5.7915856446825025 311
1694623728660 5.56426350223038 312
1694623728694 5.694662910012667 313
1694623728730 5.530494057603515 314
1694623728762 5.6368938354727876 315
1694623728793 5.659501097544134 316
1694623728828 5.588365764606734 317
1694623728858 5.681753212449603 318
1694623728888 5.584079121912302 319
1694623728916 5.678392679797337 320
1694623728944 5.735328867208832 321
1694623728974 5.610990084226158 322
1694623729003 5.410309061329887 323
1694623729032 5.431963676107257 324
1694623729062 5.538805661157899 325
1694623729091 5.417047373736941 326
1694623729120 5.562163438639085 327
1694623729148 5.320898786552834 328
1694623729177 5.453922296341424 329
1694623729205 5.604973328589705 330
1694623729235 5.568717809859828 331
1694623729264 5.4585472005404 332
1694623729294 5.381256783414439 333
1694623729324 5.48073732158573 334
1694623729354 5.335789373610892 335
1694623729384 5.402288728079684 336
1694623729414 5.4538337655890174 337
1694623729446 5.379102427122987 338
1694623729478 5.453966466074355 339
1694623729512 5.440656947812221 340
1694623729550 5.35457613239347 341
1694623729583 5.483862659674405 342
1694623729611 5.431007930739162 343
1694623729641 5.438599006994514 344
1694623729670 5.506627005596361 345
1694623729697 5.251288445240752 346
1694623729725 5.178298257234143 347
1694623729749 5.421838775635472 348
1694623729774 5.461223908834291 349
1694623729798 5.274919774119368 350
1694623729826 5.126527178256569 351
1694623729858 5.317952903451192 352
1694623729887 5.240523465655593 353
1694623729916 5.383555190873776 354
1694623729947 5.453325368182519 355
1694623729978 5.400821743425267 356
1694623730007 5.4120534155546025 357
1694623730036 5.328348175458239 358
1694623730065 5.0057912420505435 359
1694623730094 5.142864523229645 360
1694623730123 5.364240782662828 361
1694623730152 5.289740430573159 362
1694623730178 5.183192495495129 363
1694623730207 5.286280773033801 364
1694623730236 5.127068302679456 365
1694623730264 5.402245655206947 366
1694623730293 5.193168020865552 367
1694623730325 5.200132559693051 368
1694623730355 5.293229887948065 369
1694623730383 5.30559407454759 370
1694623730412 5.214164453227254 371
1694623730441 5.2152704518561395 372
1694623730470 5.36852062842859 373
1694623730504 5.1877071403432025 374
1694623730536 5.263817804760664 375
1694623730570 5.24628049501095 376
1694623730603 5.145612926439741 377
1694623730636 5.194916940995485 378
1694623730664 5.210023703566156 379
1694623730692 5.205662217509672 380
1694623730721 5.197490581100311 381
1694623730753 5.337171811094476 382
1694623730781 5.03471386527403 383
1694623730810 5.240663792717155 384
1694623730840 5.283857818462824 385
1694623730869 5.115621462247294 386
1694623730899 5.231209789340542 387
1694623730930 5.150125657476687 388
1694623730960 5.164802198089761 389
1694623730992 5.17824889172451 390
1694623731022 5.141189680065414 391
1694623731053 5.241680557461481 392
1694623731082 5.215858336244366 393
1694623731109 5.15378072649463 394
1694623731136 5.069209809542253 395
1694623731164 5.144108867028252 396
1694623731193 5.203361663832469 397
1694623731222 5.030821403621013 398
1694623731252 5.285339182168943 399
1694623731279 5.2557239013245685 400
1694623731309 5.063199380980006 401
1694623731339 5.129515922386647 402
1694623731368 5.159622124471077 403
1694623731397 5.067470884533175 404
1694623731426 5.1241355986489765 405
1694623731454 5.240437116991758 406
1694623731484 5.109085449474092 407
1694623731510 5.153265729482915 408
1694623731536 4.799785014044992 409
1694623731562 5.050165715643046 410
1694623731591 5.08730098054633 411
1694623731622 5.170404412081494 412
1694623731654 5.036142919384874 413
1694623731687 5.141807463634229 414
1694623731719 5.07991508243413 415
1694623731753 5.049867737650666 416
1694623731781 4.978155101128727 417
1694623731809 5.222717285706268 418
1694623731839 5.037727605246812 419
1694623731864 5.127493018984 420
1694623731892 4.9174241742782225 421
1694623731921 4.963156952675747 422
1694623731948 4.965830827748031 423
1694623731973 4.9030332594851895 424
1694623731998 5.112718459355344 425
1694623732026 5.111722695166601 426
1694623732059 5.1924396185916075 427
1694623732090 5.100266751639851 428
1694623732119 4.907159608649334 429
1694623732152 5.101754740817832 430
1694623732182 5.141842165194087 431
1694623732210 4.9243746467161875 432
1694623732236 5.20775727942089 433
1694623732261 5.191097879519377 434
1694623732287 5.061408896088448 435
1694623732314 4.903455925980653 436
1694623732342 4.9173779823761405 437
1694623732369 4.8298920239236045 438
1694623732394 4.985812694897261 439
1694623732418 4.9416183711729955 440
1694623732449 5.133815713984834 441
1694623732480 5.045282660860272 442
1694623732510 5.10415665890888 443
1694623732542 5.019765935861678 444
1694623732573 5.125684582603851 445
1694623732598 4.9737584381145075 446
1694623732623 5.013562909881124 447
1694623732648 4.941412629333221 448
1694623732674 5.045188142755172 449
1694623732703 4.907846716080211 450
1694623732732 5.074874194476872 451
1694623732759 5.0611640284662185 452
1694623732784 5.122411195713345 453
1694623732810 5.151244800951242 454
1694623732837 4.967020397209312 455
1694623732863 5.168985283748047 456
1694623732891 5.020961180679411 457
1694623732918 4.9339025191779475 458
1694623732947 4.95636929124056 459
1694623732976 4.914383633246543 460
1694623733005 4.982302402344831 461
1694623733033 5.008940645158918 462
1694623733064 5.064652160924445 463
1694623733093 4.870030600197411 464
1694623733122 5.007306255966653 465
1694623733152 5.029668218001006 466
1694623733181 5.054237734889608 467
1694623733211 4.932763579711722 468
1694623733244 4.835467864206456 469
1694623733272 5.1537388042330115 470
1694623733299 4.910385695822899 471
1694623733326 5.123001821931541 472
1694623733354 4.880637312201802 473
1694623733379 5.023407191965737 474
1694623733405 4.902137913219579 475
1694623733431 4.999217249182948 476
1694623733458 4.9133384438166 477
1694623733484 4.902314471263097 478
1694623733509 4.94984145607112 479
1694623733535 4.982064562796133 480
1694623733562 5.138230237715518 481
1694623733592 4.918502421720229 482
1694623733622 5.0142591182458425 483
1694623733653 5.031656503021217 484
1694623733682 4.885609852446872 485
1694623733712 4.971156018984955 486
1694623733744 4.798187789756665 487
1694623733773 5.047988611650198 488
1694623733800 5.116578891330185 489
1694623733827 5.086334336516437 490
1694623733855 4.941316936565406 491
1694623733882 4.949501645566731 492
1694623733910 4.8851990035127075 493
1694623733938 4.838915057621661 494
1694623733968 4.782891122283195 495
1694623733996 4.904547509534208 496
1694623734030 4.824862616004191 497
1694623734065 4.982176844972368 498
1694623734097 4.968173410895311 499
1694623734131 4.921689141386904 500
1694623734171 4.94763281042393 501
1694623734203 4.888499238554287 502
1694623734234 5.048107682502249 503
1694623734267 4.829913919837984 504
1694623734297 5.005444151998428 505
1694623734328 4.817211019245601 506
1694623734363 5.0090629696342335 507
1694623734397 4.949243767384724 508
1694623734428 4.951099276335354 509
1694623734460 4.840421914540044 510
1694623734490 4.916219350149184 511
1694623734519 5.0228907069483 512
1694623734549 4.9334653665975505 513
1694623734580 4.8636219546822375 514
1694623734609 4.986968527404843 515
1694623734638 5.026690916928156 516
1694623734668 4.990888458703725 517
1694623734696 4.934413435238998 518
1694623734727 4.764005382665742 519
1694623734760 5.00650940285239 520
1694623734794 4.875057039085355 521
1694623734826 4.881127875683742 522
1694623734858 4.904056937902873 523
1694623734889 4.817695870076983 524
1694623734916 5.035803918226303 525
1694623734945 5.008356004642741 526
1694623734971 4.946274163652972 527
1694623734997 4.969480096262459 528
1694623735022 4.876086790888314 529
1694623735047 4.7941899047879 530
1694623735073 4.87507514434425 531
1694623735096 4.930598401641174 532
1694623735122 4.983096820686358 533
1694623735147 4.821841517098104 534
1694623735172 4.873463235360103 535
1694623735197 4.810028641364236 536
1694623735221 4.835277362692987 537
1694623735248 5.021383822423192 538
1694623735273 4.784289872942593 539
1694623735299 4.919047355221631 540
1694623735327 4.937915128329572 541
1694623735360 5.00929889697045 542
1694623735393 4.865248096364527 543
1694623735425 4.878881336552782 544
1694623735457 4.926097460261798 545
1694623735487 4.885902921163944 546
1694623735520 4.942139269123758 547
1694623735550 4.9313763363276335 548
1694623735580 4.916705950869501 549
1694623735608 4.724660942028877 550
1694623735632 4.86338048735143 551
1694623735660 4.79904799837373 552
1694623735690 4.827230535772495 553
1694623735719 4.8714486541282955 554
1694623735749 4.8885391217033005 555
1694623735778 4.931808749062624 556
1694623735808 4.951149422958616 557
1694623735840 4.955865588913853 558
1694623735874 4.922982134295109 559
1694623735907 4.80719397422823 560
1694623735941 4.889672861112273 561
1694623735973 4.845812440030122 562
1694623736004 4.790982776847974 563
1694623736036 4.867479255094724 564
1694623736066 4.888753032998123 565
1694623736095 4.963897917272131 566
1694623736124 4.926528740174374 567
1694623736153 5.062805371824363 568
1694623736180 4.874409849255402 569
1694623736206 4.928733444819706 570
1694623736232 4.92702345623117 571
1694623736258 4.810765789867032 572
1694623736286 5.02308160961143 573
1694623736313 5.016817070290406 574
1694623736340 4.80596293435719 575
1694623736369 4.89772233707518 576
1694623736397 4.829933628704041 577
1694623736424 4.774928449061555 578
1694623736452 4.8322277343399245 579
1694623736479 4.907185472788624 580
1694623736506 4.889133647100092 581
1694623736536 4.861245168377174 582
1694623736564 4.961933147458668 583
1694623736592 4.791366272788717 584
1694623736625 4.902277290106334 585
1694623736656 4.752408293117256 586
1694623736687 4.973233328206464 587
1694623736717 4.896339409364207 588
1694623736748 4.973989941721983 589
1694623736778 4.8814541087866985 590
1694623736805 4.844476543382852 591
1694623736830 4.894055294736641 592
1694623736859 5.1506152289084195 593
1694623736886 4.834995179732113 594
1694623736914 4.967775963176845 595
1694623736943 4.69380005769252 596
1694623736972 4.935889077421179 597
1694623736996 4.730776417652536 598
1694623737022 4.916605612270786 599
1694623737047 4.883738153485654 600
1694623737074 4.6851589553103 601
1694623737100 4.798053474485772 602
1694623737127 4.830828395755437 603
1694623737155 4.818979488136106 604
1694623737187 4.895012252718061 605
1694623737218 4.8099772212573 606
1694623737248 4.756598827170453 607
1694623737282 4.7633561653768925 608
1694623737311 4.9051876704334525 609
1694623737337 4.935201364418967 610
1694623737365 4.872934711926577 611
1694623737393 4.80492983349514 612
1694623737419 4.863218652605758 613
1694623737447 4.92254383072468 614
1694623737477 4.819669890845702 615
1694623737506 4.968256308093416 616
1694623737534 4.902604983334329 617
1694623737563 4.852823886547763 618
1694623737594 5.06474738413898 619
1694623737627 4.89538680369682 620
1694623737657 4.905633081085611 621
1694623737690 4.989040970385096 622
1694623737720 4.820882243973101 623
1694623737750 4.931633213020781 624
1694623737781 4.9531349245861716 625
1694623737810 4.847220159660145 626
1694623737837 4.849239310696373 627
1694623737864 4.955156202521897 628
1694623737893 4.839894133738966 629
1694623737921 4.858442450347166 630
1694623737949 5.042450425204159 631
1694623737982 4.949560369481235 632
1694623738021 4.966837272726501 633
1694623738064 4.939168728737825 634
1694623738096 4.860678174169518 635
1694623738125 4.795836427292403 636
1694623738152 4.8052918003193845 637
1694623738181 4.805444291588857 638
1694623738209 4.8463643458790155 639
1694623738237 4.8848095069282556 640
1694623738266 4.961895846215776 641
1694623738294 4.892668187766505 642
1694623738323 4.962501963449213 643
1694623738354 5.046723173490411 644
1694623738389 4.892992904004567 645
1694623738419 4.797539677670768 646
1694623738450 4.8681723449525185 647
1694623738482 4.936034416661092 648
1694623738515 4.9256716292381215 649
1694623738545 4.825958309980559 650
1694623738576 4.845010036850244 651
1694623738606 4.986143524029256 652
1694623738635 4.840714810988999 653
1694623738664 4.897280559609874 654
1694623738695 4.911088313321482 655
1694623738727 4.850470259728752 656
1694623738758 4.765527171610735 657
1694623738794 4.805698308126614 658
1694623738829 4.926949994651457 659
1694623738870 5.040979157413041 660
1694623738902 4.798711777762403 661
1694623738931 4.767651704201381 662
1694623738960 4.917397737358863 663
1694623738989 4.848655511077688 664
1694623739018 4.900308399045437 665
1694623739047 4.784056652604622 666
1694623739076 5.019834631266801 667
1694623739106 4.837602664688551 668
1694623739135 4.96813480769924 669
1694623739163 4.8307518474259075 670
1694623739192 4.786705439194158 671
1694623739220 5.049031099666511 672
1694623739246 4.949753479156326 673
1694623739275 4.993461550401405 674
1694623739303 4.867635095953457 675
1694623739329 4.7440322486049995 676
1694623739355 4.7257707926859975 677
1694623739384 4.781150297485723 678
1694623739410 4.7564115894858485 679
1694623739441 4.848480578646018 680
1694623739472 4.880711661352505 681
1694623739504 5.020124063093761 682
1694623739535 4.845456503021367 683
1694623739566 4.861886032177321 684
1694623739596 4.885452431859524 685
1694623739623 4.844172505236336 686
1694623739653 4.871020086265894 687
1694623739685 5.055174139861179 688
1694623739715 5.018238085967028 689
1694623739743 4.724401612288957 690
1694623739774 5.0479340616475366 691
1694623739803 4.861197549070297 692
1694623739834 4.924635617864971 693
1694623739863 4.8545103906906935 694
1694623739894 4.80028712598219 695
1694623739927 4.79282468078091 696
1694623739959 4.941031772292224 697
1694623739992 4.7604030961824 698
1694623740028 4.9487341221417775 699
1694623740061 4.817467083999333 700
1694623740092 4.941190535550723 701
1694623740122 4.969290004189137 702
1694623740153 4.952512300773287 703
1694623740180 4.841147223591919 704
1694623740206 4.759798749090839 705
1694623740232 4.788119619159407 706
1694623740261 4.710902378075796 707
