1694623652136 0.004128942757215648 0
1694623652163 0.002706153322935001 1
1694623652193 0.0038783960061117284 2
1694623652221 0.003312977022602137 3
1694623652245 0.003022935105505664 4
1694623652270 0.004422444423559435 5
1694623652296 0.003091163346027326 6
1694623652323 0.0036674270251977337 7
1694623652346 0.002314668371153239 8
1694623652375 0.004167547408377659 9
1694623652403 0.0040126716464286005 10
1694623652430 0.005175148205881164 11
1694623652454 0.003207413749826693 12
1694623652478 0.004449833122324498 13
1694623652504 0.003775416918880614 14
1694623652529 0.003141161266060122 15
1694623652554 0.0033293082667987806 16
1694623652585 0.002688270673383064 17
1694623652621 0.004380343923785945 18
1694623652654 0.004358437420243333 19
1694623652685 0.003938484415021426 20
1694623652715 0.004489733079359293 21
1694623652739 0.003460233463135065 22
1694623652766 0.005050593876751774 23
1694623652793 0.00582019046183635 24
1694623652819 0.005288606147294428 25
1694623652844 0.00585959889796972 26
1694623652871 0.0055770247211524016 27
1694623652898 0.006619415071201895 28
1694623652924 0.004814682728532249 29
1694623652952 0.005260917010358579 30
1694623652981 0.005731896179373863 31
1694623653010 0.005120065265676987 32
1694623653038 0.006566081832188764 33
1694623653064 0.00589738566205722 34
1694623653091 0.006843745190860839 35
1694623653118 0.006164764721170779 36
1694623653142 0.005981298070156793 37
1694623653169 0.005956877103827751 38
1694623653196 0.006398365231423897 39
1694623653221 0.004533627412361074 40
1694623653245 0.005647891943134309 41
1694623653270 0.008198888521292802 42
1694623653299 0.005911663123006949 43
1694623653326 0.00627173086847066 44
1694623653356 0.006811412523806459 45
1694623653401 0.00754952491976868 46
1694623653441 0.005183160034263112 47
1694623653501 0.007096001071571378 48
1694623653535 0.0076430626414204506 49
1694623653570 0.005439292678934171 50
1694623653600 0.006874818112429515 51
1694623653630 0.008252652742009148 52
1694623653658 0.008768407599161088 53
1694623653687 0.008529082300614554 54
1694623653717 0.009141360271439858 55
1694623653742 0.008329602720058227 56
1694623653767 0.007768105738504283 57
1694623653793 0.010147853622194392 58
1694623653819 0.006626707585628777 59
1694623653845 0.007360695703061637 60
1694623653875 0.008976029314866962 61
1694623653903 0.008870331616890104 62
1694623653931 0.009928816502018378 63
1694623653959 0.008798760641886005 64
1694623653988 0.008767576207878158 65
1694623654018 0.006557749320231454 66
1694623654045 0.012512222037785237 67
1694623654074 0.010361883517442605 68
1694623654106 0.008353174997449031 69
1694623654139 0.00955481791225632 70
1694623654170 0.00847351572578725 71
1694623654202 0.008711755713326497 72
1694623654231 0.010823249012587466 73
1694623654259 0.010643402251624301 74
1694623654289 0.00924054254429596 75
1694623654317 0.01107967766609086 76
1694623654341 0.012048955465096212 77
1694623654367 0.01046137653257817 78
1694623654395 0.008459250310215216 79
1694623654423 0.012975570722444707 80
1694623654449 0.012749495484640105 81
1694623654475 0.009117174258028715 82
1694623654502 0.011574177948292075 83
1694623654529 0.011783687392688313 84
1694623654554 0.010408198519121226 85
1694623654578 0.012279545203990327 86
1694623654606 0.014488071183602402 87
1694623654634 0.012842800359164852 88
1694623654659 0.012668433053871664 89
1694623654685 0.014089182337587158 90
1694623654710 0.013840645845182964 91
1694623654735 0.015954476067131407 92
1694623654759 0.015195365777141645 93
1694623654785 0.01777894563482163 94
1694623654810 0.01314716249015535 95
1694623654837 0.015160478868048832 96
1694623654863 0.014488693545781417 97
1694623654894 0.013435758341638904 98
1694623654924 0.015725713748228065 99
1694623654953 0.013922328813227636 100
1694623654981 0.015357415729615465 101
1694623655010 0.017455761230039335 102
1694623655040 0.017137788474068105 103
1694623655066 0.01353576107325316 104
1694623655092 0.018226588670659183 105
1694623655127 0.012755423824125423 106
1694623655155 0.015093192424380675 107
1694623655186 0.01997611706244251 108
1694623655219 0.01825628293728998 109
1694623655251 0.01887502961246612 110
1694623655284 0.01687936376450394 111
1694623655314 0.021182589315897227 112
1694623655341 0.0176139459266782 113
1694623655371 0.016380840714334877 114
1694623655400 0.01680464162175066 115
1694623655429 0.021268127774103807 116
1694623655455 0.018774249198836968 117
1694623655481 0.01912101116738185 118
1694623655509 0.020447049364478942 119
1694623655537 0.017134278032685746 120
1694623655566 0.01824169907180473 121
1694623655594 0.020133581198986228 122
1694623655626 0.027059065548315053 123
1694623655656 0.016954027241778524 124
1694623655687 0.02429869376253735 125
1694623655720 0.020819052476920508 126
1694623655751 0.018452339351256564 127
1694623655782 0.019694981566995784 128
1694623655811 0.022301865955956623 129
1694623655838 0.023717469217288456 130
1694623655867 0.024206229898933396 131
1694623655894 0.021309537527194555 132
1694623655923 0.019332263299672192 133
1694623655949 0.02227658041223568 134
1694623655975 0.02825107141028349 135
1694623656002 0.021322857695752484 136
1694623656031 0.030153092929973924 137
1694623656058 0.019433731324521863 138
1694623656087 0.02688809217540189 139
1694623656119 0.025770348897026785 140
1694623656146 0.025088226098311073 141
1694623656175 0.028727005389313387 142
1694623656204 0.024519958516124984 143
1694623656233 0.025492130832456716 144
1694623656261 0.02298542753473687 145
1694623656291 0.028597530937146676 146
1694623656320 0.030332994553072146 147
1694623656348 0.026350592870374112 148
1694623656381 0.026096717668872893 149
1694623656413 0.03017748241010143 150
1694623656446 0.0346528540016664 151
1694623656479 0.025047144033275126 152
1694623656517 0.02258532675644309 153
1694623656547 0.029566313694063595 154
1694623656580 0.02876153267554915 155
1694623656617 0.020587828623617965 156
1694623656645 0.036634028485646786 157
1694623656675 0.025678687507815767 158
1694623656706 0.0351458024358724 159
1694623656736 0.02948448655048974 160
1694623656768 0.034585626882792764 161
1694623656799 0.033013355708499614 162
1694623656832 0.029206901183742695 163
1694623656863 0.028838549915543465 164
1694623656895 0.0302292104120524 165
1694623656926 0.03220935044630602 166
1694623656954 0.03432381950859997 167
1694623656981 0.029305564626638136 168
1694623657010 0.03643377167864714 169
1694623657037 0.024243105583832802 170
1694623657063 0.026476369842315828 171
1694623657093 0.02849241431332039 172
1694623657129 0.03661269948439527 173
1694623657161 0.028648047272858523 174
1694623657192 0.02900543300951286 175
1694623657221 0.032732901359814104 176
1694623657246 0.03473944755787606 177
1694623657274 0.037159449632100605 178
1694623657301 0.038929609459932624 179
1694623657331 0.04079567327522893 180
1694623657359 0.028731656341454692 181
1694623657390 0.03722888472455632 182
1694623657420 0.037394891527150365 183
1694623657453 0.042373436002573484 184
1694623657486 0.050367366131904734 185
1694623657521 0.03739850995001437 186
1694623657557 0.041161081677194566 187
1694623657589 0.034835966594443546 188
1694623657624 0.0422764499232845 189
1694623657653 0.032363077061850154 190
1694623657683 0.03307684566289193 191
1694623657711 0.04235274628703434 192
1694623657740 0.036455368398630505 193
1694623657771 0.036995648350985344 194
1694623657799 0.04167552024613064 195
1694623657830 0.039968788429932345 196
1694623657860 0.037997772525890205 197
1694623657892 0.04094042190125324 198
1694623657927 0.03476302111398433 199
1694623657957 0.04096335776436988 200
1694623657987 0.041790858061052205 201
1694623658018 0.0405991989144997 202
1694623658046 0.03735896750765222 203
1694623658074 0.04651332889544191 204
1694623658105 0.053150669612849866 205
1694623658136 0.04452275445579579 206
1694623658166 0.05029454846056303 207
1694623658195 0.03468619339205725 208
1694623658225 0.040105242776459216 209
1694623658251 0.04607918199045158 210
1694623658276 0.04029681127988616 211
1694623658304 0.038700350358812585 212
1694623658330 0.042733272294308344 213
1694623658357 0.045723476853785416 214
1694623658382 0.04514675072732355 215
1694623658407 0.0392855961881492 216
1694623658435 0.03571136994588309 217
1694623658461 0.048406793159940675 218
1694623658491 0.043601217902766054 219
1694623658525 0.052945525538561466 220
1694623658555 0.03701252878424999 221
1694623658585 0.05940916225464121 222
1694623658621 0.04903066766281483 223
1694623658653 0.037307409659249724 224
1694623658684 0.059817054037179074 225
1694623658714 0.04797319007505563 226
1694623658745 0.05860091176600024 227
1694623658773 0.0491649338829947 228
1694623658800 0.049735371722412824 229
1694623658826 0.05083740634298539 230
1694623658851 0.05798895469351739 231
1694623658879 0.05845025737475018 232
1694623658906 0.05408446210573481 233
1694623658934 0.04943786984078158 234
1694623658962 0.050514304287817 235
1694623658994 0.05231643034754141 236
1694623659028 0.04689310109659228 237
1694623659061 0.04375780800076445 238
1694623659093 0.06866190140009776 239
1694623659129 0.05176389965382233 240
1694623659159 0.04361210986478392 241
1694623659189 0.04383906755111766 242
1694623659218 0.04128643367705187 243
1694623659247 0.04492630236577566 244
1694623659276 0.050503010647182434 245
1694623659308 0.04834150772397183 246
1694623659340 0.050026241282506545 247
1694623659375 0.0649710697986986 248
1694623659408 0.04842911785192672 249
1694623659441 0.04380817480533583 250
1694623659473 0.06051985598509435 251
1694623659502 0.05615273820810407 252
1694623659531 0.06336989513490787 253
1694623659560 0.053960510601215206 254
1694623659589 0.05431107914888467 255
1694623659621 0.0548236627912404 256
1694623659651 0.056311653487043034 257
1694623659679 0.0631674154752978 258
1694623659709 0.050670493902575275 259
1694623659738 0.05573036016305 260
1694623659768 0.06231658812032648 261
1694623659797 0.060919818949678683 262
1694623659829 0.05156476511451025 263
1694623659858 0.0500482997622167 264
1694623659894 0.04793529062648649 265
1694623659929 0.06088235663815844 266
1694623659960 0.06376063923843844 267
1694623659993 0.043142846776314636 268
1694623660027 0.06112901830027195 269
1694623660056 0.045765815789236886 270
1694623660084 0.06901982419367181 271
1694623660114 0.05937625556631099 272
1694623660146 0.062428711350600685 273
1694623660178 0.06561323739992853 274
1694623660212 0.05242438169873298 275
1694623660251 0.07291661123114179 276
1694623660283 0.0558056308183591 277
1694623660311 0.04652526387573286 278
1694623660341 0.04034127529841858 279
1694623660371 0.06607794914172771 280
1694623660400 0.04789278888324544 281
1694623660426 0.055534408736518825 282
1694623660456 0.054610892184604465 283
1694623660483 0.04412708777937224 284
1694623660510 0.07112860671918964 285
1694623660537 0.05962740457832871 286
1694623660571 0.06020081124378762 287
1694623660603 0.05079381009382167 288
1694623660634 0.045483916450392736 289
1694623660669 0.05087319160573012 290
1694623660707 0.0677297349939544 291
1694623660779 0.04862848529924024 292
1694623660821 0.0625346939874224 293
1694623660855 0.0587087367282354 294
1694623660885 0.056231893959318935 295
1694623660915 0.05685138966903647 296
1694623660943 0.06152585835359692 297
1694623660971 0.05820985965904235 298
1694623661002 0.05248789114973085 299
1694623661029 0.0506402937117012 300
1694623661057 0.06308665988353068 301
1694623661084 0.06244302539457158 302
1694623661113 0.06089375983730427 303
1694623661143 0.07142401113852903 304
1694623661174 0.06484964109369196 305
1694623661203 0.04935054806317962 306
1694623661233 0.0830585058846659 307
1694623661265 0.06554980590800286 308
1694623661300 0.06563348442335148 309
1694623661328 0.06496452133955544 310
1694623661360 0.05903662220955297 311
1694623661387 0.06795561869076927 312
1694623661415 0.06819783208393304 313
1694623661442 0.06831198337242905 314
1694623661468 0.059867193396907714 315
1694623661493 0.07215594114482493 316
1694623661521 0.07498028048619776 317
1694623661551 0.06626496012694572 318
1694623661581 0.06831563244294914 319
1694623661613 0.07583082106201511 320
1694623661642 0.07652583068407459 321
1694623661672 0.060617092350894186 322
1694623661703 0.06539755549959414 323
1694623661735 0.07825498091003846 324
1694623661771 0.06527883336454421 325
1694623661806 0.05523698356151885 326
1694623661841 0.06899299535851533 327
1694623661871 0.06507539636454596 328
1694623661899 0.057313083521912334 329
1694623661927 0.06356997013461352 330
1694623661956 0.07568142672928457 331
1694623661984 0.05368862448032352 332
1694623662013 0.06935668796881089 333
1694623662040 0.061678600482026 334
1694623662069 0.07874572495752497 335
1694623662097 0.06717132777227985 336
1694623662127 0.07444106485808433 337
1694623662155 0.06254504478443301 338
1694623662184 0.0727877425024569 339
1694623662211 0.05359626802970385 340
1694623662240 0.0647667138904956 341
1694623662268 0.06763468655833682 342
1694623662296 0.06675133066313044 343
1694623662323 0.08156030490291388 344
1694623662350 0.06592993599943986 345
1694623662380 0.07031814811666781 346
1694623662411 0.06585939397768059 347
1694623662442 0.07297770290835193 348
1694623662475 0.05364698093908471 349
1694623662506 0.05995230422064368 350
1694623662535 0.04753526176669831 351
1694623662564 0.06833495878855833 352
1694623662593 0.05608540535639006 353
1694623662623 0.07122042163863307 354
1694623662651 0.05423924773852029 355
1694623662679 0.06136736448733282 356
1694623662708 0.061449060992937454 357
1694623662733 0.0665607598010779 358
1694623662760 0.07846183887246394 359
1694623662787 0.07370513343881036 360
1694623662816 0.06517801247126542 361
1694623662843 0.06927874711606119 362
1694623662875 0.056784180373744 363
1694623662908 0.07736173654828171 364
1694623662940 0.05658248669217747 365
1694623662973 0.05999357349692691 366
1694623663006 0.062189223024868956 367
1694623663033 0.07062705193469476 368
1694623663061 0.08916822424809334 369
1694623663091 0.0663664611664837 370
1694623663119 0.06341827561578517 371
1694623663145 0.060851502996192464 372
1694623663171 0.08364772037811652 373
1694623663198 0.05459755961530399 374
1694623663226 0.07815918127668764 375
1694623663252 0.061688142502496324 376
1694623663281 0.06004014593776852 377
1694623663310 0.08120169457699433 378
1694623663336 0.06840068001387312 379
1694623663364 0.05800190831102514 380
1694623663389 0.045052426846103555 381
1694623663412 0.07316680964514966 382
1694623663437 0.0624519339394507 383
1694623663464 0.05018853777877996 384
1694623663491 0.07483826687127737 385
1694623663518 0.062414299828752684 386
1694623663542 0.0669067925910597 387
1694623663570 0.0514128484108447 388
1694623663598 0.06845833835043935 389
1694623663630 0.06690267328751343 390
1694623663662 0.07880372440788863 391
1694623663694 0.059042644147486945 392
1694623663726 0.07175851815987411 393
1694623663757 0.06472343324837004 394
1694623663787 0.06625086377171929 395
1694623663811 0.07097106237554263 396
1694623663837 0.06936254486676585 397
1694623663863 0.05865851154304258 398
1694623663888 0.06678387075298609 399
1694623663913 0.06746961168257726 400
1694623663939 0.05715264355004379 401
1694623663965 0.06375116119582702 402
1694623663990 0.06330926972512851 403
1694623664026 0.06587784080501646 404
1694623664060 0.06000562038333057 405
1694623664094 0.06339581858644194 406
1694623664129 0.07055593278572758 407
1694623664164 0.06826538305938534 408
1694623664199 0.0696171300853643 409
1694623664231 0.07093568054810073 410
1694623664260 0.07395703802550535 411
1694623664290 0.07001129323415634 412
1694623664318 0.06556471929335328 413
1694623664343 0.06346302396473691 414
1694623664372 0.06599687252420605 415
1694623664397 0.06584310267840032 416
1694623664423 0.07207281090737283 417
1694623664448 0.07903887715490054 418
1694623664476 0.06128947397554174 419
1694623664505 0.0686629931222309 420
1694623664533 0.06470979786121323 421
1694623664565 0.06859807442658816 422
1694623664595 0.06883926647795235 423
1694623664628 0.06400417035843164 424
1694623664659 0.06589492806961872 425
1694623664685 0.06871296669901972 426
1694623664711 0.09978064984461987 427
1694623664736 0.08424283395992771 428
1694623664761 0.07644804006398909 429
1694623664787 0.07484565538314936 430
1694623664811 0.06799638626794213 431
1694623664835 0.04573239575178312 432
1694623664861 0.0647851537212627 433
1694623664885 0.07337530456371888 434
1694623664909 0.062048289196786066 435
1694623664934 0.06347385722812493 436
1694623664959 0.05890130740738009 437
1694623664985 0.08795286504439481 438
1694623665012 0.07765671370929372 439
1694623665036 0.07767936906814077 440
1694623665062 0.07545426303408209 441
1694623665088 0.07970331767617067 442
1694623665116 0.07533028730299962 443
1694623665142 0.08669101746148833 444
1694623665168 0.0701739223494946 445
1694623665193 0.07048130094777105 446
1694623665218 0.07050545539863595 447
1694623665246 0.06503952628038068 448
1694623665280 0.06846348374347822 449
1694623665317 0.07092424504441996 450
1694623665347 0.06509979417603107 451
1694623665385 0.06735005112641246 452
1694623665415 0.0677225481187157 453
1694623665440 0.07162284109553496 454
1694623665466 0.06604226813129233 455
1694623665491 0.07579158078335635 456
1694623665517 0.06857781326691237 457
1694623665543 0.07588991456787153 458
1694623665573 0.07248129315881668 459
1694623665600 0.05863654787770678 460
1694623665628 0.0650370981209436 461
1694623665658 0.0725401132762985 462
1694623665690 0.08360494356437076 463
1694623665723 0.07213214071631635 464
1694623665752 0.07688919224400592 465
1694623665786 0.06200586669730479 466
1694623665817 0.07139798351097182 467
1694623665843 0.06260470353914638 468
1694623665873 0.061064591414444536 469
1694623665898 0.0771723512061323 470
1694623665924 0.06885075425096865 471
1694623665949 0.06973705562612975 472
1694623665976 0.08158871089586894 473
1694623666003 0.06885943313704179 474
1694623666030 0.08196301790497762 475
1694623666057 0.06854408493712827 476
1694623666085 0.06440759866004964 477
1694623666115 0.078565790310267 478
1694623666142 0.06770699345231024 479
1694623666174 0.07409558541934913 480
1694623666201 0.06480638994018906 481
1694623666227 0.07095801070883723 482
1694623666256 0.07143752143477822 483
1694623666286 0.05889399470981149 484
1694623666322 0.0614747224551041 485
1694623666357 0.05938791212207806 486
1694623666401 0.08945510672956858 487
1694623666436 0.057185037176623044 488
1694623666469 0.09039154794448112 489
1694623666501 0.05875240774830981 490
1694623666530 0.07130620978636082 491
1694623666561 0.09602084128296062 492
1694623666589 0.08239182467387784 493
1694623666621 0.06748904779004228 494
1694623666647 0.07182763804269365 495
1694623666676 0.07059680810194602 496
1694623666708 0.06946877242688132 497
1694623666738 0.06432812732260529 498
1694623666769 0.08291298087983345 499
1694623666804 0.07187762340012815 500
1694623666834 0.06565047394532153 501
1694623666863 0.06763979255244346 502
1694623666894 0.05577396212984964 503
1694623666923 0.06452450251956421 504
1694623666951 0.0835053841244674 505
1694623666981 0.08371850707217421 506
1694623667010 0.08334846052684053 507
1694623667038 0.05225848835070224 508
1694623667067 0.07512499444980603 509
1694623667096 0.08122136271281799 510
1694623667126 0.08099128087034702 511
1694623667155 0.06105996186438856 512
1694623667189 0.06251318027108688 513
1694623667224 0.06535684715346635 514
1694623667261 0.07288014650141894 515
1694623667296 0.06103865683416565 516
1694623667329 0.06076032339754023 517
1694623667363 0.056651786289599215 518
1694623667399 0.05968305220248504 519
1694623667431 0.07654161470243814 520
1694623667461 0.086165436031581 521
1694623667492 0.07296969552191346 522
1694623667521 0.06831814325376839 523
1694623667546 0.06962198686828003 524
1694623667576 0.052132632031935855 525
1694623667604 0.06104777616488466 526
1694623667634 0.06860955413053893 527
1694623667661 0.07767607239675911 528
1694623667691 0.06837977292334274 529
1694623667719 0.0638953868043931 530
1694623667746 0.07128555439355722 531
1694623667774 0.0815021018122638 532
1694623667803 0.06315030856783144 533
1694623667833 0.0811393303376361 534
1694623667862 0.07543712185411589 535
1694623667894 0.07071025187454671 536
1694623667924 0.07461856981535564 537
1694623667953 0.05610511889321523 538
1694623667983 0.06806574007511945 539
1694623668011 0.05631394065794293 540
1694623668037 0.060548344736966464 541
1694623668063 0.0696137209322546 542
1694623668089 0.048709301671954086 543
1694623668120 0.05392812102605449 544
1694623668146 0.05663982069883622 545
1694623668174 0.05510934230926556 546
1694623668203 0.06910154988569006 547
1694623668230 0.047863210529312306 548
1694623668255 0.06749970028038577 549
1694623668279 0.07232619664647755 550
1694623668307 0.07819124026932434 551
1694623668333 0.07453733805834029 552
1694623668361 0.07775430494704005 553
1694623668391 0.07135227496389673 554
1694623668423 0.07711857912426823 555
1694623668454 0.08676042570137854 556
1694623668485 0.06844264258529098 557
1694623668517 0.05260939510517271 558
1694623668545 0.06970077792829399 559
1694623668578 0.06172918280145412 560
1694623668610 0.056725646160839305 561
1694623668639 0.05479757665843188 562
1694623668668 0.07098522005439323 563
1694623668694 0.07048605381362938 564
1694623668723 0.06264574554886226 565
1694623668751 0.05991682649207508 566
1694623668780 0.0732812743830854 567
1694623668809 0.07052515487179245 568
1694623668838 0.07033178311541166 569
1694623668870 0.06124855282147579 570
1694623668909 0.06834966593207203 571
1694623668943 0.05361742246324275 572
1694623668984 0.05367453399356992 573
1694623669017 0.06839075643943338 574
1694623669050 0.06446677456801952 575
1694623669083 0.07031743361203735 576
1694623669115 0.07202367501477458 577
1694623669143 0.07989903211623006 578
1694623669175 0.05676431336102716 579
1694623669209 0.08136142616206254 580
1694623669240 0.06730993310738742 581
1694623669274 0.06985384752752599 582
1694623669309 0.07191627139665702 583
1694623669337 0.0638859872949874 584
1694623669367 0.08990882133402445 585
1694623669399 0.06365162958375292 586
1694623669429 0.08423309695402548 587
1694623669457 0.060246876167917685 588
1694623669488 0.07322419547970394 589
1694623669515 0.07239898906561759 590
1694623669541 0.08563080668988554 591
1694623669570 0.06582954144626407 592
1694623669603 0.05921095500518969 593
1694623669631 0.06403444965261873 594
1694623669660 0.06365133811165269 595
1694623669694 0.050722365599635943 596
1694623669726 0.07947419448607873 597
1694623669755 0.05807546169013067 598
1694623669785 0.0579872656842938 599
1694623669817 0.07771187841772631 600
1694623669843 0.06206264297699182 601
1694623669870 0.08065603597512816 602
1694623669896 0.07026392010478644 603
1694623669923 0.062067335623409825 604
1694623669953 0.07399951272783745 605
1694623669983 0.060091204081607175 606
1694623670015 0.07896797274763079 607
1694623670045 0.08140184288071228 608
1694623670075 0.07178806503568991 609
1694623670109 0.06584314244699851 610
1694623670139 0.06264022949498482 611
1694623670167 0.07968574805384154 612
1694623670196 0.07338540514341363 613
1694623670225 0.057959575258979656 614
1694623670254 0.07390326897905342 615
1694623670283 0.08350066725739769 616
1694623670314 0.07262312523120862 617
1694623670343 0.06841801565667649 618
1694623670376 0.08221595206277421 619
1694623670405 0.06016317994212894 620
1694623670432 0.07596156693620837 621
1694623670461 0.07910727524414429 622
1694623670491 0.071224447309857 623
1694623670525 0.07067653470261437 624
1694623670561 0.07317761115237165 625
1694623670596 0.05782660856673916 626
1694623670632 0.07082992370871366 627
1694623670661 0.06435289435035862 628
1694623670691 0.059922672691583134 629
1694623670718 0.07491919974529349 630
1694623670745 0.08167990931089741 631
1694623670773 0.05834372765586515 632
1694623670802 0.083208151408107 633
1694623670830 0.07178376100068995 634
1694623670857 0.07908213402891073 635
1694623670883 0.06775514595171861 636
1694623670922 0.055493197050102916 637
1694623670966 0.05819292477896143 638
1694623671005 0.07484552431547897 639
1694623671037 0.05997950583797884 640
1694623671068 0.06867656855481707 641
1694623671096 0.06421710359878086 642
1694623671125 0.07229022674801322 643
1694623671155 0.06892930329661395 644
1694623671191 0.06651067374255304 645
1694623671229 0.06780445044091099 646
1694623671266 0.05951598387518242 647
1694623671305 0.07575590796561671 648
1694623671336 0.0700209952162274 649
1694623671370 0.065468260961983 650
1694623671404 0.07164506210364185 651
1694623671428 0.07158399822037187 652
1694623671453 0.07047981858996133 653
1694623671478 0.07549054730592253 654
1694623671505 0.05340397181062739 655
1694623671531 0.07414044833770428 656
1694623671559 0.06585951219979314 657
1694623671587 0.06114373194973377 658
1694623671620 0.07570909067030374 659
1694623671652 0.0707271947042839 660
1694623671692 0.0697226147598321 661
1694623671736 0.06689446889313988 662
1694623671777 0.06534588677514808 663
1694623671816 0.07890021407568071 664
1694623671850 0.08614915572080473 665
1694623671883 0.0680265429807766 666
1694623671913 0.08403829437517085 667
1694623671940 0.0714753202873678 668
1694623671967 0.07035320935469414 669
1694623671995 0.07375255245801327 670
1694623672027 0.06959888263135694 671
1694623672059 0.04334433164316076 672
1694623672090 0.07720622359023621 673
1694623672123 0.06223961562952718 674
1694623672154 0.06964511022310416 675
1694623672187 0.08108324459775706 676
1694623672223 0.061265527993514035 677
1694623672256 0.07629757037210194 678
1694623672297 0.08308359442640145 679
1694623672338 0.07412034975473292 680
1694623672378 0.07861036750086992 681
1694623672410 0.09406254475085984 682
1694623672442 0.06929233957295877 683
1694623672473 0.06774159146887437 684
1694623672502 0.07215469296878341 685
1694623672531 0.07163243190256086 686
1694623672561 0.060554268241150844 687
1694623672593 0.06755138589713972 688
1694623672631 0.07837060525385975 689
1694623672664 0.08653383870264253 690
1694623672698 0.06760894268879503 691
1694623672734 0.0685835008142438 692
1694623672773 0.06505157048174548 693
1694623672805 0.0735171861199887 694
1694623672837 0.07270026667287732 695
1694623672867 0.08223703934181703 696
1694623672894 0.07635106731934882 697
1694623672923 0.05395380880447831 698
1694623672951 0.07151434363199649 699
1694623672978 0.053935454461292665 700
1694623673006 0.06374557811192616 701
1694623673032 0.0946458137204429 702
1694623673056 0.07953583303127199 703
1694623673080 0.06646396698497281 704
1694623673107 0.07914704575429166 705
1694623673135 0.06533143245160666 706
1694623673161 0.0633275476300813 707
1694623673188 0.06140314809354952 708
