1694630544753 0.0 0
1694630544960 0.0 1
1694630545175 0.0 2
1694630545384 0.0 3
1694630545584 0.0 4
1694630545775 0.0 5
1694630545980 0.0 6
1694630546191 0.0 7
1694630546403 0.0 8
1694630546615 0.0 9
1694630546818 0.0 10
1694630546998 0.0 11
1694630547222 0.0 12
1694630547424 0.0 13
1694630547624 0.0 14
1694630547828 0.0 15
1694630548039 0.0 16
1694630548249 0.0 17
1694630548444 0.0 18
1694630548628 0.0 19
1694630548827 0.0 20
1694630549022 0.0 21
1694630549217 0.0 22
1694630549400 0.0 23
1694630549606 0.0 24
1694630549798 0.0 25
1694630550024 0.0 26
1694630550243 0.0 27
1694630550450 0.0 28
1694630550658 0.0 29
1694630550858 0.0 30
1694630551075 0.0 31
1694630551268 0.0 32
1694630551483 0.0 33
1694630551666 0.0 34
1694630551854 0.0 35
1694630552071 0.0 36
1694630552283 0.0 37
1694630552461 0.0 38
1694630552658 0.0 39
1694630552859 0.0 40
1694630553060 0.0 41
1694630553279 0.0 42
1694630553477 0.0 43
1694630553666 0.0 44
1694630553866 0.0 45
1694630554070 0.0 46
1694630554279 0.0 47
1694630554495 0.0 48
1694630554698 0.0 49
1694630554902 0.0 50
1694630555099 0.0 51
1694630555311 0.0 52
1694630555509 0.0 53
1694630555699 0.0 54
1694630555898 0.0 55
1694630556090 0.0 56
1694630556310 0.0 57
1694630556512 0.0 58
1694630556702 0.0 59
1694630556923 0.0 60
1694630557137 0.0 61
1694630557351 0.0 62
1694630557576 0.0 63
1694630557776 0.0 64
1694630557972 0.0 65
1694630558157 0.0 66
1694630558347 0.0 67
1694630558551 0.0 68
1694630558751 0.0 69
1694630558951 0.0 70
1694630559151 0.0 71
1694630559361 0.0 72
1694630559557 0.0 73
1694630559742 0.0 74
1694630559941 0.0 75
1694630560130 0.0 76
1694630560334 0.0 77
1694630560532 0.0 78
1694630560709 0.0 79
1694630560889 0.0 80
1694630561073 0.0 81
1694630561248 0.0 82
1694630561461 0.0 83
1694630561659 0.0 84
1694630561852 0.0 85
1694630562074 0.0 86
1694630562281 0.0 87
1694630562493 0.0 88
1694630562693 0.0 89
1694630562867 0.0 90
1694630563063 0.0 91
1694630563261 0.0 92
1694630563468 0.0 93
1694630563684 0.0 94
1694630563896 0.0 95
1694630564095 0.0 96
1694630564288 0.0 97
1694630564469 0.0 98
1694630564645 0.0 99
1694630564822 0.0 100
1694630564994 0.0 101
1694630565164 0.0 102
1694630565353 0.0 103
1694630565545 0.0 104
1694630565714 0.0 105
1694630565882 0.0 106
1694630566057 0.0 107
1694630566228 0.0 108
1694630566407 0.0 109
1694630566594 0.0 110
1694630566762 0.0 111
1694630566966 0.0 112
1694630567159 0.0 113
1694630567362 0.0 114
1694630567552 0.0 115
1694630567743 0.0 116
1694630567925 0.0 117
1694630568098 0.0 118
1694630568276 0.0 119
1694630568450 0.0 120
1694630568627 0.0 121
1694630568808 0.0 122
1694630569008 0.0 123
1694630569210 0.0 124
1694630569400 0.0 125
1694630569612 0.0 126
1694630569794 0.0 127
1694630569976 0.0 128
1694630570171 0.0 129
1694630570369 0.0 130
1694630570571 0.0 131
1694630570763 0.0 132
1694630570977 0.0 133
1694630571197 0.0 134
1694630571411 0.0 135
1694630571622 0.0 136
1694630571809 0.0 137
1694630572010 0.0 138
1694630572203 0.0 139
1694630572396 0.0 140
1694630572626 0.0 141
1694630572839 0.0 142
1694630573054 0.0 143
1694630573231 0.0 144
1694630573402 0.0 145
1694630573588 0.0 146
1694630573759 0.0 147
1694630573941 0.0 148
1694630574175 0.0 149
1694630574385 0.0 150
1694630574587 0.0 151
1694630574781 0.0 152
1694630575001 0.0 153
1694630575207 0.0 154
1694630575405 0.0 155
1694630575612 0.0 156
1694630575795 0.0 157
1694630575994 0.0 158
1694630576197 0.0 159
1694630576447 0.0 160
1694630576650 0.0 161
1694630576847 0.0 162
1694630577054 0.0 163
1694630577257 0.0 164
1694630577466 0.0 165
1694630577716 0.0 166
1694630577908 0.0 167
1694630578107 0.0 168
1694630578303 0.0 169
1694630578476 0.0 170
1694630578660 0.0 171
1694630578839 0.0 172
1694630579026 0.0 173
1694630579220 0.0 174
1694630579398 0.0 175
1694630579587 0.0 176
1694630579776 0.0 177
1694630579967 0.0 178
1694630580183 0.0 179
1694630580385 0.0 180
1694630580573 0.0 181
1694630580772 0.0 182
1694630580969 0.0 183
1694630581172 0.0 184
1694630581376 0.0 185
1694630581559 0.0 186
1694630581745 0.0 187
1694630581940 0.0 188
1694630582141 0.0 189
1694630582356 0.0 190
1694630582569 0.0 191
1694630582772 0.0 192
1694630582974 0.0 193
1694630583176 0.0 194
1694630583364 0.0 195
1694630583554 0.0 196
1694630583745 0.0 197
1694630583939 0.0 198
1694630584144 0.0 199
1694630584361 0.0 200
1694630584564 0.0 201
1694630584754 0.0 202
1694630584961 0.0 203
1694630585153 0.0 204
1694630585353 0.0 205
1694630585563 0.0 206
1694630585779 0.0 207
1694630585978 0.0 208
1694630586179 0.0 209
1694630586382 0.0 210
1694630586595 0.0 211
1694630586777 0.0 212
1694630586958 0.0 213
1694630587139 0.0 214
1694630587342 0.0 215
1694630587555 0.0 216
1694630587769 0.0 217
1694630587969 0.0 218
1694630588194 0.0 219
1694630588405 0.0 220
1694630588596 0.0 221
1694630588786 0.0 222
1694630588989 0.0 223
1694630589199 0.0 224
1694630589403 0.0 225
1694630589582 0.0 226
1694630589766 0.0 227
1694630589942 0.0 228
1694630590128 0.0 229
1694630590306 0.0 230
1694630590495 0.0 231
1694630590690 0.0 232
1694630590872 0.0 233
1694630591065 0.0 234
1694630591263 0.0 235
1694630591465 0.0 236
1694630591668 0.0 237
1694630591876 0.0 238
1694630592073 0.0 239
1694630592258 0.0 240
1694630592430 0.0 241
1694630592602 0.0 242
1694630592793 0.0 243
1694630592968 0.0 244
1694630593160 0.0 245
1694630593358 0.0 246
1694630593554 0.0 247
1694630593743 0.0 248
1694630593954 0.0 249
1694630594143 0.0 250
1694630594339 0.0 251
1694630594526 0.0 252
1694630594713 0.0 253
1694630594892 0.0 254
1694630595085 0.0 255
1694630595295 0.0 256
1694630595513 0.0 257
1694630595734 0.0 258
1694630595937 0.0 259
1694630596125 0.0 260
1694630596303 0.0 261
1694630596485 0.0 262
1694630596693 0.0 263
1694630596878 0.0 264
1694630597110 0.0 265
1694630597307 0.0 266
1694630597502 0.0 267
1694630597688 0.0 268
1694630597914 0.0 269
1694630598097 0.0 270
1694630598285 0.0 271
1694630598495 0.0 272
1694630598743 0.0 273
1694630598938 0.0 274
1694630599123 0.0 275
1694630599300 0.0 276
1694630599507 0.0 277
1694630599690 0.0 278
1694630599866 0.0 279
1694630600043 0.0 280
1694630600229 0.0 281
1694630600423 0.0 282
1694630600599 0.0 283
1694630600796 0.0 284
1694630600994 0.0 285
1694630601182 0.0 286
1694630601362 0.0 287
1694630601565 0.0 288
1694630601766 0.0 289
1694630601988 0.0 290
1694630602188 0.0 291
1694630602375 0.0 292
1694630602570 0.0 293
1694630602767 0.0 294
1694630602966 0.0 295
1694630603147 0.0 296
1694630603338 0.0 297
1694630603520 0.0 298
1694630603715 0.0 299
1694630603902 0.0 300
1694630604092 0.0 301
1694630604302 0.0 302
1694630604484 0.0 303
1694630604678 0.0 304
1694630604869 0.0 305
1694630605066 0.0 306
1694630605276 0.0 307
1694630605472 0.0 308
1694630605678 0.0 309
1694630605890 0.0 310
1694630606075 0.0 311
1694630606297 0.0 312
1694630606538 0.0 313
1694630606759 0.0 314
1694630606987 0.0 315
1694630607190 0.0 316
1694630607392 0.0 317
1694630607593 0.0 318
1694630607795 0.0 319
1694630607978 0.0 320
1694630608191 0.0 321
1694630608403 0.0 322
1694630608629 0.0 323
1694630608836 0.0 324
1694630609013 0.0 325
1694630609213 0.0 326
1694630609430 0.0 327
1694630609645 0.0 328
1694630609842 0.0 329
1694630610029 0.0 330
1694630610289 0.0 331
1694630610520 0.0 332
1694630610708 0.0 333
1694630610936 0.0 334
1694630611134 0.0 335
1694630611332 0.0 336
1694630611521 0.0 337
1694630611715 0.0 338
1694630611900 0.0 339
1694630612091 0.0 340
1694630612291 0.0 341
1694630612482 0.0 342
1694630612673 0.0 343
1694630612911 0.0 344
1694630613117 0.0 345
1694630613322 0.0 346
1694630613504 0.0 347
1694630613679 0.0 348
1694630613865 0.0 349
1694630614059 0.0 350
1694630614255 0.0 351
1694630614449 0.0 352
1694630614652 0.0 353
1694630614852 0.0 354
1694630615056 0.0 355
1694630615262 0.0 356
1694630615476 0.0 357
1694630615673 0.0 358
1694630615853 0.0 359
1694630616050 0.0 360
1694630616251 0.0 361
1694630616436 0.0 362
1694630616628 0.0 363
1694630616802 0.0 364
1694630616994 0.0 365
1694630617172 0.0 366
1694630617369 0.0 367
1694630617561 0.0 368
1694630617741 0.0 369
1694630617925 0.0 370
1694630618114 0.0 371
1694630618331 0.0 372
1694630618541 0.0 373
1694630618749 0.0 374
1694630618957 0.0 375
1694630619163 0.0 376
1694630619347 0.0 377
1694630619530 0.0 378
1694630619722 0.0 379
1694630619903 0.0 380
1694630620106 0.0 381
1694630620299 0.0 382
1694630620488 0.0 383
1694630620680 0.0 384
1694630620881 0.0 385
1694630621081 0.0 386
1694630621281 0.0 387
1694630621478 0.0 388
1694630621685 0.0 389
1694630621887 0.0 390
1694630622086 0.0 391
1694630622286 0.0 392
1694630622492 0.0 393
1694630622693 0.0 394
1694630622893 0.0 395
1694630623111 0.0 396
1694630623314 0.0 397
1694630623497 0.0 398
1694630623704 0.0 399
1694630623887 0.0 400
1694630624090 0.0 401
1694630624299 0.0 402
1694630624502 0.0 403
1694630624693 0.0 404
1694630624869 0.0 405
1694630625067 0.0 406
1694630625283 0.0 407
1694630625469 0.0 408
1694630625663 0.0 409
1694630625854 0.0 410
1694630626070 0.0 411
1694630626285 0.0 412
1694630626513 0.0 413
1694630626793 0.0 414
1694630626993 0.0 415
1694630627200 0.0 416
1694630627386 0.0 417
1694630627580 0.0 418
1694630627762 0.0 419
1694630627939 0.0 420
1694630628123 0.0 421
1694630628317 0.0 422
1694630628520 0.0 423
1694630628705 0.0 424
1694630628880 0.0 425
1694630629075 0.0 426
1694630629264 0.0 427
1694630629450 0.0 428
1694630629633 0.0 429
1694630629834 0.0 430
1694630630045 0.0 431
1694630630257 0.0 432
1694630630478 0.0 433
1694630630679 0.0 434
1694630630878 0.0 435
1694630631077 0.0 436
1694630631293 0.0 437
1694630631489 0.0 438
1694630631685 0.0 439
1694630631863 0.0 440
1694630632035 0.0 441
1694630632217 0.0 442
1694630632414 0.0 443
1694630632620 0.0 444
1694630632814 0.0 445
1694630633020 0.0 446
1694630633259 0.0 447
1694630633476 0.0 448
1694630633679 0.0 449
1694630633892 0.0 450
1694630634095 0.0 451
1694630634303 0.0 452
1694630634553 0.0 453
1694630634781 0.0 454
1694630634971 0.0 455
1694630635188 0.0 456
1694630635393 0.0 457
1694630635597 0.0 458
1694630635805 0.0 459
1694630636010 0.0 460
1694630636206 0.0 461
1694630636407 0.0 462
1694630636607 0.0 463
1694630636839 0.0 464
1694630637042 0.0 465
1694630637234 0.0 466
1694630637415 0.0 467
1694630637605 0.0 468
1694630637782 0.0 469
1694630637964 0.0 470
1694630638156 0.0 471
1694630638339 0.0 472
1694630638516 0.0 473
1694630638722 0.0 474
1694630638909 0.0 475
1694630639118 0.0 476
1694630639334 0.0 477
1694630639554 0.0 478
1694630639777 0.0 479
1694630639976 0.0 480
1694630640235 0.0 481
1694630640498 0.0 482
1694630640726 0.0 483
1694630640934 0.0 484
1694630641114 0.0 485
1694630641306 0.0 486
1694630641499 0.0 487
1694630641700 0.0 488
1694630641909 0.0 489
1694630642113 0.0 490
1694630642302 0.0 491
1694630642493 0.0 492
1694630642678 0.0 493
1694630642855 0.0 494
1694630643059 0.0 495
1694630643273 0.0 496
1694630643462 0.0 497
1694630643667 0.0 498
1694630643852 0.0 499
1694630644052 0.0 500
1694630644265 0.0 501
1694630644446 0.0 502
1694630644651 0.0 503
1694630644841 0.0 504
1694630645043 0.0 505
1694630645228 0.0 506
1694630645417 0.0 507
1694630645615 0.0 508
1694630645812 0.0 509
1694630646012 0.0 510
1694630646214 0.0 511
1694630646407 0.0 512
1694630646597 0.0 513
1694630646781 0.0 514
1694630646979 0.0 515
1694630647170 0.0 516
1694630647368 0.0 517
1694630647577 0.0 518
1694630647779 0.0 519
1694630647964 0.0 520
1694630648163 0.0 521
1694630648375 0.0 522
1694630648581 0.0 523
1694630648785 0.0 524
1694630648974 0.0 525
1694630649163 0.0 526
1694630649363 0.0 527
1694630649574 0.0 528
1694630649765 0.0 529
1694630649950 0.0 530
1694630650133 0.0 531
1694630650340 0.0 532
1694630650533 0.0 533
1694630650737 0.0 534
1694630650922 0.0 535
1694630651135 0.0 536
1694630651327 0.0 537
1694630651520 0.0 538
1694630651736 0.0 539
1694630651940 0.0 540
1694630652157 0.0 541
1694630652352 0.0 542
1694630652549 0.0 543
1694630652743 0.0 544
1694630652936 0.0 545
1694630653143 0.0 546
1694630653381 0.0 547
1694630653595 0.0 548
1694630653794 0.0 549
1694630654002 0.0 550
1694630654203 0.0 551
1694630654391 0.0 552
1694630654579 0.0 553
1694630654768 0.0 554
1694630654980 0.0 555
1694630655187 0.0 556
1694630655383 0.0 557
1694630655598 0.0 558
1694630655802 0.0 559
1694630656007 0.0 560
1694630656194 0.0 561
1694630656384 0.0 562
1694630656565 0.0 563
1694630656762 0.0 564
1694630656995 0.0 565
1694630657195 0.0 566
1694630657395 0.0 567
1694630657597 0.0 568
1694630657804 0.0 569
1694630658009 0.0 570
1694630658196 0.0 571
1694630658378 0.0 572
1694630658553 0.0 573
1694630658741 0.0 574
1694630658936 0.0 575
1694630659141 0.0 576
1694630659348 0.0 577
1694630659532 0.0 578
1694630659714 0.0 579
1694630659893 0.0 580
1694630660075 0.0 581
1694630660254 0.0 582
1694630660436 0.0 583
1694630660636 0.0 584
1694630660836 0.0 585
1694630661040 0.0 586
1694630661229 0.0 587
1694630661409 0.0 588
1694630661608 0.0 589
1694630661801 0.0 590
1694630661988 0.0 591
1694630662163 0.0 592
1694630662358 0.0 593
1694630662575 0.0 594
1694630662794 0.0 595
1694630663004 0.0 596
1694630663198 0.0 597
1694630663469 0.0 598
1694630663678 0.0 599
1694630663873 0.0 600
1694630664082 0.0 601
1694630664295 0.0 602
1694630664483 0.0 603
1694630664685 0.0 604
1694630664875 0.0 605
1694630665079 0.0 606
1694630665283 0.0 607
1694630665480 0.0 608
1694630665664 0.0 609
1694630665864 0.0 610
1694630666055 0.0 611
1694630666300 0.0 612
1694630666493 0.0 613
1694630666685 0.0 614
1694630666879 0.0 615
1694630667175 0.0 616
1694630667377 0.0 617
1694630667583 0.0 618
1694630667771 0.0 619
1694630667970 0.0 620
1694630668186 0.0 621
1694630668395 0.0 622
1694630668598 0.0 623
1694630668792 0.0 624
1694630668986 0.0 625
1694630669183 0.0 626
1694630669393 0.0 627
1694630669610 0.0 628
1694630669812 0.0 629
1694630670014 0.0 630
1694630670214 0.0 631
1694630670421 0.0 632
1694630670623 0.0 633
1694630670824 0.0 634
1694630671030 0.0 635
1694630671223 0.0 636
1694630671415 0.0 637
1694630671625 0.0 638
1694630671824 0.0 639
1694630672030 0.0 640
1694630672237 0.0 641
1694630672431 0.0 642
1694630672606 0.0 643
1694630672794 0.0 644
1694630673003 0.0 645
1694630673217 0.0 646
1694630673429 0.0 647
1694630673651 0.0 648
1694630673848 0.0 649
1694630674049 0.0 650
1694630674246 0.0 651
1694630674449 0.0 652
1694630674649 0.0 653
1694630674852 0.0 654
1694630675031 0.0 655
1694630675224 0.0 656
1694630675418 0.0 657
1694630675598 0.0 658
1694630675783 0.0 659
1694630675983 0.0 660
1694630676190 0.0 661
1694630676380 0.0 662
1694630676574 0.0 663
1694630676763 0.0 664
1694630676969 0.0 665
1694630677171 0.0 666
1694630677384 0.0 667
1694630677584 0.0 668
1694630677790 0.0 669
1694630677991 0.0 670
1694630678188 0.0 671
1694630678397 0.0 672
1694630678609 0.0 673
1694630678803 0.0 674
1694630679007 0.0 675
1694630679209 0.0 676
1694630679415 0.0 677
1694630679611 0.0 678
1694630679800 0.0 679
1694630679981 0.0 680
1694630680183 0.0 681
1694630680396 0.0 682
1694630680588 0.0 683
1694630680785 0.0 684
1694630680986 0.0 685
1694630681192 0.0 686
1694630681402 0.0 687
1694630681617 0.0 688
1694630681823 0.0 689
1694630682050 0.0 690
1694630682227 0.0 691
1694630682423 0.0 692
1694630682626 0.0 693
1694630682826 0.0 694
1694630683015 0.0 695
1694630683226 0.0 696
1694630683416 0.0 697
1694630683616 0.0 698
1694630683820 0.0 699
1694630684020 0.0 700
1694630684197 0.0 701
1694630684398 0.0 702
1694630684583 0.0 703
1694630684767 0.0 704
1694630684959 0.0 705
1694630685153 0.0 706
1694630685342 0.0 707
1694630685545 0.0 708
1694630685731 0.0 709
1694630685939 0.0 710
1694630686153 0.0 711
1694630686360 0.0 712
1694630686568 0.0 713
1694630686757 0.0 714
1694630686956 0.0 715
1694630687167 0.0 716
1694630687387 0.0 717
1694630687586 0.0 718
1694630687795 0.0 719
1694630688002 0.0 720
1694630688211 0.0 721
1694630688425 0.0 722
1694630688617 0.0 723
1694630688788 0.0 724
1694630688994 0.0 725
1694630689194 0.0 726
1694630689405 0.0 727
1694630689591 0.0 728
1694630689777 0.0 729
1694630689970 0.0 730
1694630690163 0.0 731
1694630690357 0.0 732
1694630690550 0.0 733
1694630690757 0.0 734
1694630690966 0.0 735
1694630691154 0.0 736
1694630691345 0.0 737
1694630691544 0.0 738
1694630691719 0.0 739
1694630691895 0.0 740
1694630692071 0.0 741
1694630692261 0.0 742
1694630692457 0.0 743
1694630692632 0.0 744
1694630692841 0.0 745
1694630693035 0.0 746
1694630693207 0.0 747
1694630693386 0.0 748
1694630693569 0.0 749
1694630693771 0.0 750
1694630693969 0.0 751
1694630694176 0.0 752
1694630694354 0.0 753
1694630694554 0.0 754
1694630694738 0.0 755
1694630694928 0.0 756
1694630695140 0.0 757
1694630695340 0.0 758
1694630695517 0.0 759
1694630695688 0.0 760
1694630695877 0.0 761
1694630696064 0.0 762
1694630696265 0.0 763
1694630696451 0.0 764
1694630696656 0.0 765
1694630696867 0.0 766
1694630697063 0.0 767
1694630697308 0.0 768
1694630697515 0.0 769
1694630697700 0.0 770
1694630697879 0.0 771
1694630698081 0.0 772
1694630698273 0.0 773
1694630698470 0.0 774
1694630698673 0.0 775
1694630698875 0.0 776
1694630699057 0.0 777
1694630699231 0.0 778
1694630699426 0.0 779
1694630699620 0.0 780
1694630699804 0.0 781
1694630699995 0.0 782
1694630700215 0.0 783
1694630700398 0.0 784
1694630700601 0.0 785
1694630700796 0.0 786
1694630700991 0.0 787
1694630701196 0.0 788
1694630701410 0.0 789
1694630701622 0.0 790
1694630701818 0.0 791
1694630702018 0.0 792
1694630702216 0.0 793
1694630702397 0.0 794
1694630702598 0.0 795
1694630702778 0.0 796
1694630702964 0.0 797
1694630703146 0.0 798
1694630703350 0.0 799
1694630703558 0.0 800
1694630703749 0.0 801
1694630703960 0.0 802
1694630704170 0.0 803
1694630704368 0.0 804
1694630704564 0.0 805
1694630704753 0.0 806
1694630704939 0.0 807
1694630705113 0.0 808
1694630705308 0.0 809
1694630705501 0.0 810
1694630705681 0.0 811
1694630705857 0.0 812
1694630706034 0.0 813
1694630706230 0.0 814
1694630706428 0.0 815
1694630706624 0.0 816
1694630706829 0.0 817
1694630707044 0.0 818
1694630707252 0.0 819
1694630707461 0.0 820
1694630707657 0.0 821
1694630707857 0.0 822
1694630708064 0.0 823
1694630708311 0.0 824
1694630708523 0.0 825
1694630708718 0.0 826
1694630708912 0.0 827
1694630709104 0.0 828
1694630709322 0.0 829
1694630709512 0.0 830
1694630709696 0.0 831
1694630709885 0.0 832
1694630710069 0.0 833
1694630710247 0.0 834
1694630710451 0.0 835
1694630710644 0.0 836
1694630710846 0.0 837
1694630711059 0.0 838
1694630711269 0.0 839
1694630711475 0.0 840
1694630711682 0.0 841
1694630711860 0.0 842
1694630712061 0.0 843
1694630712247 0.0 844
1694630712447 0.0 845
1694630712642 0.0 846
1694630712829 0.0 847
1694630713028 0.0 848
1694630713224 0.0 849
1694630713427 0.0 850
1694630713607 0.0 851
1694630713803 0.0 852
1694630714024 0.0 853
1694630714227 0.0 854
1694630714424 0.0 855
1694630714635 0.0 856
1694630714841 0.0 857
1694630715048 0.0 858
1694630715257 0.0 859
1694630715454 0.0 860
1694630715661 0.0 861
1694630715848 0.0 862
1694630716044 0.0 863
1694630716241 0.0 864
1694630716445 0.0 865
1694630716639 0.0 866
1694630716836 0.0 867
1694630717045 0.0 868
1694630717245 0.0 869
1694630717444 0.0 870
1694630717651 0.0 871
1694630717854 0.0 872
1694630718055 0.0 873
1694630718258 0.0 874
1694630718464 0.0 875
1694630718666 0.0 876
1694630718875 0.0 877
1694630719067 0.0 878
1694630719272 0.0 879
1694630719464 0.0 880
1694630719659 0.0 881
1694630719850 0.0 882
1694630720052 0.0 883
1694630720246 0.0 884
1694630720453 0.0 885
1694630720653 0.0 886
1694630720850 0.0 887
1694630721031 0.0 888
1694630721259 0.0 889
1694630721477 0.0 890
1694630721692 0.0 891
1694630721907 0.0 892
1694630722124 0.0 893
1694630722333 0.0 894
1694630722539 0.0 895
1694630722730 0.0 896
1694630722932 0.0 897
1694630723132 0.0 898
1694630723326 0.0 899
1694630723508 0.0 900
1694630723704 0.0 901
1694630723919 0.0 902
1694630724136 0.0 903
1694630724330 0.0 904
1694630724529 0.0 905
1694630724726 0.0 906
1694630724924 0.0 907
1694630725109 0.0 908
1694630725308 0.0 909
1694630725499 0.0 910
1694630725701 0.0 911
1694630725899 0.0 912
1694630726123 0.0 913
1694630726333 0.0 914
1694630726534 0.0 915
1694630726719 0.0 916
1694630726924 0.0 917
1694630727126 0.0 918
1694630727338 0.0 919
1694630727585 0.0 920
1694630727780 0.0 921
1694630728019 0.0 922
1694630728224 0.0 923
1694630728461 0.0 924
1694630728660 0.0 925
1694630728849 0.0 926
1694630729085 0.0 927
1694630729267 0.0 928
1694630729457 0.0 929
1694630729685 0.0 930
1694630729879 0.0 931
1694630730078 0.0 932
1694630730293 0.0 933
1694630730495 0.0 934
1694630730723 0.0 935
1694630730900 0.0 936
1694630731104 0.0 937
1694630731303 0.0 938
1694630731506 0.0 939
1694630731689 0.0 940
1694630731947 0.0 941
1694630732149 0.0 942
1694630732362 0.0 943
1694630732563 0.0 944
1694630732765 0.0 945
1694630732964 0.0 946
1694630733165 0.0 947
1694630733368 0.0 948
1694630733570 0.0 949
1694630733767 0.0 950
1694630733962 0.0 951
1694630734188 0.0 952
1694630734390 0.0 953
1694630734593 0.0 954
1694630734792 0.0 955
1694630734987 0.0 956
1694630735207 0.0 957
1694630735409 0.0 958
1694630735616 0.0 959
1694630735812 0.0 960
1694630736017 0.0 961
1694630736222 0.0 962
1694630736422 0.0 963
1694630736631 0.0 964
1694630736831 0.0 965
1694630737032 0.0 966
1694630737233 0.0 967
1694630737429 0.0 968
1694630737640 0.0 969
1694630737836 0.0 970
1694630738012 0.0 971
1694630738196 0.0 972
1694630738386 0.0 973
1694630738566 0.0 974
1694630738786 0.0 975
1694630738985 0.0 976
1694630739192 0.0 977
1694630739404 0.0 978
1694630739606 0.0 979
1694630739811 0.0 980
1694630740014 0.0 981
1694630740222 0.0 982
1694630740412 0.0 983
1694630740616 0.0 984
1694630740831 0.0 985
1694630741027 0.0 986
1694630741224 0.0 987
1694630741432 0.0 988
1694630741640 0.0 989
1694630741844 0.0 990
1694630742048 0.0 991
1694630742250 0.0 992
1694630742447 0.0 993
1694630742654 0.0 994
1694630742862 0.0 995
1694630743071 0.0 996
1694630743283 0.0 997
1694630743498 0.0 998
1694630743699 0.0 999
