1694627037812 171.8501426921643 0
1694627037856 168.17253511283502 1
1694627037896 163.9176928152036 2
1694627037939 162.5951332302216 3
1694627037988 158.66909114190113 4
1694627038047 156.36675081610414 5
1694627038109 149.5282363648578 6
1694627038166 146.97287152831765 7
1694627038213 144.214149892761 8
1694627038258 139.65328567627603 9
1694627038307 138.45717943660975 10
1694627038358 133.34361210427295 11
1694627038419 131.9040457282439 12
1694627038462 128.6868058539321 13
1694627038506 125.83213632588789 14
1694627038551 125.16108751528127 15
1694627038593 119.14434023796784 16
1694627038642 118.00431151223691 17
1694627038686 116.52814475723987 18
1694627038732 113.34964350227251 19
1694627038778 110.85287840962069 20
1694627038833 109.5717594244946 21
1694627038890 104.91120619107721 22
1694627038940 104.14501618259219 23
1694627038982 100.9756872584647 24
1694627039039 99.27179463518276 25
1694627039116 98.06121767057051 26
1694627039191 95.689709745125 27
1694627039248 94.24164740823194 28
1694627039296 91.11007565637803 29
1694627039351 88.51751045353342 30
1694627039403 86.92226519246732 31
1694627039457 85.11814222780934 32
1694627039502 84.41063585290063 33
1694627039557 81.79713777189319 34
1694627039599 80.49833512468491 35
1694627039646 78.71170296282988 36
1694627039689 76.25989428826698 37
1694627039730 74.03137295958699 38
1694627039769 73.1110809008938 39
1694627039801 72.59755341683514 40
1694627039841 69.94901958411879 41
1694627039880 69.74192165166961 42
1694627039926 67.65121264582541 43
1694627039978 65.61877259956968 44
1694627040035 65.3198051292726 45
1694627040086 62.1150123837522 46
1694627040135 62.485461211874785 47
1694627040182 60.077305505166876 48
1694627040229 59.13513104981763 49
1694627040275 58.209455848132606 50
1694627040320 56.35005431098878 51
1694627040363 55.68837107984911 52
1694627040407 54.53205061592179 53
1694627040451 53.57002190631951 54
1694627040487 52.70445734974262 55
1694627040530 50.224512449854636 56
1694627040579 50.04059607425057 57
1694627040627 48.689386435717175 58
1694627040671 47.07333768644479 59
1694627040710 46.7235892547409 60
1694627040750 46.040749736996126 61
1694627040787 45.08223994342536 62
1694627040823 44.236218876326646 63
1694627040869 43.03509082897277 64
1694627040907 41.903817234689896 65
1694627040948 41.13158135225349 66
1694627040985 40.22340203129584 67
1694627041029 39.41037969210003 68
1694627041074 37.7160795786778 69
1694627041127 37.639933599815556 70
1694627041181 36.460596968530375 71
1694627041226 35.92566269078986 72
1694627041268 35.379277194235115 73
1694627041310 34.6772511386634 74
1694627041357 33.393351614012325 75
1694627041400 33.38989497614215 76
1694627041450 32.02752360446265 77
1694627041495 31.282566832106834 78
1694627041554 30.559003582260456 79
1694627041602 29.985189270019763 80
1694627041651 29.640750148101397 81
1694627041691 29.427379457281145 82
1694627041730 28.521709983959475 83
1694627041779 27.819966940671172 84
1694627041821 27.12131751654795 85
1694627041875 26.594166616487495 86
1694627041916 25.963230139488306 87
1694627041961 25.744231833141512 88
1694627042007 24.680598908360672 89
1694627042053 24.515445683802657 90
1694627042100 24.00857555290135 91
1694627042152 22.94858034496047 92
1694627042207 23.13650205743586 93
1694627042250 22.170866580315383 94
1694627042301 21.74340987583194 95
1694627042346 21.464209586865582 96
1694627042393 20.660271915299813 97
1694627042437 20.521848475957537 98
1694627042481 19.583868793807955 99
1694627042525 19.62842715077478 100
1694627042578 19.318106446721682 101
1694627042627 19.00661498193239 102
1694627042672 18.384716577266097 103
1694627042709 17.81736099905573 104
1694627042746 17.914853706584324 105
1694627042789 17.308438118778362 106
1694627042825 17.04269716104331 107
1694627042866 16.558892571803042 108
1694627042908 15.971107878070278 109
1694627042961 16.077340270011955 110
1694627043005 15.33739453114786 111
1694627043056 14.887191566085958 112
1694627043101 14.751086463110875 113
1694627043145 14.754822512303011 114
1694627043194 14.260843200891827 115
1694627043236 14.133834989688502 116
1694627043279 13.449546712881267 117
1694627043320 13.431220298908295 118
1694627043371 13.232585582997181 119
1694627043422 12.924363898201477 120
1694627043476 12.54556234731644 121
1694627043525 12.140383011345019 122
1694627043574 12.007020629863177 123
1694627043618 11.795599401442681 124
1694627043660 11.461147798297453 125
1694627043702 11.236873776618292 126
1694627043742 11.156583884712855 127
1694627043790 10.724988330033366 128
1694627043833 10.787947529079164 129
1694627043878 10.428465820786224 130
1694627043918 10.11268686389895 131
1694627043959 10.111691426041427 132
1694627044003 9.877061433980673 133
1694627044050 9.460571676471377 134
1694627044097 9.390454939084746 135
1694627044150 9.022973033738847 136
1694627044198 8.932947786244858 137
1694627044238 8.771737842081018 138
1694627044278 8.68750474619561 139
1694627044321 8.4485192406401 140
1694627044362 8.139016337583474 141
1694627044403 8.072025513465414 142
1694627044449 7.845319835880393 143
1694627044502 7.768808702219943 144
1694627044556 7.772467174182708 145
1694627044608 7.419705003392232 146
1694627044650 7.422278342434421 147
1694627044693 7.1947630592535905 148
1694627044732 7.091389396147846 149
1694627044785 6.945848472391054 150
1694627044830 6.641701165922887 151
1694627044875 6.535708100659044 152
1694627044913 6.203003559917961 153
1694627044959 6.315799073083947 154
1694627045006 6.19278215726912 155
1694627045058 6.1021686467999405 156
1694627045105 5.866875830290204 157
1694627045145 5.877919253080218 158
1694627045190 5.753635562337826 159
1694627045237 5.729707066512859 160
1694627045283 5.629875907375452 161
1694627045324 5.299357084067596 162
1694627045375 5.256748241142264 163
1694627045427 4.982397456142935 164
1694627045486 5.120996762818554 165
1694627045530 4.974583376502894 166
1694627045574 4.732883895008709 167
1694627045621 4.681540280923306 168
1694627045667 4.6412688473947386 169
1694627045710 4.599027824204465 170
1694627045755 4.348827560985542 171
1694627045803 4.264414143099519 172
1694627045850 4.393687586859209 173
1694627045893 4.1750397052887145 174
1694627045947 4.046494745653927 175
1694627046002 3.9590897660124393 176
1694627046054 3.9433809592263636 177
1694627046100 3.740844642458794 178
1694627046145 3.894849101114087 179
1694627046190 3.7092728473029246 180
1694627046231 3.715101711338266 181
1694627046287 3.603647618256658 182
1694627046340 3.420443427869909 183
1694627046390 3.4988009669484654 184
1694627046441 3.0801820435362184 185
1694627046500 3.206494894245303 186
1694627046540 3.180103475311274 187
1694627046582 3.18673339274279 188
1694627046625 3.010046512643617 189
1694627046669 3.0871878813864067 190
1694627046709 2.9182366701829183 191
1694627046755 3.0263115477071194 192
1694627046808 2.6507930853222406 193
1694627046864 2.8106682451530878 194
1694627046916 2.728508678280981 195
1694627046963 2.6295922548011226 196
1694627047018 2.633470097698182 197
1694627047071 2.5390917057411366 198
1694627047124 2.480302184269398 199
1694627047174 2.4365640547280347 200
1694627047219 2.3419227321504152 201
1694627047258 2.4939469550958178 202
1694627047304 2.3556758626109873 203
1694627047344 2.210670585442468 204
1694627047381 2.115783131652118 205
1694627047430 2.2491353753158094 206
1694627047477 2.278317461137625 207
1694627047538 2.108046513506931 208
1694627047582 2.0314899108324656 209
1694627047624 2.0898648410935943 210
1694627047663 1.9330000251220274 211
1694627047705 1.9198085654804338 212
1694627047742 1.8952461092019321 213
1694627047787 1.889036970012886 214
1694627047827 1.9421540498885073 215
1694627047865 1.8328183692709081 216
1694627047910 1.898263500333147 217
1694627047962 1.7079954714176522 218
1694627048025 1.7396413298495759 219
1694627048085 1.7002458563399676 220
1694627048136 1.632271408783366 221
1694627048178 1.5577022910820941 222
1694627048221 1.5851679947366535 223
1694627048261 1.561875729283991 224
1694627048314 1.5168790386789273 225
1694627048363 1.4687291463544514 226
1694627048413 1.49043411685722 227
1694627048460 1.4773567532432346 228
1694627048505 1.4618868246152967 229
1694627048546 1.3759440263299676 230
1694627048582 1.3787098100481 231
1694627048630 1.3828872011374675 232
1694627048684 1.291332229888186 233
1694627048731 1.270340609666184 234
1694627048778 1.3434679741486346 235
1694627048827 1.2310672035848362 236
1694627048879 1.2346873824095295 237
1694627048941 1.2220922844512416 238
1694627048987 1.1449545554303802 239
1694627049031 1.1576594377645781 240
1694627049074 1.123124167500211 241
1694627049113 1.1034244617199367 242
1694627049161 1.089566146441723 243
1694627049215 1.1420988786660642 244
1694627049270 1.1100480285826189 245
1694627049323 1.0277796421590233 246
1694627049364 1.0304899748687755 247
1694627049406 0.9670177438956973 248
1694627049460 1.0056669298483818 249
1694627049507 1.02385301232942 250
1694627049559 1.0112769970989375 251
1694627049601 0.9580707791506092 252
1694627049657 0.9104291416234352 253
1694627049705 0.9970658240248352 254
1694627049753 0.8901989317738862 255
1694627049794 0.9245807444417893 256
1694627049839 0.8424214543689673 257
1694627049887 0.8827250925742831 258
1694627049943 0.7969814782373827 259
1694627049987 0.7588109791225977 260
1694627050040 0.8083824791474512 261
1694627050102 0.8132503096486889 262
1694627050157 0.8106164923188685 263
1694627050215 0.7366113380736314 264
1694627050266 0.7423918796852585 265
1694627050338 0.6671021766455927 266
1694627050396 0.7267657998666986 267
1694627050460 0.7574381046843265 268
1694627050521 0.6952070765702922 269
1694627050577 0.6965686130186913 270
1694627050629 0.6183609303327351 271
1694627050684 0.6902049026127466 272
1694627050735 0.6386544657160729 273
1694627050778 0.7123741491685873 274
1694627050820 0.652523107697268 275
1694627050862 0.6165238804514608 276
1694627050902 0.6153916560446047 277
1694627050943 0.6130096352002675 278
1694627050978 0.6358677677528797 279
1694627051013 0.616667213750988 280
1694627051056 0.5887960606718534 281
1694627051096 0.6243766710914587 282
1694627051147 0.5817618279622399 283
1694627051197 0.5885952162100596 284
1694627051247 0.546872222958915 285
1694627051291 0.5145937651509234 286
1694627051335 0.48573810542316864 287
1694627051385 0.5662990315758867 288
1694627051451 0.5275907831454522 289
1694627051509 0.5601763594591118 290
1694627051570 0.5390191223347988 291
1694627051623 0.48853982156909914 292
1694627051674 0.45450956542308835 293
1694627051724 0.49210717184215225 294
1694627051776 0.5006026793456528 295
1694627051842 0.48168513761579884 296
1694627051907 0.4595038211579773 297
1694627051962 0.4245553949767704 298
1694627052014 0.4485483621992087 299
1694627052072 0.5178393184897532 300
1694627052125 0.4179856441222605 301
1694627052178 0.47248171220821983 302
1694627052228 0.40209696132533257 303
1694627052286 0.38254139190024233 304
1694627052349 0.4114461529346221 305
1694627052396 0.4280866215629391 306
1694627052455 0.42224693739206914 307
1694627052509 0.40169881616207653 308
1694627052565 0.3831799614021749 309
1694627052609 0.36642242093520244 310
1694627052663 0.41105841464823717 311
1694627052710 0.37017152930695013 312
1694627052761 0.3741723226211476 313
1694627052813 0.373135494715657 314
1694627052871 0.3953596068471094 315
1694627052924 0.3874611028042309 316
1694627052972 0.3368580605785132 317
1694627053028 0.38005924077863323 318
1694627053075 0.3619988175476304 319
1694627053116 0.430050925623109 320
1694627053168 0.39564599606570494 321
1694627053220 0.3382365163561335 322
1694627053271 0.34678446326940426 323
1694627053315 0.35778556050169924 324
1694627053361 0.35601350858941416 325
1694627053409 0.3375381868341882 326
1694627053467 0.3438830785020693 327
1694627053525 0.33509860138433184 328
1694627053577 0.2921258033159572 329
1694627053628 0.2867099518534563 330
1694627053672 0.2855832329007799 331
1694627053723 0.28347697243533654 332
1694627053770 0.3094852863932673 333
1694627053816 0.27140835490526793 334
1694627053871 0.31130808737147875 335
1694627053916 0.2967929348979862 336
1694627053974 0.31277444343554267 337
1694627054028 0.29036691165438877 338
1694627054079 0.2566573977451698 339
1694627054127 0.2517235094185846 340
1694627054177 0.28323025858019835 341
1694627054223 0.27621393596718313 342
1694627054290 0.25623083515382045 343
1694627054354 0.25067540794238136 344
1694627054405 0.24033164459376322 345
1694627054448 0.24270829229552193 346
1694627054490 0.25748295330944737 347
1694627054530 0.24916062465146485 348
1694627054570 0.27159672226697995 349
1694627054607 0.23782647278557337 350
1694627054654 0.23814356890131666 351
1694627054696 0.23921116953375224 352
1694627054744 0.2606209307542521 353
1694627054794 0.2138454078365744 354
1694627054846 0.2672614160728753 355
1694627054894 0.24162964971270434 356
1694627054940 0.2527411586531452 357
1694627054989 0.23137523090092316 358
1694627055036 0.2306440579925603 359
1694627055081 0.25777577048673966 360
1694627055130 0.24395076045408307 361
1694627055175 0.238581699692599 362
1694627055213 0.18496426345310538 363
1694627055264 0.2100505329241432 364
1694627055313 0.25196013806354955 365
1694627055363 0.21594280581280437 366
1694627055416 0.21085408489787572 367
1694627055465 0.2119648537693175 368
1694627055513 0.20940229993282702 369
1694627055558 0.20945665176814945 370
1694627055596 0.23329762105202972 371
1694627055635 0.2180385060714026 372
1694627055675 0.20586422473248212 373
1694627055712 0.23660657505527796 374
1694627055754 0.1820286240512903 375
1694627055790 0.21488675601034207 376
1694627055828 0.22086418719502865 377
1694627055865 0.20090797783791922 378
1694627055907 0.22628252249296885 379
1694627055952 0.21931785201776305 380
1694627056001 0.21183462557940808 381
1694627056048 0.2219780016759511 382
1694627056097 0.18989869430456977 383
1694627056146 0.20754337018613678 384
1694627056192 0.18200982353478287 385
1694627056231 0.16992252906377767 386
1694627056272 0.19055784670743017 387
1694627056316 0.2583197071864018 388
1694627056355 0.17728675346849207 389
1694627056405 0.19225406813145948 390
1694627056456 0.16738143092649657 391
1694627056510 0.1615060800361807 392
1694627056554 0.16971434787449863 393
1694627056596 0.2295859373196057 394
1694627056638 0.23303291710665197 395
1694627056687 0.16385257324498767 396
1694627056739 0.18563868061478156 397
1694627056790 0.2006097235348071 398
1694627056845 0.21997690093181874 399
1694627056893 0.21786238177205547 400
1694627056936 0.2096630717282182 401
1694627056988 0.15506628960858262 402
1694627057036 0.21436178532366262 403
1694627057088 0.2026709988579983 404
1694627057129 0.18939039305902797 405
1694627057170 0.18400481399067184 406
1694627057215 0.17742278318304827 407
1694627057261 0.2279774148536593 408
1694627057312 0.17567428543457445 409
1694627057362 0.15072694267654008 410
1694627057415 0.1920129516118055 411
1694627057464 0.1688851426453566 412
1694627057515 0.14824411250152525 413
1694627057557 0.15100008443900476 414
1694627057597 0.16927835286481133 415
1694627057640 0.1714309453414298 416
1694627057687 0.1816030719586847 417
1694627057727 0.15872726793880332 418
1694627057767 0.18823516383942923 419
1694627057807 0.16079953081879034 420
1694627057852 0.1691294020417368 421
1694627057903 0.13252605729640085 422
1694627057960 0.18661518420124856 423
1694627058011 0.15446179321156808 424
1694627058051 0.16809363301176938 425
1694627058090 0.17992168482848805 426
1694627058127 0.16100627325854927 427
1694627058163 0.14436495131854246 428
1694627058210 0.1938081572890036 429
1694627058262 0.1643796512973794 430
1694627058308 0.15673419379533163 431
1694627058355 0.158593439279936 432
1694627058398 0.18590958371564406 433
1694627058441 0.1711407713296186 434
1694627058480 0.14832632347031602 435
1694627058529 0.15102769918941583 436
1694627058573 0.14984722810750792 437
1694627058612 0.1558761908992372 438
1694627058654 0.15977402898790985 439
1694627058695 0.1421184270653296 440
1694627058742 0.17403786883685074 441
1694627058787 0.15853777937533822 442
1694627058838 0.1593957786639343 443
1694627058884 0.15196293529514385 444
1694627058927 0.16612112980150373 445
1694627058966 0.15495992217078483 446
1694627059007 0.15493903272712767 447
1694627059047 0.13924141898713768 448
1694627059083 0.17370129212604807 449
1694627059127 0.1390447038207501 450
1694627059167 0.12505525545128066 451
1694627059210 0.1693468857621953 452
1694627059249 0.13992471825541153 453
1694627059288 0.1340906015867318 454
1694627059329 0.17610208709738656 455
1694627059371 0.16801512553471143 456
1694627059419 0.156348579942915 457
1694627059461 0.12666004141032633 458
1694627059504 0.151500355673302 459
1694627059548 0.15353659872765513 460
1694627059586 0.12128380274237097 461
1694627059630 0.13969647289351192 462
1694627059671 0.1468011820134989 463
1694627059724 0.16011179360386393 464
1694627059774 0.13497572419262072 465
1694627059816 0.19508435081317319 466
1694627059860 0.14361089234607574 467
1694627059905 0.12367401960164204 468
1694627059945 0.1384119589469623 469
1694627059984 0.14242454034419885 470
1694627060025 0.14144783562248464 471
1694627060063 0.1518160845379543 472
1694627060107 0.1310088643571179 473
1694627060150 0.1756386993434915 474
1694627060199 0.14646224012031397 475
1694627060246 0.14919947427509878 476
1694627060296 0.12817233936208072 477
1694627060340 0.12670724835603542 478
1694627060376 0.173097285399954 479
1694627060414 0.14913256436547026 480
1694627060460 0.13194426718134425 481
1694627060500 0.14723474146373935 482
1694627060543 0.13127520777337126 483
1694627060581 0.14721445801525607 484
1694627060625 0.11923946307590588 485
1694627060671 0.14229951645520378 486
1694627060708 0.14021235357029668 487
1694627060751 0.13375427282357885 488
1694627060795 0.16214984419476813 489
1694627060855 0.15718635285955493 490
1694627060906 0.1291136989149394 491
1694627060959 0.13473234218381935 492
1694627061005 0.16062668714520684 493
1694627061049 0.14918218362652197 494
1694627061085 0.14931084799562 495
1694627061130 0.13688374375623624 496
1694627061174 0.14279252696779668 497
1694627061221 0.12203903131346278 498
1694627061268 0.13370662606130615 499
1694627061312 0.13616192551671988 500
1694627061355 0.15342579195658912 501
1694627061400 0.13247704833393012 502
1694627061450 0.12698065652876084 503
1694627061490 0.1985369153443553 504
1694627061528 0.1273649762198518 505
1694627061565 0.13675074836876489 506
1694627061603 0.13461830842767208 507
1694627061645 0.13971101523788348 508
1694627061681 0.1428856479604766 509
1694627061722 0.12374813378687248 510
1694627061761 0.12820118966260582 511
1694627061796 0.14373564799993976 512
1694627061838 0.14551661846779979 513
1694627061878 0.11046703959360546 514
1694627061929 0.1301733656353845 515
1694627061975 0.14954237662931047 516
1694627062017 0.11686313981741582 517
1694627062062 0.1299094450799777 518
1694627062109 0.1254440103164875 519
1694627062156 0.14652138569866455 520
1694627062201 0.14029827853750507 521
1694627062241 0.1281733675297919 522
1694627062284 0.1424777122087227 523
1694627062326 0.1330030583811056 524
1694627062365 0.14316256292898824 525
1694627062405 0.1915159271455035 526
1694627062453 0.14072425189527593 527
1694627062504 0.13493569017537188 528
1694627062551 0.14047227608207732 529
1694627062593 0.1223373061859267 530
1694627062639 0.12418518355641478 531
1694627062677 0.12025656353765315 532
1694627062715 0.14869577377283869 533
1694627062759 0.12507993290015845 534
1694627062804 0.1190361596257305 535
1694627062851 0.14321961726967003 536
1694627062894 0.1446315646986445 537
1694627062937 0.11523729211378667 538
1694627062977 0.13995026766978053 539
1694627063015 0.13734444028303447 540
1694627063058 0.1417320502646757 541
1694627063096 0.12942946529838037 542
1694627063139 0.13416673355561545 543
1694627063179 0.12407784187554748 544
1694627063222 0.14522370309717467 545
1694627063266 0.1283760724612746 546
1694627063316 0.1361331662783807 547
1694627063365 0.14214886108140798 548
1694627063408 0.1668534037034026 549
1694627063449 0.13902709541079017 550
1694627063488 0.13954327960353477 551
1694627063527 0.1405793041162786 552
1694627063569 0.12993962360168507 553
1694627063605 0.1362654084026529 554
1694627063643 0.13172165323391669 555
1694627063679 0.12419871795915838 556
1694627063714 0.13774005705002001 557
1694627063754 0.12701616903878543 558
1694627063790 0.17491816063593468 559
1694627063824 0.1420935762817731 560
1694627063861 0.11474009402741382 561
1694627063901 0.11268956940788753 562
1694627063942 0.1160027118648445 563
1694627063986 0.12877778486755226 564
1694627064026 0.13162349459663492 565
1694627064070 0.13949155648228426 566
1694627064109 0.15702775890196827 567
1694627064149 0.15768198458081462 568
1694627064187 0.1203682547754935 569
1694627064225 0.13609922325321516 570
1694627064264 0.1342656320124874 571
1694627064305 0.11695865636777866 572
1694627064343 0.1462336189732224 573
1694627064383 0.13299642055895985 574
1694627064425 0.11267040917341553 575
1694627064467 0.13045387785032062 576
1694627064507 0.12208546437073164 577
1694627064550 0.11382562065511828 578
1694627064586 0.13001373095110919 579
1694627064625 0.15157146693320714 580
1694627064668 0.15165425527114387 581
1694627064710 0.12313843862859024 582
1694627064756 0.12560551257579552 583
1694627064803 0.13518760566673368 584
1694627064856 0.1819369707891334 585
1694627064906 0.12573532393131115 586
1694627064952 0.12547237632240307 587
1694627064991 0.14602898930441702 588
1694627065040 0.12157003278939682 589
1694627065095 0.13888092502029734 590
1694627065150 0.1032505290060684 591
1694627065195 0.11444068742076903 592
1694627065237 0.1482087445169086 593
1694627065279 0.13168663966455577 594
1694627065320 0.1280101423310049 595
1694627065364 0.11242253712952703 596
1694627065408 0.14250292339366982 597
1694627065456 0.11496337197404967 598
1694627065508 0.11131050187515301 599
1694627065559 0.12448490220934395 600
1694627065604 0.13886241854550338 601
1694627065647 0.1279008589585043 602
1694627065693 0.12605945587244843 603
1694627065737 0.11724778304573402 604
1694627065780 0.12275989399569995 605
1694627065825 0.13997576704965195 606
1694627065876 0.13526682825563413 607
1694627065920 0.1262765664212833 608
1694627065967 0.1399472357846487 609
1694627066011 0.1323081393846734 610
1694627066063 0.12452654648992752 611
1694627066120 0.1703741789880995 612
1694627066168 0.12979058178961436 613
1694627066210 0.12350286296966308 614
1694627066255 0.149913366823933 615
1694627066302 0.12358187825589544 616
1694627066369 0.10060604225584595 617
1694627066445 0.13702525730157092 618
1694627066501 0.13905545058709678 619
1694627066558 0.11563829942243437 620
1694627066605 0.14885728780159696 621
1694627066647 0.13931056462239066 622
1694627066690 0.103760668503786 623
1694627066729 0.1566023713765672 624
1694627066773 0.1370786511022273 625
1694627066820 0.1483986322760899 626
1694627066876 0.11771376541408998 627
1694627066932 0.12195249980656883 628
1694627066988 0.1307845204362434 629
1694627067030 0.12637531200409752 630
1694627067075 0.12671787483240232 631
1694627067118 0.13275565358302624 632
1694627067162 0.1410339028825055 633
1694627067213 0.14022994096966918 634
1694627067272 0.11906585504450155 635
1694627067326 0.11454381806077368 636
1694627067370 0.1317907416515093 637
1694627067414 0.1637289444996174 638
1694627067458 0.12446332476008519 639
1694627067501 0.10666424223507892 640
1694627067539 0.12175737270953386 641
1694627067591 0.11992866808635962 642
1694627067639 0.11316808248905752 643
1694627067692 0.13864485385678238 644
1694627067738 0.11665012264422017 645
1694627067778 0.11376119997120067 646
1694627067821 0.11448757570449444 647
1694627067862 0.1203893594313633 648
1694627067901 0.12150999005816482 649
1694627067941 0.12700804158765577 650
1694627067980 0.12099437271020118 651
1694627068021 0.14124706859244743 652
1694627068061 0.14196492345276407 653
1694627068103 0.12639939739652806 654
1694627068154 0.14664826303878856 655
1694627068204 0.12392681265220962 656
1694627068254 0.11796483075638994 657
1694627068304 0.11702532962812509 658
1694627068351 0.10907060661490443 659
1694627068399 0.1335717835598078 660
1694627068448 0.1278788344141901 661
1694627068501 0.11471620558075016 662
1694627068553 0.13398918115302205 663
1694627068608 0.12138283409623053 664
1694627068671 0.14308931449868212 665
1694627068725 0.13050579580749266 666
1694627068769 0.11903299680754928 667
1694627068810 0.14653177709889362 668
1694627068849 0.15894227384083975 669
1694627068882 0.12911606113119822 670
1694627068920 0.12712873315318413 671
1694627068962 0.13704047957271648 672
1694627069018 0.13648845167838444 673
1694627069072 0.1610455713258839 674
1694627069124 0.12930962423528364 675
1694627069172 0.13606111997744014 676
1694627069220 0.12068481722217465 677
1694627069261 0.11568104362564445 678
1694627069310 0.12513140133107073 679
1694627069356 0.13243396917948572 680
1694627069409 0.12874697933305662 681
1694627069458 0.1197286595290027 682
1694627069502 0.12304366191316579 683
1694627069547 0.1297029126867866 684
1694627069594 0.11725157093152092 685
1694627069639 0.11091613561219561 686
1694627069679 0.13050000857311458 687
1694627069718 0.1391579879561093 688
1694627069755 0.11358125499224424 689
1694627069803 0.13680194964116207 690
1694627069857 0.11617294534347242 691
1694627069915 0.13928395946048758 692
1694627069963 0.11437162520778198 693
1694627070009 0.13152932444684348 694
1694627070063 0.13995428174205563 695
1694627070122 0.13999185774946754 696
1694627070174 0.10701123369042558 697
1694627070224 0.13507153916238346 698
1694627070274 0.13375329755869356 699
1694627070339 0.11499142831058712 700
1694627070388 0.125860456138078 701
1694627070433 0.11737866319968536 702
1694627070478 0.12201845412688934 703
1694627070529 0.12097958423451648 704
1694627070578 0.10862754596708361 705
1694627070622 0.11741567951220615 706
1694627070662 0.11009254790587251 707
1694627070704 0.14684072205478493 708
1694627070747 0.12177573511907178 709
1694627070790 0.11588581068793974 710
1694627070828 0.16365889553159205 711
1694627070872 0.12417823106608125 712
1694627070909 0.13555992851752588 713
1694627070951 0.11931836371059851 714
1694627070991 0.10389368057936511 715
1694627071038 0.12691153225269763 716
1694627071087 0.13100798238092226 717
1694627071137 0.12725056993466385 718
1694627071182 0.12384894454507799 719
1694627071226 0.14057059825143622 720
1694627071271 0.10741980184692411 721
1694627071328 0.11943330719431372 722
1694627071381 0.1390982329943253 723
1694627071441 0.13014192087721196 724
1694627071499 0.1217475422785678 725
1694627071558 0.11247791223128996 726
1694627071606 0.14205420916229786 727
1694627071662 0.09640648634135811 728
1694627071714 0.1393882572002282 729
1694627071757 0.14187448950794151 730
1694627071803 0.1219225498956415 731
1694627071846 0.125706535810758 732
1694627071888 0.11971675396278128 733
1694627071932 0.13618359559193713 734
1694627071981 0.1058140174204149 735
1694627072038 0.12776221320365855 736
1694627072083 0.1198299248972793 737
1694627072129 0.140103243558906 738
1694627072179 0.10269604844794676 739
1694627072231 0.11650615612396427 740
1694627072280 0.17207702188154406 741
1694627072334 0.14991051504528427 742
1694627072384 0.12764141606725424 743
1694627072440 0.12574677725829037 744
1694627072485 0.12119822017785985 745
1694627072527 0.11393623825097765 746
1694627072567 0.11655048616155342 747
1694627072613 0.18508797065889668 748
1694627072656 0.12558104632346775 749
1694627072697 0.13127360643856828 750
1694627072739 0.11963494418339363 751
1694627072778 0.14611997935008633 752
1694627072821 0.11766075008624295 753
1694627072870 0.10403333718513944 754
1694627072923 0.12721139221838562 755
1694627072977 0.12529778805948372 756
1694627073031 0.12718985530182528 757
1694627073080 0.12000226734805367 758
1694627073122 0.11660361767652623 759
1694627073165 0.12112775923307893 760
1694627073210 0.10167686629536542 761
