1694637595526 0.0 0
1694637596319 0.0 1
1694637596929 0.0 2
1694637597533 0.0 3
1694637598173 0.0 4
1694637598885 0.0 5
1694637599532 0.0 6
1694637600230 0.0 7
1694637600850 0.0 8
1694637601518 0.0 9
1694637602204 0.0 10
1694637602895 0.0 11
1694637603503 0.0 12
1694637604117 0.0 13
1694637604771 0.0 14
1694637605407 0.0 15
1694637606053 0.0 16
1694637606815 0.0 17
1694637607515 0.0 18
1694637608216 0.0 19
1694637608909 0.0 20
1694637609601 0.0 21
1694637610223 0.0 22
1694637610904 0.0 23
1694637611570 0.0 24
1694637612248 0.0 25
1694637612979 0.0 26
1694637613708 0.0 27
1694637614324 0.0 28
1694637615076 0.0 29
1694637615771 0.0 30
1694637616459 0.0 31
1694637617133 0.0 32
1694637617827 0.0 33
1694637618558 0.0 34
1694637619144 0.0 35
1694637619707 0.0 36
1694637620266 0.0 37
1694637620886 0.0 38
1694637621496 0.0 39
1694637622085 0.0 40
1694637622730 0.0 41
1694637623381 0.0 42
1694637623986 0.0 43
1694637624677 0.0 44
1694637625334 0.0 45
1694637625927 0.0 46
1694637626568 0.0 47
1694637627189 0.0 48
1694637627875 0.0 49
1694637628718 0.0 50
1694637629340 0.0 51
1694637630009 0.0 52
1694637630705 0.0 53
1694637631403 0.0 54
1694637632099 0.0 55
1694637632664 0.0 56
1694637633324 0.0 57
1694637634003 0.0 58
1694637634689 0.0 59
1694637635347 0.0 60
1694637636061 0.0 61
1694637636813 0.0 62
1694637637442 0.0 63
1694637638194 0.0 64
1694637638873 0.0 65
1694637639454 0.0 66
1694637640058 0.0 67
1694637640681 0.0 68
1694637641293 0.0 69
1694637641939 0.0 70
1694637642556 0.0 71
1694637643377 0.0 72
1694637644133 0.0 73
1694637644837 0.0 74
1694637645532 0.0 75
1694637646265 0.0 76
1694637646869 0.0 77
1694637647583 0.0 78
1694637648252 0.0 79
1694637648880 0.0 80
1694637649571 0.0 81
1694637650198 0.0 82
1694637650911 0.0 83
1694637651519 0.0 84
1694637652297 0.0 85
1694637652985 0.0 86
1694637653655 0.0 87
1694637654266 0.0 88
1694637654883 0.0 89
1694637655534 0.0 90
1694637656156 0.0 91
1694637656864 0.0 92
1694637657479 0.0 93
1694637658178 0.0 94
1694637658870 0.0 95
1694637659466 0.0 96
1694637660147 0.0 97
1694637660671 0.0 98
1694637661292 0.0 99
1694637661933 0.0 100
1694637662632 0.0 101
1694637663365 0.0 102
1694637664010 0.0 103
1694637664703 0.0 104
1694637665335 0.0 105
1694637665848 0.0 106
1694637666434 0.0 107
1694637667186 0.0 108
1694637667891 0.0 109
1694637668650 0.0 110
1694637669372 0.0 111
1694637670130 0.0 112
1694637670743 0.0 113
1694637671353 0.0 114
1694637671982 0.0 115
1694637672571 0.0 116
1694637673237 0.0 117
1694637673948 0.0 118
1694637674597 0.0 119
1694637675193 0.0 120
1694637675660 0.0 121
1694637676269 0.0 122
1694637676991 0.0 123
1694637677696 0.0 124
1694637678340 0.0 125
1694637679000 0.0 126
1694637679673 0.0 127
1694637680291 0.0 128
1694637680799 0.0 129
1694637681540 0.0 130
1694637682193 0.0 131
1694637682892 0.0 132
1694637683560 0.0 133
1694637684229 0.0 134
1694637684883 0.0 135
1694637685498 0.0 136
1694637686181 0.0 137
1694637686869 0.0 138
1694637687495 0.0 139
1694637688103 0.0 140
1694637688872 0.0 141
1694637689515 0.0 142
1694637690245 0.0 143
1694637690984 0.0 144
1694637691739 0.0 145
1694637692500 0.0 146
1694637693291 0.0 147
1694637694053 0.0 148
1694637694792 0.0 149
1694637695378 0.0 150
1694637696021 0.0 151
1694637696674 0.0 152
1694637697353 0.0 153
1694637697925 0.0 154
1694637698579 0.0 155
1694637699200 0.0 156
1694637699822 0.0 157
1694637700458 0.0 158
1694637701119 0.0 159
1694637701767 0.0 160
1694637702405 0.0 161
1694637703074 0.0 162
1694637703741 0.0 163
1694637704442 0.0 164
1694637705082 0.0 165
1694637705733 0.0 166
1694637706377 0.0 167
1694637706932 0.0 168
1694637707538 0.0 169
1694637708173 0.0 170
1694637708939 0.0 171
1694637709606 0.0 172
1694637710298 0.0 173
1694637710865 0.0 174
1694637711289 0.0 175
1694637711958 0.0 176
1694637712585 0.0 177
1694637713188 0.0 178
1694637713850 0.0 179
1694637714571 0.0 180
1694637715156 0.0 181
1694637715790 0.0 182
1694637716393 0.0 183
1694637717075 0.0 184
1694637717742 0.0 185
1694637718472 0.0 186
1694637719164 0.0 187
1694637719848 0.0 188
1694637720525 0.0 189
1694637721031 0.0 190
1694637721501 0.0 191
1694637722238 0.0 192
1694637722986 0.0 193
1694637723618 0.0 194
1694637724221 0.0 195
1694637724930 0.0 196
1694637725483 0.0 197
1694637726163 0.0 198
1694637726897 0.0 199
1694637727710 0.0 200
1694637728430 0.0 201
1694637729132 0.0 202
1694637730047 0.0 203
1694637730655 0.0 204
1694637731299 0.0 205
1694637731595 0.0 206
1694637731798 0.0 207
1694637732273 0.0 208
1694637732872 0.0 209
1694637733545 0.0 210
1694637734170 0.0 211
1694637734780 0.0 212
1694637735506 0.0 213
1694637736165 0.0 214
1694637736571 0.0 215
1694637737181 0.0 216
1694637737853 0.0 217
1694637738511 0.0 218
1694637739271 0.0 219
1694637739976 0.0 220
1694637740614 0.0 221
1694637741220 0.0 222
1694637741839 0.0 223
1694637742479 0.0 224
1694637743113 0.0 225
1694637743754 0.0 226
1694637744383 0.0 227
1694637745012 0.0 228
1694637745690 0.0 229
1694637746317 0.0 230
1694637746921 0.0 231
1694637747537 0.0 232
1694637748187 0.0 233
1694637748845 0.0 234
1694637749393 0.0 235
1694637750033 0.0 236
1694637750662 0.0 237
1694637751283 0.0 238
1694637751904 0.0 239
1694637752472 0.0 240
1694637753143 0.0 241
1694637753757 0.0 242
1694637754337 0.0 243
1694637755002 0.0 244
1694637755638 0.0 245
1694637756265 0.0 246
1694637756866 0.0 247
1694637757489 0.0 248
1694637758077 0.0 249
1694637758700 0.0 250
1694637759420 0.0 251
1694637760103 0.0 252
1694637760758 0.0 253
1694637761364 0.0 254
1694637761985 0.0 255
1694637762620 0.0 256
1694637763216 0.0 257
1694637763826 0.0 258
1694637764510 0.0 259
1694637765126 0.0 260
1694637765757 0.0 261
1694637766106 0.0 262
1694637766644 0.0 263
1694637767346 0.0 264
1694637768039 0.0 265
1694637768677 0.0 266
1694637769428 0.0 267
1694637770124 0.0 268
1694637770884 0.0 269
1694637771632 0.0 270
1694637772345 0.0 271
1694637773136 0.0 272
1694637773821 0.0 273
1694637774545 0.0 274
1694637775246 0.0 275
1694637776031 0.0 276
1694637776700 0.0 277
1694637777406 0.0 278
1694637778096 0.0 279
1694637778765 0.0 280
1694637779605 0.0 281
1694637780238 0.0 282
1694637780934 0.0 283
1694637781554 0.0 284
1694637782153 0.0 285
1694637782771 0.0 286
1694637783426 0.0 287
1694637784053 0.0 288
1694637784679 0.0 289
1694637785332 0.0 290
1694637786129 0.0 291
1694637786869 0.0 292
1694637787578 0.0 293
1694637788220 0.0 294
1694637788892 0.0 295
1694637789409 0.0 296
1694637789631 0.0 297
1694637790324 0.0 298
1694637791088 0.0 299
1694637791818 0.0 300
1694637792445 0.0 301
1694637793105 0.0 302
1694637793889 0.0 303
1694637794666 0.0 304
1694637795360 0.0 305
1694637796024 0.0 306
1694637796396 0.0 307
1694637797209 0.0 308
1694637798059 0.0 309
1694637798728 0.0 310
1694637799441 0.0 311
1694637800144 0.0 312
1694637800857 0.0 313
1694637801626 0.0 314
1694637802274 0.0 315
1694637802918 0.0 316
1694637803618 0.0 317
1694637804338 0.0 318
1694637805188 0.0 319
1694637805899 0.0 320
1694637806626 0.0 321
1694637807213 0.0 322
1694637807880 0.0 323
1694637808573 0.0 324
1694637809425 0.0 325
1694637809945 0.0 326
1694637810741 0.0 327
1694637811572 0.0 328
1694637812238 0.0 329
1694637812925 0.0 330
1694637813552 0.0 331
1694637814229 0.0 332
1694637814942 0.0 333
1694637815579 0.0 334
1694637816233 0.0 335
1694637816999 0.0 336
1694637817737 0.0 337
1694637818532 0.0 338
1694637819221 0.0 339
1694637819900 0.0 340
1694637820647 0.0 341
1694637821260 0.0 342
1694637821851 0.0 343
1694637822479 0.0 344
1694637823177 0.0 345
1694637823873 0.0 346
1694637824544 0.0 347
1694637825215 0.0 348
1694637825986 0.0 349
1694637826744 0.0 350
1694637827443 0.0 351
1694637828109 0.0 352
1694637828761 0.0 353
1694637829436 0.0 354
1694637830094 0.0 355
1694637830808 0.0 356
1694637831508 0.0 357
1694637832137 0.0 358
1694637832823 0.0 359
1694637833469 0.0 360
1694637834137 0.0 361
1694637834837 0.0 362
1694637835621 0.0 363
1694637836266 0.0 364
1694637836985 0.0 365
1694637837761 0.0 366
1694637838403 0.0 367
1694637839174 0.0 368
1694637840126 0.0 369
1694637840897 0.0 370
1694637841642 0.0 371
1694637842357 0.0 372
1694637843050 0.0 373
1694637843839 0.0 374
1694637844391 0.0 375
1694637845089 0.0 376
1694637845758 0.0 377
1694637846426 0.0 378
1694637847185 0.0 379
1694637847954 0.0 380
1694637848607 0.0 381
1694637849294 0.0 382
1694637850056 0.0 383
1694637850726 0.0 384
1694637851306 0.0 385
1694637851846 0.0 386
1694637852339 0.0 387
1694637853013 0.0 388
1694637853803 0.0 389
1694637854567 0.0 390
1694637855199 0.0 391
1694637855998 0.0 392
1694637856680 0.0 393
1694637857386 0.0 394
1694637858065 0.0 395
1694637858985 0.0 396
1694637859545 0.0 397
1694637859770 0.0 398
1694637860334 0.0 399
1694637861056 0.0 400
1694637861733 0.0 401
1694637862422 0.0 402
1694637863088 0.0 403
1694637863867 0.0 404
1694637864576 0.0 405
1694637865140 0.0 406
1694637865837 0.0 407
1694637866479 0.0 408
1694637867181 0.0 409
1694637867950 0.0 410
1694637868591 0.0 411
1694637869206 0.0 412
1694637869862 0.0 413
1694637870547 0.0 414
1694637871195 0.0 415
1694637871890 0.0 416
1694637872861 0.0 417
1694637873550 0.0 418
1694637874205 0.0 419
1694637874885 0.0 420
1694637875617 0.0 421
1694637876273 0.0 422
1694637876941 0.0 423
1694637877602 0.0 424
1694637878355 0.0 425
1694637879017 0.0 426
1694637879668 0.0 427
1694637880314 0.0 428
1694637881072 0.0 429
1694637881735 0.0 430
1694637882398 0.0 431
1694637883052 0.0 432
1694637883836 0.0 433
1694637884565 0.0 434
1694637885373 0.0 435
1694637886108 0.0 436
1694637886780 0.0 437
1694637887457 0.0 438
1694637888270 0.0 439
1694637889057 0.0 440
1694637889711 0.0 441
1694637890370 0.0 442
1694637890995 0.0 443
1694637891765 0.0 444
1694637892445 0.0 445
1694637893146 0.0 446
1694637893805 0.0 447
1694637894519 0.0 448
1694637895123 0.0 449
1694637895762 0.0 450
1694637896409 0.0 451
1694637897117 0.0 452
1694637897868 0.0 453
1694637898581 0.0 454
1694637899237 0.0 455
1694637899985 0.0 456
1694637900658 0.0 457
1694637901347 0.0 458
1694637901930 0.0 459
1694637902570 0.0 460
1694637903154 0.0 461
1694637903806 0.0 462
1694637904445 0.0 463
1694637905205 0.0 464
1694637906004 0.0 465
1694637906733 0.0 466
1694637907425 0.0 467
1694637908146 0.0 468
1694637908858 0.0 469
1694637909550 0.0 470
1694637910297 0.0 471
1694637911010 0.0 472
1694637911690 0.0 473
1694637912395 0.0 474
1694637913029 0.0 475
1694637913602 0.0 476
1694637914352 0.0 477
1694637914995 0.0 478
1694637915651 0.0 479
1694637916310 0.0 480
1694637916998 0.0 481
1694637917656 0.0 482
1694637918389 0.0 483
1694637919143 0.0 484
1694637920011 0.0 485
1694637920905 0.0 486
1694637921661 0.0 487
1694637922419 0.0 488
1694637923133 0.0 489
1694637923776 0.0 490
1694637924414 0.0 491
1694637925089 0.0 492
1694637925763 0.0 493
1694637926446 0.0 494
1694637927246 0.0 495
1694637927891 0.0 496
1694637928567 0.0 497
1694637929288 0.0 498
1694637929937 0.0 499
1694637930629 0.0 500
1694637931410 0.0 501
1694637931937 0.0 502
1694637932829 0.0 503
1694637933487 0.0 504
1694637934088 0.0 505
1694637934500 0.0 506
1694637934991 0.0 507
1694637935710 0.0 508
1694637936462 0.0 509
1694637937178 0.0 510
1694637937933 0.0 511
1694637938617 0.0 512
1694637939450 0.0 513
1694637940111 0.0 514
1694637940790 0.0 515
1694637941606 0.0 516
1694637942349 0.0 517
1694637943092 0.0 518
1694637943814 0.0 519
1694637944449 0.0 520
1694637945094 0.0 521
1694637945778 0.0 522
1694637946566 0.0 523
1694637947281 0.0 524
1694637947946 0.0 525
1694637948626 0.0 526
1694637949405 0.0 527
1694637950027 0.0 528
1694637950675 0.0 529
1694637951366 0.0 530
1694637952045 0.0 531
1694637952699 0.0 532
1694637953373 0.0 533
1694637953989 0.0 534
1694637954744 0.0 535
1694637955402 0.0 536
1694637956163 0.0 537
1694637956821 0.0 538
1694637957499 0.0 539
1694637958133 0.0 540
1694637958804 0.0 541
1694637959508 0.0 542
1694637960291 0.0 543
1694637960973 0.0 544
1694637961726 0.0 545
1694637962358 0.0 546
1694637962997 0.0 547
1694637963685 0.0 548
1694637964398 0.0 549
1694637965090 0.0 550
1694637965853 0.0 551
1694637966491 0.0 552
1694637967100 0.0 553
1694637967887 0.0 554
1694637968578 0.0 555
1694637969346 0.0 556
1694637969953 0.0 557
1694637970437 0.0 558
1694637971122 0.0 559
1694637971705 0.0 560
1694637972230 0.0 561
1694637972720 0.0 562
1694637973388 0.0 563
1694637974087 0.0 564
1694637974704 0.0 565
1694637975324 0.0 566
1694637975931 0.0 567
1694637976517 0.0 568
1694637977198 0.0 569
1694637977886 0.0 570
1694637978604 0.0 571
1694637979226 0.0 572
1694637979880 0.0 573
1694637980542 0.0 574
1694637981148 0.0 575
1694637981924 0.0 576
1694637982827 0.0 577
1694637983593 0.0 578
1694637984341 0.0 579
1694637984982 0.0 580
1694637985602 0.0 581
1694637986213 0.0 582
1694637986825 0.0 583
1694637987428 0.0 584
1694637988044 0.0 585
1694637988655 0.0 586
1694637989241 0.0 587
1694637989891 0.0 588
1694637990444 0.0 589
1694637991059 0.0 590
1694637991669 0.0 591
1694637992276 0.0 592
1694637992895 0.0 593
1694637993535 0.0 594
1694637994116 0.0 595
1694637994710 0.0 596
1694637995300 0.0 597
1694637995893 0.0 598
1694637996462 0.0 599
1694637997125 0.0 600
1694637997705 0.0 601
1694637998286 0.0 602
1694637998886 0.0 603
1694637999462 0.0 604
1694638000100 0.0 605
1694638000697 0.0 606
1694638001308 0.0 607
1694638001915 0.0 608
1694638002463 0.0 609
1694638003081 0.0 610
1694638003661 0.0 611
1694638004259 0.0 612
1694638004870 0.0 613
1694638005508 0.0 614
1694638006079 0.0 615
1694638006672 0.0 616
1694638007226 0.0 617
1694638007815 0.0 618
1694638008454 0.0 619
1694638009049 0.0 620
1694638009627 0.0 621
1694638010205 0.0 622
1694638010799 0.0 623
1694638011407 0.0 624
1694638011993 0.0 625
1694638012567 0.0 626
1694638013124 0.0 627
1694638013770 0.0 628
1694638014337 0.0 629
1694638014942 0.0 630
1694638015577 0.0 631
1694638016202 0.0 632
1694638016773 0.0 633
1694638017364 0.0 634
1694638017949 0.0 635
1694638018528 0.0 636
1694638019128 0.0 637
1694638019748 0.0 638
1694638020379 0.0 639
1694638020934 0.0 640
1694638021460 0.0 641
1694638021971 0.0 642
1694638022568 0.0 643
1694638023161 0.0 644
1694638023759 0.0 645
1694638024351 0.0 646
1694638024935 0.0 647
1694638025504 0.0 648
1694638026109 0.0 649
1694638026709 0.0 650
1694638027303 0.0 651
1694638027872 0.0 652
1694638028443 0.0 653
1694638029095 0.0 654
1694638029722 0.0 655
1694638030379 0.0 656
1694638031023 0.0 657
1694638031631 0.0 658
1694638032366 0.0 659
1694638032867 0.0 660
1694638033455 0.0 661
1694638034071 0.0 662
1694638034639 0.0 663
1694638035203 0.0 664
1694638035764 0.0 665
1694638036355 0.0 666
1694638036977 0.0 667
1694638037573 0.0 668
1694638038186 0.0 669
1694638038901 0.0 670
1694638039484 0.0 671
1694638040089 0.0 672
1694638040710 0.0 673
1694638041348 0.0 674
1694638041851 0.0 675
1694638042407 0.0 676
1694638043097 0.0 677
1694638043820 0.0 678
1694638044392 0.0 679
1694638044974 0.0 680
1694638045573 0.0 681
1694638046189 0.0 682
1694638046815 0.0 683
1694638047403 0.0 684
1694638048007 0.0 685
1694638048606 0.0 686
1694638049209 0.0 687
1694638049780 0.0 688
1694638050359 0.0 689
1694638050961 0.0 690
1694638051540 0.0 691
1694638052130 0.0 692
1694638052741 0.0 693
1694638053378 0.0 694
1694638053873 0.0 695
1694638054455 0.0 696
1694638055104 0.0 697
1694638055675 0.0 698
1694638056301 0.0 699
1694638056920 0.0 700
1694638057489 0.0 701
1694638058092 0.0 702
1694638058706 0.0 703
1694638059332 0.0 704
1694638059974 0.0 705
1694638060590 0.0 706
1694638061223 0.0 707
1694638061842 0.0 708
1694638062426 0.0 709
1694638063028 0.0 710
1694638063661 0.0 711
1694638064226 0.0 712
1694638064830 0.0 713
1694638065450 0.0 714
1694638066033 0.0 715
1694638066633 0.0 716
1694638067202 0.0 717
1694638067794 0.0 718
1694638068391 0.0 719
1694638068986 0.0 720
1694638069584 0.0 721
1694638070206 0.0 722
1694638070827 0.0 723
1694638071506 0.0 724
1694638071994 0.0 725
1694638072575 0.0 726
1694638073150 0.0 727
1694638073749 0.0 728
1694638074330 0.0 729
1694638074928 0.0 730
1694638075525 0.0 731
1694638076131 0.0 732
1694638076733 0.0 733
1694638077305 0.0 734
1694638077899 0.0 735
1694638078475 0.0 736
1694638079080 0.0 737
1694638079703 0.0 738
1694638080295 0.0 739
1694638080878 0.0 740
1694638081447 0.0 741
1694638081995 0.0 742
1694638082572 0.0 743
1694638083151 0.0 744
1694638083763 0.0 745
1694638084397 0.0 746
1694638085001 0.0 747
1694638085723 0.0 748
1694638086322 0.0 749
1694638086922 0.0 750
1694638087504 0.0 751
1694638088122 0.0 752
1694638088674 0.0 753
1694638089295 0.0 754
1694638089868 0.0 755
1694638090455 0.0 756
1694638091036 0.0 757
1694638091676 0.0 758
1694638092293 0.0 759
1694638092851 0.0 760
1694638093417 0.0 761
1694638094018 0.0 762
1694638094594 0.0 763
1694638095179 0.0 764
1694638095785 0.0 765
1694638096410 0.0 766
1694638096979 0.0 767
1694638097561 0.0 768
1694638098148 0.0 769
1694638098723 0.0 770
1694638099374 0.0 771
1694638099953 0.0 772
1694638100522 0.0 773
1694638101091 0.0 774
1694638101679 0.0 775
1694638102330 0.0 776
1694638102909 0.0 777
1694638103482 0.0 778
1694638104086 0.0 779
1694638104765 0.0 780
1694638105370 0.0 781
1694638106005 0.0 782
1694638106631 0.0 783
1694638107204 0.0 784
1694638107714 0.0 785
1694638108355 0.0 786
1694638108969 0.0 787
1694638109651 0.0 788
1694638110243 0.0 789
1694638110832 0.0 790
1694638111413 0.0 791
1694638112034 0.0 792
1694638112619 0.0 793
1694638113256 0.0 794
1694638113850 0.0 795
1694638114445 0.0 796
1694638115059 0.0 797
1694638115794 0.0 798
1694638116356 0.0 799
1694638116977 0.0 800
1694638117582 0.0 801
1694638118159 0.0 802
1694638118723 0.0 803
1694638119325 0.0 804
1694638119907 0.0 805
1694638120500 0.0 806
1694638121116 0.0 807
1694638121738 0.0 808
1694638122402 0.0 809
1694638122989 0.0 810
1694638123589 0.0 811
1694638124190 0.0 812
1694638124794 0.0 813
1694638125362 0.0 814
1694638125997 0.0 815
1694638126647 0.0 816
1694638127256 0.0 817
1694638127858 0.0 818
1694638128426 0.0 819
1694638128988 0.0 820
1694638129704 0.0 821
1694638130319 0.0 822
1694638130931 0.0 823
1694638131541 0.0 824
1694638132158 0.0 825
1694638132777 0.0 826
1694638133394 0.0 827
1694638134028 0.0 828
1694638134647 0.0 829
1694638135279 0.0 830
1694638135863 0.0 831
1694638136467 0.0 832
1694638137087 0.0 833
1694638137740 0.0 834
1694638138329 0.0 835
1694638138955 0.0 836
1694638139572 0.0 837
1694638140207 0.0 838
1694638140771 0.0 839
1694638141400 0.0 840
1694638142029 0.0 841
1694638142686 0.0 842
1694638143271 0.0 843
1694638143875 0.0 844
1694638144480 0.0 845
1694638145100 0.0 846
1694638145771 0.0 847
1694638146365 0.0 848
1694638146933 0.0 849
1694638147521 0.0 850
1694638148122 0.0 851
1694638148726 0.0 852
1694638149274 0.0 853
1694638149862 0.0 854
1694638150454 0.0 855
1694638151050 0.0 856
1694638151681 0.0 857
1694638152309 0.0 858
1694638152985 0.0 859
1694638153584 0.0 860
1694638154210 0.0 861
1694638154827 0.0 862
1694638155435 0.0 863
1694638156033 0.0 864
1694638156658 0.0 865
1694638157245 0.0 866
1694638157861 0.0 867
1694638158474 0.0 868
1694638159085 0.0 869
1694638159685 0.0 870
1694638160388 0.0 871
1694638161034 0.0 872
1694638161629 0.0 873
1694638162227 0.0 874
1694638162911 0.0 875
1694638163560 0.0 876
1694638164186 0.0 877
1694638164802 0.0 878
1694638165512 0.0 879
1694638165897 0.0 880
1694638166275 0.0 881
1694638166902 0.0 882
1694638167502 0.0 883
1694638168118 0.0 884
1694638168758 0.0 885
1694638169364 0.0 886
1694638169963 0.0 887
1694638170570 0.0 888
1694638171193 0.0 889
1694638171766 0.0 890
1694638172387 0.0 891
1694638173035 0.0 892
1694638173641 0.0 893
1694638174237 0.0 894
1694638174832 0.0 895
1694638175449 0.0 896
1694638176075 0.0 897
1694638176682 0.0 898
1694638177321 0.0 899
1694638177957 0.0 900
1694638178561 0.0 901
1694638179203 0.0 902
1694638179773 0.0 903
1694638180405 0.0 904
1694638180999 0.0 905
1694638181554 0.0 906
1694638182174 0.0 907
1694638182792 0.0 908
1694638183442 0.0 909
1694638184016 0.0 910
1694638184637 0.0 911
1694638185255 0.0 912
1694638185879 0.0 913
1694638186471 0.0 914
1694638187062 0.0 915
1694638187697 0.0 916
1694638188287 0.0 917
1694638188873 0.0 918
1694638189540 0.0 919
1694638190199 0.0 920
1694638190789 0.0 921
1694638191511 0.0 922
1694638192095 0.0 923
1694638192614 0.0 924
1694638193216 0.0 925
1694638193989 0.0 926
1694638194522 0.0 927
1694638195135 0.0 928
1694638195779 0.0 929
1694638196346 0.0 930
1694638196986 0.0 931
1694638197633 0.0 932
1694638198237 0.0 933
1694638198828 0.0 934
1694638199431 0.0 935
1694638200179 0.0 936
1694638200816 0.0 937
1694638201444 0.0 938
1694638202072 0.0 939
1694638202686 0.0 940
1694638203316 0.0 941
1694638203970 0.0 942
1694638204541 0.0 943
1694638205138 0.0 944
1694638205741 0.0 945
1694638206341 0.0 946
1694638206954 0.0 947
1694638207573 0.0 948
1694638208190 0.0 949
1694638208899 0.0 950
1694638209499 0.0 951
1694638210093 0.0 952
1694638210742 0.0 953
1694638211353 0.0 954
1694638211968 0.0 955
1694638212589 0.0 956
1694638213205 0.0 957
1694638213878 0.0 958
1694638214465 0.0 959
1694638215100 0.0 960
1694638215749 0.0 961
1694638216370 0.0 962
1694638217033 0.0 963
1694638217657 0.0 964
1694638218271 0.0 965
1694638218887 0.0 966
1694638219509 0.0 967
1694638220118 0.0 968
1694638220800 0.0 969
1694638221411 0.0 970
1694638222019 0.0 971
1694638222598 0.0 972
1694638223227 0.0 973
1694638223907 0.0 974
1694638224554 0.0 975
1694638225118 0.0 976
1694638225688 0.0 977
1694638226413 0.0 978
1694638227012 0.0 979
1694638227655 0.0 980
1694638228276 0.0 981
1694638228929 0.0 982
1694638229509 0.0 983
1694638230145 0.0 984
1694638230754 0.0 985
1694638231371 0.0 986
1694638231981 0.0 987
1694638232582 0.0 988
1694638233210 0.0 989
1694638233804 0.0 990
1694638234539 0.0 991
1694638235182 0.0 992
1694638235756 0.0 993
1694638236402 0.0 994
1694638237172 0.0 995
1694638237734 0.0 996
1694638238375 0.0 997
1694638238994 0.0 998
1694638239548 0.0 999
