1694634931136 133.43815840478422 0
1694634931174 107.04057149102752 1
1694634931206 86.4115014090998 2
1694634931242 69.27152989648765 3
1694634931279 55.05270608760356 4
1694634931324 43.66888617722677 5
1694634931387 35.287445703965176 6
1694634931430 28.544576347692214 7
1694634931465 23.11867373625806 8
1694634931499 17.916698624241736 9
1694634931533 14.98754082137372 10
1694634931569 12.020819504504255 11
1694634931602 9.433909820269022 12
1694634931637 7.599994655658323 13
1694634931671 6.1541689405513145 14
1694634931705 4.818407810039538 15
1694634931740 4.043475433791115 16
1694634931776 3.1280311845869453 17
1694634931809 2.6433723299897616 18
1694634931843 2.057352459622923 19
1694634931878 1.785442307273342 20
1694634931913 1.409960604824108 21
1694634931947 1.0224570145860719 22
1694634931980 0.8865949198285019 23
1694634932015 0.7427513135973491 24
1694634932047 0.6650315289462482 25
1694634932083 0.5189029835523479 26
1694634932119 0.4159410130785946 27
1694634932155 0.3906203050820411 28
1694634932189 0.3233237749228029 29
1694634932227 0.22842435168872277 30
1694634932261 0.24918668663245447 31
1694634932295 0.21148163552058719 32
1694634932335 0.19807292241990737 33
1694634932370 0.13974021409281168 34
1694634932402 0.14978417824249235 35
1694634932439 0.12026283290630123 36
1694634932477 0.153370547300916 37
1694634932514 0.11315776361453529 38
1694634932547 0.13291214402901333 39
1694634932580 0.09395475241535836 40
1694634932615 0.10173380389336541 41
1694634932651 0.1155982160476669 42
1694634932685 0.10671310207154226 43
1694634932723 0.08619877399646664 44
1694634932759 0.10091850389382928 45
1694634932793 0.10418738156729092 46
1694634932826 0.12598286767708164 47
1694634932861 0.08806899445757 48
1694634932895 0.09775959739055527 49
1694634932933 0.0932789294994592 50
1694634932967 0.10025877088861682 51
1694634933001 0.08229149766775916 52
1694634933035 0.09880354216791082 53
1694634933071 0.0959750453688676 54
1694634933104 0.16141942826192512 55
1694634933138 0.09175497702531438 56
1694634933173 0.07188495079273972 57
1694634933208 0.15842643027826464 58
1694634933244 0.08624859025256584 59
1694634933280 0.07907585382473414 60
1694634933314 0.09846921182088779 61
1694634933347 0.08257311676117211 62
1694634933379 0.08438159046990246 63
1694634933414 0.07445110307851495 64
1694634933448 0.08198135872298458 65
1694634933481 0.08323644939372188 66
1694634933515 0.07126282931804971 67
1694634933550 0.0758726682218073 68
1694634933585 0.10186420621137021 69
1694634933619 0.09532923126643968 70
1694634933650 0.10522239152516803 71
1694634933685 0.11281721153943511 72
1694634933720 0.10062752122115018 73
