1694631021985 0.0 0
1694631022207 0.0 1
1694631022405 0.0 2
1694631022592 0.0 3
1694631022769 0.0 4
1694631022957 0.0 5
1694631023139 0.0 6
1694631023328 0.0 7
1694631023543 0.0 8
1694631023757 0.0 9
1694631023955 0.0 10
1694631024151 0.0 11
1694631024352 0.0 12
1694631024558 0.0 13
1694631024762 0.0 14
1694631024966 0.0 15
1694631025166 0.0 16
1694631025373 0.0 17
1694631025563 0.0 18
1694631025762 0.0 19
1694631025970 0.0 20
1694631026153 0.0 21
1694631026347 0.0 22
1694631026556 0.0 23
1694631026773 0.0 24
1694631026974 0.0 25
1694631027197 0.0 26
1694631027420 0.0 27
1694631027632 0.0 28
1694631027839 0.0 29
1694631028026 0.0 30
1694631028220 0.0 31
1694631028448 0.0 32
1694631028666 0.0 33
1694631028863 0.0 34
1694631029050 0.0 35
1694631029261 0.0 36
1694631029464 0.0 37
1694631029658 0.0 38
1694631029864 0.0 39
1694631030046 0.0 40
1694631030227 0.0 41
1694631030435 0.0 42
1694631030631 0.0 43
1694631030830 0.0 44
1694631031011 0.0 45
1694631031205 0.0 46
1694631031404 0.0 47
1694631031608 0.0 48
1694631031809 0.0 49
1694631032016 0.0 50
1694631032217 0.0 51
1694631032417 0.0 52
1694631032612 0.0 53
1694631032809 0.0 54
1694631032992 0.0 55
1694631033192 0.0 56
1694631033393 0.0 57
1694631033603 0.0 58
1694631033814 0.0 59
1694631033997 0.0 60
1694631034189 0.0 61
1694631034387 0.0 62
1694631034583 0.0 63
1694631034783 0.0 64
1694631034980 0.0 65
1694631035153 0.0 66
1694631035327 0.0 67
1694631035521 0.0 68
1694631035706 0.0 69
1694631035911 0.0 70
1694631036083 0.0 71
1694631036265 0.0 72
1694631036462 0.0 73
1694631036665 0.0 74
1694631036839 0.0 75
1694631037018 0.0 76
1694631037214 0.0 77
1694631037415 0.0 78
1694631037622 0.0 79
1694631037820 0.0 80
1694631038023 0.0 81
1694631038229 0.0 82
1694631038436 0.0 83
1694631038642 0.0 84
1694631038843 0.0 85
1694631039042 0.0 86
1694631039239 0.0 87
1694631039434 0.0 88
1694631039632 0.0 89
1694631039828 0.0 90
1694631040028 0.0 91
1694631040208 0.0 92
1694631040405 0.0 93
1694631040588 0.0 94
1694631040770 0.0 95
1694631040965 0.0 96
1694631041162 0.0 97
1694631041365 0.0 98
1694631041569 0.0 99
1694631041765 0.0 100
1694631041970 0.0 101
1694631042171 0.0 102
1694631042366 0.0 103
1694631042565 0.0 104
1694631042784 0.0 105
1694631042994 0.0 106
1694631043189 0.0 107
1694631043364 0.0 108
1694631043561 0.0 109
1694631043747 0.0 110
1694631043938 0.0 111
1694631044124 0.0 112
1694631044310 0.0 113
1694631044502 0.0 114
1694631044683 0.0 115
1694631044871 0.0 116
1694631045074 0.0 117
1694631045253 0.0 118
1694631045449 0.0 119
1694631045645 0.0 120
1694631045823 0.0 121
1694631046000 0.0 122
1694631046184 0.0 123
1694631046383 0.0 124
1694631046565 0.0 125
1694631046752 0.0 126
1694631046933 0.0 127
1694631047126 0.0 128
1694631047342 0.0 129
1694631047537 0.0 130
1694631047714 0.0 131
1694631047890 0.0 132
1694631048069 0.0 133
1694631048249 0.0 134
1694631048460 0.0 135
1694631048679 0.0 136
1694631048863 0.0 137
1694631049055 0.0 138
1694631049243 0.0 139
1694631049419 0.0 140
1694631049600 0.0 141
1694631049772 0.0 142
1694631049955 0.0 143
1694631050141 0.0 144
1694631050349 0.0 145
1694631050538 0.0 146
1694631050732 0.0 147
1694631050952 0.0 148
1694631051149 0.0 149
1694631051323 0.0 150
1694631051518 0.0 151
1694631051707 0.0 152
1694631051909 0.0 153
1694631052106 0.0 154
1694631052309 0.0 155
1694631052507 0.0 156
1694631052704 0.0 157
1694631052899 0.0 158
1694631053104 0.0 159
1694631053323 0.0 160
1694631053533 0.0 161
1694631053734 0.0 162
1694631053933 0.0 163
1694631054111 0.0 164
1694631054301 0.0 165
1694631054486 0.0 166
1694631054676 0.0 167
1694631054865 0.0 168
1694631055061 0.0 169
1694631055251 0.0 170
1694631055433 0.0 171
1694631055628 0.0 172
1694631055830 0.0 173
1694631056031 0.0 174
1694631056236 0.0 175
1694631056443 0.0 176
1694631056633 0.0 177
1694631056825 0.0 178
1694631057031 0.0 179
1694631057234 0.0 180
1694631057488 0.0 181
1694631057703 0.0 182
1694631057926 0.0 183
1694631058118 0.0 184
1694631058333 0.0 185
1694631058518 0.0 186
1694631058704 0.0 187
1694631058905 0.0 188
1694631059123 0.0 189
1694631059321 0.0 190
1694631059498 0.0 191
1694631059681 0.0 192
1694631059916 0.0 193
1694631060104 0.0 194
1694631060280 0.0 195
1694631060467 0.0 196
1694631060647 0.0 197
1694631060833 0.0 198
1694631061070 0.0 199
1694631061267 0.0 200
1694631061468 0.0 201
1694631061674 0.0 202
1694631061850 0.0 203
1694631062052 0.0 204
1694631062252 0.0 205
1694631062427 0.0 206
1694631062607 0.0 207
1694631062784 0.0 208
1694631062960 0.0 209
1694631063150 0.0 210
1694631063358 0.0 211
1694631063555 0.0 212
1694631063742 0.0 213
1694631063920 0.0 214
1694631064123 0.0 215
1694631064342 0.0 216
1694631064563 0.0 217
1694631064764 0.0 218
1694631064973 0.0 219
1694631065171 0.0 220
1694631065370 0.0 221
1694631065584 0.0 222
1694631065784 0.0 223
1694631065993 0.0 224
1694631066172 0.0 225
1694631066356 0.0 226
1694631066567 0.0 227
1694631066777 0.0 228
1694631066989 0.0 229
1694631067201 0.0 230
1694631067386 0.0 231
1694631067591 0.0 232
1694631067790 0.0 233
1694631067983 0.0 234
1694631068169 0.0 235
1694631068374 0.0 236
1694631068590 0.0 237
1694631068795 0.0 238
1694631069001 0.0 239
1694631069201 0.0 240
1694631069416 0.0 241
1694631069624 0.0 242
1694631069817 0.0 243
1694631070001 0.0 244
1694631070183 0.0 245
1694631070394 0.0 246
1694631070592 0.0 247
1694631070803 0.0 248
1694631070994 0.0 249
1694631071188 0.0 250
1694631071385 0.0 251
1694631071576 0.0 252
1694631071780 0.0 253
1694631071981 0.0 254
1694631072165 0.0 255
1694631072365 0.0 256
1694631072580 0.0 257
1694631072793 0.0 258
1694631073008 0.0 259
1694631073194 0.0 260
1694631073396 0.0 261
1694631073593 0.0 262
1694631073782 0.0 263
1694631073949 0.0 264
1694631074153 0.0 265
1694631074389 0.0 266
1694631074613 0.0 267
1694631074841 0.0 268
1694631075037 0.0 269
1694631075249 0.0 270
1694631075438 0.0 271
