1694632105549 165.1979600554331 0
1694632105588 165.165092685422 1
1694632105647 165.13223204467937 2
1694632105728 165.09937813180778 3
1694632105775 165.06653094541005 4
1694632105823 165.03369048408933 5
1694632105914 165.000856746449 6
1694632105962 164.96802973109277 7
1694632106020 164.9352094366247 8
1694632106078 164.902395861649 9
1694632106137 164.86958900477038 10
1694632106179 164.8367888645936 11
1694632106249 164.80399543972388 12
1694632106299 164.77120872876668 13
1694632106347 164.7384287303278 14
1694632106392 164.70565544301323 15
1694632106445 164.6728888654293 16
1694632106492 164.64012899618268 17
1694632106538 164.6073758338803 18
1694632106581 164.57462937712936 19
1694632106642 164.54188962453736 20
1694632106691 164.50915657471214 21
1694632106764 164.47643022626173 22
1694632106840 164.44371057779455 23
1694632106890 164.41099762791927 24
1694632106943 164.37829137524488 25
1694632106993 164.34559181838063 26
1694632107031 164.312898955936 27
1694632107080 164.2802127865209 28
1694632107129 164.24753330874546 29
1694632107170 164.2148605212201 30
1694632107245 164.18219442255548 31
1694632107329 164.14953501136264 32
1694632107410 164.11688228625292 33
1694632107511 164.08423624583784 34
1694632107585 164.0515968887293 35
1694632107636 164.01896421353948 36
1694632107692 163.9863382188808 37
1694632107743 163.95371890336608 38
1694632107793 163.9211062656083 39
1694632107845 163.8885003042208 40
1694632107897 163.85590101781725 41
1694632107946 163.8233084050115 42
1694632107992 163.79072246441774 43
1694632108041 163.7581431946505 44
1694632108095 163.72557059432458 45
1694632108180 163.69300466205502 46
1694632108304 163.66044539645722 47
1694632108407 163.62789279614677 48
1694632108458 163.5953468597396 49
1694632108552 163.56280758585208 50
1694632108632 163.53027497310057 51
1694632108692 163.497749020102 52
1694632108752 163.4652297254734 53
1694632108806 163.43271708783215 54
1694632108877 163.40021110579602 55
1694632108965 163.3677117779829 56
1694632109022 163.33521910301107 57
1694632109089 163.30273307949912 58
1694632109155 163.27025370606583 59
1694632109215 163.2377809813303 60
1694632109298 163.20531490391207 61
1694632109406 163.17285547243077 62
1694632109460 163.14040268550636 63
1694632109518 163.1079565417592 64
1694632109564 163.07551703980982 65
1694632109605 163.0430841782791 66
1694632109647 163.01065795578816 67
1694632109704 162.97823837095848 68
1694632109752 162.9458254224118 69
1694632109799 162.91341910877006 70
1694632109840 162.8810194286556 71
1694632109894 162.84862638069112 72
1694632109938 162.81623996349933 73
1694632110022 162.7838601757035 74
1694632110077 162.75148701592713 75
1694632110126 162.71912048279387 76
1694632110177 162.6867605749278 77
1694632110223 162.6544072909533 78
1694632110276 162.62206062949485 79
1694632110355 162.5897205891775 80
1694632110427 162.55738716862632 81
1694632110549 162.52506036646685 82
1694632110614 162.49274018132488 83
1694632110686 162.46042661182642 84
1694632110746 162.42811965659777 85
1694632110828 162.39581931426565 86
1694632110884 162.36352558345692 87
1694632110942 162.33123846279878 88
1694632110997 162.29895795091875 89
1694632111042 162.2666840464446 90
1694632111093 162.2344167480044 91
1694632111159 162.2021560542265 92
1694632111256 162.1699019637395 93
1694632111321 162.13765447517238 94
1694632111378 162.10541358715437 95
1694632111435 162.07317929831493 96
1694632111493 162.04095160728383 97
1694632111547 162.00873051269122 98
1694632111609 161.9765160131674 99
1694632111674 161.94430810734303 100
1694632111727 161.9121067938491 101
1694632111773 161.87991207131677 102
1694632111817 161.84772393837758 103
1694632111862 161.81554239366326 104
1694632111919 161.78336743580604 105
1694632111979 161.75119906343818 106
1694632112038 161.71903727519236 107
1694632112091 161.6868820697015 108
1694632112139 161.65473344559888 109
1694632112180 161.62259140151798 110
1694632112223 161.5904559360926 111
1694632112275 161.55832704795688 112
1694632112326 161.5262047357451 113
1694632112372 161.49408899809202 114
1694632112438 161.4619798336325 115
1694632112526 161.42987724100186 116
1694632112590 161.39778121883555 117
1694632112639 161.36569176576936 118
1694632112700 161.33360888043944 119
1694632112778 161.30153256148216 120
1694632112853 161.26946280753413 121
1694632112925 161.23739961723234 122
1694632112989 161.205342989214 123
1694632113077 161.17329292211662 124
1694632113133 161.14124941457803 125
1694632113187 161.10921246523628 126
1694632113235 161.07718207272978 127
1694632113293 161.04515823569722 128
1694632113357 161.01314095277743 129
1694632113408 160.98113022260975 130
1694632113454 160.94912604383364 131
1694632113503 160.9171284150889 132
1694632113560 160.88513733501563 133
1694632113614 160.8531528022542 134
1694632113677 160.82117481544523 135
1694632113722 160.7892033732297 136
1694632113779 160.7572384742488 137
1694632113829 160.72528011714405 138
1694632113871 160.69332830055725 139
1694632113916 160.66138302313044 140
1694632113994 160.62944428350602 141
1694632114079 160.59751208032662 142
1694632114161 160.56558641223518 143
1694632114246 160.53366727787488 144
1694632114304 160.5017546758893 145
1694632114358 160.4698486049221 146
1694632114400 160.43794906361742 147
1694632114501 160.40605605061958 148
1694632114563 160.37416956457324 149
1694632114613 160.34228960412332 150
1694632114671 160.31041616791498 151
1694632114748 160.27854925459374 152
1694632114805 160.24668886280537 153
1694632114857 160.21483499119591 154
1694632114900 160.1829876384117 155
1694632114942 160.15114680309932 156
1694632114987 160.11931248390576 157
1694632115043 160.08748467947814 158
1694632115113 160.05566338846393 159
1694632115181 160.0238486095109 160
1694632115237 159.99204034126709 161
1694632115288 159.9602385823808 162
1694632115341 159.92844333150063 163
1694632115386 159.8966545872755 164
1694632115424 159.86487234835454 165
1694632115473 159.83309661338723 166
1694632115525 159.80132738102327 167
1694632115571 159.7695646499127 168
1694632115616 159.73780841870584 169
1694632115660 159.7060586860532 170
1694632115697 159.67431545060572 171
1694632115740 159.6425787110145 172
1694632115779 159.610848465931 173
1694632115821 159.57912471400692 174
1694632115869 159.54740745389424 175
1694632115911 159.51569668424526 176
1694632115950 159.48399240371253 177
1694632115987 159.45229461094888 178
1694632116030 159.42060330460745 179
1694632116090 159.38891848334163 180
1694632116127 159.35724014580512 181
1694632116164 159.3255682906519 182
1694632116200 159.29390291653618 183
1694632116237 159.26224402211253 184
1694632116272 159.23059160603574 185
1694632116309 159.19894566696095 186
1694632116344 159.1673062035435 187
1694632116387 159.13567321443904 188
1694632116423 159.1040466983035 189
1694632116460 159.07242665379317 190
1694632116504 159.04081307956451 191
1694632116558 159.00920597427432 192
1694632116612 158.97760533657964 193
1694632116660 158.94601116513783 194
1694632116710 158.91442345860654 195
1694632116763 158.88284221564368 196
1694632116812 158.85126743490736 197
1694632116853 158.81969911505618 198
1694632116911 158.78813725474882 199
1694632116947 158.75658185264433 200
1694632116985 158.72503290740198 201
1694632117028 158.69349041768146 202
1694632117087 158.66195438214257 203
1694632117131 158.63042479944548 204
1694632117176 158.59890166825065 205
1694632117223 158.56738498721882 206
1694632117255 158.5358747550109 207
1694632117287 158.50437097028825 208
1694632117325 158.47287363171242 209
1694632117359 158.4413827379452 210
1694632117393 158.40989828764876 211
1694632117428 158.37842027948545 212
1694632117475 158.34694871211806 213
1694632117535 158.3154835842094 214
1694632117581 158.28402489442283 215
1694632117623 158.2525726414218 216
1694632117678 158.22112682387018 217
1694632117725 158.18968744043195 218
1694632117761 158.15825448977156 219
1694632117797 158.1268279705536 220
1694632117840 158.095407881443 221
1694632117897 158.063994221105 222
1694632117945 158.032586988205 223
1694632118008 158.0011861814088 224
1694632118057 157.96979179938248 225
1694632118116 157.93840384079232 226
1694632118161 157.90702230430486 227
1694632118209 157.87564718858704 228
1694632118261 157.844278492306 229
1694632118307 157.81291621412916 230
1694632118351 157.78156035272423 231
1694632118397 157.75021090675926 232
1694632118451 157.71886787490243 233
1694632118505 157.68753125582236 234
1694632118547 157.65620104818785 235
1694632118587 157.62487725066802 236
1694632118647 157.59355986193228 237
1694632118710 157.5622488806502 238
1694632118753 157.5309443054918 239
1694632118788 157.49964613512728 240
1694632118827 157.46835436822712 241
1694632118859 157.43706900346217 242
1694632118904 157.4057900395034 243
1694632118944 157.3745174750222 244
1694632118995 157.34325130869016 245
1694632119034 157.3119915391792 246
1694632119075 157.28073816516144 247
1694632119114 157.24949118530935 248
1694632119156 157.21825059829567 249
1694632119198 157.1870164027934 250
1694632119247 157.1557885974758 251
1694632119297 157.12456718101646 252
1694632119348 157.09335215208915 253
1694632119407 157.0621435093681 254
1694632119461 157.03094125152762 255
1694632119518 156.99974537724236 256
1694632119562 156.96855588518733 257
1694632119604 156.93737277403773 258
1694632119647 156.90619604246905 259
1694632119693 156.87502568915707 260
1694632119739 156.84386171277788 261
1694632119793 156.8127041120078 262
1694632119833 156.78155288552338 263
1694632119871 156.7504080320016 264
1694632119909 156.71926955011958 265
1694632119945 156.68813743855478 266
1694632119985 156.65701169598486 267
1694632120033 156.62589232108792 268
1694632120072 156.59477931254213 269
1694632120114 156.5636726690261 270
1694632120159 156.53257238921867 271
1694632120208 156.50147847179892 272
1694632120250 156.4703909154462 273
1694632120296 156.43930971884015 274
1694632120335 156.40823488066084 275
1694632120376 156.3771663995883 276
1694632120419 156.34610427430314 277
1694632120463 156.31504850348605 278
1694632120510 156.28399908581815 279
1694632120564 156.2529560199807 280
1694632120619 156.22191930465524 281
1694632120663 156.19088893852376 282
1694632120703 156.1598649202683 283
1694632120740 156.12884724857133 284
1694632120787 156.09783592211548 285
1694632120833 156.0668309395838 286
1694632120874 156.03583229965952 287
1694632120920 156.0048400010261 288
1694632120963 155.97385404236744 289
1694632121006 155.9428744223675 290
1694632121046 155.91190113971072 291
1694632121090 155.88093419308169 292
1694632121141 155.84997358116527 293
1694632121179 155.81901930264672 294
1694632121213 155.7880713562114 295
1694632121247 155.7571297405451 296
1694632121287 155.72619445433384 297
1694632121331 155.6952654962638 298
1694632121372 155.6643428650216 299
1694632121409 155.63342655929407 300
1694632121447 155.60251657776826 301
1694632121492 155.5716129191316 302
1694632121531 155.54071558207173 303
1694632121572 155.50982456527655 304
1694632121609 155.47893986743426 305
1694632121647 155.44806148723336 306
1694632121703 155.41718942336257 307
1694632121758 155.386323674511 308
1694632121800 155.35546423936785 309
1694632121848 155.3246111166227 310
1694632121901 155.29376430496544 311
1694632121963 155.26292380308615 312
1694632122029 155.23208960967526 313
1694632122090 155.20126172342347 314
1694632122162 155.17044014302164 315
1694632122211 155.13962486716107 316
1694632122260 155.1088158945332 317
1694632122309 155.0780132238298 318
1694632122352 155.0472168537429 319
1694632122405 155.01642678296488 320
1694632122449 154.98564301018828 321
1694632122504 154.95486553410595 322
1694632122557 154.92409435341105 323
1694632122605 154.893329466797 324
1694632122647 154.86257087295746 325
1694632122708 154.83181857058636 326
1694632122773 154.801072558378 327
1694632122827 154.77033283502684 328
1694632122877 154.73959939922761 329
1694632122946 154.70887224967547 330
1694632123006 154.67815138506563 331
1694632123047 154.6474368040938 332
1694632123107 154.61672850545574 333
1694632123149 154.58602648784765 334
1694632123223 154.55533074996595 335
1694632123260 154.5246412905073 336
1694632123311 154.4939581081687 337
1694632123346 154.46328120164736 338
1694632123378 154.4326105696408 339
1694632123427 154.40194621084672 340
1694632123481 154.3712881239633 341
1694632123527 154.34063630768878 342
1694632123561 154.30999076072177 343
1694632123602 154.27935148176118 344
1694632123653 154.24871846950612 345
1694632123706 154.218091722656 346
1694632123755 154.1874712399105 347
1694632123797 154.15685701996964 348
1694632123842 154.12624906153357 349
1694632123879 154.09564736330282 350
1694632123926 154.0650519239782 351
1694632123974 154.03446274226073 352
1694632124013 154.00387981685174 353
1694632124057 153.9733031464528 354
1694632124102 153.94273272976577 355
1694632124143 153.9121685654928 356
1694632124186 153.88161065233635 357
1694632124220 153.85105898899903 358
1694632124253 153.8205135741838 359
1694632124295 153.7899744065939 360
1694632124340 153.7594414849328 361
1694632124373 153.7289148079043 362
1694632124413 153.6983943742124 363
1694632124452 153.66788018256142 364
1694632124495 153.63737223165592 365
1694632124539 153.6068705202008 366
1694632124578 153.57637504690118 367
1694632124619 153.54588581046238 368
1694632124670 153.51540280959014 369
1694632124710 153.48492604299037 370
1694632124765 153.4544555093692 371
1694632124813 153.42399120743326 372
1694632124855 153.3935331358892 373
1694632124904 153.363081293444 374
1694632124953 153.33263567880502 375
1694632124991 153.3021962906798 376
1694632125048 153.27176312777618 377
1694632125094 153.24133618880225 378
1694632125140 153.21091547246635 379
1694632125184 153.18050097747718 380
1694632125229 153.15009270254362 381
1694632125279 153.11969064637483 382
1694632125328 153.0892948076803 383
1694632125375 153.05890518516975 384
1694632125421 153.02852177755315 385
1694632125474 152.99814458354075 386
1694632125526 152.96777360184313 387
1694632125576 152.93740883117107 388
1694632125622 152.90705027023566 389
1694632125688 152.87669791774823 390
1694632125745 152.84635177242035 391
1694632125803 152.81601183296394 392
1694632125846 152.78567809809115 393
1694632125894 152.75535056651444 394
1694632125944 152.7250292369464 395
1694632126005 152.6947141081001 396
1694632126047 152.6644051786887 397
1694632126091 152.6341024474257 398
1694632126125 152.60380591302493 399
1694632126170 152.57351557420037 400
1694632126206 152.54323142966638 401
1694632126246 152.51295347813746 402
1694632126295 152.4826817183285 403
1694632126343 152.45241614895463 404
1694632126380 152.42215676873118 405
1694632126422 152.3919035763739 406
1694632126474 152.3616565705986 407
1694632126522 152.33141575012152 408
1694632126574 152.3011811136591 409
1694632126611 152.2709526599281 410
1694632126660 152.24073038764553 411
1694632126702 152.21051429552858 412
1694632126738 152.18030438229485 413
1694632126776 152.15010064666214 414
1694632126829 152.11990308734846 415
1694632126877 152.08971170307225 416
1694632126921 152.059526492552 417
1694632126962 152.02934745450668 418
1694632127009 151.99917458765538 419
1694632127050 151.96900789071753 420
1694632127097 151.93884736241282 421
1694632127144 151.90869300146116 422
1694632127190 151.8785448065828 423
1694632127229 151.84840277649823 424
1694632127267 151.81826690992816 425
1694632127303 151.78813720559367 426
1694632127344 151.75801366221603 427
1694632127395 151.72789627851677 428
1694632127439 151.69778505321767 429
1694632127493 151.6676799850409 430
1694632127561 151.63758107270883 431
1694632127605 151.607488314944 432
1694632127642 151.57740171046933 433
1694632127694 151.54732125800805 434
1694632127738 151.51724695628351 435
1694632127772 151.4871788040194 436
1694632127805 151.45711679993977 437
1694632127844 151.42706094276878 438
1694632127891 151.3970112312309 439
1694632127939 151.36696766405095 440
1694632127994 151.33693023995394 441
1694632128043 151.30689895766514 442
1694632128087 151.27687381591016 443
1694632128130 151.24685481341484 444
1694632128194 151.2168419489052 445
1694632128240 151.18683522110769 446
1694632128287 151.1568346287489 447
1694632128329 151.1268401705557 448
1694632128380 151.0968518452553 449
1694632128436 151.0668696515751 450
1694632128493 151.03689358824283 451
1694632128539 151.0069236539864 452
1694632128581 150.97695984753412 453
1694632128630 150.94700216761444 454
1694632128671 150.91705061295607 455
1694632128740 150.8871051822881 456
1694632128789 150.85716587433984 457
1694632128828 150.82723268784082 458
1694632128881 150.79730562152085 459
1694632128924 150.76738467411005 460
1694632128976 150.73746984433876 461
1694632129013 150.70756113093765 462
1694632129054 150.67765853263748 463
1694632129096 150.64776204816954 464
1694632129136 150.61787167626522 465
1694632129187 150.58798741565616 466
1694632129245 150.5581092650744 467
1694632129292 150.52823722325203 468
1694632129330 150.49837128892167 469
1694632129372 150.46851146081593 470
1694632129426 150.43865773766794 471
1694632129480 150.4088101182109 472
1694632129537 150.37896860117843 473
1694632129610 150.34913318530425 474
1694632129655 150.31930386932248 475
1694632129723 150.28948065196747 476
1694632129762 150.2596635319738 477
1694632129827 150.22985250807636 478
1694632129867 150.2000475790103 479
1694632129934 150.17024874351094 480
1694632129977 150.140456000314 481
1694632130014 150.1106693481554 482
1694632130055 150.08088878577135 483
1694632130095 150.05111431189826 484
1694632130141 150.0213459252729 485
1694632130180 149.99158362463223 486
1694632130226 149.9618274087135 487
1694632130264 149.93207727625423 488
1694632130311 149.9023332259922 489
1694632130346 149.8725952566655 490
1694632130386 149.8428633670123 491
1694632130426 149.8131375557713 492
1694632130461 149.7834178216813 493
1694632130509 149.75370416348142 494
1694632130552 149.72399657991096 495
1694632130605 149.6942950697096 496
1694632130651 149.66459963161722 497
1694632130705 149.63491026437393 498
1694632130748 149.60522696672024 499
1694632130793 149.57554973739676 500
1694632130843 149.54587857514446 501
1694632130888 149.51621347870454 502
1694632130942 149.48655444681847 503
1694632130978 149.45690147822802 504
1694632131029 149.42725457167518 505
1694632131076 149.39761372590215 506
1694632131112 149.36797893965152 507
1694632131152 149.3383502116661 508
1694632131194 149.30872754068886 509
1694632131247 149.2791109254632 510
1694632131295 149.24950036473265 511
1694632131333 149.21989585724106 512
1694632131378 149.19029740173252 513
1694632131424 149.16070499695144 514
1694632131470 149.13111864164242 515
1694632131522 149.10153833455038 516
1694632131563 149.0719640744204 517
1694632131619 149.042395859998 518
1694632131674 149.01283369002883 519
1694632131728 148.9832775632588 520
1694632131788 148.95372747843413 521
1694632131827 148.9241834343013 522
1694632131864 148.89464542960707 523
1694632131911 148.86511346309837 524
1694632131951 148.83558753352247 525
1694632131988 148.80606763962692 526
1694632132025 148.7765537801595 527
1694632132072 148.74704595386825 528
1694632132113 148.71754415950141 529
1694632132161 148.68804839580767 530
1694632132212 148.65855866153572 531
1694632132264 148.62907495543476 532
1694632132321 148.5995972762541 533
1694632132361 148.57012562274332 534
1694632132412 148.54065999365235 535
1694632132451 148.51120038773135 536
1694632132499 148.48174680373063 537
1694632132543 148.4522992404009 538
1694632132593 148.42285769649308 539
1694632132646 148.39342217075836 540
1694632132721 148.36399266194817 541
1694632132777 148.33456916881426 542
1694632132841 148.30515169010852 543
1694632132888 148.27574022458325 544
1694632132928 148.24633477099087 545
1694632132968 148.21693532808422 546
1694632133018 148.18754189461623 547
1694632133059 148.15815446934025 548
1694632133105 148.12877305100974 549
1694632133143 148.09939763837855 550
1694632133190 148.0700282302007 551
1694632133240 148.04066482523052 552
1694632133292 148.01130742222261 553
1694632133341 147.98195601993177 554
1694632133386 147.95261061711312 555
1694632133439 147.923271212522 556
1694632133485 147.89393780491406 557
1694632133536 147.86461039304515 558
1694632133581 147.83528897567146 559
1694632133623 147.80597355154933 560
1694632133662 147.77666411943548 561
1694632133703 147.74736067808675 562
1694632133747 147.71806322626043 563
1694632133807 147.68877176271388 564
1694632133858 147.65948628620484 565
1694632133929 147.63020679549123 566
1694632133977 147.60093328933135 567
1694632134027 147.5716657664836 568
1694632134078 147.54240422570678 569
1694632134127 147.51314866575981 570
1694632134175 147.48389908540207 571
1694632134235 147.45465548339303 572
1694632134278 147.42541785849244 573
1694632134327 147.39618620946032 574
1694632134388 147.3669605350571 575
1694632134443 147.3377408340432 576
1694632134490 147.3085271051795 577
1694632134545 147.27931934722707 578
1694632134581 147.25011755894727 579
1694632134637 147.22092173910164 580
1694632134683 147.1917318864521 581
1694632134728 147.16254799976073 582
1694632134779 147.1333700777899 583
1694632134823 147.10419811930225 584
1694632134863 147.0750321230607 585
1694632134908 147.04587208782837 586
1694632134960 147.01671801236867 587
1694632135003 146.9875698954453 588
1694632135049 146.95842773582214 589
1694632135087 146.92929153226342 590
1694632135126 146.90016128353355 591
1694632135160 146.8710369883973 592
1694632135191 146.8419186456195 593
1694632135223 146.8128062539655 594
1694632135254 146.78369981220075 595
1694632135286 146.75459931909097 596
1694632135321 146.72550477340215 597
1694632135355 146.69641617390053 598
1694632135388 146.6673335193527 599
1694632135438 146.63825680852534 600
1694632135475 146.6091860401855 601
1694632135525 146.58012121310048 602
1694632135576 146.55106232603788 603
1694632135628 146.5220093777654 604
1694632135674 146.49296236705118 605
1694632135714 146.46392129266349 606
1694632135753 146.43488615337094 607
1694632135791 146.4058569479423 608
1694632135830 146.3768336751468 609
1694632135872 146.34781633375366 610
1694632135908 146.3188049225325 611
1694632135946 146.28979944025323 612
1694632135990 146.260799885686 613
1694632136029 146.2318062576011 614
1694632136063 146.20281855476924 615
1694632136098 146.17383677596126 616
1694632136131 146.14486091994837 617
1694632136165 146.11589098550192 618
1694632136205 146.08692697139358 619
1694632136244 146.05796887639534 620
1694632136285 146.02901669927934 621
1694632136326 146.000070438818 622
1694632136367 145.97113009378398 623
1694632136410 145.94219566295033 624
1694632136453 145.9132671450902 625
1694632136493 145.88434453897705 626
1694632136546 145.85542784338463 627
1694632136602 145.82651705708687 628
1694632136644 145.79761217885803 629
1694632136693 145.76871320747262 630
1694632136742 145.73982014170534 631
1694632136778 145.71093298033125 632
1694632136814 145.68205172212558 633
1694632136854 145.65317636586383 634
1694632136896 145.62430691032182 635
1694632136944 145.59544335427552 636
1694632136993 145.56658569650128 637
1694632137045 145.5377339357756 638
1694632137110 145.50888807087526 639
1694632137161 145.48004810057736 640
1694632137204 145.4512140236592 641
1694632137245 145.4223858388983 642
1694632137290 145.39356354507254 643
1694632137337 145.36474714096 644
1694632137376 145.33593662533892 645
1694632137420 145.30713199698798 646
1694632137459 145.27833325468598 647
1694632137513 145.24954039721203 648
1694632137557 145.2207534233455 649
1694632137593 145.191972331866 650
1694632137645 145.16319712155337 651
1694632137693 145.13442779118776 652
1694632137744 145.10566433954955 653
1694632137780 145.07690676541932 654
1694632137830 145.048155067578 655
1694632137873 145.01940924480675 656
1694632137920 144.9906692958869 657
1694632137958 144.96193521960018 658
1694632137999 144.93320701472842 659
1694632138042 144.90448468005386 660
1694632138090 144.87576821435886 661
1694632138142 144.84705761642613 662
1694632138181 144.81835288503856 663
1694632138224 144.78965401897938 664
1694632138263 144.76096101703197 665
1694632138319 144.73227387798002 666
1694632138361 144.70359260060755 667
1694632138405 144.6749171836987 668
1694632138445 144.64624762603788 669
1694632138494 144.61758392640994 670
1694632138539 144.58892608359972 671
1694632138579 144.56027409639245 672
1694632138619 144.53162796357364 673
1694632138667 144.502987683929 674
1694632138710 144.4743532562445 675
1694632138755 144.4457246793064 676
1694632138796 144.41710195190117 677
1694632138845 144.38848507281557 678
1694632138886 144.35987404083653 679
1694632138926 144.33126885475139 680
1694632138962 144.3026695133476 681
1694632139007 144.27407601541293 682
1694632139060 144.2454883597354 683
1694632139100 144.21690654510326 684
1694632139141 144.188330570305 685
1694632139176 144.15976043412942 686
1694632139214 144.13119613536557 687
1694632139258 144.10263767280273 688
1694632139324 144.0740850452304 689
1694632139381 144.04553825143836 690
1694632139430 144.01699729021664 691
1694632139495 143.98846216035557 692
1694632139545 143.9599328606457 693
1694632139586 143.93140938987776 694
1694632139644 143.90289174684287 695
1694632139723 143.87437993033234 696
1694632139777 143.84587393913765 697
1694632139829 143.81737377205067 698
1694632139871 143.78887942786346 699
1694632139913 143.76039090536833 700
1694632139956 143.73190820335785 701
1694632139995 143.70343132062482 702
1694632140041 143.6749602559623 703
1694632140088 143.6464950081637 704
1694632140133 143.61803557602252 705
1694632140177 143.5895819583326 706
1694632140218 143.56113415388805 707
1694632140255 143.53269216148317 708
1694632140298 143.5042559799126 709
1694632140363 143.47582560797116 710
1694632140417 143.4474010444539 711
1694632140467 143.41898228815623 712
1694632140522 143.3905693378737 713
1694632140563 143.3621621924022 714
1694632140612 143.33376085053777 715
1694632140644 143.3053653110768 716
1694632140680 143.2769755728159 717
1694632140719 143.24859163455193 718
1694632140760 143.22021349508196 719
1694632140802 143.19184115320343 720
1694632140842 143.16347460771385 721
1694632140877 143.13511385741117 722
1694632140925 143.10675890109343 723
1694632140974 143.07840973755907 724
1694632141012 143.05006636560665 725
1694632141055 143.02172878403508 726
1694632141092 142.99339699164344 727
1694632141173 142.96507098723112 728
1694632141229 142.93675076959778 729
1694632141289 142.90843633754326 730
1694632141340 142.88012768986766 731
1694632141405 142.85182482537138 732
1694632141453 142.8235277428551 733
1694632141513 142.7952364411196 734
1694632141560 142.7669509189661 735
1694632141599 142.73867117519592 736
1694632141635 142.71039720861071 737
1694632141675 142.68212901801235 738
1694632141712 142.65386660220298 739
1694632141755 142.62560995998498 740
1694632141797 142.59735909016104 741
1694632141840 142.56911399153392 742
1694632141875 142.54087466290687 743
1694632141912 142.51264110308318 744
1694632141955 142.48441331086656 745
1694632142018 142.45619128506087 746
1694632142072 142.42797502447027 747
1694632142120 142.39976452789912 748
1694632142160 142.37155979415206 749
1694632142194 142.34336082203396 750
1694632142229 142.31516761035002 751
1694632142269 142.28698015790556 752
1694632142310 142.25879846350625 753
1694632142348 142.23062252595795 754
1694632142390 142.20245234406684 755
1694632142430 142.1742879166393 756
1694632142465 142.14612924248192 757
1694632142513 142.11797632040168 758
1694632142554 142.08982914920557 759
1694632142608 142.0616877277011 760
1694632142658 142.03355205469586 761
1694632142714 142.00542212899774 762
1694632142760 141.97729794941486 763
1694632142805 141.94917951475566 764
1694632142859 141.9210668238287 765
1694632142905 141.89295987544293 766
1694632142969 141.8648586684074 767
1694632143029 141.83676320153154 768
1694632143094 141.808673473625 769
1694632143144 141.78058948349766 770
1694632143188 141.7525112299596 771
1694632143229 141.7244387118212 772
1694632143278 141.69637192789313 773
1694632143330 141.66831087698625 774
1694632143382 141.64025555791164 775
1694632143426 141.61220596948073 776
1694632143470 141.5841621105051 777
1694632143514 141.5561239797967 778
1694632143559 141.52809157616753 779
1694632143594 141.50006489843003 780
1694632143636 141.4720439453968 781
1694632143677 141.4440287158807 782
1694632143730 141.41601920869485 783
1694632143784 141.38801542265261 784
1694632143839 141.36001735656762 785
1694632143891 141.33202500925367 786
1694632143948 141.3040383795249 787
1694632143998 141.27605746619568 788
1694632144061 141.2480822680806 789
1694632144115 141.22011278399447 790
1694632144161 141.19214901275245 791
1694632144203 141.16419095316988 792
1694632144243 141.1362386040623 793
1694632144286 141.1082919642456 794
1694632144326 141.08035103253587 795
1694632144364 141.0524158077494 796
1694632144407 141.02448628870283 797
1694632144450 140.99656247421294 798
1694632144504 140.96864436309687 799
1694632144557 140.9407319541719 800
1694632144600 140.91282524625564 801
1694632144652 140.88492423816587 802
1694632144709 140.8570289287207 803
1694632144756 140.82913931673838 804
1694632144812 140.80125540103757 805
1694632144851 140.77337718043702 806
1694632144889 140.74550465375583 807
1694632144927 140.71763781981326 808
1694632144973 140.6897766774289 809
1694632145014 140.6619212254225 810
1694632145063 140.63407146261417 811
1694632145111 140.60622738782416 812
1694632145150 140.57838899987303 813
1694632145192 140.55055629758152 814
1694632145244 140.52272927977077 815
1694632145291 140.49490794526196 816
1694632145331 140.46709229287666 817
1694632145375 140.43928232143662 818
1694632145421 140.41147802976388 819
1694632145480 140.38367941668074 820
1694632145527 140.35588648100963 821
1694632145563 140.32809922157338 822
1694632145601 140.30031763719498 823
1694632145646 140.27254172669768 824
1694632145690 140.24477148890495 825
1694632145744 140.21700692264056 826
1694632145788 140.1892480267285 827
1694632145830 140.16149479999302 828
1694632145879 140.1337472412586 829
1694632145925 140.10600534934994 830
1694632145962 140.07826912309204 831
1694632146007 140.0505385613101 832
1694632146051 140.0228136628296 833
1694632146091 139.99509442647627 834
1694632146131 139.96738085107606 835
1694632146178 139.93967293545512 836
1694632146228 139.91197067843999 837
1694632146263 139.8842740788573 838
1694632146304 139.856583135534 839
1694632146341 139.82889784729727 840
1694632146378 139.8012182129746 841
1694632146421 139.77354423139357 842
1694632146459 139.7458759013822 843
1694632146498 139.71821322176854 844
1694632146553 139.69055619138115 845
1694632146608 139.66290480904857 846
1694632146653 139.63525907359974 847
1694632146694 139.60761898386383 848
1694632146736 139.57998453867017 849
1694632146781 139.55235573684845 850
1694632146825 139.52473257722858 851
1694632146881 139.49711505864062 852
1694632146925 139.46950317991497 853
1694632146962 139.44189693988224 854
1694632146995 139.4142963373733 855
1694632147049 139.38670137121923 856
1694632147097 139.35911204025143 857
1694632147136 139.33152834330147 858
1694632147190 139.3039502792012 859
1694632147226 139.27637784678265 860
1694632147275 139.2488110448782 861
1694632147313 139.2212498723204 862
1694632147361 139.1936943279421 863
1694632147411 139.16614441057632 864
1694632147459 139.1386001190564 865
1694632147529 139.11106145221586 866
1694632147603 139.08352840888853 867
1694632147643 139.0560009879084 868
1694632147697 139.02847918810977 869
1694632147742 139.00096300832718 870
1694632147803 138.97345244739537 871
1694632147845 138.9459475041494 872
1694632147904 138.91844817742444 873
1694632147947 138.8909544660561 874
1694632147995 138.86346636888004 875
1694632148031 138.83598388473226 876
1694632148090 138.80850701244904 877
1694632148129 138.7810357508668 878
1694632148164 138.75357009882234 879
1694632148207 138.72611005515247 880
1694632148244 138.69865561869452 881
1694632148294 138.67120678828596 882
1694632148346 138.64376356276435 883
1694632148394 138.61632594096773 884
1694632148438 138.5888939217342 885
1694632148532 138.5614675039023 886
1694632148576 138.53404668631057 887
1694632148622 138.506631467798 888
1694632148677 138.4792218472037 889
1694632148729 138.45181782336704 890
1694632148788 138.42441939512767 891
1694632148857 138.3970265613255 892
1694632148925 138.36963932080064 893
1694632148971 138.34225767239343 894
1694632149027 138.3148816149445 895
1694632149075 138.28751114729468 896
1694632149124 138.26014626828507 897
1694632149176 138.23278697675698 898
1694632149220 138.20543327155207 899
1694632149263 138.17808515151205 900
1694632149304 138.150742615479 901
1694632149342 138.12340566229528 902
1694632149391 138.09607429080341 903
1694632149437 138.06874849984615 904
1694632149497 138.04142828826656 905
1694632149548 138.01411365490787 906
1694632149594 137.98680459861367 907
1694632149637 137.95950111822765 908
1694632149680 137.9322032125938 909
1694632149723 137.90491088055643 910
1694632149765 137.87762412095995 911
1694632149823 137.85034293264908 912
1694632149878 137.82306731446886 913
1694632149921 137.7957972652644 914
1694632149974 137.76853278388123 915
1694632150019 137.74127386916498 916
1694632150064 137.71402051996162 917
1694632150126 137.68677273511733 918
1694632150180 137.65953051347847 919
1694632150237 137.63229385389172 920
1694632150278 137.605062755204 921
1694632150321 137.5778372162624 922
1694632150361 137.5506172359143 923
1694632150410 137.5234028130074 924
1694632150445 137.49619394638947 925
1694632150511 137.46899063490864 926
1694632150553 137.4417928774133 927
1694632150597 137.41460067275196 928
1694632150645 137.3874140197735 929
1694632150698 137.36023291732695 930
1694632150741 137.3330573642616 931
1694632150782 137.3058873594271 932
1694632150822 137.27872290167306 933
1694632150863 137.25156398984967 934
1694632150919 137.22441062280714 935
1694632150975 137.19726279939593 936
1694632151026 137.17012051846692 937
1694632151065 137.14298377887093 938
1694632151114 137.11585257945933 939
1694632151152 137.0887269190835 940
1694632151193 137.06160679659524 941
1694632151238 137.03449221084645 942
1694632151277 137.00738316068927 943
1694632151314 136.9802796449762 944
1694632151353 136.95318166255993 945
1694632151391 136.9260892122933 946
1694632151426 136.89900229302953 947
1694632151461 136.87192090362197 948
1694632151511 136.84484504292422 949
1694632151547 136.81777470979026 950
1694632151579 136.7907099030741 951
1694632151625 136.76365062163012 952
1694632151661 136.73659686431293 953
1694632151702 136.70954862997732 954
1694632151748 136.6825059174784 955
1694632151794 136.65546872567148 956
1694632151844 136.62843705341209 957
1694632151896 136.601410899556 958
1694632151931 136.57439026295927 959
1694632151965 136.54737514247813 960
1694632151998 136.52036553696914 961
1694632152037 136.493361445289 962
1694632152077 136.4663628662947 963
1694632152139 136.4393697988435 964
1694632152178 136.41238224179284 965
1694632152218 136.3854001940004 966
1694632152258 136.35842365432413 967
1694632152296 136.33145262162225 968
1694632152340 136.3044870947531 969
1694632152375 136.27752707257542 970
1694632152413 136.25057255394805 971
1694632152453 136.22362353773016 972
1694632152506 136.1966800227811 973
1694632152547 136.16974200796048 974
1694632152594 136.14280949212815 975
1694632152647 136.11588247414426 976
1694632152689 136.08896095286903 977
1694632152751 136.0620449271631 978
1694632152802 136.03513439588724 979
1694632152840 136.00822935790254 980
1694632152879 135.98132981207024 981
1694632152933 135.95443575725184 982
1694632152977 135.92754719230913 983
1694632153028 135.90066411610414 984
1694632153070 135.87378652749905 985
1694632153111 135.8469144253563 986
1694632153152 135.82004780853867 987
1694632153189 135.79318667590908 988
1694632153234 135.76633102633073 989
1694632153278 135.739480858667 990
1694632153319 135.7126361717816 991
1694632153361 135.6857969645384 992
1694632153441 135.65896323580154 993
1694632153493 135.63213498443542 994
1694632153546 135.60531220930463 995
1694632153589 135.57849490927399 996
1694632153679 135.55168308320864 997
1694632153745 135.52487672997387 998
1694632153795 135.4980758484352 999
