1694621278819 0.45438561685431517 0
1694621279027 0.07162998593896033 1
1694621279193 0.05987650322158132 2
1694621279359 0.027506781357398626 3
1694621279540 0.17850758842667755 4
1694621279697 0.0007414775368213894 5
1694621279871 0.2356296652385292 6
1694621280043 0.1651885234274654 7
1694621280207 1.5655398541959182 8
1694621280401 0.024948262294127423 9
1694621280626 0.623174391059469 10
1694621280843 0.21279186546434126 11
1694621281045 0.3020659553125125 12
1694621281281 0.001713368080575934 13
1694621281510 0.06990601170523504 14
1694621281703 0.016353156133228956 15
1694621281922 0.06326035391416543 16
1694621282121 0.003868489650995427 17
1694621282341 0.0012959150236850085 18
1694621282563 0.00627283278877065 19
1694621282769 0.0015946632934174907 20
1694621283006 0.06842029751664944 21
1694621283235 0.005573253220911649 22
1694621283460 0.26229835978340765 23
1694621283635 0.005552066945409933 24
1694621283848 0.1977471124962245 25
1694621284089 0.007085510371674427 26
1694621284231 0.00011274380502416991 27
1694621284542 0.017492110648146354 28
1694621284757 0.049384378091169585 29
1694621284971 0.04430705054184691 30
1694621285171 0.021407415335494596 31
1694621285405 0.12258312334313069 32
1694621285668 0.04150135072879479 33
1694621285905 0.05497340738549 34
1694621286147 0.09675560210848506 35
1694621286398 0.0015752194672517346 36
1694621286626 0.008001748986742063 37
1694621286825 0.03613153468453943 38
1694621287088 0.8815966662257461 39
1694621287315 0.014515714807386962 40
1694621287543 0.12660577665753128 41
1694621287777 0.07435459713667851 42
1694621287973 0.00623251496307208 43
1694621288159 0.034080559103254325 44
1694621288399 0.001230462264241955 45
1694621288596 0.0024456999862307806 46
1694621288753 0.0004775126532535044 47
1694621288994 0.035903200656388516 48
1694621289175 0.16333449317696178 49
1694621289347 0.028029827566311536 50
1694621289566 0.027611290161451425 51
1694621289731 1.3098988763296733 52
1694621289920 0.14611660100000656 53
1694621290104 0.6351175867000916 54
1694621290268 0.05746146135648725 55
1694621290443 0.0006491480013058274 56
1694621290731 0.00447855881753051 57
1694621290991 0.07000264689864814 58
1694621291209 0.0006392227840700582 59
1694621291421 0.05648914279268281 60
1694621291635 0.00012359933330038624 61
1694621291858 0.1540747803853387 62
1694621292046 0.0024939444572619623 63
1694621292333 0.10847468386059912 64
1694621292579 0.019777262298532376 65
1694621292816 0.014046691148948815 66
1694621293014 0.08156518527068778 67
1694621293181 0.010147037131928443 68
1694621293358 0.028956130093405436 69
1694621293528 0.6296912649421159 70
1694621293724 0.039072532882411144 71
1694621293968 0.10805625152515318 72
1694621294264 0.03997902971822632 73
1694621294581 0.06953228735449501 74
1694621294903 0.013451540410935978 75
1694621295144 0.6038297183781836 76
1694621295411 0.176282769156563 77
1694621295709 0.11912446632872989 78
1694621296014 0.03048615501986058 79
1694621296325 0.062040463684124754 80
1694621296645 0.1352810960390497 81
1694621297005 0.0013733566580073388 82
1694621297379 0.006529375512363481 83
1694621297676 0.02140229342648936 84
1694621297945 0.019113282862586345 85
1694621298325 0.08353182799817856 86
1694621298655 0.024697956264658594 87
1694621298865 0.027287209653277824 88
1694621299061 0.030898300235456252 89
1694621299251 0.006076345349582363 90
1694621299451 0.026301574157723617 91
1694621299681 0.0032322943064817125 92
1694621299973 3.279750467338971e-05 93
1694621300223 0.005106484040786859 94
1694621300441 0.0381532370243185 95
1694621300660 0.006534019993506798 96
1694621300876 0.0061509610826770205 97
1694621301137 0.017345270274866407 98
1694621301382 0.05093906627735919 99
1694621301568 0.11791722109727414 100
1694621301789 0.005868087821228479 101
1694621301999 0.05012775334912491 102
1694621302220 0.00010060867311583416 103
1694621302423 0.03139522650720975 104
1694621302623 0.11493648372940028 105
1694621302856 0.03726676680060386 106
1694621303059 0.6859789348750398 107
1694621303293 0.019275180649432334 108
1694621303510 0.07506186449707042 109
1694621303743 0.059797082746406834 110
1694621303956 0.0138756824573399 111
1694621304209 0.3041812349934518 112
1694621304579 0.017837235716957146 113
1694621304840 2.709916268611116 114
1694621305091 0.03399198409233745 115
1694621305294 0.11505157327348638 116
1694621305542 0.02827427033559442 117
1694621305780 0.0007969940472544783 118
1694621306025 0.9014662220037473 119
1694621306240 0.15384286459866015 120
1694621306436 0.001305908821414203 121
1694621306637 0.010192068196558672 122
1694621306824 0.049416380310333935 123
1694621307041 0.012792379857108653 124
1694621307240 1.1723529657433267 125
1694621307427 0.009013516546302267 126
1694621307638 1.0470551897197161e-07 127
1694621307849 0.08291560749946521 128
1694621308104 0.0015300215333135226 129
1694621308335 0.13563161758202924 130
1694621308545 0.012939268031051204 131
1694621308785 0.00119962193231623 132
1694621308983 0.14208470616261865 133
1694621309233 0.03432459271126357 134
1694621309439 0.011063340274352814 135
1694621309664 0.03226708425985482 136
1694621309842 0.07301039086624216 137
1694621310027 2.7578095067838846 138
1694621310225 0.011272319164310965 139
1694621310438 0.07605284610096534 140
1694621310708 0.0004569088377943347 141
1694621310927 0.05089916623632432 142
1694621311127 0.0019650182645277103 143
1694621311322 0.0024403591048176346 144
1694621311537 0.0005215496310354943 145
1694621311799 0.015767184419870527 146
1694621312051 0.00025736159370658444 147
1694621312280 0.042313201597074294 148
1694621312494 0.003208716471224375 149
1694621312780 2.1507108594522517e-05 150
1694621313027 0.019161466448501134 151
1694621313290 0.014304070360005503 152
1694621313525 0.0007169235375979627 153
1694621313751 0.021040895062497282 154
1694621313990 0.03941406902290598 155
1694621314194 0.007016460437101256 156
1694621314426 0.2581554096972746 157
1694621314708 0.4661990390670573 158
1694621315088 0.023121510773886092 159
1694621315345 0.0033956070174459463 160
1694621315595 0.0038521591311085996 161
1694621315850 0.0014417751189604886 162
1694621316085 0.0007513906621658797 163
1694621316442 0.02800818024739786 164
1694621316762 0.28227090730040033 165
1694621317031 0.23885024049467035 166
1694621317298 0.154036570351332 167
1694621317598 0.05239578065606997 168
1694621317805 0.12322084326337848 169
1694621318039 0.11873146562609016 170
1694621318225 0.18326172823965148 171
1694621318458 0.162749906014172 172
1694621318727 0.09200991685099522 173
1694621318969 0.001162357789997083 174
1694621319191 0.5863771542655161 175
1694621319411 0.18203548003520437 176
1694621319686 0.17732868576862829 177
1694621319940 0.0001408469964457755 178
1694621320172 0.4166284346664953 179
1694621320393 0.13775076829668978 180
1694621320600 0.00027509029795773555 181
1694621320823 0.0019158262218938325 182
1694621321020 0.01439470382047623 183
1694621321192 0.002863748916506804 184
1694621321425 0.02638993683090279 185
1694621321608 0.25712487184877164 186
1694621321810 0.016179846674402996 187
1694621321987 0.012089179850750953 188
1694621322182 0.004613850188707825 189
1694621322591 0.14774783958856247 190
1694621322985 0.01065723066543038 191
1694621323362 0.009875731952730725 192
1694621323658 0.0018050611473332731 193
1694621323887 0.010019808400700748 194
1694621324142 0.04889745048094499 195
1694621324482 0.013141028425180518 196
1694621324767 0.08051525286008099 197
1694621324995 1.2506145490841146e-05 198
1694621325382 0.4515745746427704 199
1694621325651 0.008191539838565003 200
1694621325939 0.20289580542073485 201
1694621326202 0.03810247986331487 202
1694621326443 0.05715376883902216 203
1694621326693 0.06351063607788096 204
1694621326864 0.057326138709083395 205
1694621327059 0.03095130020791363 206
1694621327245 0.00771175189339866 207
1694621327416 0.00015176658824698756 208
1694621327632 0.026479252895851724 209
1694621327833 0.16707033381772815 210
1694621328007 0.01387856254712847 211
1694621328213 0.054369454625649245 212
1694621328431 0.06451162784563955 213
1694621328680 0.09339551961182954 214
1694621328967 0.08933959109780941 215
1694621329169 0.12117934887334211 216
1694621329364 0.008370465014108593 217
1694621329568 0.10079028569060548 218
1694621329736 0.16236318897281668 219
1694621329928 0.02903648791032318 220
1694621330122 0.23229531138363574 221
1694621330364 0.02884361209307323 222
1694621330565 0.03587551007195264 223
1694621330783 0.08000060828225738 224
1694621330988 0.009557142981063487 225
1694621331167 0.44730282934425514 226
1694621331361 0.05930529374624491 227
1694621331560 0.20942327078399647 228
1694621331776 0.029281081461842162 229
1694621332000 0.4940638329334783 230
1694621332233 0.001360144926016099 231
1694621332447 0.101336194143054 232
1694621332622 0.014685298964018998 233
1694621332827 0.14589688777738852 234
1694621333054 0.01256444649858375 235
1694621333299 0.0025586408872159067 236
1694621333517 0.004622439746964137 237
1694621333737 0.4572067119575609 238
1694621333964 0.2427600574173527 239
1694621334175 0.04015665781412437 240
1694621334392 0.04437086570440317 241
1694621334586 0.003013637378177183 242
1694621334820 0.012503651358597465 243
1694621335050 0.001948873110408814 244
1694621335273 0.10250806427031706 245
1694621335559 0.3753487019855261 246
1694621335868 0.0032905869616145183 247
1694621336115 0.004522491484590375 248
1694621336359 0.000238941049269309 249
1694621336599 0.6654295533810689 250
1694621336827 0.2711686380501625 251
1694621337022 0.08536945533430951 252
1694621337194 0.1476031905103576 253
1694621337444 0.0043996664904958965 254
1694621337675 0.5753304583021887 255
1694621337926 0.04379075509235224 256
1694621338136 0.08536314695378419 257
1694621338395 0.0006473469999712994 258
1694621338606 0.3413906055138834 259
1694621338822 0.37998838379796124 260
1694621339095 0.06393217249516307 261
1694621339338 0.13194988311024966 262
1694621339582 0.04407325321739622 263
1694621339793 0.3077713100167432 264
1694621339986 3.6613393348099586e-05 265
1694621340243 0.07930528306910252 266
1694621340501 0.006278027213467638 267
1694621340752 0.05121177500276919 268
1694621340939 0.05364774638947253 269
1694621341146 0.004212285375870517 270
1694621341337 0.12926764181341888 271
1694621341512 0.003635504417912765 272
1694621341739 0.06461147951604511 273
1694621341954 0.06735422039044159 274
1694621342173 0.002938189019387195 275
1694621342379 0.08141735774983366 276
1694621342585 0.03005840008921461 277
1694621342791 0.007040938785041044 278
1694621342966 0.010816503709564254 279
1694621343201 0.03463373500382094 280
1694621343423 0.007301856499014447 281
1694621343656 0.05531180697791155 282
1694621343890 0.1311364265857921 283
1694621344106 0.37548277441385736 284
1694621344361 0.0001910629728129381 285
1694621344582 0.07734716774149827 286
1694621344824 0.2782102336391431 287
1694621345019 0.2376408020422281 288
1694621345220 0.19888231888760677 289
1694621345414 0.04987430726662443 290
1694621345577 0.02825652726995767 291
1694621345741 0.05638906141122139 292
1694621345999 0.01588159408157832 293
1694621346209 0.004231182612981465 294
1694621346408 0.6145029311779813 295
1694621346598 0.0021177566010148886 296
1694621346803 0.14086795346748734 297
1694621347015 0.07262401524343864 298
1694621347282 0.017743383596089637 299
1694621347481 0.04566589201813116 300
1694621347692 0.1402528790922344 301
1694621347864 0.01321460049862555 302
1694621348096 0.054675660932412946 303
1694621348311 0.0033894933651272014 304
1694621348495 0.006671397518408576 305
1694621348695 0.02592648822024169 306
1694621348893 0.16951293723415725 307
1694621349141 0.006106094823995499 308
1694621349354 0.09027660445359977 309
1694621349544 0.0038619174227019068 310
1694621349802 0.4693757814648917 311
1694621350048 0.03378889060915834 312
1694621350321 0.008018865863644089 313
1694621350551 0.00465951656061176 314
1694621350731 0.12684455860040061 315
1694621350936 0.000114304822853827 316
1694621351159 0.14979763938002455 317
1694621351339 0.1283984525830453 318
1694621351543 0.2655343131793008 319
1694621351766 0.0006921106606624191 320
1694621351986 0.14174825067929042 321
1694621352163 0.07107113958206177 322
1694621352382 0.07528711578228657 323
1694621352635 0.009700793527936813 324
1694621352929 0.22469466500742302 325
1694621353205 0.42849422875014537 326
1694621353411 0.0025608019339456666 327
1694621353583 0.04391443852963887 328
1694621353813 0.027850339190774703 329
1694621354022 0.05538217564027047 330
1694621354265 0.021906837528121198 331
1694621354498 0.0022707013189532093 332
1694621354809 0.03832564969922174 333
1694621355052 0.11748763055970904 334
1694621355275 0.10821029364877018 335
1694621355453 0.13589242763654025 336
1694621355649 0.016150760997455455 337
1694621355857 0.02641275711410527 338
1694621356124 0.15620335481134942 339
1694621356405 0.09242129886312864 340
1694621356695 0.2568659626900669 341
1694621356963 0.22973814119612654 342
1694621357165 0.1650412990695124 343
1694621357393 0.020108340979820036 344
1694621357620 0.03889444355427175 345
1694621357846 1.1928609742346357 346
1694621358031 0.07097565249796599 347
1694621358270 0.050618091014617346 348
1694621358461 0.04712702595594352 349
1694621358626 0.07492990240147451 350
1694621358855 0.0021756710517109503 351
1694621359041 0.4600052646189335 352
1694621359237 0.08361270496898997 353
1694621359447 0.04187561112446294 354
1694621359622 0.009854884363506114 355
1694621359837 0.001450789170713723 356
1694621360043 0.061554286146052135 357
1694621360229 0.02449842464743302 358
1694621360410 1.877154621518406 359
1694621360636 0.06901470478966476 360
1694621360883 0.001376091751550849 361
1694621361110 0.07674060478598452 362
1694621361337 0.03394044617554918 363
1694621361544 0.05289820582632644 364
1694621361766 0.060429947884032886 365
1694621361957 0.02869195439090869 366
1694621362163 0.43911003823100375 367
1694621362366 0.05432659808404959 368
1694621362578 0.0569401303172647 369
1694621362806 6.636876144361783e-05 370
1694621363035 1.357613978534424e-06 371
1694621363270 0.00028936254163638167 372
1694621363496 0.020149739859322627 373
1694621363668 0.006518526622111076 374
1694621363857 0.03587751878863546 375
1694621364040 3.1394549352288707e-06 376
1694621364222 0.11850020956143888 377
1694621364416 0.05009788709518285 378
1694621364631 0.020838153569107322 379
1694621364829 0.004312223934911296 380
1694621365084 0.06012604599448334 381
1694621365296 0.43526571707748246 382
1694621365514 0.0021800123830014776 383
1694621365733 0.044983615546953896 384
1694621365911 0.034026970205725905 385
1694621366111 3.306558946750908e-05 386
1694621366277 0.054032040099131644 387
1694621366499 0.0008312657328253196 388
1694621366720 0.0017255404393575048 389
1694621367025 0.020607382446388767 390
1694621367275 0.01787859701242571 391
1694621367557 0.013651864303493267 392
1694621367759 0.0014222796068883783 393
1694621367980 0.06947473896622516 394
1694621368213 0.11866042910091004 395
1694621368409 0.004740574935799535 396
1694621368654 7.358369065030704e-05 397
1694621368862 0.02989220076240105 398
1694621369107 0.014363603542510652 399
1694621369336 0.0004809355380159271 400
1694621369543 0.008165725301228641 401
1694621369723 0.025609208063804897 402
1694621369906 0.04770005523354737 403
1694621370094 0.3393284201777112 404
1694621370294 0.0007474288583630211 405
1694621370460 0.18005189256447063 406
1694621370666 0.05134345146196637 407
1694621370887 0.018632641220721783 408
1694621371111 0.0009967229273989426 409
1694621371305 0.05173496347998192 410
1694621371508 0.15666351714600502 411
1694621371713 0.06989782099711249 412
1694621371885 0.5534364333112779 413
1694621372090 8.595885864428843e-05 414
1694621372257 0.00043028702131043915 415
1694621372426 0.0020945679761258584 416
1694621372599 0.08608341230930305 417
1694621372810 0.06342483867652188 418
1694621373012 0.1333794629003577 419
1694621373289 0.0036181183028608298 420
1694621373519 0.05518255732105928 421
1694621373746 0.007956275435373042 422
1694621373941 0.10423683120568283 423
1694621374166 0.01087561474686445 424
1694621374348 0.023366322033625975 425
1694621374521 0.0008393000362977167 426
1694621374712 0.003736578728308771 427
1694621374934 0.004385053776695095 428
1694621375156 0.009211901883367818 429
1694621375359 0.001338582218019942 430
1694621375577 1.3240223629163277 431
1694621375808 0.07464392762322698 432
1694621376004 0.03578984944470562 433
1694621376223 0.0024274304532417175 434
1694621376395 0.0006022444777631585 435
1694621376558 4.386600419112467e-05 436
1694621376772 0.05973542619382478 437
1694621376951 0.395143590397718 438
1694621377251 0.00020119152788364473 439
1694621377488 0.006983040566332682 440
1694621377693 0.03987156470477912 441
1694621377890 0.0072534890728886805 442
1694621378063 0.009554239606408828 443
1694621378238 0.08106454860321606 444
1694621378476 0.027050246783357497 445
1694621378802 0.029312404734289452 446
1694621379107 0.022069051923998717 447
1694621379458 0.08081259016777133 448
1694621379723 0.021704200387220138 449
1694621379915 0.0009016439971362979 450
1694621380122 1.3564942165681131e-05 451
1694621380303 0.015281141912842805 452
1694621380550 0.2912969253149421 453
1694621380815 0.017711066624459437 454
1694621381079 0.0008052053304815211 455
1694621381282 0.019313642370962805 456
1694621381492 1.8416662727993287e-05 457
1694621381729 0.05168374293076966 458
1694621382127 0.003279581093954688 459
1694621382448 0.008196699958589133 460
1694621382701 0.013145541494258348 461
1694621382966 0.008390742859994454 462
1694621383214 0.025186841289456297 463
1694621383497 1.5125836504265144 464
1694621383787 0.37962405503278074 465
1694621384040 0.012150152564773174 466
1694621384344 0.05252684749281515 467
1694621384706 0.019536902143080678 468
1694621385000 0.021458501587282557 469
1694621385345 0.10010901365020734 470
1694621385617 0.3736601857447515 471
1694621385828 0.00022332042655049121 472
1694621386060 0.039377249724535233 473
1694621386337 0.01738239275334181 474
1694621386677 9.668048331211627e-05 475
1694621387052 0.037789928893151296 476
1694621387441 0.007950642912850515 477
1694621387704 0.06853049336990939 478
1694621387951 0.06701507116548001 479
1694621388182 0.009160640556447615 480
1694621388471 0.033383362253640206 481
1694621388772 0.09587131488125324 482
1694621388997 0.0021710891582853034 483
1694621389327 0.09110842645696267 484
1694621389720 0.01153376104887385 485
1694621389967 0.28561565948481804 486
1694621390258 0.0003429436849804293 487
1694621390470 0.027191048645993414 488
1694621390746 0.018049710330061204 489
1694621390995 0.07082999344585407 490
1694621391220 0.001906819018382997 491
1694621391459 0.04971680620218234 492
1694621391680 0.1462386737439386 493
1694621391895 0.10992999895434163 494
1694621392150 0.22361761561845195 495
1694621392326 0.06370776161570377 496
1694621392491 0.19194985909811987 497
1694621392713 0.006724451444665098 498
1694621392911 0.043820195631556355 499
1694621393153 0.8158059962985729 500
1694621393662 0.010612558299532771 501
1694621394072 5.204277075793262e-07 502
1694621394455 0.014489502903202 503
1694621394756 0.00012493523552278344 504
1694621394976 0.0024797458258919874 505
1694621395252 0.011596034650592734 506
1694621395541 0.00852456306905089 507
1694621395768 0.011494739186590703 508
1694621396155 0.1224350380135332 509
1694621396604 0.005536739933907841 510
1694621396904 0.10105000129003251 511
1694621397158 0.002641775775190852 512
1694621397376 0.05630578563973255 513
1694621397573 0.02434413776638753 514
1694621397745 0.04674540053974977 515
1694621397918 0.007882082476821877 516
1694621398090 0.05874551616248018 517
1694621398316 0.31540424780972326 518
1694621398530 0.04569880459096339 519
1694621398735 0.054279502146013896 520
1694621398945 0.007683041049331642 521
1694621399151 1.0662787113891201 522
1694621399348 0.0030253995435939973 523
1694621399564 0.014925935969781711 524
1694621399820 0.017549679783707885 525
1694621400020 0.7179584921994518 526
1694621400254 0.20347853894089313 527
1694621400437 0.0034576858842453794 528
1694621400635 0.01074156873551686 529
1694621400825 0.008892631509099564 530
1694621401017 0.024127091477146683 531
1694621401240 0.0014133292717921396 532
1694621401512 0.009171890867796424 533
1694621401728 1.007142373784179 534
1694621401962 0.8858283969200712 535
1694621402154 0.01599827771292967 536
1694621402346 0.08008555556195401 537
1694621402543 0.012951055395383614 538
1694621402739 0.002146885364692594 539
1694621402940 0.4203223827351739 540
1694621403135 0.24734736646829356 541
1694621403357 0.4092318261685448 542
1694621403590 0.013251659914588551 543
1694621403791 0.1465832966913317 544
1694621404005 0.11957506194691331 545
1694621404207 0.07169107107878456 546
1694621404430 0.05450943174908625 547
1694621404632 1.1589644819656708 548
1694621404825 0.002399143724111665 549
1694621405002 0.06380871435283504 550
1694621405179 0.565787817518605 551
1694621405384 0.04924345127686703 552
1694621405596 0.6860338636803909 553
1694621405800 0.030759864335852385 554
1694621405995 0.07350074261705142 555
1694621406212 0.042688666721788095 556
1694621406452 0.0004896268311388148 557
1694621406638 0.000517458400133629 558
1694621406811 0.03263670924002618 559
1694621407013 0.02623441584815092 560
1694621407211 0.10245994026533711 561
1694621407411 0.08071512419277153 562
1694621407610 0.034891653229705014 563
1694621407811 0.0012894822223814563 564
1694621407982 0.03887281963164384 565
1694621408147 0.02725012130573326 566
1694621408320 0.0239669667265461 567
1694621408522 0.04066824070992372 568
1694621408729 0.0431720666172489 569
1694621408929 0.004937528289609599 570
1694621409137 0.012267676136224743 571
1694621409353 0.03338941823148787 572
1694621409517 0.05415907949072332 573
1694621409680 0.0337206185328588 574
1694621409925 0.025475763500820287 575
1694621410140 0.01489912710496525 576
1694621410340 0.004295503987793687 577
1694621410537 0.0014442482031981284 578
1694621410770 0.04102709060349767 579
1694621410997 0.04891313180856611 580
1694621411215 0.005463266391785385 581
1694621411412 0.030364153783765942 582
1694621411688 0.053191302689679545 583
1694621411874 0.0019016092465098675 584
1694621412050 0.0808524589948594 585
1694621412234 0.02253618077271797 586
1694621412411 0.018679053898441992 587
1694621412591 0.0524711130957987 588
1694621412793 0.5119453023554525 589
1694621412985 0.07111277040145912 590
1694621413188 9.606621432210785e-07 591
1694621413375 0.0588775856103368 592
1694621413540 0.0004179447410460677 593
1694621413701 2.4323754095195458e-05 594
1694621413870 0.4340177775625961 595
1694621414032 0.045426546631663546 596
1694621414217 0.017837026129182705 597
1694621414427 0.061449448584425026 598
1694621414659 0.004035726855563453 599
1694621414872 1.186308412222559 600
1694621415066 0.13637143771543292 601
1694621415263 0.6236476349705068 602
1694621415486 0.0028226697698758123 603
1694621415711 0.002035231804203074 604
1694621415907 0.004247503847545828 605
1694621416110 0.018149200301935106 606
1694621416280 0.054738508381048025 607
1694621416469 0.04733694640796119 608
1694621416699 1.7406232671023125 609
1694621416923 0.05702308593543577 610
1694621417144 0.005558966865784518 611
1694621417346 0.074445060173422 612
1694621417548 9.68968393412146e-05 613
1694621417761 0.0002590281308620118 614
1694621417962 0.000875546521352566 615
1694621418155 0.06303393922022055 616
1694621418367 0.0038277321208112476 617
1694621418570 1.8944389881440888 618
1694621418788 0.014800725560971268 619
1694621418997 1.8876823622346612 620
1694621419225 0.1818609635495685 621
1694621419458 0.009076663179526722 622
1694621419639 0.028818640613179302 623
1694621419846 0.07640877023454636 624
1694621420023 0.004062321864886464 625
1694621420209 0.00032878414428033355 626
1694621420418 0.07908790681467759 627
1694621420637 0.06349783844020858 628
1694621420893 0.03479993071149105 629
1694621421111 0.010479340194790002 630
1694621421324 0.0003730303594652411 631
1694621421622 0.0005486139646794327 632
1694621421823 0.4432068427235574 633
1694621422126 0.018339087056746445 634
1694621422406 0.02858582646679664 635
1694621422710 0.057365653656064074 636
1694621422937 0.0775531739011599 637
1694621423167 0.11462372523090908 638
1694621423358 0.001655182108210382 639
1694621423556 0.027015558289734957 640
1694621423767 0.3332476195049096 641
1694621423959 0.00027398176121365344 642
1694621424176 0.043862234981596145 643
1694621424347 0.008882916427757681 644
1694621424545 0.020403744903786478 645
1694621424780 0.00927984663506647 646
1694621425030 0.05961237792153645 647
1694621425257 0.057243281036198655 648
1694621425505 0.025789812925248356 649
1694621425739 0.03125394703621106 650
1694621426052 0.08363275575034314 651
1694621426513 0.20709441433531628 652
1694621427039 0.12250995446020257 653
1694621427514 0.008324480035561983 654
1694621427943 0.00122364749659721 655
1694621428296 0.00032621951743337917 656
1694621428736 0.12846493068655254 657
1694621429191 0.08043491069408851 658
1694621429550 0.0013626739029677258 659
1694621430029 0.11032887587166061 660
1694621430495 0.004222499598379222 661
1694621430831 0.0017163729628815547 662
1694621431001 0.0002628116460145519 663
1694621431258 0.011921894966728052 664
1694621431471 0.04650870752481831 665
1694621431641 0.04117569142675867 666
1694621431800 0.17322470809404317 667
1694621431997 0.002817799188804091 668
1694621432172 0.07604003348880707 669
1694621432343 0.04529955470681733 670
1694621432513 0.014581679606721585 671
1694621432683 0.03213716216625219 672
1694621432862 0.1486938369371286 673
1694621433048 0.015573958527977895 674
1694621433217 0.1197432170911291 675
1694621433396 0.05964856162074874 676
1694621433593 0.1518136889229432 677
1694621433796 0.003686297291329898 678
1694621433973 0.5454626541374337 679
1694621434172 0.010565052317410707 680
1694621434352 0.19090400920054973 681
1694621434529 0.47665324316107927 682
1694621434725 0.1963124277236782 683
1694621434956 0.12789956511923978 684
1694621435168 0.17134898952272318 685
1694621435397 0.04088538513041124 686
1694621435686 0.0005105642801173983 687
1694621435960 0.033441463560888215 688
1694621436194 0.009781411942637286 689
1694621436416 0.04239680388481489 690
1694621436622 0.11779320451054534 691
1694621436861 0.07638645488759942 692
1694621437100 0.46381054724147003 693
1694621437351 0.020971808530585646 694
1694621437616 0.020609476828027107 695
1694621437907 0.03198414968348562 696
1694621438123 0.02915705063564567 697
1694621438325 0.2818529271630981 698
1694621438527 0.09570574165466922 699
1694621438697 0.2600641763577941 700
1694621438880 0.09775928152565071 701
1694621439060 0.006631497089090916 702
1694621439225 0.00048786671520946055 703
1694621439403 0.023938028051394406 704
1694621439575 0.05034410011794265 705
1694621439742 0.00010081022160088374 706
1694621439923 0.04133231218724468 707
1694621440096 0.029639802854985995 708
1694621440277 0.046678157363794465 709
1694621440473 0.3696325944104806 710
1694621440676 0.01909377997214432 711
1694621440876 0.5987704111628736 712
1694621441093 0.1595410486571124 713
1694621441291 0.0018629454117242564 714
1694621441498 0.030934229784714464 715
1694621441699 0.03982278203172965 716
1694621441882 0.2782650665037747 717
1694621442050 0.31787116077991123 718
1694621442262 0.0033420704486335846 719
1694621442469 0.062192945745724586 720
1694621442665 0.022868829280466758 721
1694621442857 0.022083176609468957 722
1694621443041 0.02111481604180784 723
1694621443216 0.11678982812047486 724
1694621443441 0.0021581797432777064 725
1694621443658 0.02118247896140493 726
1694621443899 0.04323427234690293 727
1694621444165 0.031605955719236606 728
1694621444408 0.07088583493363529 729
1694621444683 0.1393838502897218 730
1694621444908 0.019058491797606863 731
1694621445122 0.4313490446169578 732
1694621445330 0.13133653354514285 733
1694621445501 0.07071818366641036 734
1694621445742 0.3496859324882523 735
1694621445981 0.08958714452208284 736
1694621446295 0.3525674743472591 737
1694621446543 0.08364156590116685 738
1694621446811 0.06547406725242694 739
1694621447052 0.013724929492807488 740
1694621447302 0.10603026437749877 741
1694621447522 0.1755991724381769 742
1694621447740 0.005591449224818418 743
1694621448000 0.36108593594046057 744
1694621448287 0.03661866916963917 745
1694621448505 0.029294254735127565 746
1694621448706 0.021385909346170916 747
1694621448882 0.036017746168100995 748
1694621449116 0.11220802188999154 749
1694621449395 0.09315824507122367 750
1694621449621 0.04350212450248502 751
1694621449858 0.004058132155265485 752
1694621450074 0.027891725500342544 753
1694621450369 0.05737751768718478 754
1694621450583 1.899984405323669e-06 755
1694621450760 0.09992068950959043 756
1694621450940 0.008283832673995498 757
1694621451167 0.0054238591279892326 758
1694621451356 0.03572672717808824 759
1694621451599 0.002307159521823596 760
1694621451801 0.05840183066177005 761
1694621451998 0.01994091470882194 762
1694621452257 0.04167411411170234 763
1694621452465 0.47850252735505966 764
1694621452691 0.009265107643480439 765
1694621452859 0.0010188326850065965 766
1694621453080 0.044307649354284405 767
1694621453277 0.060983470696438356 768
1694621453492 0.08226043934868418 769
1694621453740 0.1505845143880995 770
1694621453934 0.03534061214183389 771
1694621454133 0.005807831546389957 772
1694621454318 0.0007664521819944782 773
1694621454518 0.007878943623377927 774
1694621454698 0.02759598225458422 775
1694621454915 0.10778740337763265 776
1694621455141 0.04033899203332332 777
1694621455339 0.015016553121316495 778
1694621455548 0.025741391461551355 779
1694621455721 0.6065783211072863 780
1694621455988 0.0019893386890008544 781
1694621456227 0.0038861402949523323 782
1694621456421 0.03259425938511211 783
1694621456601 0.03173796905029829 784
1694621456834 0.07334613060872894 785
1694621457071 0.007952532819965186 786
1694621457316 6.420133119428931e-05 787
1694621457666 4.445465904742642e-05 788
1694621457947 0.002406415523879726 789
1694621458183 0.07982393129115128 790
1694621458364 0.0005322031487782334 791
1694621458577 0.08339365113927831 792
1694621458751 0.29202397853014167 793
1694621458918 0.016732905340118794 794
1694621459118 0.004006418760687437 795
1694621459332 0.05210427081363223 796
1694621459542 0.7505149076637178 797
1694621459827 0.0882256619932762 798
1694621460104 0.0009812372188073043 799
1694621460351 0.11383222626905933 800
1694621460618 0.2381160702256767 801
1694621460864 0.0050874664536588714 802
1694621461129 0.040510698153832105 803
1694621461405 0.002568854382176631 804
1694621461718 0.017395152698114653 805
1694621461908 0.0008983520149426053 806
1694621462086 2.263357819256298e-05 807
1694621462262 0.0002389942245798435 808
1694621462457 0.09322853904658614 809
1694621462695 0.009985885780608385 810
1694621462921 0.005232609661788453 811
1694621463180 0.0011717546012712497 812
1694621463433 0.014069773308593422 813
1694621463696 0.005111315640716716 814
1694621463936 0.0005932490216815932 815
1694621464152 0.002191112341479336 816
1694621464399 0.027528056509022035 817
1694621464593 0.00043741744486522024 818
1694621464790 0.4397833800947655 819
1694621464994 0.11717984059426977 820
1694621465192 0.08147493933765931 821
1694621465419 0.0074602104229182726 822
1694621465618 0.006476994821698786 823
1694621465826 0.06490611350889977 824
1694621466002 0.016139736826024355 825
1694621466203 0.001392412821017882 826
1694621466390 0.020998476431382862 827
1694621466612 1.7485961785516424 828
1694621466812 0.007747793395488815 829
1694621467025 0.005076733227343889 830
1694621467247 0.016782752203785 831
1694621467499 0.04633698926131326 832
1694621467843 0.10476826910507364 833
1694621468281 5.128366370132782e-06 834
1694621468828 0.017729907380008285 835
1694621469318 0.5380200698126665 836
1694621469834 0.005218188979458493 837
1694621470264 0.00339094930778611 838
1694621470691 0.0006937572227334301 839
1694621471076 0.15308173908752304 840
1694621471690 0.0055727434005235195 841
1694621472090 0.17520873400589734 842
1694621472334 0.0029674470611144098 843
1694621472554 2.8391998545168792e-05 844
1694621472777 0.11268480498160044 845
1694621472969 0.11864713280079987 846
1694621473145 1.6061199990045514 847
1694621473346 0.07951798791652832 848
1694621473541 0.05267084632839594 849
1694621473706 0.08261380359407007 850
1694621473893 0.25212526403130603 851
1694621474097 3.7141487954090974e-05 852
1694621474319 0.12055698615588535 853
1694621474518 0.004068872831256629 854
1694621474694 0.03854320669352814 855
1694621474878 0.05255435150451944 856
1694621475085 0.03898034549795962 857
1694621475289 0.23153740927205177 858
1694621475569 0.056804512518462136 859
1694621475799 0.015121589065932077 860
1694621475993 0.07802858439174928 861
1694621476228 0.00977954178215846 862
1694621476455 0.1190160846736939 863
1694621476718 0.014084104752216492 864
1694621476941 0.16134508211676687 865
1694621477122 0.08594541826878013 866
1694621477305 0.0029223648391222693 867
1694621477490 0.03755253743609515 868
1694621477687 0.019086852408185744 869
1694621477873 0.43758239321276565 870
1694621478039 0.01975283811718361 871
1694621478204 0.18515975505026294 872
1694621478386 0.21356869855193614 873
1694621478578 0.024546851545894147 874
1694621478773 0.01875903508157921 875
1694621478981 0.004208363929042743 876
1694621479179 0.00014405734089247322 877
1694621479382 0.02594138516056304 878
1694621479587 0.1451345863755834 879
1694621479773 0.00251585999482502 880
1694621479935 0.01635626728106726 881
1694621480111 0.08560044364979337 882
1694621480314 0.017983826871597882 883
1694621480511 0.019864065842449416 884
1694621480742 0.014054741387587846 885
1694621480949 0.0015593462940262847 886
1694621481116 0.08698419712250631 887
1694621481338 0.042740246861275415 888
1694621481535 0.003979739473530136 889
1694621481735 0.04698214362217094 890
1694621481920 0.01618192157826761 891
1694621482087 0.08553959366165477 892
1694621482262 0.3015983962334121 893
1694621482463 0.10826275893137963 894
1694621482660 6.865363142680497e-05 895
1694621482861 0.0020854969779449273 896
1694621483065 0.7003332273432519 897
1694621483263 8.647055643482358e-05 898
1694621483461 0.0002850722370540497 899
1694621483675 0.10240783129039221 900
1694621483876 0.022166862159783588 901
1694621484102 0.008624243198741187 902
1694621484310 0.029414578745948827 903
1694621484496 0.06923266271210059 904
1694621484713 0.19672177324137893 905
1694621484958 0.00326362036324188 906
1694621485274 0.03950978150909263 907
1694621485507 0.002564971384750782 908
1694621485743 0.1809921850955451 909
1694621485941 0.40645853422803496 910
1694621486118 0.008608866181193777 911
1694621486319 0.002450402361402483 912
1694621486522 7.703479070426809e-05 913
1694621486724 0.010258987167309195 914
1694621486897 0.006656658537720031 915
1694621487100 0.14914545487860162 916
1694621487309 0.1810393729829073 917
1694621487519 0.00018668525720655173 918
1694621487726 0.33195920340022445 919
1694621487933 0.021131347364629665 920
1694621488148 0.18447125584024718 921
1694621488343 0.007339665793435585 922
1694621488516 0.024622509489529466 923
1694621488705 0.002071969166342017 924
1694621488901 0.040039374632484165 925
1694621489065 0.0016355632581716672 926
1694621489236 0.45457840987313297 927
1694621489451 0.06487857750752928 928
1694621489650 0.005786262231250072 929
1694621489847 0.04057619375259088 930
1694621490043 0.00015595726260383586 931
1694621490223 0.009793343266588692 932
1694621490401 0.011297630232484576 933
1694621490579 0.03653305004867574 934
1694621490766 0.00513929053495096 935
1694621490934 0.0011449868233086487 936
1694621491104 0.21408034329664669 937
1694621491276 0.04806316516241057 938
1694621491440 0.03368586562152542 939
1694621491615 0.06195913896888415 940
1694621491818 0.004151740866190331 941
1694621492022 0.08446357503516827 942
1694621492214 0.31017302853456497 943
1694621492410 0.00021991381304868393 944
1694621492609 0.0966998094163963 945
1694621492779 0.15236447231124345 946
1694621492978 0.00701581524330199 947
1694621493176 0.002982010667300305 948
1694621493350 0.48764797746882915 949
1694621493515 0.08535153074326252 950
1694621493687 0.23215980045449652 951
1694621493873 0.016809775698039514 952
1694621494067 0.011379458843851243 953
1694621494235 0.1314275260154215 954
1694621494404 0.05625926767944818 955
1694621494575 0.0012054750924969052 956
1694621494772 0.0007246166752737065 957
1694621494974 0.1436970290540075 958
1694621495185 0.06310769948684931 959
1694621495394 0.22456816327373844 960
1694621495593 0.02244553918860027 961
1694621495777 0.04054738300420406 962
1694621495973 0.27674603943278925 963
1694621496189 0.1545364369107975 964
1694621496418 0.014022144640930819 965
1694621496584 0.23441428363356984 966
1694621496841 0.20801495465022957 967
1694621497083 0.09137235914154601 968
1694621497363 0.01409806339729866 969
1694621497596 0.02217211995990361 970
1694621497765 0.014000090075511454 971
1694621498013 0.07409346481301256 972
1694621498241 0.042844406202000605 973
1694621498469 0.03188141799585841 974
1694621498676 0.00020814821377053563 975
1694621498864 0.0012601942208419795 976
1694621499078 0.26271672310415095 977
1694621499298 0.0027014220667108887 978
1694621499581 0.15706520194311743 979
1694621499811 0.22901495563133537 980
1694621500094 0.00037449471874269265 981
1694621500298 0.21902552234920294 982
1694621500543 0.003206193223855369 983
1694621500770 0.169953477852544 984
1694621501058 0.008495930242620025 985
1694621501306 0.02747447974156407 986
1694621501550 0.32357935766798634 987
1694621501727 0.006593392320977389 988
1694621501916 0.016142704617109257 989
1694621502100 0.0024367574141879777 990
1694621502269 0.03492685709438762 991
1694621502445 0.05255903565788262 992
1694621502625 0.012352986157922177 993
1694621502809 0.001991615728273468 994
1694621502979 0.00038206927534593525 995
1694621503175 0.0026731469236586877 996
1694621503342 7.518151498654541e-06 997
1694621503509 0.0071973494496585765 998
1694621503677 0.014122793691707217 999
