1694630151816 0.5246725622324221 0
1694630152042 0.07724650755829476 1
1694630152243 0.0024280507932161817 2
1694630152432 0.015095478824326877 3
1694630152569 0.0018843535021446703 4
1694630152809 0.0012288276751760223 5
1694630153062 0.3622155863544798 6
1694630153265 0.028020329018821562 7
1694630153433 0.0003142699481118963 8
1694630153642 0.044128609977696104 9
1694630153852 0.23589533326902767 10
1694630154068 0.07133804781676654 11
1694630154270 0.06226828285764524 12
1694630154480 0.042446903028854205 13
1694630154680 0.5543347854375035 14
1694630154880 0.41057911145616444 15
1694630155084 0.8368277299633298 16
1694630155292 0.15242750087532023 17
1694630155509 0.29107752216799243 18
1694630155707 0.09018691562495719 19
1694630155898 0.26972887344673036 20
1694630156094 0.06556901204106098 21
1694630156268 0.03862783789357315 22
1694630156447 0.050589595351698415 23
1694630156631 0.00835189707229491 24
1694630156805 0.12908272889154382 25
1694630156990 0.00018829877995575527 26
1694630157170 0.1392323782667241 27
1694630157367 0.00874392518151447 28
1694630157564 0.25152612650372136 29
1694630157763 0.052627868112484336 30
1694630157962 0.11690742651920595 31
1694630158165 0.08744126185858063 32
1694630158380 0.03816946516497467 33
1694630158576 0.003123661234239136 34
1694630158742 0.11429420494951402 35
1694630158919 0.06914642769692293 36
1694630159106 0.590314473913095 37
1694630159273 0.002083498365264147 38
1694630159425 0.14078419470804437 39
1694630159669 0.32290811556020765 40
1694630159802 0.005030105661650316 41
1694630160077 0.7534654318310516 42
1694630160283 5.280147765154825e-08 43
1694630160483 0.9531924028574154 44
1694630160685 0.09472893978252499 45
1694630160864 0.02564335668190698 46
1694630161062 0.18768055078154355 47
1694630161258 0.027162872192216046 48
1694630161459 0.01125032931689424 49
1694630161666 0.2613265684402977 50
1694630161876 0.22857876148853998 51
1694630162091 0.34075690741000625 52
1694630162282 0.009046459397454068 53
1694630162442 0.3857840913819279 54
1694630162643 9.459411296888259e-05 55
1694630162814 0.008995839441416643 56
1694630162998 0.00015085729949451869 57
1694630163192 0.005659324580893017 58
1694630163387 0.6166152838519134 59
1694630163598 0.02778123528873488 60
1694630163790 0.010073858862400689 61
1694630163991 0.0012747910932394582 62
1694630164184 0.0005768922130622498 63
1694630164390 0.21520342120293082 64
1694630164594 0.00022154726322511247 65
1694630164774 0.2843014874160387 66
1694630164951 0.011830678311928683 67
1694630165138 0.016091854275355887 68
1694630165315 0.1131260367730297 69
1694630165500 0.03626729191628626 70
1694630165680 0.27390744822373075 71
1694630165860 0.3629221871487241 72
1694630166033 0.29522293039281483 73
1694630166208 0.2664355021579757 74
1694630166406 0.17148074538836922 75
1694630166596 0.10655681117861496 76
1694630166784 0.12529109717709466 77
1694630166967 0.12797081051121698 78
1694630167153 0.3444515585304137 79
1694630167339 0.006484600998068454 80
1694630167519 0.1165894435153558 81
1694630167710 0.00017810403626224923 82
1694630167890 0.02716582704903859 83
1694630168071 0.0013116897190466024 84
1694630168264 0.04788105556627933 85
1694630168455 0.23489394254716095 86
1694630168635 0.2794702868389384 87
1694630168833 0.06213895550237113 88
1694630169023 0.0008210663728183234 89
1694630169256 0.16454414632756073 90
1694630169461 0.10540861589124592 91
1694630169647 0.03230423641290622 92
1694630169850 0.02389374143958515 93
1694630170053 0.16303609776502767 94
1694630170257 0.11116816301544713 95
1694630170466 0.007084599102895056 96
1694630170676 0.33080642048870207 97
1694630170866 0.1047884799857724 98
1694630171068 0.11148921854040299 99
1694630171280 0.004789899264933661 100
1694630171472 0.17974714555561952 101
1694630171653 0.024786739514754155 102
1694630171850 0.23107457907437565 103
1694630172035 0.3854741263161593 104
1694630172224 0.009868435566078767 105
1694630172412 0.020394542356092192 106
1694630172592 0.0043506421242494216 107
1694630172788 0.011136356697507415 108
1694630172996 0.02597578357854874 109
1694630173190 0.28096151324832624 110
1694630173372 0.026855600892597812 111
1694630173575 5.676604033814598e-06 112
1694630173792 0.2831844915472814 113
1694630174008 0.03715358681554232 114
1694630174224 0.013340656087786923 115
1694630174436 0.06000889449552091 116
1694630174672 0.022703164166340255 117
1694630174880 0.31851880370579816 118
1694630175076 0.039035760121401294 119
1694630175277 0.06854841808756501 120
1694630175476 0.3586535312752568 121
1694630175659 1.5209648862882026 122
1694630175862 0.004921642247609549 123
1694630176045 0.10371960097081138 124
1694630176220 0.056767213229858185 125
1694630176426 0.006154976904175914 126
1694630176639 0.014440722128813695 127
1694630176842 0.020671305007249105 128
1694630177039 0.014319034129259174 129
1694630177253 0.21008160154730143 130
1694630177461 0.12481158424716896 131
1694630177678 0.1725739718254148 132
1694630177876 0.13835120371795406 133
1694630178073 0.47956813774925267 134
1694630178286 0.007758649277523048 135
1694630178492 0.014223936573230664 136
1694630178702 0.008491958727563772 137
1694630178896 0.9410161487906047 138
1694630179096 0.008179943275430888 139
1694630179307 0.024853344980764573 140
1694630179502 0.015402260203235728 141
1694630179704 0.04413614609417794 142
1694630179915 0.021405758228173623 143
1694630180113 0.00016508694958801003 144
1694630180319 4.001364285782469e-05 145
1694630180507 0.006406136710868501 146
1694630180689 4.943665434224006e-05 147
1694630180903 0.032500023450441055 148
1694630181119 0.21651192758328835 149
1694630181333 0.22339506378347745 150
1694630181553 0.3025215519560444 151
1694630181748 0.5020157474050955 152
1694630181955 0.3188697725429041 153
1694630182155 0.021507851166591763 154
1694630182333 0.02024249531289106 155
1694630182531 0.009334773881016873 156
1694630182722 0.13558859716259683 157
1694630182905 0.03510099077300351 158
1694630183108 0.023903303149334313 159
1694630183312 0.4626967788234956 160
1694630183513 0.033634783614203925 161
1694630183714 0.11865716528509566 162
1694630183922 0.011397508427264403 163
1694630184143 9.181897881750302e-05 164
1694630184339 0.060994069477092946 165
1694630184539 2.3840776713298945e-05 166
1694630184740 0.1658872554113812 167
1694630184943 0.3046945024551428 168
1694630185163 0.01836435649480967 169
1694630185366 0.311562042771434 170
1694630185564 0.24996215059523844 171
1694630185766 0.017648482826878153 172
1694630185980 0.03508322634365569 173
1694630186179 0.012428459146635188 174
1694630186383 8.702996341915764e-05 175
1694630186579 0.053273620326423424 176
1694630186760 0.0077841072216356345 177
1694630186969 0.049104656232200686 178
1694630187184 0.09162198973312738 179
1694630187396 0.030480655521625804 180
1694630187613 0.05909913411187117 181
1694630187837 0.10215586590468738 182
1694630188055 0.05246126532514679 183
1694630188276 0.009461026097732394 184
1694630188469 0.0045842000365118995 185
1694630188686 0.04736254020519166 186
1694630188890 0.02564350040155637 187
1694630189094 0.04349540838419638 188
1694630189293 0.0008179722191509299 189
1694630189497 0.08802053749453474 190
1694630189721 0.006970967793226515 191
1694630189916 0.06124551463341173 192
1694630190100 0.8029186308207756 193
1694630190278 0.0866029860461309 194
1694630190463 0.016482900911980146 195
1694630190647 0.342921441595107 196
1694630190842 0.32631258593179274 197
1694630191023 0.0021374539200353752 198
1694630191212 0.15212792795568444 199
1694630191387 0.0996305415719022 200
1694630191582 3.923473478588223e-05 201
1694630191764 0.023366332184619126 202
1694630191950 0.3591981437345189 203
1694630192124 0.04649886687196859 204
1694630192309 0.048012556462568814 205
1694630192514 0.1652569686312598 206
1694630192710 0.2747944737911909 207
1694630192899 0.11364251347213372 208
1694630193096 0.11820516525738617 209
1694630193302 0.3998111342236467 210
1694630193491 0.3815089168730502 211
1694630193670 0.20887316485931498 212
1694630193852 0.39834694585658476 213
1694630194052 0.04549957324760255 214
1694630194233 0.02277534524875889 215
1694630194418 0.13212784952422468 216
1694630194632 0.03138200665060853 217
1694630194809 0.012094355658749877 218
1694630195014 0.2476159790906388 219
1694630195207 0.14338378273814198 220
1694630195426 0.40933031945830334 221
1694630195634 0.26917829580128194 222
1694630195832 0.04087445149244992 223
1694630196039 0.020375166008826242 224
1694630196247 0.04589696539005073 225
1694630196442 0.3299407908540882 226
1694630196645 8.239671015149607e-05 227
1694630196840 0.06718079770831709 228
1694630197039 0.015026129536278984 229
1694630197236 0.029985912013601613 230
1694630197449 0.00888819235293651 231
1694630197646 0.06297180685368328 232
1694630197832 1.9345590954656526e-05 233
1694630197909 0.0015966861010968747 234
1694630198187 0.14721672616989936 235
1694630198380 0.5850600236757912 236
1694630198561 0.00787646730423414 237
1694630198757 0.14398104313958282 238
1694630198954 0.00014477392932648963 239
1694630199157 0.017502456572188727 240
1694630199361 0.019412488943508534 241
1694630199574 0.010160417257951101 242
1694630199763 0.011483245362363056 243
1694630199965 0.05278179467506456 244
1694630200154 0.8422984243973176 245
1694630200338 0.30237474072374226 246
1694630200525 0.00247056540673091 247
1694630200702 4.573238811075385e-05 248
1694630200880 0.0008299383691968936 249
1694630201058 0.3492549185546729 250
1694630201261 0.10828947721664371 251
1694630201445 0.08856464450380004 252
1694630201667 0.8020209586536001 253
1694630201868 0.30648298427879156 254
1694630202093 0.11317647746195317 255
1694630202289 0.0029518885672433323 256
1694630202530 0.018830932723909368 257
1694630202726 0.0003361677944260341 258
1694630202918 0.009659340439632992 259
1694630203127 0.03165859034664355 260
1694630203304 2.2429792310841236e-06 261
1694630203487 0.25187697946104554 262
1694630203709 0.012393310423198788 263
1694630203912 0.31343705807517297 264
1694630204108 0.029966591341651708 265
1694630204297 0.10999611908200815 266
1694630204500 0.1444554795890968 267
1694630204755 0.13475786948199808 268
1694630204953 0.32016920188043524 269
1694630205152 0.05839894004896044 270
1694630205354 0.007521124294508715 271
1694630205526 0.027327478323710956 272
1694630205728 0.14480471422472038 273
1694630205940 0.0026857582991797464 274
1694630206181 0.002762279498727868 275
1694630206373 0.16933689746778 276
1694630206549 0.005227542563117366 277
1694630206754 9.92899452490601e-07 278
1694630206956 0.301036101042598 279
1694630207151 0.1683370833123747 280
1694630207356 0.047399221224887565 281
1694630207546 0.006755490926873084 282
1694630207744 0.017454455064352736 283
1694630207945 8.30187051694691e-06 284
1694630208138 0.0551577003793375 285
1694630208350 0.11584058390401553 286
1694630208545 0.06011523012497594 287
1694630208736 0.04854727695967572 288
1694630208961 0.024703714266628048 289
1694630209156 0.03406593295890501 290
1694630209355 0.017656143794022295 291
1694630209562 0.05833769405566725 292
1694630209754 0.014575494922988883 293
1694630209954 0.0432074694697716 294
1694630210139 0.15247761599218887 295
1694630210337 0.011028894626501105 296
1694630210515 0.048001515933153285 297
1694630210711 0.05075776805250768 298
1694630210910 0.3666903373653862 299
1694630211097 0.02068048979611272 300
1694630211348 0.1447468585732279 301
1694630211582 0.043448776153460766 302
1694630211779 0.07140836117385439 303
1694630211985 0.017147612067295967 304
1694630212191 0.08271844049419401 305
1694630212410 0.07991182193621123 306
1694630212606 0.24614185741476804 307
1694630212788 0.0005016617987622646 308
1694630212973 0.00891798416272603 309
1694630213175 0.05501807307962737 310
1694630213382 0.014299075319335025 311
1694630213573 0.1448368489508119 312
1694630213781 0.027365477606343766 313
1694630213983 0.39723963836556464 314
1694630214169 0.28915711397796195 315
1694630214368 0.00470938789726338 316
1694630214577 0.03949936647234027 317
1694630214776 0.00617836506908825 318
1694630214968 0.2527306361312779 319
1694630215156 6.668861162372878e-05 320
1694630215359 0.1011321705694969 321
1694630215566 0.12834955664153216 322
1694630215749 0.1483322864008639 323
1694630215941 0.0012554485262211994 324
1694630216142 0.2228240850873178 325
1694630216340 0.9053621747384261 326
1694630216491 0.16327829692548138 327
1694630216726 0.06216800416068243 328
1694630216931 0.009011857007256947 329
1694630217129 0.07103115298830183 330
1694630217331 0.19206049085410884 331
1694630217546 1.3321371849543441e-05 332
1694630217754 0.13998446005884665 333
1694630217961 0.027234920843043048 334
1694630218165 0.005096621345963847 335
1694630218370 0.01075882910359715 336
1694630218568 1.011871906603214 337
1694630218750 0.023187530048831815 338
1694630218972 0.07179133783964343 339
1694630219154 0.0015692234183346783 340
1694630219352 0.11581605106367536 341
1694630219561 0.04107856767900736 342
1694630219760 0.008441737552710207 343
1694630219947 0.11155339074090835 344
1694630220146 0.06472608055197161 345
1694630220357 0.011240047522201473 346
1694630220574 0.1828352565140662 347
1694630220779 0.13763464032641615 348
1694630220954 0.9055785376248096 349
1694630221162 0.40196912743444413 350
1694630221340 5.95093918554685e-05 351
1694630221526 0.0025736335357475107 352
1694630221722 0.1782487320210498 353
1694630221918 0.12112979118806952 354
1694630222110 0.026063221711803176 355
1694630222305 0.5666103994742644 356
1694630222506 0.025025286682621703 357
1694630222683 0.27063417656917893 358
1694630222889 0.01589123479451273 359
1694630223078 0.021992612885052436 360
1694630223270 0.26189197743520715 361
1694630223471 0.3300672323830017 362
1694630223643 0.037953307588362226 363
1694630223856 0.005979570383213057 364
1694630224051 0.07821280667302505 365
1694630224256 0.02073518362981059 366
1694630224436 0.04468159500465497 367
1694630224636 0.0002160218643720656 368
1694630224836 0.0005309468785623448 369
1694630225019 0.05125010059604688 370
1694630225219 0.04452733098569825 371
1694630225420 0.05054705505234221 372
1694630225613 0.0338361354786804 373
1694630225804 0.0062805756933695224 374
1694630226022 0.05649580926789506 375
1694630226223 0.017126380084732256 376
1694630226433 0.01648190152939518 377
1694630226639 0.19041211915751147 378
1694630226837 0.00020871585374699627 379
1694630227030 0.00027167365486061034 380
1694630227228 0.193442687866229 381
1694630227426 0.005628316519785095 382
1694630227601 0.31768919320217115 383
1694630227782 9.66399705882111e-05 384
1694630227958 0.12574141360365243 385
1694630228156 0.22734288662019686 386
1694630228354 0.009677927006732366 387
1694630228547 0.43698780456870384 388
1694630228734 0.08702741112574978 389
1694630228940 0.10348600200296404 390
1694630229161 0.01614545787203413 391
1694630229362 0.130197137365072 392
1694630229543 0.03318793761625914 393
1694630229739 0.11680447765989975 394
1694630229922 0.9156101386643865 395
1694630230107 0.10076419260738287 396
1694630230293 0.0012275550963620468 397
1694630230482 0.02068962408456276 398
1694630230658 0.0020513196031364737 399
1694630230840 0.020591895768802066 400
1694630231031 0.01083774422303042 401
1694630231237 0.07795949780852672 402
1694630231442 0.15385336123108032 403
1694630231643 0.048207478904832304 404
1694630231837 3.48215159052642e-05 405
1694630232057 0.06709514813254853 406
1694630232278 0.22851503857640082 407
1694630232499 0.024630582566455804 408
1694630232700 0.0007575079357235472 409
1694630232890 0.02010580157811517 410
1694630233085 0.0017632990573451233 411
1694630233291 0.10813854593223636 412
1694630233497 0.3947188595280023 413
1694630233674 0.3910799723029201 414
1694630233893 0.07222515117066022 415
1694630234087 0.0001441672476283926 416
1694630234306 0.22795233716520505 417
1694630234507 5.417944596462129e-05 418
1694630234691 0.6110545435793306 419
1694630234918 0.10936369909497837 420
1694630235118 0.16721038956124887 421
1694630235296 0.09754790271402286 422
1694630235460 0.00020338133183624957 423
1694630235651 0.1452180032736069 424
1694630235842 0.01066823689119587 425
1694630236040 0.05702308648975004 426
1694630236229 0.011809711583809918 427
1694630236422 0.046490263625151254 428
1694630236631 0.17539960752396508 429
1694630236829 0.026327228800350343 430
1694630237027 0.0032815492656011725 431
1694630237232 0.16050955099318412 432
1694630237445 0.40352367545301976 433
1694630237631 0.005134765624578368 434
1694630237824 0.004467921545750403 435
1694630238029 0.10341391799882886 436
1694630238242 0.8926608104460316 437
1694630238450 0.11538621884586205 438
1694630238632 0.04328160220014222 439
1694630238828 0.022883270012237923 440
1694630239024 3.1666553880431196e-05 441
1694630239251 0.0007487177318526857 442
1694630239458 0.10768324175676273 443
1694630239669 0.06700178298880528 444
1694630239870 0.14408630507001582 445
1694630240068 0.09283938578481787 446
1694630240271 0.003939310014638196 447
1694630240447 0.03431962013350555 448
1694630240649 0.02237082539374805 449
1694630240822 0.1427129875828352 450
1694630241005 0.04158691982220283 451
1694630241196 0.010624597913541863 452
1694630241374 9.005824852503719e-05 453
1694630241574 0.1362792714294267 454
1694630241754 0.012817561034674007 455
1694630241940 0.014730764813642935 456
1694630242137 0.276847513214314 457
1694630242342 0.00958196230224771 458
1694630242542 0.09907487039138499 459
1694630242740 0.008256015427578752 460
1694630242953 0.6203783416943588 461
1694630243164 0.15959946686915633 462
1694630243365 0.1531255740559546 463
1694630243563 0.07922111089473315 464
1694630243760 0.0013898486020627624 465
1694630243962 0.07603775244262624 466
1694630244167 0.09964585725355846 467
1694630244348 0.03327139130636905 468
1694630244578 0.00851650870398303 469
1694630244794 0.004489319132187417 470
1694630245062 0.010364792067174451 471
1694630245260 0.0013061859321572458 472
1694630245462 0.0022404961083023174 473
1694630245655 0.7450727148051607 474
1694630245840 0.003211399030683796 475
1694630246020 0.23518388003530466 476
1694630246203 0.035308453215863386 477
1694630246385 0.007716834615884048 478
1694630246595 0.20017794609894093 479
1694630246769 0.036098926723700346 480
1694630246954 0.17657532421243277 481
1694630247128 0.008501094113973021 482
1694630247330 0.03833114205060804 483
1694630247535 0.038541816599056845 484
1694630247713 0.05120585109611248 485
1694630247886 0.02340239842834274 486
1694630248068 0.029572528368201158 487
1694630248266 0.015221467703260173 488
1694630248451 0.20143627515713095 489
1694630248649 0.0019383264466885858 490
1694630248846 0.10723916761646207 491
1694630249035 0.0515143375666094 492
1694630249250 0.0003491070376659753 493
1694630249421 0.5702467969957444 494
1694630249638 0.2349531667251342 495
1694630249834 0.5258583721803642 496
1694630250043 0.2190021369086731 497
1694630250264 0.03866317237598935 498
1694630250462 0.042130165925321685 499
1694630250665 0.08726671555481114 500
1694630250845 0.022311374000288747 501
1694630251039 0.18710632098403604 502
1694630251238 0.027116776601194697 503
1694630251436 0.005563690577707836 504
1694630251637 0.0936358379107979 505
1694630251820 3.561347022098571e-05 506
1694630252004 0.068118254602203 507
1694630252202 0.09758819723401985 508
1694630252409 0.0005654192025643294 509
1694630252603 0.00847162543340612 510
1694630252788 0.2331039640212032 511
1694630252977 0.07952362577341211 512
1694630253182 0.03530691081491169 513
1694630253389 0.05221323586229432 514
1694630253597 0.17074076606107844 515
1694630253786 0.11352449325564233 516
1694630253988 0.31031150419436765 517
1694630254190 0.49449770253527553 518
1694630254261 0.007022372619671885 519
1694630254551 0.19237319334647 520
1694630254749 0.03246894279886442 521
1694630254963 0.42916113206010637 522
1694630255178 0.035656184566550245 523
1694630255384 0.11401957089409064 524
1694630255583 0.06477369209208729 525
1694630255774 0.026380757816219347 526
1694630255967 0.028080492088152293 527
1694630256168 0.013204457355268104 528
1694630256358 0.003937125094905073 529
1694630256551 0.13806861678577165 530
1694630256761 0.06891870788706594 531
1694630256966 0.13120247147916075 532
1694630257172 0.003312953838593382 533
1694630257374 0.34586503712090405 534
1694630257567 0.02476865321512925 535
1694630257769 0.1680655394173879 536
1694630257964 0.001536658877254232 537
1694630258169 0.009560666427337883 538
1694630258373 0.34966166607267013 539
1694630258572 1.34756664611349 540
1694630258764 0.06421373078723432 541
1694630258945 0.046273737572174845 542
1694630259125 0.2211650829783232 543
1694630259311 0.21645811137221363 544
1694630259516 0.009410181846084803 545
1694630259722 0.0006784702165015874 546
1694630259919 0.16888230034528723 547
1694630260118 0.019308117114060407 548
1694630260327 0.3213471393257449 549
1694630260538 0.01923971941478797 550
1694630260734 0.01272346253904961 551
1694630260911 0.1383761757771455 552
1694630261119 0.00010154110900462291 553
1694630261331 0.09843202541946829 554
1694630261536 0.00026747687983835983 555
1694630261722 0.2831640872730232 556
1694630261938 0.3779094473884173 557
1694630262143 0.002946359556882513 558
1694630262355 0.13351271436220025 559
1694630262557 0.30778442716061505 560
1694630262758 0.002681944263118296 561
1694630262971 0.017876133700700875 562
1694630263166 0.3411033981926992 563
1694630263356 0.03134321714070095 564
1694630263561 0.1724171660442486 565
1694630263764 0.08122985610341327 566
1694630263961 0.09222141973302729 567
1694630264171 0.01649069521883566 568
1694630264355 0.026614662874520925 569
1694630264555 2.32249883794806e-05 570
1694630264758 0.21591468711755107 571
1694630264966 0.10223141422369762 572
1694630265200 0.026917414909904486 573
1694630265393 0.23399269586603538 574
1694630265587 0.11326432602245025 575
1694630265773 0.07474480400536332 576
1694630265981 0.1125360278882837 577
1694630266189 0.021922674376247488 578
1694630266370 0.044614094221590135 579
1694630266569 0.003227649123824196 580
1694630266761 0.0535599170728941 581
1694630266963 8.984458703850468e-05 582
1694630267137 0.0747423863846961 583
1694630267334 8.829252722877335e-06 584
1694630267524 0.5902121331779011 585
1694630267725 1.9883986397759433e-06 586
1694630267920 0.040968404940715186 587
1694630268123 0.27656019329355525 588
1694630268298 0.023075977464964842 589
1694630268502 0.013556917292674152 590
1694630268736 0.5390693609763005 591
1694630268913 0.0019126167252600359 592
1694630269109 0.29221996070662637 593
1694630269322 0.004175053788460695 594
1694630269569 0.13773744947212344 595
1694630269765 0.2826334164565677 596
1694630269963 0.13825422356180625 597
1694630270164 0.01390776042348629 598
1694630270361 0.0964039651149717 599
1694630270588 2.1932312367612026 600
1694630270791 0.16621136758129834 601
1694630270977 0.005445297897683332 602
1694630271172 1.9647917070180937e-05 603
1694630271367 0.013494042180691597 604
1694630271588 0.04299083405941371 605
1694630271813 0.10477367138939293 606
1694630272038 0.02644837286728277 607
1694630272234 0.15822136375175044 608
1694630272406 0.009286145201110214 609
1694630272587 0.1784431627136798 610
1694630272776 0.03311338284365284 611
1694630272969 0.1355628083439743 612
1694630273155 0.1500442026026375 613
1694630273338 0.5543898833754951 614
1694630273516 0.018171702920478983 615
1694630273709 0.03163433372123998 616
1694630273901 0.11585617948007822 617
1694630274111 0.1150245017717242 618
1694630274303 0.003981406971198645 619
1694630274508 0.05675349189587998 620
1694630274701 0.04830928699665875 621
1694630274899 0.07105972793681245 622
1694630275113 0.008132376306273888 623
1694630275306 0.17079241777340345 624
1694630275493 0.0018957201188334616 625
1694630275687 0.06654777658140928 626
1694630275840 0.27483964159288793 627
1694630276062 0.06760940148546488 628
1694630276267 0.023796529804455784 629
1694630276468 0.050023913165597136 630
1694630276664 0.14617382197808207 631
1694630276854 0.0002693637434345711 632
1694630277052 0.023109017977467346 633
1694630277258 0.1374432399229945 634
1694630277394 0.0018268430278298524 635
1694630277649 0.1925067712015323 636
1694630277844 0.22031264288871516 637
1694630278041 0.13454964144571135 638
1694630278250 0.0944396543092167 639
1694630278436 0.11747634830554322 640
1694630278628 0.050584421530549796 641
1694630278827 0.0006326722739427942 642
1694630279023 0.7921038816286059 643
1694630279229 0.0009272574955713371 644
1694630279435 0.00427868644671416 645
1694630279661 0.06089009659671386 646
1694630279848 0.04295278296496469 647
1694630280036 0.0011603246369110648 648
1694630280242 0.00922547198619467 649
1694630280436 0.11217923723319205 650
1694630280634 0.6332746159983527 651
1694630280811 0.009714343390687403 652
1694630281019 0.0012590631884614554 653
1694630281235 0.028905300424188558 654
1694630281416 0.3488662851915552 655
1694630281617 9.775696353609658e-05 656
1694630281822 0.00896480401264307 657
1694630282024 0.002356271467503803 658
1694630282225 0.00528736256088941 659
1694630282426 0.026957884626967975 660
1694630282607 0.007104276052868214 661
1694630282786 0.2279504397212592 662
1694630282861 0.012350179638095227 663
1694630283128 0.08093194972872936 664
1694630283339 9.324278159938865e-07 665
1694630283530 0.11782037243841675 666
1694630283710 0.016673866439360887 667
1694630283895 0.029768766388889065 668
1694630284069 0.0022187166539803173 669
1694630284260 0.6302623334983094 670
1694630284448 0.1902280085859366 671
1694630284630 0.022225174386789136 672
1694630284823 0.00103586414478758 673
1694630285019 0.09628441077578317 674
1694630285209 0.09288148570591302 675
1694630285404 0.00886622207138671 676
1694630285612 0.001987221954041909 677
1694630285800 0.011944160413889376 678
1694630285986 0.17897698747515212 679
1694630286177 0.09253629596043846 680
1694630286371 0.3671523556691642 681
1694630286567 0.02861249450764425 682
1694630286768 0.43980483644507073 683
1694630286973 0.13686298010140194 684
1694630287181 0.15061423471775107 685
1694630287380 0.2467922127477974 686
1694630287566 0.013182030109159013 687
1694630287744 0.30882360510396933 688
1694630287924 0.005402718007189713 689
1694630288098 0.6033710742335395 690
1694630288301 0.027707087596007724 691
1694630288492 0.039243727280905215 692
1694630288642 0.003217629784741042 693
1694630288896 0.3855973210007283 694
1694630289105 0.008539790740122729 695
1694630289304 0.20092162888212897 696
1694630289485 0.027962225848028908 697
1694630289668 0.001376263201086157 698
1694630289850 0.14760101694684372 699
1694630290054 0.18766453940517525 700
1694630290253 0.027138531694706213 701
1694630290444 0.030799998932919775 702
1694630290632 0.007915321108786283 703
1694630290823 0.0003876760546279233 704
1694630291030 0.054693845792507814 705
1694630291245 0.48104558516698037 706
1694630291461 0.0001869185621052306 707
1694630291644 0.11154185489682374 708
1694630291832 0.4166658885863976 709
1694630292016 0.00806662190879219 710
1694630292198 0.017289982912536424 711
1694630292381 0.14646376113433218 712
1694630292574 0.2495009851128946 713
1694630292761 0.03501377620028467 714
1694630292968 0.0289617165921315 715
1694630293176 0.08188019486036131 716
1694630293381 0.08798234202557245 717
1694630293601 0.353062955012388 718
1694630293782 1.187931806841877 719
1694630293964 0.00038005614749054027 720
1694630294161 4.134226813585956e-05 721
1694630294356 0.0022873011759700426 722
1694630294523 0.13152728796811927 723
1694630294723 0.026615051258027454 724
1694630294899 0.05859291735327969 725
1694630295075 0.009807726877989654 726
1694630295277 0.03045718801225922 727
1694630295474 0.4870521646579101 728
1694630295658 0.09017725734398722 729
1694630295827 0.2585774853712616 730
1694630295998 0.0769388593890083 731
1694630296172 0.3421308540425343 732
1694630296357 1.3014133861742138e-05 733
1694630296560 0.016890381249574867 734
1694630296774 0.14756327180163326 735
1694630296989 0.2639238279557581 736
1694630297199 0.008822666047276492 737
1694630297393 0.07348484655227372 738
1694630297578 0.14336011246188515 739
1694630297782 0.11870978657845953 740
1694630297983 0.34449464119515316 741
1694630298196 0.3595051397842354 742
1694630298397 0.09988646785849625 743
1694630298589 0.00017790870644901943 744
1694630298765 0.07685949672017646 745
1694630298940 0.025679710041594722 746
1694630299126 0.00863052666850766 747
1694630299312 0.053817982237077906 748
1694630299523 0.12660533761957066 749
1694630299739 0.019374933807648063 750
1694630299952 0.3919307452147692 751
1694630300163 0.006207085738723861 752
1694630300348 4.6193244645749707e-05 753
1694630300522 0.001932712600680962 754
1694630300692 0.027847206140837893 755
1694630300869 0.10968755239671985 756
1694630301049 0.00019241751591983578 757
1694630301230 0.29092358679820346 758
1694630301398 0.21329449040756263 759
1694630301583 0.06338242436448344 760
1694630301761 0.3052147291734622 761
1694630301945 0.15145621620645755 762
1694630302126 0.16555404417169037 763
1694630302314 0.5103476337282242 764
1694630302503 0.9458804266481698 765
1694630302708 0.1278771902284838 766
1694630302913 0.10192166805624431 767
1694630303105 0.34228215586200494 768
1694630303304 0.4229217707280213 769
1694630303475 0.11961271378818362 770
1694630303651 0.6510908430104188 771
1694630303819 0.10396006847457434 772
1694630303990 0.16558876197311848 773
1694630304167 0.04563919711374782 774
1694630304347 0.1395404597988406 775
1694630304532 0.004728399139687045 776
1694630304719 0.11701244013222734 777
1694630304890 0.0022828251094664568 778
1694630305078 0.07401891818245142 779
1694630305285 0.05056880217635108 780
1694630305482 0.1493155568889388 781
1694630305662 0.09409212290767602 782
1694630305904 0.012100415713617224 783
1694630306114 0.22158199145937396 784
1694630306305 0.8477810560148146 785
1694630306456 0.020423562467343864 786
1694630306662 0.4747152883019159 787
1694630306858 0.07810257846774171 788
1694630307061 0.10945656075838288 789
1694630307284 0.2509939474406037 790
1694630307489 0.006693061269971144 791
1694630307674 0.0356415368469442 792
1694630307872 0.009122514884296992 793
1694630308074 0.012666033321450349 794
1694630308254 0.015065400294445802 795
1694630308432 0.2471248503245645 796
1694630308603 0.005239925784221152 797
1694630308783 0.02583214198940114 798
1694630308965 0.0009540539645507132 799
1694630309146 4.115664103073833e-05 800
1694630309352 0.2165172983269932 801
1694630309549 0.010251876146190438 802
1694630309744 0.0002687068797534287 803
1694630309928 0.05900398749067311 804
1694630310131 0.05519672969842985 805
1694630310336 0.02158839140866028 806
1694630310545 0.09470070033064902 807
1694630310757 0.907985293033563 808
1694630310958 0.003315909725308954 809
1694630311149 0.15733331278214607 810
1694630311330 0.31279515401465835 811
1694630311504 0.05644166388447889 812
1694630311681 0.061687955562561014 813
1694630311861 0.8615419100198306 814
1694630312042 0.10503209573107465 815
1694630312242 0.00019789305830286426 816
1694630312437 0.09525939525824993 817
1694630312612 0.02628844404966287 818
1694630312825 0.040825290854455465 819
1694630313024 0.024050412845373195 820
1694630313212 0.013850881959529172 821
1694630313398 0.004732058413539386 822
1694630313602 0.039232037778353275 823
1694630313801 0.4771960103346736 824
1694630313983 0.017507360355530997 825
1694630314177 0.3944766932364525 826
1694630314374 0.005443022932634281 827
1694630314565 0.5318993118945263 828
1694630314761 0.08008193660876978 829
1694630314991 0.07114275014253549 830
1694630315202 0.05766831023392324 831
1694630315401 0.17566177925635046 832
1694630315596 0.016673268631223558 833
1694630315784 0.1386428682133734 834
1694630315996 0.3876685685626789 835
1694630316213 0.0032694327576269135 836
1694630316421 0.10133581591316836 837
1694630316627 0.027992291534709723 838
1694630316841 0.11554801252437748 839
1694630317035 0.15349261999736807 840
1694630317226 0.019344670106476128 841
1694630317403 0.04569135958034239 842
1694630317586 0.08156946758852213 843
1694630317767 0.3136331788043523 844
1694630317971 0.04365151330474682 845
1694630318161 0.015892187806361438 846
1694630318387 0.0011796016067337333 847
1694630318599 0.7774858796538379 848
1694630318810 0.0073746618554759915 849
1694630319007 0.33071991822722696 850
1694630319199 0.004678683027306571 851
1694630319384 0.23238853400143183 852
1694630319561 0.004866341557240393 853
1694630319734 0.10063854605888559 854
1694630319925 0.005593151501402231 855
1694630320122 0.3416684985113362 856
1694630320315 0.3177036338351763 857
1694630320505 0.09408616856568323 858
1694630320679 0.08443415081299968 859
1694630320871 0.0014640672493220137 860
1694630321068 0.04822009077132235 861
1694630321274 0.04537950969282239 862
1694630321460 0.02235559531544612 863
1694630321660 0.09215245375818644 864
1694630321857 3.634445299585015e-05 865
1694630322060 0.3911632110699718 866
1694630322283 0.30037304798199344 867
1694630322507 0.15270306412750514 868
1694630322686 0.023134497736190765 869
1694630322856 0.050016276576047215 870
1694630323045 0.01828915831869787 871
1694630323219 0.09793123420613166 872
1694630323402 0.031305754910731905 873
1694630323586 0.03680539370004059 874
1694630323767 0.1685300508916047 875
1694630323950 0.17400711851787204 876
1694630324137 0.1461556947338476 877
1694630324345 0.1213261325941056 878
1694630324556 0.23105208488761472 879
1694630324728 0.2087713665495721 880
1694630324909 1.1490421862038624 881
1694630325082 0.09716349244531619 882
1694630325266 0.06519756604062543 883
1694630325445 0.0008820433312473914 884
1694630325638 0.08697190201694206 885
1694630325810 0.09789758144240787 886
1694630325994 0.32983358922541983 887
1694630326168 0.03864730501019782 888
1694630326366 0.004144310683168439 889
1694630326574 0.24515248183247348 890
1694630326760 0.0017896709167740726 891
1694630326964 0.010014095753883486 892
1694630327167 0.3788182551398554 893
1694630327362 0.16299939138419942 894
1694630327573 0.002715612402232261 895
1694630327770 0.008189119721886597 896
1694630327962 0.12044129682716456 897
1694630328149 0.017952663352709147 898
1694630328328 0.03255240998331334 899
1694630328506 0.04437618147097593 900
1694630328690 0.9409866390205057 901
1694630328877 0.07097739515461621 902
1694630329068 0.11458888567417899 903
1694630329262 0.010582127954365032 904
1694630329445 0.010512990913229962 905
1694630329629 0.0009648595796874614 906
1694630329830 0.010190262325207923 907
1694630330008 0.0050964718923893395 908
1694630330225 0.05828830375806263 909
1694630330427 0.2771600859881323 910
1694630330626 0.0030353487017241317 911
1694630330822 0.00021557513806344126 912
1694630331021 0.05935957055554558 913
1694630331220 0.04602712685006119 914
1694630331413 0.36260300397811757 915
1694630331620 0.008952426626594463 916
1694630331804 6.214179633871357e-05 917
1694630332002 5.3319420635695867e-05 918
1694630332214 0.013887245980835634 919
1694630332453 0.0002445140914439317 920
1694630332645 0.5655041759141636 921
1694630332845 0.21458737415150825 922
1694630333038 0.07963438047400538 923
1694630333233 0.16237278594012197 924
1694630333451 0.17086504779491335 925
1694630333642 0.16746917033217365 926
1694630333870 0.16499509534612714 927
1694630334071 0.008227709411956486 928
1694630334251 0.07463349498338445 929
1694630334445 0.004082735723339482 930
1694630334641 0.11827311855401951 931
1694630334831 0.013647144993467369 932
1694630335018 0.0007094520396122906 933
1694630335242 0.06966976411549104 934
1694630335441 0.0014049853033468846 935
1694630335641 0.0001906056645447817 936
1694630335853 2.0518114078497865e-05 937
1694630336063 0.025806728832944683 938
1694630336297 0.04477869688645058 939
1694630336490 0.14878368350925086 940
1694630336689 0.06287455627367858 941
1694630336892 0.008003170676636783 942
1694630337029 0.3786011002488838 943
1694630337250 0.022776363562991984 944
1694630337497 1.247949635927098 945
1694630337687 0.004033822882441123 946
1694630337890 0.018866882296645474 947
1694630338073 0.007395778613421281 948
1694630338249 0.0010301672462788675 949
1694630338442 0.011044812619383301 950
1694630338613 0.00036346439249031746 951
1694630338794 0.004778190913169989 952
1694630338970 0.1263567027848146 953
1694630339141 0.037558542228992256 954
1694630339319 0.19222675465446323 955
1694630339499 0.05601945903944121 956
1694630339683 0.020721970194245896 957
1694630339863 7.021566950090105e-05 958
1694630340044 0.014195599284141725 959
1694630340241 0.041262733881270997 960
1694630340439 0.006122460900949165 961
1694630340614 0.13172889359419962 962
1694630340806 0.024994913240363723 963
1694630340994 1.2100607859597734 964
1694630341193 0.004288167099393196 965
1694630341399 0.013724240848143002 966
1694630341605 9.517096709634986e-06 967
1694630341811 0.2486248299572196 968
1694630342006 0.1888562694360151 969
1694630342215 0.2028290416342421 970
1694630342406 0.1337591715063354 971
1694630342620 0.042219652128580844 972
1694630342833 0.028754942137670877 973
1694630343029 0.14767369749425122 974
1694630343235 0.2242529681415511 975
1694630343412 0.005494045151586029 976
1694630343615 0.042608069140598254 977
1694630343814 0.008619127199222651 978
1694630344008 0.06780856954257461 979
1694630344186 0.010412799792077543 980
1694630344372 0.3904251560733031 981
1694630344573 0.0028929087944777106 982
1694630344749 0.06403326068988711 983
1694630344923 0.027900789818138618 984
1694630345117 0.0009011307767019883 985
1694630345298 1.4673635786402763e-05 986
1694630345471 0.3484000215639115 987
1694630345651 0.0012146663830430587 988
1694630345828 1.0624649637953767 989
1694630346009 0.011799354374762388 990
1694630346183 0.09038552803868051 991
1694630346367 0.0006136148762234007 992
1694630346551 0.08625420790857036 993
1694630346733 0.008072437022892063 994
1694630346923 0.014113535648553489 995
1694630347108 0.17308449300658654 996
1694630347279 0.35121375307967967 997
1694630347458 0.3197269428395424 998
1694630347684 0.09773504097003474 999
