1694640587236 72.20581036469069 0
1694640587924 63.63081981735662 1
1694640588698 32.47339170931712 2
1694640589290 13.263475424147158 3
1694640589887 9.688260863688834 4
1694640590455 4.963803818644003 5
1694640591078 5.026564134454375 6
1694640591727 2.6894416933786895 7
1694640592414 0.9323258649077689 8
1694640592995 1.0346703109457118 9
1694640593537 0.22784671749762417 10
1694640594167 0.6104505657533623 11
1694640594753 4.1076494445298274e-05 12
1694640595361 0.09667024568533501 13
1694640596017 0.0460043964640637 14
1694640596593 0.015568902267868443 15
1694640597213 0.05528246923554807 16
1694640597829 0.024499981007757774 17
1694640598406 0.0003823649759606371 18
1694640599010 0.2697586560017124 19
1694640599688 0.0020065637917911624 20
1694640600338 0.11145835302730968 21
1694640600941 0.06500075076424963 22
1694640601545 0.1442478764121379 23
1694640602144 0.3514082574925652 24
1694640602691 0.0008792892413352522 25
1694640603275 0.22814089258818912 26
1694640603945 0.02802611591403217 27
1694640604533 0.08292881784516414 28
1694640605109 0.0030834107807000003 29
1694640605710 0.13184848360223417 30
1694640606312 1.0164597516881603e-05 31
1694640606906 0.023390073514902018 32
1694640607563 0.0024767522642597213 33
1694640608145 0.0033145363827209837 34
1694640608728 0.014036736478755562 35
1694640609307 0.33682715313340017 36
1694640609903 0.08533636347413105 37
1694640610457 0.007642084644214369 38
1694640611114 0.031217017254762062 39
1694640611701 0.9720228569789464 40
1694640612280 0.008135016512282194 41
1694640612872 0.18743330201649827 42
1694640613447 0.012375676196616125 43
1694640614049 0.001542542924760725 44
1694640614737 0.08334023321973118 45
1694640615387 0.08915017078524844 46
1694640615949 0.12971982522044173 47
1694640616577 0.1498814906519394 48
1694640617135 3.947942746667815e-06 49
1694640617740 0.03165708161730593 50
1694640618301 0.0016942791801084006 51
1694640618918 0.07443169253310808 52
1694640619486 0.11392614039054452 53
1694640620085 0.0003988404577683644 54
1694640620683 0.07412573514312636 55
1694640621251 0.00402133294058056 56
1694640621846 0.10926817147180282 57
1694640622469 0.02676698475450613 58
1694640623092 0.15570542839724308 59
1694640623715 8.667278300365516e-05 60
1694640624412 0.05430736465895755 61
1694640625031 0.010293573200485224 62
1694640625631 0.04335935680053833 63
