1694640587259 0.0 0
1694640587946 0.0 1
1694640588718 0.0 2
1694640589307 0.0 3
1694640589908 0.0 4
1694640590474 0.0 5
1694640591097 0.0 6
1694640591747 0.0 7
1694640592433 0.0 8
1694640593014 0.0 9
1694640593556 0.0 10
1694640594187 0.0 11
1694640594774 0.0 12
1694640595381 0.0 13
1694640596034 0.0 14
1694640596610 0.0 15
1694640597238 0.0 16
1694640597847 0.0 17
1694640598425 0.0 18
1694640599028 0.0 19
1694640599704 0.0 20
1694640600358 0.0 21
1694640600958 0.0 22
1694640601561 0.0 23
1694640602161 0.0 24
1694640602710 0.0 25
1694640603292 0.0 26
1694640603961 0.0 27
1694640604553 0.0 28
1694640605128 0.0 29
1694640605727 0.0 30
1694640606331 0.0 31
1694640606925 0.0 32
1694640607581 0.0 33
1694640608162 0.0 34
1694640608746 0.0 35
1694640609326 0.0 36
1694640609921 0.0 37
1694640610478 0.0 38
1694640611135 0.0 39
1694640611717 0.0 40
1694640612300 0.0 41
1694640612891 0.0 42
1694640613465 0.0 43
1694640614067 0.0 44
1694640614759 0.0 45
1694640615406 0.0 46
1694640615969 0.0 47
1694640616595 0.0 48
1694640617154 0.0 49
1694640617759 0.0 50
1694640618321 0.0 51
1694640618939 0.0 52
1694640619512 0.0 53
1694640620102 0.0 54
1694640620700 0.0 55
1694640621271 0.0 56
1694640621864 0.0 57
1694640622491 0.0 58
1694640623112 0.0 59
1694640623734 0.0 60
1694640624430 0.0 61
1694640625049 0.0 62
1694640625648 0.0 63
