1694628353946 -0.004140168339064276 0
1694628353995 -0.004139808028613912 1
1694628354032 -0.0041394476224636545 2
1694628354073 -0.004139087120595297 3
1694628354113 -0.004138726522990854 4
1694628354161 -0.004138365829633006 5
1694628354204 -0.004138005040502213 6
1694628354237 -0.004137644155582043 7
1694628354273 -0.004137283174854067 8
1694628354305 -0.004136922098300078 9
1694628354338 -0.004136560925902311 10
1694628354375 -0.004136199657643003 11
1694628354424 -0.004135838293503946 12
1694628354473 -0.004135476833466933 13
1694628354527 -0.004135115277514201 14
1694628354571 -0.004134753625628207 15
1694628354615 -0.0041343918777903 16
1694628354651 -0.004134030033982494 17
1694628354693 -0.004133668094187248 18
1694628354730 -0.004133306058386799 19
1694628354767 -0.004132943926562049 20
1694628354803 -0.004132581698696125 21
1694628354835 -0.004132219374770152 22
1694628354872 -0.004131856954766588 23
1694628354913 -0.004131494438667449 24
1694628354956 -0.004131131826454748 25
1694628355011 -0.004130769118110056 26
1694628355053 -0.004130406313615831 27
1694628355096 -0.004130043412953643 28
1694628355134 -0.004129680416105508 29
1694628355176 -0.004129317323054549 30
1694628355213 -0.004128954133780338 31
1694628355251 -0.004128590848266889 32
1694628355293 -0.004128227466495105 33
1694628355338 -0.0041278639884476664 34
1694628355371 -0.004127500414106144 35
1694628355410 -0.004127136743452553 36
1694628355452 -0.0041267729764689065 37
1694628355493 -0.004126409113136553 38
1694628355537 -0.004126045153438174 39
1694628355574 -0.00412568109735556 40
1694628355618 -0.004125316944870505 41
1694628355671 -0.004124952695964801 42
1694628355739 -0.004124588350620684 43
1694628355782 -0.004124223908819724 44
1694628355825 -0.004123859370543936 45
1694628355858 -0.004123494735775779 46
1694628355900 -0.004123130004496378 47
1694628355951 -0.004122765176688192 48
1694628356003 -0.004122400252332792 49
1694628356046 -0.004122035231411969 50
1694628356090 -0.004121670113908404 51
1694628356138 -0.004121304899803002 52
1694628356183 -0.004120939589077999 53
1694628356221 -0.0041205741817154085 54
1694628356257 -0.004120208677697246 55
1694628356314 -0.004119843077005303 56
1694628356353 -0.004119477379621372 57
1694628356394 -0.004119111585527024 58
1694628356436 -0.004118745694704717 59
1694628356471 -0.004118379707136466 60
1694628356528 -0.004118013622802508 61
1694628356567 -0.004117647441686634 62
1694628356614 -0.00411728116376997 63
1694628356648 -0.004116914789034309 64
1694628356685 -0.004116548317461666 65
1694628356736 -0.0041161817490336094 66
1694628356778 -0.004115815083732155 67
1694628356827 -0.004115448321539983 68
1694628356874 -0.004115081462436887 69
1694628356923 -0.004114714506406214 70
1694628356957 -0.004114347453429978 71
1694628356990 -0.004113980303489084 72
1694628357024 -0.00411361305656599 73
1694628357055 -0.004113245712642266 74
1694628357092 -0.004112878271699927 75
1694628357127 -0.004112510733720542 76
1694628357160 -0.004112143098685905 77
1694628357198 -0.004111775366578252 78
1694628357246 -0.0041114075373789305 79
1694628357303 -0.004111039611069955 80
1694628357355 -0.004110671587633119 81
1694628357397 -0.004110303467049992 82
1694628357455 -0.00410993524930281 83
1694628357532 -0.004109566934372921 84
1694628357583 -0.004109198522242119 85
1694628357647 -0.004108830012892639 86
1694628357688 -0.004108461406306052 87
1694628357729 -0.004108092702463928 88
1694628357793 -0.004107723901348059 89
1694628357884 -0.00410735500294046 90
1694628357965 -0.004106986007222702 91
1694628358004 -0.004106616914176575 92
1694628358058 -0.0041062477237840955 93
1694628358094 -0.004105878436026611 94
1694628358132 -0.004105509050885914 95
1694628358171 -0.004105139568344018 96
1694628358203 -0.004104769988382717 97
1694628358251 -0.004104400310983358 98
1694628358353 -0.004104030536127956 99
1694628358444 -0.004103660663798303 100
1694628358517 -0.0041032906939759695 101
1694628358588 -0.004102920626642748 102
1694628358633 -0.00410255046178043 103
1694628358686 -0.0041021801993708085 104
1694628358730 -0.00410180983939501 105
1694628358774 -0.00410143938183527 106
1694628358809 -0.004101068826673604 107
1694628358839 -0.004100698173890915 108
1694628358870 -0.004100327423469663 109
1694628358900 -0.004099956575391195 110
1694628358937 -0.004099585629637081 111
1694628358972 -0.004099214586189559 112
1694628359005 -0.004098843445029532 113
1694628359045 -0.0040984722061392365 114
1694628359080 -0.004098100869500021 115
1694628359112 -0.004097729435094344 116
1694628359146 -0.004097357902902887 117
1694628359175 -0.004096986272907666 118
1694628359208 -0.004096614545090693 119
1694628359245 -0.004096242719433318 120
1694628359288 -0.0040958707959173335 121
1694628359334 -0.004095498774524309 122
1694628359385 -0.0040951266552358145 123
1694628359432 -0.004094754438033865 124
1694628359476 -0.004094382122899587 125
1694628359531 -0.004094009709814994 126
1694628359568 -0.004093637198761657 127
1694628359601 -0.004093264589722034 128
1694628359648 -0.00409289188267592 129
1694628359689 -0.004092519077605994 130
1694628359736 -0.004092146174494271 131
1694628359781 -0.004091773173321878 132
1694628359827 -0.004091400074070606 133
1694628359863 -0.004091026876722026 134
1694628359901 -0.004090653581257708 135
1694628359937 -0.004090280187659223 136
1694628359974 -0.004089906695908363 137
1694628360027 -0.00408953310598692 138
1694628360068 -0.004089159417875798 139
1694628360119 -0.004088785631557235 140
1694628360156 -0.004088411747012577 141
1694628360193 -0.004088037764223618 142
1694628360244 -0.004087663683171705 143
1694628360289 -0.004087289503838409 144
1694628360337 -0.004086915226205745 145
1694628360381 -0.004086540850254838 146
1694628360431 -0.0040861663759672595 147
1694628360475 -0.004085791803325023 148
1694628360516 -0.004085417132309255 149
1694628360560 -0.004085042362901747 150
1694628360593 -0.004084667495083849 151
1694628360639 -0.004084292528837574 152
1694628360682 -0.004083917464144049 153
1694628360736 -0.004083542300984844 154
1694628360784 -0.004083167039341973 155
1694628360820 -0.00408279167919634 156
1694628360859 -0.004082416220529739 157
1694628360899 -0.004082040663324182 158
1694628360937 -0.004081665007560353 159
1694628360978 -0.00408128925322071 160
1694628361017 -0.004080913400286157 161
1694628361070 -0.004080537448738042 162
1694628361103 -0.004080161398558602 163
1694628361145 -0.004079785249728962 164
1694628361182 -0.004079409002230472 165
1694628361221 -0.004079032656044923 166
1694628361272 -0.004078656211153886 167
1694628361319 -0.004078279667538709 168
1694628361366 -0.00407790302518074 169
1694628361402 -0.004077526284061994 170
1694628361450 -0.004077149444163153 171
1694628361488 -0.004076772505466675 172
1694628361521 -0.004076395467953464 173
1694628361555 -0.004076018331605091 174
1694628361597 -0.004075641096402904 175
1694628361652 -0.004075263762328918 176
1694628361703 -0.004074886329363814 177
1694628361766 -0.004074508797489829 178
1694628361801 -0.004074131166688089 179
1694628361847 -0.004073753436940164 180
1694628361878 -0.004073375608227625 181
1694628361914 -0.004072997680530932 182
1694628361963 -0.004072619653832765 183
1694628362001 -0.004072241528114695 184
1694628362048 -0.0040718633033569596 185
1694628362090 -0.004071484979542017 186
1694628362126 -0.004071106556650994 187
1694628362160 -0.004070728034665461 188
1694628362192 -0.004070349413566321 189
1694628362230 -0.0040699706933358115 190
1694628362278 -0.0040695918739550585 191
1694628362323 -0.004069212955405188 192
1694628362371 -0.004068833937667771 193
1694628362405 -0.0040684548207245985 194
1694628362464 -0.004068075604556576 195
1694628362516 -0.004067696289145495 196
1694628362556 -0.004067316874472482 197
1694628362601 -0.004066937360519329 198
1694628362661 -0.004066557747266719 199
1694628362704 -0.004066178034696888 200
1694628362754 -0.00406579822279074 201
1694628362788 -0.004065418311529845 202
1694628362817 -0.0040650383008955515 203
1694628362848 -0.004064658190869208 204
1694628362878 -0.004064277981432385 205
1694628362905 -0.004063897672566208 206
1694628362941 -0.004063517264252026 207
1694628362971 -0.004063136756471408 208
1694628363005 -0.004062756149205704 209
1694628363051 -0.004062375442436483 210
1694628363086 -0.00406199463614465 211
1694628363118 -0.004061613730311997 212
1694628363157 -0.004061232724919428 213
1694628363200 -0.004060851619948513 214
1694628363242 -0.004060470415381046 215
1694628363290 -0.004060089111197485 216
1694628363348 -0.004059707707379845 217
1694628363385 -0.004059326203909253 218
1694628363429 -0.004058944600767278 219
1694628363469 -0.004058562897935047 220
1694628363504 -0.004058181095393465 221
1694628363541 -0.004057799193124767 222
1694628363575 -0.004057417191109414 223
1694628363622 -0.004057035089329197 224
1694628363671 -0.004056652887765688 225
1694628363715 -0.0040562705863993465 226
1694628363777 -0.0040558881852124085 227
1694628363814 -0.004055505684185556 228
1694628363848 -0.00405512308330036 229
1694628363884 -0.004054740382538169 230
1694628363919 -0.004054357581879886 231
1694628363966 -0.004053974681307304 232
1694628364002 -0.004053591680801771 233
1694628364053 -0.00405320858034397 234
1694628364086 -0.004052825379915248 235
1694628364117 -0.00405244207949762 236
1694628364165 -0.004052058679071768 237
1694628364214 -0.004051675178619041 238
1694628364276 -0.004051291578121008 239
1694628364322 -0.004050907877558574 240
1694628364362 -0.004050524076913087 241
1694628364393 -0.004050140176165895 242
1694628364422 -0.004049756175298125 243
1694628364458 -0.004049372074290902 244
1694628364494 -0.004048987873126242 245
1694628364531 -0.004048603571784604 246
1694628364565 -0.004048219170247114 247
1694628364604 -0.004047834668495565 248
1694628364653 -0.004047450066511082 249
1694628364700 -0.004047065364274793 250
1694628364748 -0.004046680561768046 251
1694628364784 -0.0040462956589715215 252
1694628364811 -0.004045910655867235 253
1694628364840 -0.004045525552436091 254
1694628364877 -0.004045140348658993 255
1694628364914 -0.004044755044517512 256
1694628364963 -0.004044369639993217 257
1694628364997 -0.0040439841350663475 258
1694628365034 -0.004043598529718695 259
1694628365068 -0.004043212823931164 260
1694628365097 -0.004042827017685546 261
1694628365130 -0.004042441110962747 262
1694628365170 -0.004042055103743669 263
1694628365197 -0.004041668996009662 264
1694628365232 -0.004041282787742073 265
1694628365277 -0.004040896478921807 266
1694628365319 -0.00404051006952999 267
1694628365388 -0.004040123559548192 268
1694628365426 -0.00403973694895754 269
1694628365465 -0.004039350237738937 270
1694628365499 -0.004038963425873732 271
1694628365535 -0.004038576513342829 272
1694628365572 -0.004038189500127576 273
1694628365606 -0.0040378023862088774 274
1694628365645 -0.004037415171568304 275
1694628365701 -0.004037027856186759 276
1694628365779 -0.004036640440045591 277
1694628365820 -0.004036252923125261 278
1694628365859 -0.004035865305407782 279
1694628365892 -0.004035477586873837 280
1694628365925 -0.004035089767504552 281
1694628365958 -0.004034701847281275 282
1694628365989 -0.00403431382618491 283
1694628366019 -0.004033925704196584 284
1694628366057 -0.004033537481297644 285
1694628366089 -0.004033149157468774 286
1694628366120 -0.004032760732691321 287
1694628366165 -0.004032372206946633 288
1694628366197 -0.0040319835802151704 289
1694628366231 -0.004031594852478726 290
1694628366270 -0.004031206023717981 291
1694628366303 -0.004030817093914063 292
1694628366339 -0.004030428063048319 293
1694628366377 -0.004030038931101654 294
1694628366417 -0.004029649698054749 295
1694628366486 -0.004029260363889398 296
1694628366531 -0.004028870928586281 297
1694628366586 -0.004028481392126748 298
1694628366622 -0.004028091754491259 299
1694628366658 -0.004027702015661605 300
1694628366713 -0.004027312175618247 301
1694628366759 -0.004026922234342756 302
1694628366799 -0.0040265321918155905 303
1694628366838 -0.004026142048018322 304
1694628366879 -0.00402575180293141 305
1694628366913 -0.004025361456536869 306
1694628366954 -0.004024971008815159 307
1694628366990 -0.0040245804597469625 308
1694628367023 -0.0040241898093136275 309
1694628367057 -0.004023799057496502 310
1694628367101 -0.004023408204276269 311
1694628367148 -0.004023017249633609 312
1694628367193 -0.004022626193550538 313
1694628367237 -0.004022235036007071 314
1694628367274 -0.004021843776984779 315
1694628367310 -0.004021452416464344 316
1694628367347 -0.004021060954427114 317
1694628367389 -0.0040206693908537705 318
1694628367421 -0.004020277725725441 319
1694628367456 -0.004019885959023917 320
1694628367495 -0.004019494090728104 321
1694628367528 -0.004019102120820683 322
1694628367574 -0.004018710049283225 323
1694628367628 -0.004018317876094191 324
1694628367675 -0.004017925601236705 325
1694628367717 -0.004017533224691006 326
1694628367762 -0.004017140746438441 327
1694628367807 -0.004016748166459694 328
1694628367842 -0.0040163554847354455 329
1694628367878 -0.0040159627012472665 330
1694628367910 -0.004015569815975617 331
1694628367942 -0.004015176828901623 332
1694628367982 -0.004014783740006633 333
1694628368017 -0.004014390549270885 334
1694628368050 -0.004013997256675728 335
1694628368085 -0.00401360386220162 336
1694628368118 -0.004013210365830133 337
1694628368153 -0.004012816767541949 338
1694628368187 -0.004012423067318194 339
1694628368217 -0.0040120292651393274 340
1694628368250 -0.004011635360986476 341
1694628368280 -0.004011241354840767 342
1694628368311 -0.0040108472466831024 343
1694628368344 -0.004010453036493944 344
1694628368387 -0.004010058724254861 345
1694628368430 -0.004009664309946093 346
1694628368477 -0.004009269793548986 347
1694628368520 -0.004008875175044446 348
1694628368558 -0.004008480454413155 349
1694628368595 -0.004008085631635794 350
1694628368631 -0.004007690706693934 351
1694628368665 -0.004007295679567813 352
1694628368711 -0.004006900550238557 353
1694628368753 -0.00400650531868707 354
1694628368805 -0.004006109984894257 355
1694628368841 -0.0040057145488408 356
1694628368879 -0.004005319010507602 357
1694628368913 -0.004004923369876456 358
1694628368948 -0.004004527626926047 359
1694628368995 -0.004004131781639275 360
1694628369026 -0.004003735833996602 361
1694628369056 -0.0040033397839776 362
1694628369097 -0.004002943631564504 363
1694628369134 -0.004002547376737775 364
1694628369172 -0.004002151019478095 365
1694628369219 -0.004001754559766368 366
1694628369253 -0.004001357997583721 367
1694628369289 -0.004000961332910613 368
1694628369334 -0.004000564565727727 369
1694628369374 -0.00400016769601641 370
1694628369411 -0.003999770723757123 371
1694628369454 -0.003999373648930549 372
1694628369499 -0.003998976471517812 373
1694628369535 -0.003998579191499818 374
1694628369571 -0.003998181808856804 375
1694628369608 -0.003997784323570119 376
1694628369643 -0.003997386735620001 377
1694628369678 -0.003996989044988242 378
1694628369712 -0.003996591251654413 379
1694628369754 -0.003996193355600308 380
1694628369790 -0.003995795356805942 381
1694628369825 -0.003995397255252664 382
1694628369855 -0.003994999050920933 383
1694628369891 -0.003994600743791654 384
1694628369925 -0.003994202333845509 385
1694628369963 -0.00399380382106318 386
1694628369999 -0.003993405205425793 387
1694628370041 -0.003993006486913586 388
1694628370076 -0.003992607665507686 389
1694628370114 -0.003992208741188996 390
1694628370153 -0.003991809713937533 391
1694628370190 -0.003991410583734867 392
1694628370222 -0.0039910113505612355 393
1694628370263 -0.003990612014397765 394
1694628370304 -0.003990212575224694 395
1694628370346 -0.0039898130330231485 396
1694628370380 -0.00398941338777381 397
1694628370417 -0.003989013639457362 398
1694628370465 -0.003988613788054041 399
1694628370513 -0.003988213833545418 400
1694628370554 -0.0039878137759117305 401
1694628370591 -0.003987413615133439 402
1694628370627 -0.003987013351192115 403
1694628370665 -0.003986612984067328 404
1694628370700 -0.00398621251374065 405
1694628370736 -0.003985811940192541 406
1694628370777 -0.00398541126340346 407
1694628370815 -0.003985010483354312 408
1694628370851 -0.003984609600025779 409
1694628370896 -0.003984208613398321 410
1694628370934 -0.0039838075234530645 411
1694628370971 -0.003983406330170025 412
1694628371014 -0.003983005033530551 413
1694628371052 -0.003982603633515103 414
1694628371096 -0.00398220213010414 415
1694628371126 -0.003981800523278123 416
1694628371161 -0.003981398813018622 417
1694628371206 -0.003980996999305431 418
1694628371245 -0.0039805950821194536 419
1694628371300 -0.003980193061441373 420
1694628371338 -0.003979790937251648 421
1694628371373 -0.003979388709531406 422
1694628371404 -0.003978986378260663 423
1694628371436 -0.003978583943420322 424
1694628371470 -0.003978181404991288 425
1694628371519 -0.003977778762953577 426
1694628371560 -0.003977376017288536 427
1694628371607 -0.003976973167976183 428
1694628371651 -0.003976570214997421 429
1694628371699 -0.003976167158332711 430
1694628371739 -0.0039757639979634 431
1694628371785 -0.003975360733868394 432
1694628371820 -0.00397495736602993 433
1694628371858 -0.003974553894428023 434
1694628371891 -0.003974150319043135 435
1694628371930 -0.003973746639855946 436
1694628371970 -0.00397334285684714 437
1694628372018 -0.003972938969997175 438
1694628372059 -0.003972534979286957 439
1694628372096 -0.003972130884696501 440
1694628372135 -0.003971726686206933 441
1694628372203 -0.00397132238379827 442
1694628372262 -0.003970917977451416 443
1694628372320 -0.003970513467147052 444
1694628372360 -0.003970108852865639 445
1694628372399 -0.003969704134587637 446
1694628372437 -0.003969299312293506 447
1694628372473 -0.00396889438596415 448
1694628372516 -0.003968489355579585 449
1694628372556 -0.003968084221120938 450
1694628372616 -0.0039676789825682235 451
1694628372668 -0.003967273639903013 452
1694628372714 -0.0039668681931035454 453
1694628372758 -0.003966462642152724 454
1694628372798 -0.00396605698703012 455
1694628372849 -0.003965651227716416 456
1694628372892 -0.0039652453641918495 457
1694628372938 -0.003964839396437103 458
1694628372972 -0.003964433324432859 459
1694628373016 -0.003964027148159355 460
1694628373054 -0.003963620867597051 461
1694628373091 -0.003963214482726851 462
1694628373122 -0.003962807993529216 463
1694628373152 -0.003962401399984161 464
1694628373188 -0.003961994702072147 465
1694628373225 -0.003961587899774299 466
1694628373261 -0.003961180993070634 467
1694628373320 -0.003960773981941834 468
1694628373370 -0.003960366866368137 469
1694628373421 -0.003959959646330002 470
1694628373460 -0.003959552321808557 471
1694628373516 -0.003959144892784039 472
1694628373556 -0.003958737359235354 473
1694628373590 -0.00395832972114496 474
1694628373626 -0.003957921978492429 475
1694628373663 -0.003957514131258666 476
1694628373698 -0.003957106179423464 477
1694628373748 -0.00395669812296795 478
1694628373790 -0.003956289961871917 479
1694628373837 -0.00395588169611627 480
1694628373883 -0.003955473325681247 481
1694628373939 -0.003955064850547529 482
1694628373978 -0.003954656270694912 483
1694628374022 -0.00395424758610452 484
1694628374055 -0.00395383879675637 485
1694628374088 -0.003953429902631145 486
1694628374133 -0.003953020903708859 487
1694628374169 -0.003952611799970196 488
1694628374209 -0.003952202591395615 489
1694628374247 -0.003951793277965354 490
1694628374294 -0.003951383859660096 491
1694628374344 -0.003950974336459634 492
1694628374390 -0.0039505647083450945 493
1694628374432 -0.00395015497529605 494
1694628374469 -0.0039497451372938475 495
1694628374509 -0.00394933519431806 496
1694628374543 -0.003948925146349369 497
1694628374575 -0.003948514993368235 498
1694628374615 -0.003948104735355118 499
1694628374653 -0.003947694372289812 500
1694628374693 -0.00394728390415322 501
1694628374745 -0.00394687333092536 502
1694628374790 -0.003946462652586913 503
1694628374838 -0.003946051869118339 504
1694628374881 -0.00394564098049921 505
1694628374913 -0.003945229986710874 506
1694628374944 -0.003944818887732904 507
1694628374979 -0.003944407683545981 508
1694628375022 -0.003943996374130343 509
1694628375054 -0.003943584959466229 510
1694628375086 -0.00394317343953432 511
1694628375122 -0.0039427618143144105 512
1694628375155 -0.003942350083787183 513
1694628375187 -0.003941938247933319 514
1694628375221 -0.003941526306732168 515
1694628375255 -0.003941114260164635 516
1694628375296 -0.003940702108211402 517
1694628375343 -0.003940289850851597 518
1694628375390 -0.00393987748806679 519
1694628375434 -0.00393946501983633 520
1694628375470 -0.0039390524461411225 521
1694628375505 -0.003938639766961183 522
1694628375548 -0.003938226982276749 523
1694628375590 -0.003937814092068281 524
1694628375626 -0.003937401096315796 525
1694628375663 -0.003936987994999974 526
1694628375704 -0.003936574788100833 527
1694628375747 -0.003936161475598388 528
1694628375789 -0.003935748057473321 529
1694628375827 -0.00393533453370587 530
1694628375860 -0.003934920904276051 531
1694628375897 -0.003934507169163881 532
1694628375931 -0.003934093328350485 533
1694628375965 -0.003933679381814992 534
1694628375999 -0.003933265329538527 535
1694628376037 -0.003932851171501106 536
1694628376069 -0.003932436907682746 537
1694628376105 -0.003932022538063684 538
1694628376140 -0.003931608062624381 539
1694628376172 -0.003931193481344852 540
1694628376206 -0.003930778794205336 541
1694628376248 -0.003930364001186071 542
1694628376295 -0.003929949102267516 543
1694628376333 -0.003929534097429244 544
1694628376374 -0.00392911898665238 545
1694628376413 -0.003928703769916719 546
1694628376448 -0.003928288447202055 547
1694628376494 -0.003927873018488848 548
1694628376539 -0.003927457483757557 549
1694628376579 -0.003927041842987755 550
1694628376622 -0.003926626096160346 551
1694628376670 -0.003926210243255124 552
1694628376735 -0.003925794284252104 553
1694628376785 -0.00392537821913197 554
1694628376839 -0.003924962047874292 555
1694628376883 -0.003924545770459975 556
1694628376923 -0.003924129386868369 557
1694628376956 -0.003923712897079934 558
1694628376991 -0.00392329630107513 559
1694628377026 -0.003922879598833973 560
1694628377066 -0.003922462790336256 561
1694628377115 -0.003922045875562441 562
1694628377163 -0.003921628854492543 563
1694628377212 -0.003921211727106799 564
1694628377252 -0.003920794493385227 565
1694628377287 -0.003920377153308285 566
1694628377323 -0.003919959706855325 567
1694628377363 -0.003919542154007694 568
1694628377405 -0.003919124494744297 569
1694628377454 -0.003918706729045818 570
1694628377500 -0.003918288856892049 571
1694628377546 -0.003917870878263674 572
1694628377580 -0.003917452793140708 573
1694628377612 -0.003917034601502722 574
1694628377649 -0.003916616303330178 575
1694628377709 -0.003916197898603091 576
1694628377760 -0.003915779387301921 577
1694628377795 -0.003915360769405352 578
1694628377835 -0.0039149420448951755 579
1694628377871 -0.0039145232137509645 580
1694628377912 -0.00391410427595229 581
1694628377957 -0.003913685231479613 582
1694628378003 -0.003913266080312949 583
1694628378050 -0.003912846822432536 584
1694628378089 -0.003912427457818168 585
1694628378126 -0.003912007986449861 586
1694628378163 -0.003911588408307853 587
1694628378196 -0.003911168723372382 588
1694628378233 -0.00391074893162302 589
1694628378274 -0.003910329033040227 590
1694628378308 -0.003909909027603575 591
1694628378347 -0.003909488915293746 592
1694628378380 -0.00390906869609009 593
1694628378408 -0.003908648369973067 594
1694628378439 -0.00390822793692247 595
1694628378473 -0.003907807396918539 596
1694628378533 -0.0039073867499415105 597
1694628378581 -0.003906965995970957 598
1694628378641 -0.003906545134986672 599
1694628378689 -0.003906124166969116 600
1694628378750 -0.003905703091898971 601
1694628378796 -0.0039052819097540326 602
1694628378855 -0.003904860620516315 603
1694628378902 -0.0039044392241653902 604
1694628378963 -0.00390401772068083 605
1694628379004 -0.003903596110042873 606
1694628379048 -0.0039031743922317563 607
1694628379089 -0.0039027525672268304 608
1694628379143 -0.003902330635008777 609
1694628379177 -0.0039019085955567245 610
1694628379207 -0.0039014864488515766 611
1694628379241 -0.003901064194872461 612
1694628379271 -0.0039006418336000603 613
1694628379305 -0.00390021936501439 614
1694628379342 -0.0038997967890939123 615
1694628379378 -0.003899374105820197 616
1694628379412 -0.003898951315172594 617
1694628379450 -0.0038985284171311196 618
1694628379483 -0.0038981054116757896 619
1694628379546 -0.00389768229878662 620
1694628379587 -0.0038972590784427386 621
1694628379624 -0.0038968357506252715 622
1694628379668 -0.003896412315313569 623
1694628379704 -0.0038959887724874243 624
1694628379739 -0.003895565122126854 625
1694628379782 -0.0038951413642118737 626
1694628379820 -0.0038947174987218336 627
1694628379859 -0.0038942935256378597 628
1694628379895 -0.00389386944493908 629
1694628379928 -0.003893445256604844 630
1694628379980 -0.003893020960616056 631
1694628380020 -0.003892596556952066 632
1694628380072 -0.00389217204559289 633
1694628380109 -0.0038917474265183216 634
1694628380147 -0.0038913226997085992 635
1694628380178 -0.0038908978651430726 636
1694628380211 -0.0038904729228017576 637
1694628380248 -0.0038900478726648924 638
1694628380281 -0.0038896227147118267 639
1694628380318 -0.0038891974489230208 640
1694628380353 -0.0038887720752778243 641
1694628380387 -0.0038883465937560313 642
1694628380419 -0.00388792100433788 643
1694628380464 -0.0038874953070031637 644
1694628380501 -0.003887069501731455 645
1694628380550 -0.0038866435885027695 646
1694628380592 -0.0038862175672971233 647
1694628380638 -0.0038857914380936442 648
1694628380672 -0.0038853652008732364 649
1694628380705 -0.0038849388556148057 650
1694628380752 -0.003884512402298812 651
1694628380789 -0.0038840858409046053 652
1694628380825 -0.0038836591714122015 653
1694628380869 -0.0038832323938013946 654
1694628380900 -0.0038828055080517565 655
1694628380952 -0.0038823785141439693 656
1694628381000 -0.0038819514120564946 657
1694628381040 -0.0038815242017702367 658
1694628381092 -0.0038810968832643233 659
1694628381132 -0.0038806694565187705 660
1694628381183 -0.003880241921513594 661
1694628381219 -0.0038798142782285883 662
1694628381258 -0.0038793865266428806 663
1694628381297 -0.0038789586667367093 664
1694628381331 -0.003878530698489868 665
1694628381363 -0.0038781026218821513 666
1694628381394 -0.0038776744368931304 667
1694628381422 -0.0038772461435025996 668
1694628381456 -0.0038768177416905747 669
1694628381493 -0.0038763892314368498 670
1694628381534 -0.0038759606127203305 671
1694628381590 -0.003875531885521921 672
1694628381629 -0.0038751030498205274 673
1694628381670 -0.0038746741055963874 674
1694628381711 -0.003874245052828851 675
1694628381765 -0.0038738158914977117 676
1694628381797 -0.003873386621582986 677
1694628381847 -0.0038729572430642456 678
1694628381889 -0.0038725277559210625 679
1694628381931 -0.0038720981601332305 680
1694628381989 -0.0038716684556807657 681
1694628382050 -0.003871238642542796 682
1694628382092 -0.003870808720699559 683
1694628382130 -0.003870378690130405 684
1694628382168 -0.0038699485508151277 685
1694628382202 -0.0038695183027339652 686
1694628382255 -0.0038690879458653793 687
1694628382290 -0.003868657480190274 688
1694628382324 -0.0038682269056882213 689
1694628382361 -0.0038677962223374607 690
1694628382395 -0.0038673654301191185 691
1694628382428 -0.0038669345290125445 692
1694628382459 -0.0038665035189973107 693
1694628382502 -0.003866072400053211 694
1694628382579 -0.003865641172159817 695
1694628382626 -0.0038652098352969233 696
1694628382675 -0.003864778389443879 697
1694628382705 -0.0038643468345802567 698
1694628382740 -0.003863915170686294 699
1694628382778 -0.0038634833977411187 700
1694628382807 -0.003863051515724303 701
1694628382848 -0.0038626195246160844 702
1694628382889 -0.003862187424395369 703
1694628382926 -0.003861755215042395 704
1694628382971 -0.003861322896536512 705
1694628383015 -0.003860890468857736 706
1694628383065 -0.003860457931984307 707
1694628383102 -0.0038600252858973505 708
1694628383138 -0.003859592530575995 709
1694628383180 -0.0038591596659995897 710
1694628383215 -0.003858726692148151 711
1694628383258 -0.003858293609001029 712
1694628383293 -0.003857860416537573 713
1694628383328 -0.0038574271147382433 714
1694628383375 -0.0038569937035817237 715
1694628383409 -0.00385656018304803 716
1694628383441 -0.0038561265531162903 717
1694628383480 -0.0038556928137667423 718
1694628383522 -0.003855258964978514 719
1694628383573 -0.0038548250067318435 720
1694628383619 -0.0038543909390051923 721
1694628383663 -0.0038539567617785764 722
1694628383693 -0.003853522475032012 723
1694628383722 -0.0038530880787446264 724
1694628383762 -0.003852653572895992 725
1694628383797 -0.0038522189574659027 726
1694628383836 -0.003851784232433486 727
1694628383873 -0.0038513493977785362 728
1694628383915 -0.003850914453480625 729
1694628383964 -0.0038504793995191022 730
1694628384000 -0.003850044235873984 731
1694628384036 -0.003849608962523954 732
1694628384071 -0.00384917357944925 733
1694628384101 -0.003848738086628778 734
1694628384137 -0.003848302484042998 735
1694628384185 -0.00384786677167015 736
1694628384220 -0.0038474309494911374 737
1694628384271 -0.0038469950174842005 738
1694628384303 -0.003846558975629799 739
1694628384338 -0.003846122823906839 740
1694628384374 -0.003845686562295114 741
1694628384403 -0.0038452501907739745 742
1694628384436 -0.0038448137093227697 743
1694628384473 -0.0038443771179210717 744
1694628384522 -0.0038439404165488966 745
1694628384566 -0.003843503605184706 746
1694628384602 -0.003843066683808738 747
1694628384638 -0.0038426296524001202 748
1694628384675 -0.0038421925109386468 749
1694628384712 -0.0038417552594032234 750
1694628384771 -0.003841317897773644 751
1694628384808 -0.0038408804260297025 752
1694628384845 -0.0038404428441500826 753
1694628384892 -0.0038400051521148004 754
1694628384936 -0.0038395673499029837 755
1694628384980 -0.0038391294374946483 756
1694628385020 -0.003838691414868478 757
1694628385062 -0.003838253282004267 758
1694628385094 -0.0038378150388813648 759
1694628385122 -0.0038373766854791214 760
1694628385165 -0.0038369382217771086 761
1694628385197 -0.0038364996477546764 762
1694628385231 -0.0038360609633913967 763
1694628385287 -0.003835622168666397 764
1694628385319 -0.003835183263559472 765
1694628385371 -0.0038347442480488603 766
1694628385404 -0.0038343051221154667 767
1694628385442 -0.003833865885737975 768
1694628385487 -0.0038334265388959565 769
1694628385537 -0.0038329870815685396 770
1694628385601 -0.003832547513735518 771
1694628385639 -0.0038321078353757976 772
1694628385687 -0.00383166804646895 773
1694628385720 -0.0038312281469943255 774
1694628385771 -0.0038307881369314956 775
1694628385803 -0.003830348016259366 776
1694628385842 -0.0038299077849581753 777
1694628385902 -0.0038294674430059406 778
1694628385962 -0.003829026990383122 779
1694628386007 -0.0038285864270686254 780
1694628386043 -0.0038281457530418006 781
1694628386077 -0.0038277049682822195 782
1694628386110 -0.00382726407276901 783
1694628386145 -0.0038268230664812997 784
1694628386182 -0.0038263819493988827 785
1694628386221 -0.0038259407215008867 786
1694628386259 -0.0038254993827666617 787
1694628386295 -0.0038250579331751133 788
1694628386324 -0.0038246163727062576 789
1694628386355 -0.0038241747013390004 790
1694628386389 -0.0038237329190524694 791
1694628386422 -0.0038232910258264585 792
1694628386465 -0.0038228490216403177 793
1694628386507 -0.0038224069064725086 794
1694628386554 -0.003821964680302603 795
1694628386592 -0.003821522343110839 796
1694628386623 -0.0038210798948750124 797
1694628386659 -0.003820637335575583 798
1694628386698 -0.0038201946651916785 799
1694628386738 -0.003819751883701983 800
1694628386796 -0.00381930899108629 801
1694628386831 -0.0038188659873237274 802
1694628386891 -0.0038184228723938674 803
1694628386932 -0.0038179796462745053 804
1694628386979 -0.0038175363089467673 805
1694628387010 -0.003817092860388893 806
1694628387049 -0.0038166493005802327 807
1694628387093 -0.0038162056295001356 808
1694628387144 -0.003815761847128396 809
1694628387193 -0.0038153179534432535 810
1694628387234 -0.003814873948424502 811
1694628387278 -0.0038144298320514913 812
1694628387313 -0.0038139856043031273 813
1694628387353 -0.0038135412651583156 814
1694628387406 -0.0038130968145968502 815
1694628387451 -0.003812652252598081 816
1694628387499 -0.003812207579140914 817
1694628387549 -0.0038117627942044763 818
1694628387601 -0.0038113178977678963 819
1694628387640 -0.0038108728898105237 820
1694628387677 -0.0038104277703117084 821
1694628387713 -0.003809982539250134 822
1694628387747 -0.0038095371966055946 823
1694628387793 -0.003809091742356996 824
1694628387845 -0.0038086461764834656 825
1694628387897 -0.0038082004989643536 826
1694628387942 -0.003807754709778788 827
1694628387980 -0.003807308808905452 828
1694628388016 -0.0038068627963243618 829
1694628388053 -0.003806416672013979 830
1694628388096 -0.003805970435953876 831
1694628388136 -0.00380552408812318 832
1694628388192 -0.003805077628500575 833
1694628388234 -0.0038046310570656328 834
1694628388296 -0.003804184373797481 835
1694628388331 -0.003803737578675248 836
1694628388384 -0.003803290671677839 837
1694628388419 -0.0038028436527846043 838
1694628388462 -0.0038023965219746714 839
1694628388521 -0.003801949279226946 840
1694628388562 -0.003801501924520778 841
1694628388599 -0.0038010544578350736 842
1694628388632 -0.003800606879149626 843
1694628388679 -0.0038001591884424535 844
1694628388720 -0.0037997113856933495 845
1694628388775 -0.003799263470880998 846
1694628388821 -0.003798815443984971 847
1694628388868 -0.003798367304984396 848
1694628388916 -0.0037979190538577345 849
1694628388954 -0.003797470690584781 850
1694628388989 -0.003797022215143997 851
1694628389023 -0.003796573627514732 852
1694628389060 -0.0037961249276763365 853
1694628389096 -0.0037956761156077157 854
1694628389132 -0.0037952271912873314 855
1694628389181 -0.0037947781546951997 856
1694628389210 -0.0037943290058095602 857
1694628389238 -0.003793879744610651 858
1694628389283 -0.003793430371075379 859
1694628389314 -0.0037929808851855373 860
1694628389350 -0.0037925312869175887 861
1694628389389 -0.0037920815762519933 862
1694628389424 -0.003791631753167879 863
1694628389463 -0.0037911818176434853 864
1694628389517 -0.0037907317696588283 865
1694628389552 -0.0037902816091921476 866
1694628389592 -0.003789831336222571 867
1694628389635 -0.0037893809507294485 868
1694628389680 -0.0037889304526912415 869
1694628389726 -0.003788479842087966 870
1694628389768 -0.003788029118897418 871
1694628389817 -0.003787578283099391 872
1694628389863 -0.0037871273346725687 873
1694628389914 -0.003786676273596079 874
1694628389958 -0.0037862250998486058 875
1694628390017 -0.0037857738134097207 876
1694628390059 -0.0037853224142578856 877
1694628390111 -0.0037848709023724503 878
1694628390155 -0.0037844192777318764 879
1694628390224 -0.003783967540315736 880
1694628390271 -0.0037835156901024902 881
1694628390308 -0.0037830637270717116 882
1694628390340 -0.0037826116512016394 883
1694628390381 -0.0037821594624718458 884
1694628390431 -0.00378170716086057 885
1694628390475 -0.0037812547463476065 886
1694628390520 -0.0037808022189111945 887
1694628390555 -0.003780349578531128 888
1694628390596 -0.0037798968251852028 889
1694628390636 -0.0037794439588529904 890
1694628390678 -0.003778990979513619 891
1694628390715 -0.003778537887145772 892
1694628390754 -0.0037780846817281333 893
1694628390804 -0.003777631363240719 894
1694628390845 -0.003777177931660214 895
1694628390889 -0.0037767243869677447 896
1694628390936 -0.003776270729141107 897
1694628390975 -0.003775816958159428 898
1694628391021 -0.003775363074001614 899
1694628391059 -0.003774909076646793 900
1694628391092 -0.003774454966073648 901
1694628391121 -0.0037740007422610855 902
1694628391156 -0.0037735464051877887 903
1694628391196 -0.0037730919548328856 904
1694628391229 -0.003772637391175282 905
1694628391264 -0.0037721827141936615 906
1694628391300 -0.003771727923867152 907
1694628391336 -0.003771273020174215 908
1694628391375 -0.0037708180030942007 909
1694628391416 -0.0037703628726055705 910
1694628391459 -0.003769907628687008 911
1694628391500 -0.0037694522713185297 912
1694628391535 -0.0037689968004772645 913
1694628391572 -0.0037685412161434506 914
1694628391607 -0.0037680855182951056 915
1694628391643 -0.0037676297069115794 916
1694628391681 -0.0037671737819715556 917
1694628391721 -0.003766717743453718 918
1694628391761 -0.0037662615913367503 919
1694628391801 -0.0037658053255997803 920
1694628391861 -0.0037653489462214917 921
1694628391913 -0.0037648924531807904 922
1694628391955 -0.003764435846456582 923
1694628392003 -0.003763979126027106 924
1694628392042 -0.0037635222918719347 925
1694628392074 -0.0037630653439693074 926
1694628392130 -0.003762608282298352 927
1694628392204 -0.0037621511068377522 928
1694628392253 -0.0037616938175659698 929
1694628392323 -0.0037612364144625765 930
1694628392394 -0.003760778897505368 931
1694628392462 -0.003760321266673694 932
1694628392531 -0.0037598635219464605 933
1694628392582 -0.003759405663301685 934
1694628392622 -0.003758947690718939 935
1694628392667 -0.0037584896041766847 936
1694628392726 -0.0037580314036536056 937
1694628392802 -0.0037575730891288295 938
1694628392857 -0.003757114660580818 939
1694628392920 -0.003756656117987589 940
1694628392984 -0.003756197461329158 941
1694628393052 -0.0037557386905837653 942
1694628393118 -0.00375527980572965 943
1694628393175 -0.003754820806746162 944
1694628393236 -0.003754361693611763 945
1694628393296 -0.003753902466305581 946
1694628393363 -0.003753443124805411 947
1694628393430 -0.003752983669090826 948
1694628393513 -0.0037525240991407305 949
1694628393585 -0.0037520644149322546 950
1694628393651 -0.0037516046164456363 951
1694628393733 -0.003751144703659337 952
1694628393796 -0.0037506846765518187 953
1694628393851 -0.003750224535101543 954
1694628393922 -0.0037497642792876373 955
1694628393985 -0.0037493039090883418 956
1694628394053 -0.003748843424482784 957
1694628394139 -0.0037483828254496476 958
1694628394250 -0.0037479221119671724 959
1694628394328 -0.003747461284014042 960
1694628394399 -0.0037470003415693842 961
1694628394505 -0.0037465392846112167 962
1694628394588 -0.003746078113119111 963
1694628394664 -0.0037456168270706414 964
1694628394719 -0.003745155426445379 965
1694628394808 -0.0037446939112211197 966
1694628394897 -0.0037442322813774354 967
1694628394975 -0.0037437705368923435 968
1694628395050 -0.003743308677744306 969
1694628395108 -0.0037428467039124502 970
1694628395167 -0.0037423846153752383 971
1694628395245 -0.0037419224121113537 972
1694628395291 -0.003741460094099258 973
1694628395339 -0.0037409976613176354 974
1694628395388 -0.0037405351137451692 975
1694628395432 -0.003740072451360099 976
1694628395469 -0.003739609674141553 977
1694628395529 -0.0037391467820686586 978
1694628395571 -0.003738683775117879 979
1694628395613 -0.003738220653269453 980
1694628395670 -0.0037377574165018412 981
1694628395717 -0.003737294064793728 982
1694628395777 -0.003736830598123131 983
1694628395815 -0.0037363670164687335 984
1694628395858 -0.0037359033198094416 985
1694628395890 -0.003735439508123717 986
1694628395926 -0.003734975581390465 987
1694628395963 -0.0037345115395870376 988
1694628395992 -0.0037340473826932286 989
1694628396031 -0.0037335831106874995 990
1694628396073 -0.003733118723547424 991
1694628396132 -0.0037326542212525737 992
1694628396194 -0.0037321896037809665 993
1694628396264 -0.003731724871111286 994
1694628396320 -0.003731260023221994 995
1694628396377 -0.00373079506009244 996
1694628396432 -0.0037303299816988655 997
1694628396483 -0.0037298647880221747 998
1694628396548 -0.003729399479039941 999
