1694628353936 171.0199210954558 0
1694628353986 170.98588064948376 1
1694628354021 170.95184702783243 2
1694628354064 170.9178202291249 3
1694628354102 170.88380025198455 4
1694628354150 170.84978709503503 5
1694628354195 170.81578075690024 6
1694628354231 170.78178123620438 7
1694628354265 170.747788531572 8
1694628354298 170.71380264162784 9
1694628354329 170.67982356499692 10
1694628354366 170.64585130030463 11
1694628354412 170.61188584617656 12
1694628354463 170.57792720123854 13
1694628354514 170.54397536411682 14
1694628354562 170.5100303334378 15
1694628354603 170.47609210782824 16
1694628354644 170.44216068591513 17
1694628354685 170.4082360663257 18
1694628354718 170.37431824768765 19
1694628354758 170.3404072286287 20
1694628354796 170.30650300777705 21
1694628354827 170.27260558376105 22
1694628354864 170.23871495520942 23
1694628354902 170.20483112075112 24
1694628354948 170.1709540790154 25
1694628354998 170.13708382863175 26
1694628355044 170.10322036822998 27
1694628355088 170.06936369644018 28
1694628355125 170.03551381189266 29
1694628355169 170.00167071321812 30
1694628355203 169.96783439904743 31
1694628355245 169.9340048680118 32
1694628355283 169.9001821187427 33
1694628355330 169.8663661498719 34
1694628355364 169.83255696003138 35
1694628355401 169.7987545478535 36
1694628355442 169.7649589119708 37
1694628355483 169.73117005101614 38
1694628355528 169.6973879636227 39
1694628355566 169.66361264842385 40
1694628355608 169.62984410405335 41
1694628355661 169.59608232914513 42
1694628355720 169.56232732233346 43
1694628355771 169.52857908225286 44
1694628355817 169.49483760753813 45
1694628355851 169.46110289682437 46
1694628355882 169.42737494874697 47
1694628355939 169.39365376194155 48
1694628355984 169.35993933504403 49
1694628356037 169.32623166669055 50
1694628356080 169.2925307555177 51
1694628356127 169.25883660016214 52
1694628356171 169.22514919926093 53
1694628356213 169.19146855145138 54
1694628356250 169.15779465537105 55
1694628356304 169.12412750965788 56
1694628356345 169.0904671129499 57
1694628356384 169.0568134638856 58
1694628356428 169.02316656110364 59
1694628356463 168.989526403243 60
1694628356516 168.9558929889429 61
1694628356558 168.92226631684295 62
1694628356605 168.88864638558286 63
1694628356639 168.85503319380274 64
1694628356676 168.82142674014293 65
1694628356727 168.78782702324406 66
1694628356767 168.75423404174705 67
1694628356816 168.72064779429311 68
1694628356862 168.68706827952366 69
1694628356913 168.65349549608044 70
1694628356949 168.61992944260547 71
1694628356984 168.58637011774104 72
1694628357016 168.55281752012974 73
1694628357047 168.51927164841433 74
1694628357085 168.48573250123803 75
1694628357118 168.45220007724419 76
1694628357153 168.41867437507645 77
1694628357189 168.3851553933788 78
1694628357235 168.35164313079542 79
1694628357280 168.31813758597087 80
1694628357347 168.28463875754989 81
1694628357388 168.25114664417745 82
1694628357439 168.21766124449906 83
1694628357503 168.18418255716014 84
1694628357569 168.15071058080662 85
1694628357630 168.1172453140847 86
1694628357679 168.08378675564077 87
1694628357712 168.05033490412154 88
1694628357780 168.016889758174 89
1694628357865 167.98345131644535 90
1694628357953 167.95001957758316 91
1694628357995 167.91659454023522 92
1694628358047 167.88317620304966 93
1694628358086 167.84976456467473 94
1694628358121 167.81635962375915 95
1694628358161 167.78296137895177 96
1694628358196 167.74956982890183 97
1694628358234 167.71618497225873 98
1694628358336 167.68280680767216 99
1694628358428 167.64943533379224 100
1694628358507 167.61607054926912 101
1694628358574 167.58271245275344 102
1694628358618 167.549361042896 103
1694628358670 167.5160163183479 104
1694628358716 167.48267827776053 105
1694628358766 167.44934691978548 106
1694628358801 167.41602224307474 107
1694628358833 167.38270424628047 108
1694628358863 167.34939292805518 109
1694628358892 167.3160882870516 110
1694628358928 167.2827903219227 111
1694628358965 167.24949903132188 112
1694628358997 167.2162144139026 113
1694628359035 167.1829364683188 114
1694628359071 167.14966519322448 115
1694628359104 167.11640058727414 116
1694628359138 167.0831426491224 117
1694628359168 167.0498913774242 118
1694628359200 167.0166467708347 119
1694628359236 166.98340882800952 120
1694628359279 166.95017754760428 121
1694628359320 166.91695292827507 122
1694628359372 166.8837349686782 123
1694628359419 166.85052366747024 124
1694628359466 166.81731902330802 125
1694628359521 166.7841210348487 126
1694628359560 166.75092970074968 127
1694628359593 166.71774501966863 128
1694628359638 166.68456699026345 129
1694628359678 166.65139561119238 130
1694628359725 166.61823088111393 131
1694628359771 166.58507279868687 132
1694628359817 166.55192136257017 133
1694628359853 166.51877657142325 134
1694628359893 166.4856384239056 135
1694628359929 166.4525069186771 136
1694628359964 166.41938205439791 137
1694628360001 166.38626382972836 138
1694628360061 166.3531522433292 139
1694628360100 166.3200472938613 140
1694628360149 166.28694897998594 141
1694628360185 166.2538573003646 142
1694628360232 166.220772253659 143
1694628360279 166.18769383853123 144
1694628360321 166.15462205364355 145
1694628360369 166.12155689765856 146
1694628360420 166.0884983692391 147
1694628360465 166.0554464670483 148
1694628360506 166.02240118974956 149
1694628360551 165.98936253600652 150
1694628360586 165.95633050448316 151
1694628360629 165.92330509384365 152
1694628360672 165.89028630275251 153
1694628360723 165.85727412987444 154
1694628360771 165.82426857387455 155
1694628360811 165.791269633418 156
1694628360849 165.75827730717052 157
1694628360888 165.72529159379786 158
1694628360927 165.69231249196608 159
1694628360970 165.65934000034167 160
1694628361005 165.62637411759124 161
1694628361062 165.5934148423817 162
1694628361094 165.56046217338024 163
1694628361134 165.52751610925438 164
1694628361172 165.4945766486718 165
1694628361211 165.46164379030054 166
1694628361262 165.42871753280886 167
1694628361308 165.39579787486534 168
1694628361354 165.36288481513876 169
1694628361394 165.32997835229827 170
1694628361439 165.29707848501315 171
1694628361480 165.2641852119531 172
1694628361515 165.231298531788 173
1694628361547 165.19841844318807 174
1694628361588 165.16554494482372 175
1694628361633 165.13267803536561 176
1694628361692 165.0998177134848 177
1694628361754 165.06696397785257 178
1694628361793 165.03411682714034 179
1694628361837 165.00127626002003 180
1694628361870 164.9684422751636 181
1694628361902 164.93561487124344 182
1694628361952 164.90279404693214 183
1694628361993 164.86997980090266 184
1694628362039 164.837172131828 185
1694628362080 164.8043710383817 186
1694628362118 164.77157651923739 187
1694628362152 164.73878857306906 188
1694628362184 164.70600719855088 189
1694628362220 164.67323239435737 190
1694628362267 164.64046415916337 191
1694628362313 164.6077024916438 192
1694628362362 164.57494739047402 193
1694628362398 164.54219885432963 194
1694628362452 164.50945688188642 195
1694628362499 164.47672147182055 196
1694628362546 164.44399262280837 197
1694628362591 164.41127033352655 198
1694628362647 164.378554602652 199
1694628362694 164.3458454288619 200
1694628362739 164.31314281083374 201
1694628362782 164.28044674724524 202
1694628362811 164.24775723677436 203
1694628362840 164.21507427809942 204
1694628362870 164.18239786989892 205
1694628362900 164.14972801085165 206
1694628362933 164.11706469963673 207
1694628362965 164.08440793493347 208
1694628362998 164.05175771542147 209
1694628363039 164.01911403978065 210
1694628363078 163.98647690669108 211
1694628363111 163.95384631483327 212
1694628363149 163.92122226288782 213
1694628363190 163.88860474953574 214
1694628363231 163.85599377345824 215
1694628363279 163.8233893333368 216
1694628363338 163.79079142785312 217
1694628363376 163.75820005568931 218
1694628363413 163.72561521552763 219
1694628363461 163.69303690605065 220
1694628363496 163.66046512594116 221
1694628363531 163.6278998738823 222
1694628363567 163.59534114855742 223
1694628363611 163.56278894865014 224
1694628363661 163.5302432728444 225
1694628363704 163.49770411982428 226
1694628363767 163.4651714882743 227
1694628363806 163.43264537687915 228
1694628363839 163.40012578432376 229
1694628363875 163.3676127092934 230
1694628363910 163.3351061504736 231
1694628363957 163.30260610655006 232
1694628363994 163.27011257620887 233
1694628364044 163.23762555813633 234
1694628364079 163.20514505101897 235
1694628364110 163.1726710535437 236
1694628364155 163.1402035643976 237
1694628364202 163.10774258226803 238
1694628364261 163.07528810584265 239
1694628364313 163.0428401338094 240
1694628364354 163.01039866485638 241
1694628364386 162.9779636976721 242
1694628364415 162.94553523094518 243
1694628364451 162.91311326336472 244
1694628364484 162.88069779361987 245
1694628364521 162.8482888204002 246
1694628364555 162.81588634239543 247
1694628364595 162.7834903582956 248
1694628364633 162.7511008667911 249
1694628364689 162.7187178665724 250
1694628364731 162.68634135633044 251
1694628364777 162.65397133475625 252
1694628364804 162.62160780054126 253
1694628364833 162.58925075237704 254
1694628364868 162.55690018895555 255
1694628364904 162.52455610896897 256
1694628364954 162.4922185111097 257
1694628364989 162.45988739407048 258
1694628365025 162.42756275654426 259
1694628365061 162.39524459722426 260
1694628365091 162.362932914804 261
1694628365121 162.33062770797727 262
1694628365160 162.29832897543804 263
1694628365191 162.26603671588066 264
1694628365223 162.23375092799972 265
1694628365267 162.20147161048996 266
1694628365307 162.1691987620465 267
1694628365379 162.13693238136477 268
1694628365417 162.10467246714035 269
1694628365454 162.0724190180691 270
1694628365491 162.04017203284724 271
1694628365527 162.00793151017112 272
1694628365564 161.9756974487375 273
1694628365599 161.94346984724322 274
1694628365637 161.91124870438563 275
1694628365690 161.87903401886211 276
1694628365766 161.84682578937048 277
1694628365811 161.81462401460868 278
1694628365850 161.78242869327505 279
1694628365884 161.75023982406807 280
1694628365918 161.71805740568658 281
1694628365950 161.68588143682965 282
1694628365982 161.6537119161966 283
1694628366012 161.62154884248707 284
1694628366050 161.58939221440087 285
1694628366081 161.55724203063815 286
1694628366113 161.52509828989926 287
1694628366153 161.4929609908849 288
1694628366191 161.46083013229602 289
1694628366221 161.42870571283376 290
1694628366262 161.39658773119956 291
1694628366295 161.36447618609515 292
1694628366332 161.33237107622247 293
1694628366366 161.30027240028386 294
1694628366407 161.2681801569817 295
1694628366470 161.23609434501884 296
1694628366517 161.2040149630983 297
1694628366577 161.17194200992336 298
1694628366615 161.13987548419757 299
1694628366650 161.10781538462476 300
1694628366699 161.07576170990902 301
1694628366748 161.04371445875472 302
1694628366790 161.01167362986644 303
1694628366830 160.97963922194907 304
1694628366868 160.94761123370776 305
1694628366904 160.9155896638479 306
1694628366944 160.88357451107518 307
1694628366981 160.85156577409546 308
1694628367015 160.819563451615 309
1694628367049 160.7875675423403 310
1694628367090 160.75557804497797 311
1694628367136 160.72359495823503 312
1694628367182 160.69161828081874 313
1694628367227 160.65964801143662 314
1694628367265 160.62768414879642 315
1694628367301 160.5957266916062 316
1694628367340 160.5637756385742 317
1694628367380 160.531830988409 318
1694628367414 160.4998927398195 319
1694628367448 160.46796089151465 320
1694628367486 160.4360354422039 321
1694628367519 160.4041163905968 322
1694628367564 160.37220373540328 323
1694628367616 160.34029747533341 324
1694628367665 160.3083976090976 325
1694628367706 160.27650413540653 326
1694628367752 160.24461705297114 327
1694628367797 160.21273636050253 328
1694628367834 160.18086205671224 329
1694628367869 160.14899414031194 330
1694628367902 160.11713261001356 331
1694628367934 160.08527746452938 332
1694628367973 160.0534287025719 333
1694628368009 160.0215863228538 334
1694628368042 159.98975032408813 335
1694628368077 159.95792070498825 336
1694628368111 159.92609746426757 337
1694628368146 159.89428060063997 338
1694628368178 159.8624701128195 339
1694628368211 159.83066599952045 340
1694628368244 159.79886825945744 341
1694628368271 159.7670768913453 342
1694628368303 159.7352918938992 343
1694628368333 159.70351326583437 344
1694628368379 159.67174100586655 345
1694628368419 159.6399751127116 346
1694628368468 159.60821558508567 347
1694628368512 159.5764624217052 348
1694628368551 159.54471562128683 349
1694628368586 159.51297518254748 350
1694628368620 159.48124110420443 351
1694628368657 159.44951338497503 352
1694628368699 159.41779202357705 353
1694628368739 159.38607701872849 354
1694628368797 159.35436836914752 355
1694628368833 159.3226660735527 356
1694628368870 159.29097013066277 357
1694628368904 159.25928053919677 358
1694628368938 159.22759729787396 359
1694628368987 159.19592040541386 360
1694628369019 159.1642498605363 361
1694628369049 159.13258566196134 362
1694628369090 159.1009278084093 363
1694628369123 159.06927629860073 364
1694628369160 159.03763113125657 365
1694628369211 159.0059923050978 366
1694628369246 158.97435981884587 367
1694628369280 158.94273367122236 368
1694628369323 158.91111386094917 369
1694628369364 158.87950038674842 370
1694628369401 158.84789324734254 371
1694628369446 158.81629244145415 372
1694628369489 158.78469796780624 373
1694628369527 158.75310982512195 374
1694628369565 158.7215280121247 375
1694628369599 158.6899525275382 376
1694628369635 158.65838337008645 377
1694628369670 158.62682053849363 378
1694628369704 158.59526403148422 379
1694628369746 158.56371384778296 380
1694628369781 158.53216998611487 381
1694628369816 158.50063244520518 382
1694628369849 158.4691012237794 383
1694628369884 158.43757632056332 384
1694628369917 158.40605773428297 385
1694628369953 158.37454546366467 386
1694628369991 158.34303950743492 387
1694628370030 158.31153986432057 388
1694628370067 158.28004653304868 389
1694628370105 158.2485595123466 390
1694628370144 158.21707880094183 391
1694628370180 158.18560439756226 392
1694628370215 158.15413630093607 393
1694628370252 158.12267450979152 394
1694628370295 158.0912190228573 395
1694628370335 158.05976983886222 396
1694628370371 158.02832695653552 397
1694628370406 157.99689037460652 398
1694628370450 157.96546009180483 399
1694628370494 157.93403610686048 400
1694628370546 157.90261841850355 401
1694628370582 157.8712070254645 402
1694628370618 157.83980192647405 403
1694628370654 157.8084031202631 404
1694628370692 157.77701060556288 405
1694628370728 157.74562438110485 406
1694628370769 157.71424444562066 407
1694628370805 157.68287079784238 408
1694628370844 157.65150343650222 409
1694628370886 157.62014236033266 410
1694628370925 157.58878756806644 411
1694628370963 157.5574390584366 412
1694628371005 157.52609683017633 413
1694628371044 157.49476088201925 414
1694628371088 157.4634312126991 415
1694628371119 157.4321078209499 416
1694628371152 157.40079070550595 417
1694628371198 157.36947986510185 418
1694628371235 157.33817529847235 419
1694628371288 157.30687700435254 420
1694628371330 157.27558498147772 421
1694628371366 157.24429922858351 422
1694628371398 157.21301974440576 423
1694628371430 157.18174652768047 424
1694628371463 157.1504795771441 425
1694628371510 157.1192188915332 426
1694628371548 157.08796446958465 427
1694628371595 157.05671631003557 428
1694628371639 157.02547441162335 429
1694628371687 156.9942387730856 430
1694628371729 156.96300939316026 431
1694628371778 156.9317862705854 432
1694628371812 156.9005694040995 433
1694628371848 156.86935879244123 434
1694628371882 156.83815443434943 435
1694628371920 156.80695632856333 436
1694628371962 156.77576447382236 437
1694628372005 156.74457886886617 438
1694628372052 156.71339951243476 439
1694628372088 156.68222640326826 440
1694628372123 156.65105954010718 441
1694628372183 156.6198989216922 442
1694628372247 156.5887445467643 443
1694628372312 156.55759641406473 444
1694628372349 156.52645452233492 445
1694628372390 156.49531887031668 446
1694628372430 156.46418945675188 447
1694628372466 156.43306628038286 448
1694628372506 156.4019493399521 449
1694628372548 156.37083863420236 450
1694628372603 156.33973416187663 451
1694628372655 156.30863592171823 452
1694628372702 156.2775439124706 453
1694628372746 156.24645813287762 454
1694628372788 156.21537858168327 455
1694628372839 156.18430525763182 456
1694628372882 156.15323815946786 457
1694628372929 156.12217728593617 458
1694628372965 156.0911226357818 459
1694628373001 156.06007420775003 460
1694628373046 156.02903200058654 461
1694628373084 155.99799601303704 462
1694628373115 155.96696624384765 463
1694628373146 155.9359426917647 464
1694628373181 155.90492535553471 465
1694628373218 155.87391423390463 466
1694628373251 155.8429093256215 467
1694628373308 155.81191062943265 468
1694628373359 155.78091814408572 469
1694628373411 155.74993186832853 470
1694628373453 155.71895180090922 471
1694628373504 155.6879779405762 472
1694628373549 155.657010286078 473
1694628373582 155.62604883616356 474
1694628373617 155.595093589582 475
1694628373652 155.5641445450827 476
1694628373688 155.53320170141527 477
1694628373735 155.50226505732965 478
1694628373781 155.47133461157597 479
1694628373822 155.44041036290466 480
1694628373872 155.4094923100663 481
1694628373931 155.37858045181187 482
1694628373969 155.3476747868925 483
1694628374014 155.3167753140596 484
1694628374048 155.2858820320649 485
1694628374080 155.25499493966024 486
1694628374120 155.22411403559784 487
1694628374162 155.19323931863013 488
1694628374199 155.16237078750984 489
1694628374238 155.13150844098982 490
1694628374283 155.10065227782331 491
1694628374331 155.06980229676375 492
1694628374380 155.03895849656487 493
1694628374421 155.00812087598055 494
1694628374461 154.9772894337651 495
1694628374497 154.94646416867283 496
1694628374536 154.9156450794586 497
1694628374568 154.88483216487734 498
1694628374607 154.8540254236842 499
1694628374644 154.82322485463473 500
1694628374684 154.79243045648457 501
1694628374731 154.76164222798974 502
1694628374781 154.7308601679065 503
1694628374828 154.70008427499133 504
1694628374870 154.6693145480009 505
1694628374904 154.6385509856923 506
1694628374936 154.60779358682265 507
1694628374970 154.57704235014953 508
1694628375014 154.54629727443063 509
1694628375046 154.51555835842402 510
1694628375078 154.4848256008879 511
1694628375113 154.45409900058075 512
1694628375147 154.42337855626138 513
1694628375180 154.3926642666888 514
1694628375213 154.3619561306222 515
1694628375247 154.33125414682112 516
1694628375285 154.3005583140454 517
1694628375332 154.26986863105495 518
1694628375380 154.23918509661007 519
1694628375424 154.20850770947135 520
1694628375462 154.17783646839945 521
1694628375496 154.14717137215547 522
1694628375536 154.11651241950065 523
1694628375580 154.08585960919655 524
1694628375617 154.0552129400049 525
1694628375653 154.0245724106878 526
1694628375696 153.99393802000748 527
1694628375734 153.96330976672647 528
1694628375779 153.93268764960757 529
1694628375819 153.90207166741382 530
1694628375852 153.87146181890853 531
1694628375887 153.84085810285518 532
1694628375922 153.81026051801763 533
1694628375956 153.77966906315984 534
1694628375990 153.74908373704616 535
1694628376029 153.71850453844115 536
1694628376061 153.68793146610957 537
1694628376096 153.65736451881648 538
1694628376132 153.62680369532717 539
1694628376165 153.59624899440715 540
1694628376198 153.5657004148223 541
1694628376236 153.53515795533863 542
1694628376284 153.50462161472242 543
1694628376322 153.4740913917402 544
1694628376365 153.44356728515888 545
1694628376405 153.41304929374544 546
1694628376438 153.38253741626716 547
1694628376485 153.35203165149161 548
1694628376529 153.32153199818663 549
1694628376568 153.29103845512023 550
1694628376608 153.26055102106076 551
1694628376655 153.23006969477674 552
1694628376722 153.19959447503695 553
1694628376772 153.1691253606105 554
1694628376830 153.13866235026669 555
1694628376870 153.10820544277504 556
1694628376913 153.07775463690538 557
1694628376949 153.04730993142775 558
1694628376984 153.0168713251125 559
1694628377016 152.98643881673013 560
1694628377053 152.95601240505147 561
1694628377104 152.92559208884757 562
1694628377149 152.89517786688972 563
1694628377199 152.86476973794953 564
1694628377244 152.83436770079874 565
1694628377277 152.8039717542094 566
1694628377315 152.77358189695389 567
1694628377354 152.74319812780473 568
1694628377395 152.71282044553467 569
1694628377445 152.6824488489168 570
1694628377489 152.65208333672442 571
1694628377538 152.62172390773108 572
1694628377571 152.5913705607106 573
1694628377604 152.56102329443698 574
1694628377637 152.53068210768458 575
1694628377693 152.50034699922787 576
1694628377748 152.4700179678417 577
1694628377788 152.43969501230112 578
1694628377823 152.4093781313814 579
1694628377862 152.3790673238581 580
1694628377902 152.34876258850696 581
1694628377947 152.31846392410407 582
1694628377994 152.2881713294257 583
1694628378038 152.25788480324843 584
1694628378081 152.22760434434898 585
1694628378118 152.1973299515044 586
1694628378154 152.167061623492 587
1694628378188 152.1367993590893 588
1694628378222 152.1065431570741 589
1694628378266 152.0762930162244 590
1694628378300 152.04604893531848 591
1694628378337 152.01581091313486 592
1694628378372 151.98557894845231 593
1694628378401 151.95535304004989 594
1694628378431 151.92513318670683 595
1694628378466 151.89491938720263 596
1694628378519 151.86471164031713 597
1694628378567 151.83450994483027 598
1694628378625 151.80431429952233 599
1694628378680 151.77412470317384 600
1694628378736 151.74394115456553 601
1694628378787 151.71376365247843 602
1694628378846 151.68359219569376 603
1694628378892 151.65342678299305 604
1694628378947 151.623267413158 605
1694628378995 151.5931140849707 606
1694628379036 151.5629667972133 607
1694628379080 151.53282554866834 608
1694628379133 151.50269033811853 609
1694628379168 151.47256116434684 610
1694628379200 151.44243802613653 611
1694628379234 151.41232092227108 612
1694628379264 151.38220985153424 613
1694628379298 151.3521048127099 614
1694628379334 151.32200580458237 615
1694628379369 151.29191282593607 616
1694628379403 151.2618258755557 617
1694628379442 151.23174495222625 618
1694628379471 151.20167005473297 619
1694628379518 151.17160118186123 620
1694628379577 151.14153833239675 621
1694628379615 151.1114815051255 622
1694628379656 151.08143069883374 623
1694628379696 151.0513859123078 624
1694628379730 151.02134714433438 625
1694628379772 150.9913143937005 626
1694628379813 150.96128765919323 627
1694628379851 150.9312669396001 628
1694628379887 150.90125223370873 629
1694628379920 150.87124354030703 630
1694628379966 150.84124085818323 631
1694628380011 150.81124418612566 632
1694628380062 150.78125352292304 633
1694628380102 150.75126886736425 634
1694628380137 150.7212902182384 635
1694628380168 150.69131757433496 636
1694628380202 150.66135093444356 637
1694628380239 150.63139029735405 638
1694628380270 150.60143566185658 639
1694628380310 150.57148702674155 640
1694628380345 150.54154439079957 641
1694628380379 150.5116077528215 642
1694628380411 150.4816771115985 643
1694628380455 150.4517524659219 644
1694628380491 150.42183381458332 645
1694628380539 150.39192115637456 646
1694628380582 150.36201449008786 647
1694628380628 150.3321138145154 648
1694628380666 150.30221912844985 649
1694628380697 150.27233043068406 650
1694628380737 150.24244772001109 651
1694628380783 150.21257099522424 652
1694628380817 150.18270025511714 653
1694628380861 150.15283549848357 654
1694628380892 150.1229767241176 655
1694628380935 150.09312393081353 656
1694628380991 150.0632771173659 657
1694628381029 150.0334362825695 658
1694628381083 150.00360142521944 659
1694628381124 149.97377254411094 660
1694628381170 149.94394963803956 661
1694628381211 149.91413270580105 662
1694628381249 149.88432174619146 663
1694628381287 149.854516758007 664
1694628381323 149.82471774004424 665
1694628381355 149.79492469109994 666
1694628381386 149.76513760997102 667
1694628381415 149.7353564954548 668
1694628381450 149.70558134634874 669
1694628381481 149.67581216145058 670
1694628381523 149.64604893955826 671
1694628381578 149.61629167947007 672
1694628381620 149.58654037998437 673
1694628381660 149.55679503989995 674
1694628381700 149.52705565801577 675
1694628381753 149.49732223313094 676
1694628381789 149.46759476404503 677
1694628381832 149.43787324955758 678
1694628381879 149.4081576884686 679
1694628381921 149.37844807957828 680
1694628381979 149.34874442168697 681
1694628382034 149.31904671359536 682
1694628382083 149.28935495410437 683
1694628382122 149.25966914201513 684
1694628382160 149.22998927612898 685
1694628382195 149.2003153552477 686
1694628382246 149.170647378173 687
1694628382283 149.1409853437071 688
1694628382316 149.11132925065232 689
1694628382352 149.08167909781125 690
1694628382388 149.05203488398678 691
1694628382420 149.02239660798202 692
1694628382452 148.99276426860024 693
1694628382492 148.9631378646451 694
1694628382565 148.93351739492033 695
1694628382615 148.9039028582301 696
1694628382667 148.87429425337862 697
1694628382697 148.84469157917047 698
1694628382729 148.8150948344105 699
1694628382769 148.78550401790372 700
1694628382800 148.75591912845533 701
1694628382838 148.72634016487095 702
1694628382879 148.69676712595628 703
1694628382917 148.6672000105174 704
1694628382962 148.6376388173605 705
1694628383005 148.6080835452921 706
1694628383052 148.5785341931189 707
1694628383094 148.54899075964792 708
1694628383129 148.51945324368634 709
1694628383170 148.48992164404166 710
1694628383206 148.46039595952155 711
1694628383248 148.430876188934 712
1694628383284 148.40136233108717 713
1694628383317 148.37185438478946 714
1694628383366 148.3423523488496 715
1694628383401 148.31285622207648 716
1694628383433 148.2833660032792 717
1694628383471 148.2538816912673 718
1694628383513 148.2244032848503 719
1694628383561 148.19493078283813 720
1694628383609 148.16546418404087 721
1694628383654 148.1360034872689 722
1694628383686 148.1065486913329 723
1694628383716 148.0770997950436 724
1694628383753 148.0476567972122 725
1694628383789 148.01821969664996 726
1694628383828 147.9887884921685 727
1694628383865 147.95936318257958 728
1694628383905 147.92994376669532 729
1694628383953 147.90053024332795 730
1694628383992 147.87112261129005 731
1694628384028 147.8417208693944 732
1694628384063 147.81232501645403 733
1694628384094 147.78293505128215 734
1694628384128 147.75355097269232 735
1694628384178 147.72417277949825 736
1694628384212 147.69480047051394 737
1694628384264 147.6654340445536 738
1694628384297 147.63607350043173 739
1694628384330 147.606718836963 740
1694628384365 147.57737005296238 741
1694628384397 147.54802714724508 742
1694628384428 147.51869011862647 743
1694628384465 147.48935896592226 744
1694628384513 147.46003368794837 745
1694628384554 147.4307142835209 746
1694628384594 147.40140075145632 747
1694628384630 147.37209309057118 748
1694628384667 147.34279129968243 749
1694628384701 147.31349537760713 750
1694628384762 147.28420532316264 751
1694628384799 147.25492113516657 752
1694628384835 147.22564281243672 753
1694628384882 147.19637035379122 754
1694628384924 147.1671037580483 755
1694628384968 147.13784302402664 756
1694628385012 147.1085881505449 757
1694628385052 147.07933913642222 758
1694628385087 147.05009598047778 759
1694628385115 147.02085868153114 760
1694628385155 146.9916272384021 761
1694628385188 146.96240164991053 762
1694628385223 146.9331819148768 763
1694628385278 146.9039680321213 764
1694628385312 146.87476000046473 765
1694628385363 146.8455578187281 766
1694628385397 146.81636148573256 767
1694628385431 146.78717100029954 768
1694628385475 146.75798636125074 769
1694628385523 146.72880756740804 770
1694628385589 146.6996346175936 771
1694628385628 146.6704675106298 772
1694628385680 146.64130624533928 773
1694628385712 146.61215082054485 774
1694628385763 146.5830012350697 775
1694628385795 146.55385748773713 776
1694628385832 146.52471957737075 777
1694628385889 146.4955875027943 778
1694628385948 146.46646126283193 779
1694628385998 146.43734085630788 780
1694628386034 146.4082262820467 781
1694628386069 146.37911753887326 782
1694628386102 146.35001462561243 783
1694628386136 146.32091754108956 784
1694628386173 146.29182628413008 785
1694628386211 146.26274085355976 786
1694628386250 146.23366124820458 787
1694628386287 146.20458746689073 788
1694628386316 146.17551950844464 789
1694628386348 146.14645737169303 790
1694628386381 146.11740105546278 791
1694628386412 146.08835055858108 792
1694628386455 146.05930587987535 793
1694628386498 146.03026701817322 794
1694628386545 146.0012339723025 795
1694628386583 145.97220674109136 796
1694628386616 145.94318532336814 797
1694628386651 145.9141697179614 798
1694628386689 145.88515992370006 799
1694628386728 145.8561559394131 800
1694628386787 145.82715776392988 801
1694628386821 145.79816539607987 802
1694628386882 145.7691788346929 803
1694628386922 145.74019807859895 804
1694628386969 145.71122312662837 805
1694628387001 145.6822539776115 806
1694628387041 145.6532906303792 807
1694628387082 145.62433308376234 808
1694628387129 145.59538133659223 809
1694628387182 145.5664353877002 810
1694628387223 145.537495235918 811
1694628387267 145.5085608800775 812
1694628387303 145.47963231901093 813
1694628387345 145.45070955155057 814
1694628387396 145.42179257652913 815
1694628387440 145.39288139277946 816
1694628387486 145.36397599913465 817
1694628387534 145.33507639442803 818
1694628387592 145.30618257749316 819
1694628387633 145.2772945471639 820
1694628387668 145.2484123022743 821
1694628387705 145.21953584165857 822
1694628387739 145.1906651641513 823
1694628387783 145.16180026858726 824
1694628387832 145.1329411538014 825
1694628387885 145.10408781862895 826
1694628387932 145.07524026190544 827
1694628387972 145.0463984824665 828
1694628388008 145.0175624791481 829
1694628388045 144.98873225078646 830
1694628388083 144.95990779621792 831
1694628388128 144.93108911427922 832
1694628388183 144.90227620380713 833
1694628388221 144.8734690636389 834
1694628388286 144.84466769261178 835
1694628388321 144.81587208956347 836
1694628388371 144.7870822533317 837
1694628388412 144.7582981827546 838
1694628388453 144.72951987667048 839
1694628388511 144.70074733391783 840
1694628388554 144.67198055333546 841
1694628388592 144.64321953376236 842
1694628388623 144.61446427403783 843
1694628388670 144.58571477300126 844
1694628388713 144.55697102949247 845
1694628388756 144.5282330423513 846
1694628388811 144.49950081041806 847
1694628388855 144.4707743325331 848
1694628388905 144.4420536075371 849
1694628388945 144.41333863427099 850
1694628388979 144.38462941157582 851
1694628389015 144.355925938293 852
1694628389050 144.32722821326414 853
1694628389088 144.29853623533108 854
1694628389122 144.26985000333588 855
1694628389171 144.24116951612086 856
1694628389203 144.21249477252854 857
1694628389232 144.18382577140173 858
1694628389273 144.1551625115834 859
1694628389306 144.12650499191685 860
1694628389341 144.0978532112455 861
1694628389380 144.06920716841313 862
1694628389415 144.0405668622636 863
1694628389454 144.01193229164122 864
1694628389507 143.98330345539034 865
1694628389545 143.95468035235558 866
1694628389581 143.9260629813819 867
1694628389622 143.8974513413144 868
1694628389671 143.86884543099842 869
1694628389715 143.84024524927963 870
1694628389757 143.81165079500377 871
1694628389803 143.78306206701694 872
1694628389852 143.75447906416542 873
1694628389902 143.72590178529575 874
1694628389949 143.6973302292547 875
1694628390003 143.66876439488928 876
1694628390052 143.6402042810467 877
1694628390100 143.61164988657444 878
1694628390145 143.58310121032022 879
1694628390213 143.5545582511319 880
1694628390262 143.5260210078578 881
1694628390300 143.49748947934614 882
1694628390332 143.4689636644457 883
1694628390371 143.4404435620053 884
1694628390415 143.41192917087403 885
1694628390465 143.38342048990125 886
1694628390512 143.3549175179365 887
1694628390546 143.32642025382964 888
1694628390588 143.29792869643066 889
1694628390627 143.2694428445899 890
1694628390666 143.24096269715778 891
1694628390706 143.21248825298508 892
1694628390742 143.18401951092278 893
1694628390793 143.15555646982207 894
1694628390835 143.1270991285344 895
1694628390875 143.09864748591147 896
1694628390928 143.07020154080513 897
1694628390966 143.04176129206755 898
1694628391012 143.0133267385511 899
1694628391049 142.9848978791084 900
1694628391084 142.95647471259224 901
1694628391114 142.92805723785574 902
1694628391148 142.8996454537522 903
1694628391188 142.87123935913513 904
1694628391221 142.84283895285833 905
1694628391254 142.8144442337758 906
1694628391291 142.7860552007417 907
1694628391326 142.7576718526106 908
1694628391366 142.72929418823713 909
1694628391405 142.7009222064763 910
1694628391448 142.67255590618316 911
1694628391490 142.64419528621326 912
1694628391528 142.61584034542207 913
1694628391562 142.58749108266557 914
1694628391599 142.5591474967998 915
1694628391635 142.53080958668107 916
1694628391672 142.502477351166 917
1694628391712 142.47415078911135 918
1694628391750 142.44582989937413 919
1694628391791 142.4175146808116 920
1694628391849 142.38920513228126 921
1694628391903 142.36090125264084 922
1694628391946 142.33260304074827 923
1694628391993 142.3043104954617 924
1694628392035 142.27602361563962 925
1694628392066 142.24774240014062 926
1694628392117 142.2194668478236 927
1694628392189 142.1911969575477 928
1694628392241 142.1629327281722 929
1694628392306 142.13467415855675 930
1694628392376 142.10642124756106 931
1694628392440 142.07817399404522 932
1694628392520 142.0499323968695 933
1694628392571 142.0216964548944 934
1694628392614 141.99346616698062 935
1694628392655 141.96524153198914 936
1694628392715 141.9370225487812 937
1694628392783 141.90880921621815 938
1694628392846 141.8806015331617 939
1694628392905 141.85239949847366 940
1694628392967 141.82420311101626 941
1694628393034 141.79601236965178 942
1694628393105 141.7678272732428 943
1694628393160 141.73964782065212 944
1694628393222 141.71147401074282 945
1694628393283 141.68330584237816 946
1694628393346 141.65514331442162 947
1694628393414 141.62698642573696 948
1694628393482 141.59883517518813 949
1694628393566 141.57068956163934 950
1694628393638 141.542549583955 951
1694628393716 141.51441524099977 952
1694628393781 141.4862865316385 953
1694628393838 141.4581634547364 954
1694628393905 141.43004600915876 955
1694628393972 141.4019341937711 956
1694628394037 141.37382800743936 957
1694628394115 141.34572744902948 958
1694628394233 141.31763251740776 959
1694628394315 141.28954321144064 960
1694628394382 141.26145952999494 961
1694628394472 141.2333814719376 962
1694628394572 141.2053090361358 963
1694628394646 141.17724222145688 964
1694628394706 141.14918102676862 965
1694628394790 141.1211254509388 966
1694628394873 141.0930754928356 967
1694628394964 141.06503115132728 968
1694628395027 141.03699242528245 969
1694628395095 141.00895931356993 970
1694628395152 140.98093181505874 971
1694628395232 140.95290992861808 972
1694628395281 140.9248936531175 973
1694628395324 140.89688298742672 974
1694628395380 140.86887793041566 975
1694628395422 140.84087848095447 976
1694628395456 140.81288463791356 977
1694628395499 140.78489640016363 978
1694628395564 140.75691376657545 979
1694628395603 140.7289367360202 980
1694628395656 140.7009653073691 981
1694628395705 140.6729994794938 982
1694628395766 140.64503925126604 983
1694628395806 140.6170846215578 984
1694628395850 140.58913558924138 985
1694628395883 140.56119215318915 986
1694628395918 140.53325431227393 987
1694628395954 140.50532206536852 988
1694628395986 140.47739541134618 989
1694628396022 140.44947434908022 990
1694628396064 140.42155887744428 991
1694628396117 140.39364899531216 992
1694628396180 140.365744701558 993
1694628396248 140.33784599505603 994
1694628396305 140.3099528746808 995
1694628396365 140.28206533930708 996
1694628396417 140.2541833878098 997
1694628396470 140.22630701906425 998
1694628396532 140.19843623194578 999
