1694620648950 180.62072493795887 0
1694620648977 180.24540052032123 1
1694620649008 179.87097244544304 2
1694620649039 179.4974372790705 3
1694620649066 179.12479161308596 4
1694620649098 178.75303206522636 5
1694620649133 178.38215527880496 6
1694620649174 178.01215792243596 7
1694620649209 177.64303668976254 8
1694620649243 177.2747882991883 9
1694620649279 176.9074094936115 10
1694620649316 176.54089704016266 11
1694620649349 176.1752477299452 12
1694620649388 175.81045837777896 13
1694620649418 175.44652582194695 14
1694620649448 175.08344692394505 15
1694620649479 174.72121856823435 16
1694620649507 174.3598376619969 17
1694620649541 173.9993011348937 18
1694620649568 173.63960593882618 19
1694620649601 173.28074904769997 20
1694620649630 172.92272745719166 21
1694620649656 172.5655381845182 22
1694620649687 172.20917826820926 23
1694620649728 171.85364476788172 24
1694620649771 171.49893476401738 25
1694620649815 171.14504535774284 26
1694620649856 170.79197367061244 27
1694620649900 170.43971684439285 28
1694620649934 170.08827204085134 29
1694620649968 169.73763644154567 30
1694620650000 169.38780724761665 31
1694620650031 169.03878167958325 32
1694620650063 168.69055697714003 33
1694620650094 168.34313039895696 34
1694620650125 167.9964992224815 35
1694620650155 167.65066074374292 36
1694620650187 167.30561227715933 37
1694620650229 166.96135115534625 38
1694620650274 166.61787472892817 39
1694620650307 166.27518036635175 40
1694620650333 165.93326545370135 41
1694620650359 165.59212739451692 42
1694620650387 165.25176360961373 43
1694620650414 164.91217153690428 44
1694620650443 164.5733486312224 45
1694620650472 164.23529236414927 46
1694620650513 163.89800022384145 47
1694620650545 163.5614697148611 48
1694620650580 163.22569835800783 49
1694620650611 162.89068369015294 50
1694620650643 162.55642326407516 51
1694620650718 162.22291464829857 52
1694620650776 161.89015542693238 53
1694620650829 161.55814319951236 54
1694620650908 161.22687558084445 55
1694620650979 160.8963502008499 56
1694620651020 160.56656470441217 57
1694620651061 160.23751675122608 58
1694620651094 159.90920401564807 59
1694620651125 159.58162418654848 60
1694620651151 159.2547749671658 61
1694620651176 158.92865407496208 62
1694620651200 158.60325924148054 63
1694620651224 158.27858821220434 64
1694620651254 157.95463874641737 65
1694620651281 157.6314086170665 66
1694620651309 157.30889561062534 67
1694620651336 156.98709752695976 68
1694620651361 156.66601217919467 69
1694620651387 156.34563739358282 70
1694620651412 156.02597100937453 71
1694620651439 155.70701087868935 72
1694620651466 155.38875486638912 73
1694620651491 155.07120084995233 74
1694620651520 154.75434671935 75
1694620651547 154.43819037692316 76
1694620651574 154.12272973726158 77
1694620651605 153.80796272708375 78
1694620651633 153.4938872851186 79
1694620651665 153.1805013619883 80
1694620651711 152.86780292009257 81
1694620651761 152.5557899334941 82
1694620651809 152.24446038780565 83
1694620651856 151.93381228007794 84
1694620651893 151.6238436186894 85
1694620651925 151.31455242323673 86
1694620651951 151.005936724427 87
1694620651987 150.69799456397067 88
1694620652026 150.39072399447625 89
1694620652061 150.0841230793459 90
1694620652099 149.77818989267215 91
1694620652133 149.4729225191361 92
1694620652169 149.16831905390657 93
1694620652208 148.8643776025403 94
1694620652248 148.56109628088362 95
1694620652288 148.258473214975 96
1694620652328 147.95650654094877 97
1694620652364 147.65519440493986 98
1694620652396 147.35453496298987 99
1694620652428 147.0545263809539 100
1694620652464 146.7551668344086 101
1694620652500 146.45645450856145 102
1694620652539 146.15838759816054 103
1694620652582 145.860964307406 104
1694620652625 145.56418284986214 105
1694620652666 145.26804144837027 106
1694620652708 144.9725383349633 107
1694620652752 144.67767175078058 108
1694620652795 144.38343994598395 109
1694620652840 144.08984117967498 110
1694620652879 143.79687371981265 111
1694620652922 143.50453584313254 112
1694620652960 143.2128258350664 113
1694620652994 142.92174198966308 114
1694620653030 142.63128260950995 115
1694620653063 142.3414460056556 116
1694620653095 142.05223049753303 117
1694620653129 141.76363441288407 118
1694620653164 141.4756560876844 119
1694620653203 141.18829386606942 120
1694620653245 140.9015461002612 121
1694620653281 140.61541115049604 122
1694620653314 140.32988738495266 123
1694620653345 140.0449731796818 124
1694620653384 139.76066691853597 125
1694620653417 139.47696699310038 126
1694620653449 139.19387180262444 127
1694620653484 138.91137975395426 128
1694620653520 138.62948926146558 129
1694620653553 138.34819874699775 130
1694620653582 138.06750663978838 131
1694620653609 137.7874113764084 132
1694620653635 137.50791140069856 133
1694620653671 137.22900516370584 134
1694620653716 136.95069112362103 135
1694620653776 136.67296774571702 136
1694620653822 136.3958335022875 137
1694620653878 136.11928687258668 138
1694620653926 135.84332634276942 139
1694620653977 135.56795040583202 140
1694620654027 135.29315756155404 141
1694620654071 135.01894631644018 142
1694620654114 134.74531518366345 143
1694620654156 134.47226268300832 144
1694620654197 134.19978734081505 145
1694620654234 133.92788768992435 146
1694620654267 133.65656226962273 147
1694620654304 133.38580962558834 148
1694620654338 133.11562830983758 149
1694620654375 132.84601688067238 150
1694620654409 132.57697390262763 151
1694620654443 132.30849794641966 152
1694620654471 132.0405875888951 153
1694620654502 131.7732414129802 154
1694620654533 131.50645800763093 155
1694620654562 131.24023596778338 156
1694620654590 130.974573894305 157
1694620654643 130.70947039394616 158
1694620654714 130.44492407929215 159
1694620654785 130.18093356871609 160
1694620654853 129.9174974863319 161
1694620654916 129.65461446194826 162
1694620654972 129.3922831310225 163
1694620655032 129.13050213461563 164
1694620655082 128.86927011934722 165
1694620655129 128.60858573735143 166
1694620655180 128.34844764623298 167
1694620655228 128.0888545090238 168
1694620655272 127.82980499414028 169
1694620655308 127.57129777534074 170
1694620655345 127.31333153168362 171
1694620655383 127.0559049474858 172
1694620655424 126.79901671228173 173
1694620655463 126.5426655207828 174
1694620655496 126.28685007283714 175
1694620655531 126.03156907338987 176
1694620655561 125.77682123244398 177
1694620655592 125.52260526502116 178
1694620655623 125.26891989112373 179
1694620655653 125.01576383569625 180
1694620655683 124.76313582858816 181
1694620655713 124.51103460451644 182
1694620655755 124.25945890302874 183
1694620655791 124.00840746846711 184
1694620655823 123.75787904993184 185
1694620655859 123.5078724012459 186
1694620655905 123.25838628091955 187
1694620655955 123.00941945211558 188
1694620656001 122.7609706826147 189
1694620656035 122.51303874478155 190
1694620656063 122.26562241553067 191
1694620656092 122.0187204762933 192
1694620656121 121.77233171298415 193
1694620656154 121.52645491596883 194
1694620656192 121.28108888003132 195
1694620656232 121.0362324043421 196
1694620656286 120.79188429242636 197
1694620656348 120.5480433521327 198
1694620656397 120.30470839560198 199
1694620656443 120.06187823923685 200
1694620656480 119.81955170367128 201
1694620656512 119.57772761374036 202
1694620656541 119.33640479845081 203
1694620656569 119.0955820909514 204
1694620656595 118.85525832850387 205
1694620656623 118.61543235245415 206
1694620656657 118.37610300820384 207
1694620656684 118.13726914518199 208
1694620656712 117.8989296168172 209
1694620656745 117.66108328050996 210
1694620656773 117.42372899760538 211
1694620656801 117.18686563336607 212
1694620656830 116.9504920569454 213
1694620656863 116.7146071413611 214
1694620656896 116.47920976346882 215
1694620656930 116.24429880393639 216
1694620656957 116.00987314721809 217
1694620656983 115.7759316815291 218
1694620657013 115.54247329882064 219
1694620657039 115.30949689475474 220
1694620657065 115.07700136867986 221
1694620657091 114.8449856236064 222
1694620657119 114.61344856618251 223
1694620657147 114.38238910667036 224
1694620657175 114.1518061589224 225
1694620657207 113.92169864035789 226
1694620657236 113.6920654719399 227
1694620657264 113.46290557815229 228
1694620657293 113.23421788697699 229
1694620657320 113.00600132987162 230
1694620657350 112.77825484174721 231
1694620657386 112.55097736094616 232
1694620657420 112.32416782922049 233
1694620657451 112.09782519171027 234
1694620657482 111.87194839692235 235
1694620657510 111.64653639670898 236
1694620657539 111.42158814624719 237
1694620657569 111.19710260401789 238
1694620657596 110.97307873178536 239
1694620657621 110.74951549457712 240
1694620657649 110.5264118606636 241
1694620657678 110.30376680153843 242
1694620657703 110.08157929189865 243
1694620657728 109.85984830962518 244
1694620657759 109.63857283576364 245
1694620657786 109.41775185450503 246
1694620657812 109.19738435316704 247
1694620657840 108.97746932217511 248
1694620657866 108.75800575504402 249
1694620657892 108.53899264835934 250
1694620657919 108.3204290017594 251
1694620657944 108.10231381791716 252
1694620657973 107.88464610252257 253
1694620658004 107.66742486426459 254
1694620658031 107.45064911481393 255
1694620658059 107.2343178688057 256
1694620658083 107.01843014382212 257
1694620658109 106.80298496037571 258
1694620658139 106.58798134189242 259
1694620658166 106.3734183146948 260
1694620658193 106.15929490798581 261
1694620658219 105.94561015383218 262
1694620658245 105.73236308714841 263
1694620658272 105.5195527456807 264
1694620658300 105.30717816999103 265
1694620658327 105.09523840344146 266
1694620658353 104.8837324921786 267
1694620658379 104.67265948511817 268
1694620658405 104.46201843392969 269
1694620658432 104.25180839302135 270
1694620658459 104.04202841952507 271
1694620658496 103.83267757328161 272
1694620658532 103.62375491682583 273
1694620658563 103.41525951537228 274
1694620658599 103.20719043680053 275
1694620658639 102.99954675164105 276
1694620658671 102.79232753306104 277
1694620658711 102.58553185685034 278
1694620658754 102.37915880140746 279
1694620658793 102.17320744772606 280
1694620658840 101.96767687938096 281
1694620658881 101.762566182515 282
1694620658914 101.55787444582536 283
1694620658948 101.35360076055042 284
1694620658980 101.14974422045658 285
1694620659025 100.94630392182528 286
1694620659065 100.74327896344005 287
1694620659101 100.54066844657369 288
1694620659130 100.33847147497576 289
1694620659163 100.13668715485983 290
1694620659192 99.93531459489117 291
1694620659226 99.73435290617437 292
1694620659265 99.53380120224108 293
1694620659306 99.33365859903809 294
1694620659341 99.1339242149151 295
1694620659371 98.93459717061293 296
1694620659401 98.73567658925178 297
1694620659434 98.53716159631958 298
1694620659467 98.33905131966023 299
1694620659495 98.14134488946236 300
1694620659520 97.94404143824782 301
1694620659545 97.74714010086046 302
1694620659573 97.55064001445497 303
1694620659603 97.35454031848579 304
1694620659645 97.15884015469615 305
1694620659683 96.96353866710719 306
1694620659713 96.76863500200726 307
1694620659746 96.57412830794105 308
1694620659788 96.38001773569918 309
1694620659830 96.18630243830768 310
1694620659869 95.99298157101738 311
1694620659908 95.8000542912939 312
1694620659952 95.60751975880726 313
1694620659995 95.41537713542162 314
1694620660039 95.22362558518549 315
1694620660077 95.03226427432152 316
1694620660118 94.8412923712168 317
1694620660163 94.65070904641294 318
1694620660203 94.46051347259642 319
1694620660241 94.2707048245889 320
1694620660291 94.08128227933777 321
1694620660343 93.89224501590651 322
1694620660393 93.70359221546552 323
1694620660439 93.51532306128259 324
1694620660490 93.32743673871383 325
1694620660543 93.13993243519441 326
1694620660593 92.95280934022952 327
1694620660645 92.76606664538538 328
1694620660693 92.57970354428025 329
1694620660752 92.39371923257566 330
1694620660817 92.20811290796755 331
1694620660866 92.02288377017754 332
1694620660910 91.83803102094443 333
1694620660947 91.65355386401542 334
1694620660983 91.4694515051378 335
1694620661030 91.2857231520504 336
1694620661079 91.10236801447523 337
1694620661127 90.91938530410931 338
1694620661167 90.73677423461628 339
1694620661210 90.55453402161827 340
1694620661254 90.37266388268792 341
1694620661295 90.1911630373402 342
1694620661328 90.01003070702451 343
1694620661362 89.82926611511678 344
1694620661394 89.64886848691158 345
1694620661424 89.46883704961441 346
1694620661455 89.28917103233391 347
1694620661484 89.1098696660742 348
1694620661515 88.93093218372736 349
1694620661565 88.75235782006577 350
1694620661606 88.57414581173471 351
1694620661653 88.39629539724497 352
1694620661691 88.21880581696533 353
1694620661726 88.0416763131154 354
1694620661763 87.86490612975831 355
1694620661796 87.68849451279351 356
1694620661822 87.51244070994959 357
1694620661860 87.33674397077726 358
1694620661889 87.16140354664226 359
1694620661918 86.98641869071841 360
1694620661946 86.8117886579806 361
1694620661973 86.63751270519808 362
1694620662007 86.46359009092741 363
1694620662036 86.29002007550591 364
1694620662065 86.11680192104471 365
1694620662094 85.94393489142226 366
1694620662125 85.77141825227761 367
1694620662158 85.59925127100385 368
1694620662188 85.42743321674155 369
1694620662216 85.25596336037233 370
1694620662244 85.08484097451242 371
1694620662271 84.91406533350619 372
1694620662299 84.74363571341993 373
1694620662325 84.57355139203547 374
1694620662353 84.40381164884394 375
1694620662381 84.23441576503959 376
1694620662416 84.06536302351358 377
1694620662447 83.89665270884794 378
1694620662487 83.7282841073094 379
1694620662525 83.56025650684347 380
1694620662557 83.3925691970683 381
1694620662584 83.22522146926889 382
1694620662613 83.05821261639106 383
1694620662642 82.89154193303567 384
1694620662675 82.72520871545278 385
1694620662704 82.55921226153579 386
1694620662739 82.3935518708158 387
1694620662777 82.22822684445586 388
1694620662817 82.06323648524527 389
1694620662861 81.89858009759404 390
1694620662901 81.73425698752723 391
1694620662946 81.57026646267937 392
1694620662994 81.40660783228908 393
1694620663043 81.24328040719347 394
1694620663086 81.08028349982274 395
1694620663123 80.91761642419478 396
1694620663166 80.75527849590978 397
1694620663211 80.59326903214497 398
1694620663248 80.43158735164928 399
1694620663292 80.27023277473798 400
1694620663337 80.10920462328767 401
1694620663383 79.94850222073086 402
1694620663426 79.788124892051 403
1694620663463 79.62807196377722 404
1694620663498 79.4683427639793 405
1694620663533 79.30893662226256 406
1694620663566 79.14985286976298 407
1694620663604 78.991090839142 408
1694620663637 78.83264986458171 409
1694620663676 78.67452928177983 410
1694620663713 78.51672842794481 411
1694620663743 78.35924664179112 412
1694620663770 78.20208326353415 413
1694620663795 78.04523763488561 414
1694620663824 77.88870909904868 415
1694620663858 77.73249700071327 416
1694620663894 77.57660068605121 417
1694620663935 77.42101950271173 418
1694620663970 77.2657527998167 419
1694620664000 77.11079992795594 420
1694620664033 76.95616023918276 421
1694620664070 76.8018330870093 422
1694620664099 76.64781782640193 423
1694620664127 76.49411381377679 424
1694620664159 76.34072040699537 425
1694620664187 76.18763696535986 426
1694620664214 76.03486284960888 427
1694620664243 75.882397421913 428
1694620664271 75.73024004587027 429
1694620664300 75.578390086502 430
1694620664328 75.42684691024836 431
1694620664357 75.275609884964 432
1694620664394 75.1246783799139 433
1694620664434 74.974051765769 434
1694620664474 74.82372941460201 435
1694620664518 74.67371069988319 436
1694620664558 74.52399499647612 437
1694620664599 74.37458168063358 438
1694620664631 74.22547012999344 439
1694620664659 74.07665972357444 440
1694620664687 73.92814984177221 441
1694620664717 73.77993986635512 442
1694620664746 73.63202918046024 443
1694620664777 73.48441716858932 444
1694620664810 73.33710321660487 445
1694620664849 73.19008671172598 446
1694620664886 73.04336704252458 447
1694620664923 72.89694359892135 448
1694620664954 72.75081577218188 449
1694620665000 72.60498295491273 450
1694620665051 72.45944454105758 451
1694620665105 72.31419992589338 452
1694620665142 72.16924850602652 453
1694620665183 72.02458967938897 454
1694620665218 71.88022284523453 455
1694620665248 71.73614740413511 456
1694620665278 71.59236275797683 457
1694620665308 71.44886830995642 458
1694620665340 71.30566346457749 459
1694620665378 71.16274762764677 460
1694620665423 71.02012020627048 461
1694620665465 70.87778060885068 462
1694620665501 70.73572824508169 463
1694620665533 70.59396252594628 464
1694620665570 70.45248286371232 465
1694620665608 70.31128867192896 466
1694620665647 70.17037936542333 467
1694620665688 70.02975436029672 468
1694620665729 69.88941307392129 469
1694620665769 69.74935492493637 470
1694620665805 69.60957933324514 471
1694620665837 69.47008572001097 472
1694620665866 69.3308735076542 473
1694620665894 69.19194211984845 474
1694620665921 69.05329098151736 475
1694620665949 68.91491951883113 476
1694620665980 68.7768271592032 477
1694620666015 68.63901333128669 478
1694620666044 68.50147746497129 479
1694620666070 68.36421899137977 480
1694620666095 68.22723734286463 481
1694620666120 68.09053195300493 482
1694620666146 67.95410225660288 483
1694620666172 67.81794768968057 484
1694620666207 67.68206768947681 485
1694620666239 67.54646169444376 486
1694620666269 67.41112914424376 487
1694620666302 67.27606947974611 488
1694620666332 67.1412821430239 489
1694620666358 67.00676657735076 490
1694620666385 66.87252222719769 491
1694620666414 66.73854853823 492
1694620666442 66.60484495730408 493
1694620666468 66.4714109324643 494
1694620666500 66.33824591293985 495
1694620666531 66.20534934914174 496
1694620666561 66.07272069265962 497
1694620666588 65.94035939625877 498
1694620666620 65.80826491387703 499
1694620666647 65.6764367006217 500
1694620666675 65.54487421276657 501
1694620666702 65.41357690774895 502
1694620666728 65.28254424416654 503
1694620666757 65.15177568177451 504
1694620666783 65.02127068148253 505
1694620666809 64.89102870535181 506
1694620666837 64.76104921659211 507
1694620666864 64.63133167955884 508
1694620666892 64.50187555975006 509
1694620666919 64.37268032380372 510
1694620666954 64.2437454394946 511
1694620666986 64.11507037573148 512
1694620667017 63.98665460255428 513
1694620667043 63.858497591131204 514
1694620667070 63.730598813755826 515
1694620667095 63.60295774384434 516
1694620667121 63.47557385593264 517
1694620667147 63.34844662567355 518
1694620667172 63.22157552983405 519
1694620667199 63.0949600462924 520
1694620667225 62.96859965403545 521
1694620667253 62.84249383315578 522
1694620667288 62.716642064849026 523
1694620667318 62.591043831411085 524
1694620667344 62.46569861623533 525
1694620667371 62.34060590381002 526
1694620667396 62.215765179715476 527
1694620667423 62.09117593062137 528
1694620667449 61.96683764428409 529
1694620667474 61.84274980954407 530
1694620667500 61.71891191632302 531
1694620667525 61.595323455621404 532
1694620667551 61.471983919515644 533
1694620667579 61.34889280115557 534
1694620667606 61.226049594761776 535
1694620667635 61.10345379562303 536
1694620667662 60.981104900093555 537
1694620667687 60.85900240559054 538
1694620667715 60.73714581059149 539
1694620667744 60.61553461463173 540
1694620667773 60.49416831830169 541
1694620667802 60.3730464232445 542
1694620667832 60.252168432153326 543
1694620667860 60.13153384876889 544
1694620667885 60.011142177876934 545
1694620667910 59.89099292530561 546
1694620667935 59.77108559792316 547
1694620667960 59.65141970363521 548
1694620667986 59.531994751382406 549
1694620668013 59.41281025113786 550
1694620668040 59.29386571390472 551
1694620668068 59.17516065171367 552
1694620668104 59.05669457762052 553
1694620668134 58.93846700570367 554
1694620668165 58.8204774510618 555
1694620668196 58.70272542981131 556
1694620668226 58.58521045908397 557
1694620668256 58.46793205702453 558
1694620668284 58.35088974278822 559
1694620668315 58.23408303653845 560
1694620668356 58.117511459444394 561
1694620668389 58.001174533678586 562
1694620668418 57.88507178241456 563
1694620668452 57.76920272982452 564
1694620668491 57.65356690107696 565
1694620668522 57.5381638223343 566
1694620668551 57.422993020750596 567
1694620668581 57.30805402446918 568
1694620668610 57.193346362620325 569
1694620668640 57.078869565319 570
1694620668669 56.96462316366247 571
1694620668696 56.85060668972805 572
1694620668724 56.73681967657089 573
1694620668754 56.6232616582215 574
1694620668780 56.50993216968365 575
1694620668818 56.396830746932096 576
1694620668855 56.283956926910186 577
1694620668888 56.171310247527785 578
1694620668915 56.05889024765885 579
1694620668942 55.946696467139375 580
1694620668969 55.834728446765034 581
1694620668999 55.72298572828901 582
1694620669033 55.61146785441979 583
1694620669066 55.500174368818925 584
1694620669106 55.38910481609889 585
1694620669144 55.27825874182079 586
1694620669180 55.167635692492304 587
1694620669210 55.05723521556542 588
1694620669240 54.94705685943429 589
1694620669268 54.83710017343308 590
1694620669296 54.72736470783379 591
1694620669322 54.61785001384411 592
1694620669348 54.50855564360529 593
1694620669380 54.39948115019001 594
1694620669426 54.29062608760023 595
1694620669466 54.181990010765105 596
1694620669502 54.07357247553882 597
1694620669537 53.9653730386985 598
1694620669570 53.857391257942155 599
1694620669603 53.749626691886505 600
1694620669637 53.64207890006495 601
1694620669669 53.53474744292547 602
1694620669703 53.4276318818286 603
1694620669741 53.32073177904523 604
1694620669772 53.21404669775469 605
1694620669806 53.1075762020426 606
1694620669837 53.00131985689887 607
1694620669868 52.895277228215605 608
1694620669900 52.78944788278515 609
1694620669934 52.683831388297975 610
1694620669968 52.57842731334071 611
1694620670004 52.47323522739409 612
1694620670039 52.36825470083096 613
1694620670074 52.263485304914305 614
1694620670109 52.1589266117951 615
1694620670145 52.054578194510576 616
1694620670180 51.95043962698196 617
1694620670211 51.84651048401268 618
1694620670247 51.74279034128632 619
1694620670276 51.639278775364645 620
1694620670304 51.535975363685644 621
1694620670330 51.4328796845616 622
1694620670354 51.32999131717709 623
1694620670382 51.227309841587086 624
1694620670423 51.124834838714925 625
1694620670473 51.02256589035055 626
1694620670520 50.920502579148355 627
1694620670567 50.818644488625445 628
1694620670606 50.71699120315963 629
1694620670648 50.61554230798752 630
1694620670689 50.514297389202646 631
1694620670734 50.41325603375352 632
1694620670771 50.31241782944177 633
1694620670812 50.211782364920246 634
1694620670851 50.111349229691086 635
1694620670891 50.01111801410395 636
1694620670927 49.911088309354 637
1694620670960 49.81125970748014 638
1694620670989 49.71163180136313 639
1694620671022 49.61220418472368 640
1694620671051 49.51297645212064 641
1694620671079 49.413948198949136 642
1694620671113 49.31511902143878 643
1694620671142 49.21648851665173 644
1694620671169 49.11805628248092 645
1694620671194 49.01982191764827 646
1694620671224 48.92178502170275 647
1694620671252 48.82394519501869 648
1694620671280 48.7263020387939 649
1694620671311 48.62885515504785 650
1694620671338 48.53160414661993 651
1694620671363 48.43454861716756 652
1694620671389 48.337688171164515 653
1694620671415 48.24102241389904 654
1694620671445 48.14455095147212 655
1694620671477 48.04827339079567 656
1694620671506 47.95218933959079 657
1694620671537 47.856298406385974 658
1694620671566 47.76060020051539 659
1694620671594 47.66509433211705 660
1694620671624 47.569780412131124 661
1694620671659 47.47465805229819 662
1694620671696 47.37972686515739 663
1694620671731 47.28498646404487 664
1694620671777 47.190436463091864 665
1694620671815 47.096076477223065 666
1694620671844 47.0019061221549 667
1694620671883 46.90792501439377 668
1694620671916 46.81413277123435 669
1694620671951 46.720529010757886 670
1694620671987 46.62711335183049 671
1694620672027 46.53388541410142 672
1694620672064 46.44084481800137 673
1694620672100 46.34799118474086 674
1694620672134 46.25532413630845 675
1694620672163 46.162843295469095 676
1694620672191 46.07054828576245 677
1694620672222 45.978438731501235 678
1694620672251 45.88651425776951 679
1694620672278 45.79477449042108 680
1694620672307 45.703219056077735 681
1694620672338 45.61184758212768 682
1694620672366 45.52065969672385 683
1694620672393 45.429655028782214 684
1694620672419 45.33883320798023 685
1694620672447 45.248193864755095 686
1694620672474 45.15773663030221 687
1694620672506 45.06746113657348 688
1694620672537 44.97736701627568 689
1694620672576 44.8874539028689 690
1694620672615 44.79772143056485 691
1694620672651 44.708169234325304 692
1694620672687 44.61879694986042 693
1694620672728 44.52960421362721 694
1694620672767 44.44059066282788 695
1694620672806 44.35175593540828 696
1694620672844 44.26309967005623 697
1694620672879 44.17462150620002 698
1694620672917 44.08632108400678 699
1694620672957 43.99819804438088 700
1694620672988 43.91025202896237 701
1694620673022 43.822482680125425 702
1694620673054 43.73488964097675 703
1694620673088 43.647472555354 704
1694620673121 43.56023106782426 705
1694620673155 43.47316482368245 706
1694620673185 43.38627346894975 707
1694620673215 43.29955665037213 708
1694620673246 43.213014015418715 709
1694620673280 43.12664521228029 710
1694620673324 43.040449889867745 711
1694620673378 42.954427697810544 712
1694620673424 42.8685782864552 713
1694620673455 42.78290130686371 714
1694620673481 42.69739641081206 715
1694620673511 42.61206325078875 716
1694620673556 42.52690147999317 717
1694620673599 42.44191075233418 718
1694620673644 42.35709072242855 719
1694620673685 42.27244104559948 720
1694620673733 42.18796137787508 721
1694620673773 42.10365137598686 722
1694620673812 42.019510697368304 723
1694620673849 41.935539000153284 724
1694620673884 41.85173594317465 725
1694620673919 41.768101185962685 726
1694620673956 41.68463438874367 727
1694620673987 41.601335212438386 728
1694620674019 41.51820331866064 729
1694620674047 41.43523836971582 730
1694620674077 41.35244002859938 731
1694620674106 41.269807958995436 732
1694620674133 41.18734182527527 733
1694620674165 41.105041292495876 734
1694620674193 41.022906026398516 735
1694620674224 40.94093569340726 736
1694620674255 40.8591299606276 737
1694620674284 40.77748849584491 738
1694620674318 40.69601096752308 739
1694620674349 40.614697044803044 740
1694620674379 40.53354639750138 741
1694620674412 40.45255869610887 742
1694620674443 40.37173361178907 743
1694620674471 40.29107081637688 744
1694620674502 40.21056998237717 745
1694620674531 40.130230782963295 746
1694620674561 40.05005289197574 747
1694620674591 39.97003598392072 748
1694620674621 39.89017973396871 749
1694620674650 39.81048381795311 750
1694620674678 39.730947912368855 751
1694620674710 39.65157169437092 752
1694620674747 39.572354841773056 753
1694620674781 39.49329703304631 754
1694620674812 39.414397947317724 755
1694620674843 39.33565726436886 756
1694620674872 39.257074664634494 757
1694620674910 39.1786498292012 758
1694620674962 39.10038243980602 759
1694620675023 39.02227217883503 760
1694620675084 38.94431872932207 761
1694620675135 38.86652177494729 762
1694620675188 38.788881000035836 763
1694620675237 38.711396089556494 764
1694620675293 38.63406672912035 765
1694620675337 38.55689260497937 766
1694620675375 38.47987340402517 767
1694620675415 38.40300881378757 768
1694620675455 38.32629852243333 769
1694620675495 38.24974221876476 770
1694620675529 38.17333959221838 771
1694620675572 38.09709033286365 772
1694620675608 38.020994131401594 773
1694620675649 37.94505067916351 774
1694620675689 37.869259668109606 775
1694620675730 37.7936207908277 776
1694620675766 37.71813374053195 777
1694620675805 37.64279821106143 778
1694620675849 37.56761389687897 779
1694620675882 37.49258049306972 780
1694620675915 37.417697695339925 781
1694620675949 37.3429652000156 782
1694620675979 37.268382704041215 783
1694620676016 37.193949904978446 784
1694620676069 37.11966650100482 785
1694620676123 37.0455321909125 786
1694620676192 36.97154667410696 787
1694620676270 36.89770965060568 788
1694620676329 36.82402082103691 789
1694620676386 36.75047988663838 790
1694620676442 36.67708654925602 791
1694620676498 36.6038405113427 792
1694620676552 36.530741475956944 793
1694620676605 36.457789146761684 794
1694620676656 36.38498322802298 795
1694620676696 36.3123234246088 796
1694620676742 36.23980944198772 797
1694620676788 36.16744098622766 798
1694620676838 36.095217763994704 799
1694620676881 36.02313948255176 800
1694620676924 35.951205849757415 801
1694620676967 35.87941657406463 802
1694620677017 35.80777136451948 803
1694620677057 35.736269930759995 804
1694620677098 35.664911983014825 805
1694620677136 35.593697232102116 806
1694620677177 35.52262538942823 807
1694620677222 35.45169616698647 808
1694620677271 35.38090927735599 809
1694620677323 35.31026443370041 810
1694620677364 35.239761349766745 811
1694620677395 35.16939973988411 812
1694620677424 35.09917931896251 813
1694620677465 35.02909980249168 814
1694620677493 34.959160906539815 815
1694620677523 34.88936234775242 816
1694620677552 34.81970384335107 817
1694620677608 34.75018511113227 818
1694620677672 34.680805869466184 819
1694620677706 34.61156583729547 820
1694620677747 34.542464734134136 821
1694620677791 34.473502280066285 822
1694620677836 34.404678195744964 823
1694620677870 34.335992202391004 824
1694620677899 34.26744402179177 825
1694620677925 34.19903337630006 826
1694620677950 34.1307599888329 827
1694620677978 34.06262358287035 828
1694620678009 33.99462388245438 829
1694620678040 33.92676061218768 830
1694620678070 33.85903349723246 831
1694620678100 33.791442263309385 832
1694620678129 33.7239866366963 833
1694620678159 33.65666634422717 834
1694620678188 33.589481113290866 835
1694620678215 33.52243067183005 836
1694620678245 33.45551474834 837
1694620678277 33.38873307186747 838
1694620678310 33.322085372009575 839
1694620678351 33.255571378912606 840
1694620678387 33.18919082327091 841
1694620678417 33.12294343632579 842
1694620678446 33.05682894986432 843
1694620678477 32.99084709621821 844
1694620678531 32.92499760826274 845
1694620678609 32.85928021941557 846
1694620678662 32.79369466363566 847
1694620678706 32.72824067542211 848
1694620678737 32.662917989813074 849
1694620678773 32.59772634238463 850
1694620678815 32.53266546924968 851
1694620678875 32.467735107056825 852
1694620678940 32.40293499298924 853
1694620678993 32.338264864763595 854
1694620679050 32.27372446062895 855
1694620679111 32.209313519365665 856
1694620679157 32.14503178028424 857
1694620679196 32.08087898322431 858
1694620679232 32.016854868553466 859
1694620679268 31.95295917716619 860
1694620679306 31.88919165048283 861
1694620679343 31.825552030448414 862
1694620679378 31.762040059531607 863
1694620679419 31.69865548072365 864
1694620679465 31.635398037537275 865
1694620679511 31.57226747400557 866
1694620679565 31.509263534680986 867
1694620679614 31.44638596463421 868
1694620679666 31.383634509453124 869
1694620679715 31.321008915241702 870
1694620679757 31.258508928618973 871
1694620679794 31.196134296717943 872
1694620679834 31.13388476718458 873
1694620679863 31.071760088176653 874
1694620679890 31.009760008362797 875
1694620679916 30.947884276921364 876
1694620679942 30.886132643539415 877
1694620679967 30.824504858411665 878
1694620679994 30.763000672239436 879
1694620680028 30.701619836229597 880
1694620680054 30.640362102093533 881
1694620680080 30.57922722204613 882
1694620680107 30.51821494880466 883
1694620680131 30.457325035587854 884
1694620680156 30.39655723611476 885
1694620680181 30.33591130460379 886
1694620680207 30.27538699577165 887
1694620680231 30.214984064832326 888
1694620680259 30.154702267496052 889
1694620680283 30.09454135996829 890
1694620680308 30.034501098948734 891
1694620680333 29.974581241630233 892
1694620680357 29.914781545697842 893
1694620680382 29.855101769327753 894
1694620680406 29.795541671186328 895
1694620680432 29.736101010429053 896
1694620680456 29.676779546699553 897
1694620680480 29.61757704012857 898
1694620680507 29.558493251332983 899
1694620680534 29.49952794141477 900
1694620680562 29.44068087196007 901
1694620680590 29.38195180503812 902
1694620680625 29.323340503200303 903
1694620680659 29.264846729479125 904
1694620680689 29.20647024738725 905
1694620680717 29.14821082091651 906
1694620680746 29.090068214536913 907
1694620680774 29.032042193195633 908
1694620680803 28.9741325223161 909
1694620680830 28.916338967796932 910
1694620680858 28.858661296011014 911
1694620680883 28.80109927380452 912
1694620680909 28.74365266849591 913
1694620680934 28.68632124787497 914
1694620680960 28.629104780201878 915
1694620680985 28.572003034206194 916
1694620681015 28.51501577908589 917
1694620681042 28.45814278450643 918
1694620681069 28.401383820599776 919
1694620681093 28.344738657963433 920
1694620681118 28.28820706765951 921
1694620681144 28.231788821213737 922
1694620681170 28.175483690614534 923
1694620681195 28.119291448312058 924
1694620681220 28.06321186721724 925
1694620681245 28.007244720700857 926
1694620681272 27.951389782592564 927
1694620681299 27.895646827179995 928
1694620681325 27.840015629207773 929
1694620681349 27.784495963876584 930
1694620681373 27.72908760684226 931
1694620681398 27.67379033421484 932
1694620681423 27.6186039225576 933
1694620681447 27.56352814888619 934
1694620681471 27.508562790667636 935
1694620681495 27.453707625819465 936
1694620681520 27.398962432708753 937
1694620681544 27.344326990151213 938
1694620681571 27.28980107741025 939
1694620681599 27.23538447419609 940
1694620681632 27.18107696066482 941
1694620681660 27.12687831741749 942
1694620681686 27.0727883254992 943
1694620681715 27.0188067663982 944
1694620681744 26.964933422044954 945
1694620681773 26.911168074811243 946
1694620681799 26.857510507509275 947
1694620681825 26.803960503390773 948
1694620681850 26.750517846146053 949
1694620681876 26.697182319903167 950
1694620681901 26.64395370922697 951
1694620681926 26.590831799118227 952
1694620681951 26.53781637501274 953
1694620681978 26.48490722278045 954
1694620682006 26.432104128724504 955
1694620682034 26.379406879580454 956
1694620682059 26.32681526251529 957
1694620682084 26.274329065126587 958
1694620682110 26.22194807544162 959
1694620682136 26.169672081916517 960
1694620682161 26.1175008734353 961
1694620682187 26.06543423930909 962
1694620682212 26.01347196927518 963
1694620682241 25.96161385349619 964
1694620682266 25.909859682559187 965
1694620682292 25.858209247474804 966
1694620682321 25.806662339676397 967
1694620682346 25.75521875101914 968
1694620682371 25.703878273779203 969
1694620682397 25.65264070065289 970
1694620682422 25.601505824755723 971
1694620682447 25.55047343962164 972
1694620682472 25.499543339202123 973
1694620682497 25.44871531786535 974
1694620682523 25.39798917039531 975
1694620682549 25.34736469199098 976
1694620682574 25.296841678265455 977
1694620682599 25.246419925245153 978
1694620682626 25.196099229368897 979
1694620682655 25.14587938748711 980
1694620682682 25.09576019686098 981
1694620682709 25.04574145516157 982
1694620682735 24.995822960469063 983
1694620682761 24.94600451127186 984
1694620682788 24.89628590646574 985
1694620682812 24.846666945353075 986
1694620682837 24.79714742764196 987
1694620682861 24.747727153445382 988
1694620682885 24.698405923280443 989
1694620682911 24.64918353806744 990
1694620682937 24.60005979912913 991
1694620682961 24.551034508189897 992
1694620682987 24.502107467374827 993
1694620683015 24.453278479209036 994
1694620683040 24.404547346616763 995
1694620683065 24.35591387292056 996
1694620683090 24.307377861840486 997
1694620683116 24.258939117493334 998
1694620683142 24.21059744439177 999
