1694627792322 -0.007139426146055339 0
1694627792376 -0.007113145446491442 1
1694627792442 -0.007083510496683543 2
1694627792513 -0.0070526837433539935 3
1694627792572 -0.007020639567027587 4
1694627792616 -0.006987351840899603 5
1694627792675 -0.006952793921590317 6
1694627792733 -0.006916938639752068 7
1694627792799 -0.006879758290526228 8
1694627792860 -0.006841224623847397 9
1694627792907 -0.006801308834591957 10
1694627792955 -0.006759981552575178 11
1694627792998 -0.006717212832387798 12
1694627793034 -0.006672972143076272 13
1694627793069 -0.006627228357662052 14
1694627793107 -0.006579949742499425 15
1694627793144 -0.006531103946472605 16
1694627793178 -0.006480657990024952 17
1694627793214 -0.00642857825402654 18
1694627793251 -0.0063748304684720924 19
1694627793308 -0.006319379701012151 20
1694627793367 -0.006262190345314611 21
1694627793431 -0.006203226109256166 22
1694627793499 -0.006142450002941002 23
1694627793551 -0.0060798243265483 24
1694627793623 -0.006015310658005646 25
1694627793705 -0.005948869840487259 26
1694627793765 -0.0058981166948615105 27
1694627793807 -0.005845702908958694 28
1694627793850 -0.005791592863234385 29
1694627793892 -0.00573575024402162 30
1694627793939 -0.0056781380313106755 31
1694627793994 -0.005618718486350316 32
1694627794061 -0.005557453139072965 33
1694627794147 -0.005494302775341797 34
1694627794239 -0.005429227424022409 35
1694627794298 -0.005362186343872644 36
1694627794367 -0.00529313801025455 37
1694627794425 -0.00522204010166627 38
1694627794506 -0.005148849486094287 39
1694627794567 -0.00507352220718249 40
1694627794632 -0.004996013470225158 41
1694627794703 -0.004916277627973642 42
1694627794771 -0.004834268166265643 43
1694627794842 -0.004749937689474182 44
1694627794893 -0.0046632379057731654 45
1694627794936 -0.004574119612226424 46
1694627794974 -0.004482532679694451 47
1694627795011 -0.00442209640765201 48
1694627795067 -0.004360004649875959 49
1694627795105 -0.00429622410738939 50
1694627795154 -0.004230720864013993 51
1694627795192 -0.004163460376081396 52
1694627795236 -0.004094407462006622 53
1694627795283 -0.004023526291733415 54
1694627795321 -0.003950780376044349 55
1694627795356 -0.003876132555735712 56
1694627795392 -0.003799544990663817 57
1694627795429 -0.0037209791486543242 58
1694627795462 -0.0036403957942807708 59
1694627795502 -0.0035577549775114292 60
1694627795537 -0.003473016022221609 61
1694627795571 -0.0033861375145798345 62
1694627795608 -0.0032970772912970236 63
1694627795653 -0.003205792427753318 64
1694627795690 -0.0031122392259879117 65
1694627795728 -0.003016373202573197 66
1694627795773 -0.002918149076349019 67
1694627795807 -0.0028175207560419135 68
1694627795844 -0.002714441327756889 69
1694627795882 -0.0026088630423490855 70
1694627795920 -0.0025007373026748603 71
1694627795961 -0.0023900146507245257 72
1694627796001 -0.0022766447546418433 73
1694627796034 -0.0021605763956278334 74
1694627796065 -0.002041757454735116 75
1694627796101 -0.0019201348995550038 76
1694627796137 -0.0017956547707984605 77
1694627796176 -0.0016682621687764687 78
1694627796209 -0.0015379012397818137 79
1694627796243 -0.0014045151623762742 80
1694627796285 -0.0012680461335885518 81
1694627796325 -0.0011284353550218285 82
1694627796363 -0.000985623018884052 83
1694627796394 -0.00083954829393873 84
1694627796436 -0.0006901493113811163 85
1694627796475 -0.0005373631506500054 86
1694627796515 -0.00038112582517890736 87
1694627796554 -0.00022137226808527366 88
1694627796594 -5.803631781797769e-05 89
1694627796628 0.00010894929624571947 90
1694627796668 0.00027965296823384556 91
1694627796698 0.00045414423024725536 92
1694627796733 0.0006324937668453767 93
1694627796769 0.0008147734295492759 94
1694627796802 0.0010010562513461663 95
1694627796833 0.0011914164611963596 96
1694627796866 0.0013859294985223425 97
1694627796902 0.0015846720276793125 98
1694627796936 0.0017877219523957377 99
1694627796973 0.0019951584301673986 100
1694627797015 0.0022070618866025793 101
1694627797057 0.0024235140297026447 102
1694627797102 0.0026445978640650125 103
1694627797145 0.0028703977049995277 104
1694627797197 0.0031009991925443625 105
1694627797261 0.0033364893053658973 106
1694627797319 0.003576956374534146 107
1694627797353 0.0038224900971504105 108
1694627797385 0.0040731815498242785 109
1694627797421 0.004329123201972096 110
1694627797454 0.004590408928930256 111
1694627797494 0.004857134024860765 112
1694627797542 0.005129395215435872 113
1694627797584 0.005407290670279896 114
1694627797624 0.005690920015153922 115
1694627797677 0.005980384343859724 116
1694627797744 0.006275786229846703 117
1694627797777 0.006577229737499524 118
1694627797812 0.006884820433085137 119
1694627797894 0.007198665395336867 120
1694627797940 0.007518873225656919 121
1694627797990 0.007845554057905768 122
1694627798051 0.008178819567762674 123
1694627798094 0.00851878298162756 124
1694627798169 0.008865559085040942 125
1694627798273 0.009219264230592716 126
1694627798397 0.009580016345296372 127
1694627798484 0.00994793493739865 128
1694627798533 0.010323141102595357 129
1694627798578 0.010705757529623106 130
1694627798624 0.01109590850520259 131
1694627798668 0.011493719918291956 132
1694627798736 0.01189931926362997 133
1694627798789 0.012312835644525788 134
1694627798850 0.012734399774867011 135
1694627798947 0.013164143980316179 136
1694627799014 0.013602202198646718 137
1694627799126 0.014048709979197938 138
1694627799193 0.014503804481403315 139
1694627799260 0.01496762447235489 140
1694627799330 0.015440310323368678 141
1694627799395 0.015922004005507917 142
1694627799466 0.016412849084038506 143
1694627799527 0.016912990711732245 144
1694627799657 0.017422575621051428 145
1694627799757 0.0179417521150963 146
1694627799842 0.018470670057318617 147
1694627799910 0.019009480859941807 148
1694627799975 0.019558337471048293 149
1694627800043 0.0201173943602847 150
1694627800127 0.02068680750314189 151
1694627800218 0.021266734363765694 152
1694627800333 0.021857333876247775 153
1694627800436 0.02245876642435185 154
1694627800553 0.02307119381962819 155
1694627800604 0.02369477927786623 156
1694627800644 0.024329687393839117 157
1694627800689 0.02497608411429042 158
1694627800744 0.025634136709113076 159
1694627800795 0.02630401374067537 160
1694627800842 0.026985885031239443 161
1694627800882 0.02767992162842625 162
1694627800916 0.028386295768677905 163
1694627800951 0.0291051808386652 164
1694627800998 0.029836751334593514 165
1694627801053 0.03058118281936073 166
1694627801094 0.03133865187751106 167
1694627801155 0.032109336067944194 168
1694627801190 0.03289341387432898 169
1694627801224 0.03369106465317295 170
1694627801266 0.03450246857950623 171
1694627801304 0.03532780659013057 172
1694627801341 0.03616726032438411 173
1694627801377 0.0370210120623965 174
1694627801414 0.03788924466076671 175
1694627801454 0.03877214148564412 176
1694627801495 0.0396698863431616 177
1694627801533 0.04058266340718664 178
1694627801565 0.04151065714435431 179
1694627801595 0.042454052236347684 180
1694627801635 0.04341303349939063 181
1694627801672 0.044387785800929946 182
1694627801715 0.04537849397346794 183
1694627801754 0.04638534272554706 184
1694627801792 0.04740851654979905 185
1694627801841 0.04844819962814495 186
1694627801883 0.04950457573402223 187
1694627801927 0.050577828131693425 188
1694627801967 0.05166813947259852 189
1694627802004 0.05277569168875651 190
1694627802053 0.05390066588320441 191
1694627802094 0.055043242217483024 192
1694627802129 0.0562035997961714 193
1694627802166 0.057381916548478684 194
1694627802198 0.05857836910691194 195
1694627802253 0.05979313268303599 196
1694627802304 0.06102638094035184 197
1694627802346 0.062278285864319494 198
1694627802378 0.06354901762956544 199
1694627802410 0.06483874446430715 200
1694627802445 0.06614763251205336 201
1694627802477 0.06747584569061216 202
1694627802513 0.06882354554848691 203
1694627802548 0.07019089111870624 204
1694627802581 0.07157803877016822 205
1694627802612 0.07298514205657192 206
1694627802643 0.0744123515630225 207
1694627802674 0.07585981475039638 208
1694627802708 0.07732767579756716 209
1694627802747 0.07881607544159475 210
1694627802777 0.08032515081599412 211
1694627802808 0.08185503528719151 212
1694627802846 0.08340585828931002 213
1694627802879 0.08497774515740386 214
1694627802917 0.0865708169592917 215
1694627802962 0.08818519032613548 216
1694627802998 0.08982097728191829 217
1694627803034 0.09147828507199174 218
1694627803075 0.09315721599085613 219
1694627803113 0.09485786720936173 220
1694627803150 0.09658033060150883 221
1694627803188 0.09832469257104981 222
1694627803239 0.10009103387808416 223
1694627803286 0.10187942946586659 224
1694627803327 0.1036899482880348 225
1694627803367 0.10552265313648435 226
1694627803405 0.10737760047011702 227
1694627803438 0.10925484024470278 228
1694627803475 0.11115441574409257 229
1694627803517 0.11307636341303207 230
1694627803551 0.11502071269183245 231
1694627803587 0.11698748585315133 232
1694627803626 0.11897669784115605 233
1694627803663 0.12098835611332825 234
1694627803699 0.12302246048519305 235
1694627803737 0.1250790029782397 236
1694627803774 0.1271579676713228 237
1694627803810 0.12925933055581684 238
1694627803867 0.13138305939481965 239
1694627803903 0.13352911358668074 240
1694627803934 0.13569744403314932 241
1694627803968 0.13788799301244936 242
1694627804003 0.14010069405749037 243
1694627804036 0.142335471839642 244
1694627804070 0.14459224205821597 245
1694627804106 0.14687091133602626 246
1694627804141 0.14917137712127937 247
1694627804175 0.15149352759607948 248
1694627804203 0.15383724159181666 249
1694627804232 0.1562023885117123 250
1694627804271 0.1585888282607858 251
1694627804311 0.16099641118348984 252
1694627804357 0.16342497800927824 253
1694627804392 0.16587435980633414 254
1694627804429 0.16834437794369983 255
1694627804467 0.1708348440620273 256
1694627804503 0.17334556005316526 257
1694627804534 0.17587631804877757 258
1694627804567 0.17842690041819553 259
1694627804604 0.1809970797756676 260
1694627804643 0.18358661899717643 261
1694627804677 0.1861952712469771 262
1694627804713 0.18882278001398556 263
1694627804747 0.19146887915813848 264
1694627804777 0.19413329296683324 265
1694627804808 0.19681573622152715 266
1694627804840 0.19951591427457693 267
1694627804871 0.20223352313636178 268
1694627804901 0.20496824957272874 269
1694627804935 0.20771977121277763 270
1694627804970 0.21048775666697972 271
1694627805001 0.21327186565562906 272
1694627805032 0.21607174914751204 273
1694627805068 0.2188870495088644 274
1694627805101 0.22171740066239998 275
1694627805130 0.22456242825639494 276
1694627805161 0.22742174984367047 277
1694627805191 0.2302949750703469 278
1694627805233 0.23318170587420206 279
1694627805270 0.2360815366924507 280
1694627805301 0.23899405467874946 281
1694627805337 0.2419188399292015 282
1694627805374 0.24485546571712535 283
1694627805410 0.24780349873632324 284
1694627805444 0.25076249935257855 285
1694627805493 0.25373202186308097 286
1694627805532 0.25671161476347326 287
1694627805570 0.2597008210221817 288
1694627805607 0.26269917836169354 289
1694627805643 0.26570621954641493 290
1694627805688 0.26872147267673474 291
1694627805721 0.2717444614889062 292
1694627805761 0.27477470566034345 293
1694627805792 0.27781172111991936 294
1694627805822 0.2808550203628347 295
1694627805852 0.283904112769632 296
1694627805887 0.28695850492889774 297
1694627805919 0.29001770096321344 298
1694627805951 0.29308120285788586 299
1694627805988 0.2961485107919931 300
1694627806026 0.2992191234712862 301
1694627806068 0.3022925384624512 302
1694627806120 0.3053682525282838 303
1694627806175 0.3084457619632781 304
1694627806229 0.31152456292915864 305
1694627806271 0.31460415178988554 306
1694627806323 0.3176840254456522 307
1694627806362 0.3207636816654066 308
1694627806401 0.323842619417433 309
1694627806437 0.32692033919753416 310
1694627806488 0.3299963433543567 311
1694627806524 0.33307013641142014 312
1694627806560 0.33614122538540825 313
1694627806598 0.3392091201002999 314
1694627806636 0.3422733334969189 315
1694627806682 0.34533338193750374 316
1694627806721 0.34838878550490426 317
1694627806758 0.35143906829602223 318
1694627806799 0.35448375870914295 319
1694627806840 0.35752238972479455 320
1694627806879 0.3605544991798162 321
1694627806915 0.36357963003430316 322
1694627806951 0.36659733063114464 323
1694627806985 0.3696071549478579 324
1694627807016 0.372608662840456 325
1694627807045 0.3756014202791099 326
1694627807086 0.3785849995753643 327
1694627807124 0.3815589796007103 328
1694627807159 0.3845229459963053 329
1694627807196 0.38747649137368734 330
1694627807243 0.3904192155063202 331
1694627807285 0.3933507255118347 332
1694627807326 0.3962706360248546 333
1694627807361 0.39917856936031226 334
1694627807395 0.4020741556671722 335
1694627807439 0.4049570330725092 336
1694627807494 0.4078268478158966 337
1694627807539 0.4106832543741026 338
1694627807578 0.4135259155760299 339
1694627807612 0.416354502708015 340
1694627807646 0.4191686956094183 341
1694627807684 0.42196818275860704 342
1694627807716 0.4247526613493833 343
1694627807752 0.4275218373579298 344
1694627807783 0.4302754256003729 345
1694627807816 0.4330131497810712 346
1694627807853 0.4357347425317527 347
1694627807908 0.43843994544163156 348
1694627807946 0.44112850907865664 349
1694627807980 0.44380019300205187 350
1694627808015 0.4464547657663167 351
1694627808053 0.4490920049168736 352
1694627808094 0.4517116969775469 353
1694627808134 0.4543136374300819 354
1694627808166 0.4568976306859037 355
1694627808202 0.4594634900503446 356
1694627808238 0.4620110376795472 357
1694627808284 0.4645401045303088 358
1694627808323 0.46705053030302335 359
1694627808356 0.4695421633780873 360
1694627808390 0.47201486074588117 361
1694627808425 0.47446848793068563 362
1694627808457 0.47690291890867653 363
1694627808495 0.47931803602037815 364
1694627808527 0.4817137298777151 365
1694627808562 0.4840898992659832 366
1694627808603 0.4864464510409807 367
1694627808640 0.48878330002155435 368
1694627808672 0.4911003688778235 369
1694627808712 0.49339758801532807 370
1694627808750 0.49567489545536225 371
1694627808784 0.4979322367117426 372
1694627808816 0.5001695646642617 373
1694627808847 0.5023868394290716 374
1694627808894 0.504584028226241 375
1694627808928 0.5067611052447281 376
1694627808962 0.5089180515049985 377
1694627809003 0.5110548547195253 378
1694627809041 0.5131715091513988 379
1694627809082 0.5152680154712604 380
1694627809121 0.5173443806127831 381
1694627809158 0.5194006176269084 382
1694627809209 0.521436745535047 383
1694627809247 0.5234527891814342 384
1694627809279 0.5254487790848485 385
1694627809316 0.5274247512898724 386
1694627809349 0.5293807472178687 387
1694627809392 0.5313168135178735 388
1694627809428 0.5332330019175442 389
1694627809467 0.5351293690743473 390
1694627809521 0.5370059764271335 391
1694627809556 0.5388628900482508 392
1694627809603 0.5407001804963367 393
1694627809640 0.5425179226699385 394
1694627809678 0.5443161956620681 395
1694627809718 0.5460950826158435 396
1694627809759 0.5478546705813133 397
1694627809796 0.54959505037359 398
1694627809836 0.5513163164323807 399
1694627809870 0.5530185666830384 400
1694627809902 0.5547019023992034 401
1694627809941 0.5563664280671317 402
1694627809978 0.5580122512518004 403
1694627810013 0.559639482464847 404
1694627810050 0.5612482350344363 405
1694627810092 0.5628386249770785 406
1694627810127 0.5644107708715235 407
1694627810158 0.5659647937347202 408
1694627810200 0.5675008168999215 409
1694627810237 0.569018965896984 410
1694627810268 0.5705193683348835 411
1694627810309 0.5720021537864936 412
1694627810344 0.5734674536756541 413
1694627810380 0.5749154011665569 414
1694627810417 0.5763461310554701 415
1694627810450 0.5777597796648173 416
1694627810488 0.5791564847396293 417
1694627810539 0.5805363853463786 418
1694627810580 0.5818996217741987 419
1694627810618 0.5832463354385022 420
1694627810655 0.5845766687869871 421
1694627810696 0.5858907652080371 422
1694627810738 0.5871887689415081 423
1694627810774 0.5884708249918906 424
1694627810809 0.5897370790438419 425
1694627810843 0.5909876773800724 426
1694627810875 0.5922227668015693 427
1694627810915 0.5934424945501461 428
1694627810949 0.5946470082332902 429
1694627810982 0.5958364557512943 430
1694627811018 0.597010985226647 431
1694627811058 0.5981707449356515 432
1694627811113 0.5993158832422563 433
1694627811153 0.6004465485340638 434
1694627811195 0.6015628891604868 435
1694627811229 0.6026650533730227 436
1694627811268 0.6037531892676335 437
1694627811304 0.6048274447291433 438
1694627811343 0.6058879673777046 439
1694627811381 0.6069349045172276 440
1694627811427 0.6079684030857555 441
1694627811463 0.6089886096077851 442
1694627811507 0.6099956701484442 443
1694627811557 0.6109897302695341 444
1694627811594 0.6119709349873672 445
1694627811632 0.6129394287323864 446
1694627811665 0.6138953553105132 447
1694627811703 0.6148388578661962 448
1694627811733 0.6157700788471197 449
1694627811763 0.6166891599705284 450
1694627811795 0.6175962421911445 451
1694627811825 0.6184914656706232 452
1694627811858 0.6193749697485188 453
1694627811905 0.6202468929147252 454
1694627811940 0.6211073727833438 455
1694627811973 0.6219565460679536 456
1694627812011 0.6227945485582347 457
1694627812041 0.6236215150979194 458
1694627812072 0.6244375795640318 459
1694627812113 0.6252428748473637 460
1694627812146 0.6260375328341863 461
1694627812179 0.6268216843891248 462
1694627812216 0.6275954593391886 463
1694627812249 0.6283589864589074 464
1694627812278 0.6291123934565402 465
1694627812311 0.6298558069613407 466
1694627812344 0.6305893525118197 467
1694627812378 0.6313131545449967 468
1694627812417 0.6320273363865891 469
1694627812454 0.6327320202421285 470
1694627812518 0.6334273271889501 471
1694627812568 0.6341133771690451 472
1694627812636 0.6347902889827368 473
1694627812687 0.6354581802831512 474
1694627812752 0.6361171675714612 475
1694627812794 0.6367673661928624 476
1694627812857 0.6374088903332715 477
1694627812917 0.6380418530167082 478
1694627812959 0.6386663661033348 479
1694627812999 0.6392825402881362 480
1694627813032 0.6398904851002072 481
1694627813066 0.6404903089026296 482
1694627813110 0.6410821188929081 483
1694627813143 0.6416660211039507 484
1694627813175 0.6422421204055613 485
1694627813215 0.6428105205064336 486
1694627813247 0.6433713239566154 487
1694627813276 0.6439246321504277 488
1694627813312 0.6444705453298158 489
1694627813346 0.6450091625881166 490
1694627813380 0.6455405818742193 491
1694627813417 0.6460648999971008 492
1694627813460 0.646582212630722 493
1694627813499 0.6470926143192612 494
1694627813536 0.647596198482676 495
1694627813575 0.6480930574225671 496
1694627813621 0.6485832823283348 497
1694627813658 0.6490669632836144 498
1694627813693 0.6495441892729673 499
1694627813738 0.6500150481888216 500
1694627813770 0.6504796268386437 501
1694627813799 0.6509380109523273 502
1694627813836 0.6513902851897886 503
1694627813871 0.6518365331487556 504
1694627813915 0.652276837372734 505
1694627813953 0.6527112793591425 506
1694627813992 0.6531399395676076 507
1694627814028 0.6535628974284 508
1694627814060 0.6539802313510095 509
1694627814098 0.6543920187328415 510
1694627814132 0.6547983359680298 511
1694627814171 0.655199258456355 512
1694627814221 0.6555948606122561 513
1694627814257 0.6559852158739328 514
1694627814295 0.6563703967125216 515
1694627814332 0.6567504746413468 516
1694627814361 0.6571255202252313 517
1694627814392 0.6574956030898604 518
1694627814443 0.6578607919311967 519
1694627814478 0.6582211545249289 520
1694627814515 0.6585767577359638 521
1694627814546 0.6589276675279356 522
1694627814584 0.6592739489727435 523
1694627814619 0.6596156662600975 524
1694627814658 0.6599528827070806 525
1694627814692 0.6602856607677086 526
1694627814739 0.6606140620424922 527
1694627814776 0.6609381472879913 528
1694627814814 0.6612579764263611 529
1694627814851 0.6615736085548747 530
1694627814892 0.6618851019554367 531
1694627814932 0.6621925141040672 532
1694627814968 0.6624959016803533 533
1694627815003 0.6627953205768811 534
1694627815045 0.6630908259086175 535
1694627815081 0.6633824720222692 536
1694627815124 0.6636703125055854 537
1694627815160 0.6639544001966261 538
1694627815200 0.6642347871929816 539
1694627815243 0.6645115248609337 540
1694627815278 0.6647846638445738 541
1694627815328 0.6650542540748616 542
1694627815365 0.6653203447786278 543
1694627815403 0.6655829844875132 544
1694627815443 0.6658422210468514 545
1694627815477 0.6660981016244877 546
1694627815516 0.6663506727195263 547
1694627815551 0.6665999801710174 548
1694627815606 0.6668460691665768 549
1694627815665 0.66708898425093 550
1694627815708 0.6673287693343903 551
1694627815758 0.6675654677012595 552
1694627815792 0.6677991220181607 553
1694627815839 0.6680297743422945 554
1694627815877 0.6682574661296183 555
1694627815911 0.6684822382429518 556
1694627815956 0.6687041309600054 557
1694627815994 0.6689231839813269 558
1694627816042 0.669139436438176 559
1694627816078 0.6693529269003184 560
1694627816121 0.6695636933837357 561
1694627816161 0.6697717733582633 562
1694627816204 0.6699772037551411 563
1694627816252 0.6701800209744919 564
1694627816291 0.6703802608927087 565
1694627816338 0.6705779588697731 566
1694627816377 0.6707731497564835 567
1694627816422 0.6709658679016088 568
1694627816470 0.6711561471589557 569
1694627816520 0.6713440208943613 570
1694627816566 0.6715295219925987 571
1694627816609 0.6717126828642093 572
1694627816654 0.6718935354522453 573
1694627816694 0.6720721112389403 574
1694627816737 0.6722484412522969 575
1694627816775 0.6724225560725918 576
1694627816808 0.6725944858388058 577
1694627816846 0.6727642602549715 578
1694627816875 0.6729319085964436 579
1694627816907 0.6730974597160909 580
1694627816953 0.6732609420504101 581
1694627816987 0.67342238362556 582
1694627817028 0.673581812063322 583
1694627817068 0.6737392545869813 584
1694627817103 0.673894738027133 585
1694627817138 0.6740482888274146 586
1694627817172 0.6741999330501568 587
1694627817203 0.6743496963819664 588
1694627817238 0.6744976041392351 589
1694627817277 0.6746436812735684 590
1694627817311 0.6747879523771512 591
1694627817347 0.6749304416880273 592
1694627817386 0.6750711730953252 593
1694627817422 0.6752101701443981 594
1694627817458 0.675347456041902 595
1694627817499 0.6754830536607981 596
1694627817540 0.6756169855452898 597
1694627817574 0.6757492739156928 598
1694627817612 0.6758799406732336 599
1694627817655 0.676009007404782 600
1694627817693 0.6761364953875204 601
1694627817735 0.6762624255935414 602
1694627817774 0.6763868186943877 603
1694627817812 0.6765096950655198 604
1694627817843 0.6766310747907274 605
1694627817876 0.6767509776664722 606
1694627817915 0.6768694232061729 607
1694627817952 0.6769864306444252 608
1694627817988 0.6771020189411634 609
1694627818021 0.6772162067857591 610
1694627818054 0.6773290126010632 611
1694627818088 0.6774404545473891 612
1694627818125 0.6775505505264368 613
1694627818160 0.6776593181851558 614
1694627818194 0.6777667749195617 615
1694627818231 0.6778729378784856 616
1694627818269 0.6779778239672747 617
1694627818304 0.6780814498514373 618
1694627818349 0.6781838319602309 619
1694627818387 0.6782849864902039 620
1694627818426 0.6783849294086749 621
1694627818475 0.6784836764571696 622
1694627818516 0.6785812431548006 623
1694627818568 0.6786776448015991 624
1694627818609 0.6787728964817965 625
1694627818649 0.6788670130670567 626
1694627818684 0.6789600092196568 627
1694627818721 0.6790518993956274 628
1694627818769 0.6791426978478383 629
1694627818808 0.6792324186290388 630
1694627818847 0.6793210755948574 631
1694627818880 0.6794086824067495 632
1694627818915 0.6794952525349043 633
1694627818953 0.6795807992611056 634
1694627818991 0.6796653356815501 635
1694627819032 0.6797488747096233 636
1694627819069 0.6798314290786338 637
1694627819109 0.6799130113444996 638
1694627819153 0.679993633888405 639
1694627819192 0.6800733089194053 640
1694627819243 0.6801520484769986 641
1694627819307 0.6802298644336571 642
1694627819360 0.6803067684973167 643
1694627819400 0.6803827722138313 644
1694627819439 0.6804578869693891 645
1694627819478 0.6805321239928915 646
1694627819522 0.6806054943582929 647
1694627819558 0.6806780089869093 648
1694627819590 0.6807496786496876 649
1694627819630 0.6808205139694405 650
1694627819672 0.6808905254230495 651
1694627819709 0.6809597233436306 652
1694627819747 0.6810281179226668 653
1694627819782 0.6810957192121123 654
1694627819817 0.6811625371264558 655
1694627819854 0.6812285814447618 656
1694627819892 0.6812938618126714 657
1694627819927 0.6813583877443777 658
1694627819958 0.6814221686245701 659
1694627819992 0.6814852137103445 660
1694627820038 0.6815475321330879 661
1694627820087 0.6816091329003349 662
1694627820117 0.6816700248975902 663
1694627820152 0.6817302168901275 664
1694627820183 0.6817897175247589 665
1694627820214 0.681848535331575 666
1694627820251 0.6819066787256631 667
1694627820287 0.6819641560087923 668
1694627820325 0.6820209753710776 669
1694627820367 0.6820771448926162 670
1694627820404 0.6821326725450978 671
1694627820437 0.6821875661933905 672
1694627820469 0.6822418335971034 673
1694627820505 0.6822954824121226 674
1694627820535 0.6823485201921267 675
1694627820566 0.6824009543900722 676
1694627820603 0.6824527923596662 677
1694627820657 0.6825040413568044 678
1694627820705 0.6825547085409991 679
1694627820748 0.6826048009767749 680
1694627820783 0.6826543256350459 681
1694627820818 0.6827032893944763 682
1694627820869 0.6827516990428115 683
1694627820901 0.6827995612781974 684
1694627820941 0.6828468827104723 685
1694627820993 0.6828936698624417 686
1694627821034 0.6829399291711344 687
1694627821080 0.6829856669890357 688
1694627821121 0.6830308895853077 689
1694627821165 0.6830756031469833 690
1694627821202 0.6831198137801462 691
1694627821245 0.6831635275110937 692
1694627821290 0.6832067502874766 693
1694627821328 0.6832494879794282 694
1694627821369 0.6832917463806686 695
1694627821405 0.6833335312095983 696
1694627821437 0.6833748481103714 697
1694627821470 0.6834157026539539 698
1694627821510 0.6834561003391639 699
1694627821545 0.6834960465936987 700
1694627821576 0.6835355467751425 701
1694627821609 0.683574606171962 702
1694627821643 0.6836132300044846 703
1694627821683 0.683651423425863 704
1694627821718 0.6836891915230237 705
1694627821767 0.6837265393176004 706
1694627821802 0.683763471766857 707
1694627821839 0.6837999937645917 708
1694627821876 0.6838361101420312 709
1694627821913 0.6838718256687054 710
1694627821953 0.6839071450533195 711
1694627821992 0.6839420729445989 712
1694627822033 0.6839766139321337 713
1694627822070 0.6840107725472023 714
1694627822111 0.6840445532635862 715
1694627822154 0.6840779604983702 716
1694627822195 0.6841109986127352 717
1694627822234 0.6841436719127307 718
1694627822275 0.6841759846500439 719
1694627822311 0.684207941022752 720
1694627822347 0.6842395451760642 721
1694627822381 0.6842708012030569 722
1694627822415 0.6843017131453875 723
1694627822451 0.684332284994009 724
1694627822492 0.6843625206898666 725
1694627822526 0.6843924241245862 726
1694627822567 0.6844219991411535 727
1694627822604 0.6844512495345778 728
1694627822635 0.6844801790525548 729
1694627822670 0.6845087913961093 730
1694627822707 0.6845370902202377 731
1694627822752 0.6845650791345319 732
1694627822793 0.6845927617038033 733
1694627822830 0.6846201414486884 734
1694627822865 0.6846472218462525 735
1694627822897 0.6846740063305787 736
1694627822928 0.6847004982933538 737
1694627822965 0.6847267010844394 738
1694627822998 0.6847526180124408 739
1694627823033 0.6847782523452624 740
1694627823063 0.6848036073106563 741
1694627823103 0.6848286860967636 742
1694627823138 0.6848534918526501 743
1694627823184 0.6848780276888273 744
1694627823237 0.6849022966777715 745
1694627823275 0.6849263018544334 746
1694627823313 0.684950046216741 747
1694627823351 0.684973532726092 748
1694627823394 0.684996764307844 749
1694627823434 0.6850197438517931 750
1694627823468 0.6850424742126477 751
1694627823514 0.6850649582104951 752
1694627823549 0.6850871986312601 753
1694627823585 0.68510919822716 754
1694627823620 0.6851309597171467 755
1694627823655 0.6851524857873519 756
1694627823728 0.6851737790915158 757
1694627823785 0.6851948422514147 758
1694627823825 0.6852156778572859 759
1694627823861 0.6852362884682366 760
1694627823898 0.6852566766126569 761
1694627823931 0.6852768447886197 762
1694627823994 0.6852967954642802 763
1694627824051 0.6853165310782651 764
1694627824104 0.685336054040059 765
1694627824144 0.6853553667303848 766
1694627824198 0.6853744715015775 767
1694627824244 0.6853933706779527 768
1694627824287 0.6854120665561729 769
1694627824319 0.6854305614056062 770
1694627824350 0.6854488574686752 771
1694627824395 0.6854669569612093 772
1694627824429 0.6854848620727896 773
1694627824476 0.6855025749670848 774
1694627824513 0.6855200977821857 775
1694627824547 0.6855374326309336 776
1694627824583 0.6855545816012467 777
1694627824623 0.6855715467564382 778
1694627824679 0.6855883301355323 779
1694627824727 0.6856049337535739 780
1694627824763 0.6856213596019372 781
1694627824808 0.685637609648627 782
1694627824843 0.6856536858385746 783
1694627824894 0.6856695900939344 784
1694627824933 0.6856853243143709 785
1694627824983 0.6857008903773458 786
1694627825015 0.6857162901384006 787
1694627825045 0.6857315254314305 788
1694627825092 0.6857465980689621 789
1694627825123 0.6857615098424197 790
1694627825155 0.6857762625223953 791
1694627825201 0.6857908578589067 792
1694627825245 0.6858052975816603 793
1694627825288 0.685819583400304 794
1694627825324 0.6858337170046787 795
1694627825359 0.6858477000650678 796
1694627825401 0.6858615342324414 797
1694627825443 0.6858752211386974 798
1694627825489 0.6858887623969006 799
1694627825534 0.6859021596015138 800
1694627825583 0.6859154143286366 801
1694627825628 0.6859285281362251 802
1694627825659 0.6859415025643245 803
1694627825694 0.6859543391352871 804
1694627825737 0.6859670393539921 805
1694627825784 0.6859796047080637 806
1694627825823 0.6859920366680818 807
1694627825869 0.6860043366877935 808
1694627825905 0.6860165062043199 809
1694627825934 0.6860285466383638 810
1694627825971 0.6860404593944067 811
1694627826038 0.6860522458609115 812
1694627826104 0.6860639074105179 813
1694627826154 0.6860754454002356 814
1694627826209 0.6860868611716364 815
1694627826272 0.6860981560510431 816
1694627826319 0.686109331349714 817
1694627826347 0.6861203883640289 818
1694627826384 0.6861313283756683 819
1694627826456 0.6861421526517921 820
1694627826526 0.6861528624452198 821
1694627826597 0.6861634589945967 822
1694627826660 0.6861739435245735 823
1694627826714 0.6861843172459723 824
1694627826789 0.6861945813559531 825
1694627826871 0.6862047370381793 826
1694627826920 0.6862147854629832 827
1694627826970 0.6862247277875213 828
1694627827006 0.686234565155937 829
1694627827055 0.6862442986995156 830
1694627827100 0.6862539295368393 831
1694627827154 0.6862634587739382 832
1694627827225 0.6862728875044426 833
1694627827288 0.6862822168097282 834
1694627827376 0.6862914477590674 835
1694627827466 0.6863005814097687 836
1694627827536 0.6863096188073214 837
1694627827594 0.6863185609855389 838
1694627827685 0.6863274089666923 839
1694627827743 0.6863361637616534 840
1694627827816 0.6863448263700249 841
1694627827866 0.6863533977802767 842
1694627827901 0.686361878969878 843
1694627827956 0.6863702709054261 844
1694627828006 0.6863785745427772 845
1694627828059 0.686386790827169 846
1694627828117 0.6863949206933506 847
1694627828211 0.6864029650657026 848
1694627828301 0.6864109248583619 849
1694627828369 0.6864188009753396 850
1694627828432 0.6864265943106416 851
1694627828497 0.6864343057483842 852
1694627828583 0.6864419361629136 853
1694627828632 0.6864494864189166 854
1694627828681 0.6864569573715342 855
1694627828735 0.6864643498664752 856
1694627828804 0.6864716647401237 857
1694627828843 0.6864789028196497 858
1694627828883 0.6864860649231161 859
1694627828919 0.6864931518595836 860
1694627828970 0.6865001644292168 861
1694627829038 0.6865071034233857 862
1694627829075 0.6865139696247696 863
1694627829133 0.6865207638074583 864
1694627829207 0.6865274867370471 865
1694627829253 0.6865341391707416 866
1694627829322 0.6865407218574493 867
1694627829360 0.6865472355378786 868
1694627829411 0.6865536809446312 869
1694627829459 0.6865600588022975 870
1694627829509 0.6865663698275479 871
1694627829555 0.6865726147292228 872
1694627829594 0.6865787942084249 873
1694627829648 0.6865849089586061 874
1694627829694 0.6865909596656563 875
1694627829755 0.6865969470079898 876
1694627829799 0.6866028716566306 877
1694627829851 0.6866087342752971 878
1694627829905 0.6866145355204855 879
1694627830000 0.6866202760415532 880
1694627830089 0.6866259564807987 881
1694627830173 0.6866315774735435 882
1694627830250 0.6866371396482105 883
1694627830334 0.6866426436264023 884
1694627830412 0.6866480900229808 885
1694627830501 0.686653479446141 886
1694627830568 0.6866588124974885 887
1694627830630 0.6866640897721139 888
1694627830706 0.6866693118586661 889
1694627830793 0.6866744793394255 890
1694627830879 0.6866795927903757 891
1694627830954 0.6866846527812769 892
1694627831031 0.6866896598757317 893
1694627831115 0.6866946146312589 894
1694627831173 0.6866995175993602 895
1694627831213 0.6867043693255872 896
1694627831256 0.6867091703496111 897
1694627831296 0.6867139212052857 898
1694627831343 0.6867186224207144 899
1694627831403 0.6867232745183145 900
1694627831437 0.6867278780148809 901
1694627831482 0.6867324334216507 902
1694627831530 0.6867369412443619 903
1694627831580 0.6867414019833191 904
1694627831637 0.6867458161334504 905
1694627831693 0.6867501841843715 906
1694627831746 0.6867545066204416 907
1694627831807 0.686758783920823 908
1694627831891 0.6867630165595411 909
1694627832003 0.6867672050055381 910
1694627832099 0.686771349722733 911
1694627832169 0.6867754511700752 912
1694627832263 0.6867795098016014 913
1694627832336 0.6867835260664887 914
1694627832398 0.6867875004091091 915
1694627832473 0.6867914332690834 916
1694627832551 0.6867953250813335 917
1694627832596 0.6867991762761343 918
1694627832677 0.6868029872791659 919
1694627832733 0.6868067585115627 920
1694627832790 0.6868104903899657 921
1694627832855 0.6868141833265711 922
1694627832928 0.6868178377291785 923
1694627832990 0.686821454001243 924
1694627833039 0.6868250325419181 925
1694627833084 0.6868285737461071 926
1694627833127 0.6868320780045082 927
1694627833166 0.68683554570366 928
1694627833209 0.6868389772259902 929
1694627833257 0.6868423729498576 930
1694627833309 0.6868457332495979 931
1694627833352 0.6868490584955689 932
1694627833390 0.6868523490541932 933
1694627833457 0.6868556052880006 934
1694627833507 0.6868588275556731 935
1694627833578 0.6868620162120843 936
1694627833664 0.6868651716083432 937
1694627833711 0.686868294091834 938
1694627833756 0.6868713840062592 939
1694627833811 0.6868744416916748 940
1694627833859 0.6868774674845353 941
1694627833910 0.6868804617177315 942
1694627833951 0.6868834247206286 943
1694627833995 0.6868863568191041 944
1694627834039 0.6868892583355874 945
1694627834080 0.6868921295890973 946
1694627834132 0.6868949708952774 947
1694627834193 0.6868977825664333 948
1694627834253 0.6869005649115718 949
1694627834322 0.6869033182364324 950
1694627834376 0.6869060428435251 951
1694627834428 0.6869087390321655 952
1694627834515 0.6869114070985098 953
1694627834595 0.6869140473355874 954
1694627834693 0.686916660033335 955
1694627834756 0.6869192454786328 956
1694627834819 0.6869218039553344 957
1694627834890 0.6869243357443009 958
1694627834956 0.6869268411234336 959
1694627835035 0.6869293203677049 960
1694627835091 0.6869317737491915 961
1694627835160 0.6869342015371038 962
1694627835226 0.6869366039978179 963
1694627835291 0.6869389813949067 964
1694627835357 0.686941333989169 965
1694627835445 0.68694366203866 966
1694627835518 0.6869459657987209 967
1694627835575 0.6869482455220086 968
1694627835634 0.6869505014585229 969
1694627835691 0.6869527338556363 970
1694627835770 0.6869549429581223 971
1694627835810 0.686957129008184 972
1694627835876 0.6869592922454788 973
1694627835967 0.6869614329071494 974
1694627836091 0.6869635512278499 975
1694627836214 0.6869656474397702 976
1694627836286 0.6869677217726643 977
1694627836385 0.6869697744538767 978
1694627836461 0.6869718057083676 979
1694627836528 0.6869738157587376 980
1694627836589 0.6869758048252551 981
1694627836669 0.6869777731258784 982
1694627836757 0.686979720876284 983
1694627836892 0.6869816482898871 984
1694627836979 0.6869835555778697 985
1694627837053 0.6869854429491999 986
1694627837129 0.6869873106106609 987
1694627837194 0.6869891587668702 988
1694627837271 0.6869909876203024 989
1694627837335 0.686992797371317 990
1694627837421 0.686994588218174 991
1694627837493 0.686996360357063 992
1694627837566 0.6869981139821211 993
1694627837641 0.6869998492854551 994
1694627837749 0.687001566457164 995
1694627837835 0.6870032656853615 996
1694627837884 0.6870049471561943 997
1694627838029 0.6870066110538662 998
1694627838131 0.6870082575606545 999
