1694626281043 0.0 0
1694626281513 0.0 1
1694626282042 0.0 2
1694626282533 0.0 3
1694626283019 0.0 4
1694626283502 0.0 5
1694626283976 0.0 6
1694626284439 0.0 7
1694626284909 0.0 8
1694626285380 0.0 9
1694626285797 0.0 10
1694626286251 0.0 11
1694626286694 0.0 12
1694626287149 0.0 13
1694626287599 0.0 14
1694626288035 0.0 15
1694626288481 0.0 16
1694626288933 0.0 17
1694626289389 0.0 18
1694626289831 0.0 19
1694626290310 0.0 20
1694626290740 0.0 21
1694626291206 0.0 22
1694626291658 0.0 23
1694626292033 0.0 24
1694626292413 0.0 25
1694626292793 0.0 26
1694626293235 0.0 27
1694626293701 0.0 28
1694626294171 0.0 29
1694626294631 0.0 30
1694626295083 0.0 31
1694626295557 0.0 32
1694626296030 0.0 33
1694626296537 0.0 34
1694626297097 0.0 35
1694626297565 0.0 36
1694626298010 0.0 37
1694626298481 0.0 38
1694626298921 0.0 39
1694626299318 0.0 40
1694626299757 0.0 41
1694626300230 0.0 42
1694626300682 0.0 43
1694626301140 0.0 44
1694626301625 0.0 45
1694626302090 0.0 46
1694626302553 0.0 47
1694626302993 0.0 48
1694626303447 0.0 49
1694626303911 0.0 50
1694626304349 0.0 51
1694626304825 0.0 52
1694626305303 0.0 53
1694626305776 0.0 54
1694626306250 0.0 55
1694626306738 0.0 56
1694626307279 0.0 57
1694626307796 0.0 58
1694626308290 0.0 59
1694626308706 0.0 60
1694626309129 0.0 61
1694626309629 0.0 62
1694626310062 0.0 63
1694626310570 0.0 64
1694626311045 0.0 65
1694626311550 0.0 66
1694626312030 0.0 67
1694626312526 0.0 68
1694626313017 0.0 69
1694626313567 0.0 70
1694626314096 0.0 71
1694626314592 0.0 72
1694626315017 0.0 73
1694626315451 0.0 74
1694626315902 0.0 75
1694626316344 0.0 76
1694626316801 0.0 77
1694626317277 0.0 78
1694626317737 0.0 79
1694626318125 0.0 80
1694626318573 0.0 81
1694626319005 0.0 82
1694626319468 0.0 83
1694626319944 0.0 84
1694626320425 0.0 85
1694626320897 0.0 86
1694626321258 0.0 87
1694626321694 0.0 88
1694626322142 0.0 89
1694626322583 0.0 90
1694626323045 0.0 91
1694626323525 0.0 92
1694626323976 0.0 93
1694626324410 0.0 94
1694626324869 0.0 95
1694626325334 0.0 96
1694626325788 0.0 97
1694626326239 0.0 98
1694626326727 0.0 99
1694626327190 0.0 100
1694626327644 0.0 101
1694626328085 0.0 102
1694626328545 0.0 103
1694626329002 0.0 104
1694626329475 0.0 105
1694626329940 0.0 106
1694626330442 0.0 107
1694626330932 0.0 108
1694626331371 0.0 109
1694626331844 0.0 110
1694626332296 0.0 111
1694626332772 0.0 112
1694626333189 0.0 113
1694626333655 0.0 114
1694626334147 0.0 115
1694626334614 0.0 116
1694626335056 0.0 117
1694626335496 0.0 118
1694626335897 0.0 119
1694626336151 0.0 120
1694626336367 0.0 121
1694626336635 0.0 122
1694626336878 0.0 123
1694626337115 0.0 124
1694626337358 0.0 125
1694626337636 0.0 126
1694626337958 0.0 127
1694626338237 0.0 128
1694626338510 0.0 129
1694626338854 0.0 130
1694626339352 0.0 131
1694626339838 0.0 132
1694626340295 0.0 133
1694626340817 0.0 134
1694626341293 0.0 135
1694626341787 0.0 136
1694626342252 0.0 137
1694626342773 0.0 138
1694626343242 0.0 139
1694626343681 0.0 140
1694626344120 0.0 141
1694626344604 0.0 142
1694626345057 0.0 143
1694626345553 0.0 144
1694626346024 0.0 145
1694626346483 0.0 146
1694626346979 0.0 147
1694626347457 0.0 148
1694626347917 0.0 149
1694626348422 0.0 150
1694626348898 0.0 151
1694626349392 0.0 152
1694626349894 0.0 153
1694626350374 0.0 154
1694626350865 0.0 155
1694626351360 0.0 156
1694626351871 0.0 157
1694626352330 0.0 158
1694626352811 0.0 159
1694626353294 0.0 160
1694626353738 0.0 161
1694626354205 0.0 162
1694626354654 0.0 163
1694626355134 0.0 164
1694626355580 0.0 165
1694626356053 0.0 166
1694626356552 0.0 167
1694626357004 0.0 168
1694626357481 0.0 169
1694626357984 0.0 170
1694626358481 0.0 171
1694626358981 0.0 172
1694626359468 0.0 173
1694626359944 0.0 174
1694626360432 0.0 175
1694626360921 0.0 176
1694626361366 0.0 177
1694626361847 0.0 178
1694626362299 0.0 179
1694626362795 0.0 180
1694626363270 0.0 181
1694626363742 0.0 182
1694626364200 0.0 183
1694626364694 0.0 184
1694626365194 0.0 185
1694626365647 0.0 186
1694626366111 0.0 187
1694626366577 0.0 188
1694626367050 0.0 189
1694626367506 0.0 190
1694626367960 0.0 191
1694626368438 0.0 192
1694626368918 0.0 193
1694626369378 0.0 194
1694626369812 0.0 195
1694626370278 0.0 196
1694626370763 0.0 197
1694626371279 0.0 198
1694626371781 0.0 199
1694626372259 0.0 200
1694626372737 0.0 201
1694626373188 0.0 202
1694626373681 0.0 203
1694626374153 0.0 204
1694626374642 0.0 205
1694626375122 0.0 206
1694626375645 0.0 207
1694626376131 0.0 208
1694626376616 0.0 209
1694626377090 0.0 210
1694626377572 0.0 211
1694626378031 0.0 212
1694626378504 0.0 213
1694626378960 0.0 214
1694626379427 0.0 215
1694626379895 0.0 216
1694626380366 0.0 217
1694626380864 0.0 218
1694626381344 0.0 219
1694626381795 0.0 220
1694626382260 0.0 221
1694626382735 0.0 222
1694626383173 0.0 223
1694626383648 0.0 224
1694626384140 0.0 225
1694626384592 0.0 226
1694626385061 0.0 227
1694626385521 0.0 228
1694626386004 0.0 229
1694626386488 0.0 230
1694626386978 0.0 231
1694626387467 0.0 232
1694626387993 0.0 233
1694626388467 0.0 234
1694626388930 0.0 235
1694626389398 0.0 236
1694626389865 0.0 237
1694626390334 0.0 238
1694626390801 0.0 239
1694626391283 0.0 240
1694626391737 0.0 241
1694626392261 0.0 242
1694626392752 0.0 243
1694626393245 0.0 244
1694626393721 0.0 245
1694626394169 0.0 246
1694626394610 0.0 247
1694626395067 0.0 248
1694626395531 0.0 249
1694626395993 0.0 250
1694626396437 0.0 251
1694626396896 0.0 252
1694626397355 0.0 253
1694626397829 0.0 254
1694626398321 0.0 255
1694626398818 0.0 256
1694626399267 0.0 257
1694626399735 0.0 258
1694626400215 0.0 259
1694626400709 0.0 260
1694626401209 0.0 261
1694626401729 0.0 262
1694626402191 0.0 263
1694626402695 0.0 264
1694626403188 0.0 265
1694626403671 0.0 266
1694626404152 0.0 267
1694626404607 0.0 268
1694626405073 0.0 269
1694626405562 0.0 270
1694626406045 0.0 271
1694626406520 0.0 272
1694626407004 0.0 273
1694626407461 0.0 274
1694626407934 0.0 275
1694626408390 0.0 276
1694626408834 0.0 277
1694626409342 0.0 278
1694626409819 0.0 279
1694626410254 0.0 280
1694626410742 0.0 281
1694626411233 0.0 282
1694626411725 0.0 283
1694626412218 0.0 284
1694626412693 0.0 285
1694626413163 0.0 286
1694626413657 0.0 287
1694626414138 0.0 288
1694626414614 0.0 289
1694626415103 0.0 290
1694626415594 0.0 291
1694626416077 0.0 292
1694626416559 0.0 293
1694626417026 0.0 294
1694626417508 0.0 295
1694626417983 0.0 296
1694626418495 0.0 297
1694626418952 0.0 298
1694626419439 0.0 299
1694626419933 0.0 300
1694626420424 0.0 301
1694626420911 0.0 302
1694626421391 0.0 303
1694626421889 0.0 304
1694626422375 0.0 305
1694626422832 0.0 306
1694626423289 0.0 307
1694626423766 0.0 308
1694626424244 0.0 309
1694626424759 0.0 310
1694626425236 0.0 311
1694626425727 0.0 312
1694626426207 0.0 313
1694626426681 0.0 314
1694626427180 0.0 315
1694626427664 0.0 316
1694626428159 0.0 317
1694626428627 0.0 318
1694626429085 0.0 319
1694626429555 0.0 320
1694626430032 0.0 321
1694626430487 0.0 322
1694626430980 0.0 323
1694626431473 0.0 324
1694626431956 0.0 325
1694626432470 0.0 326
1694626432960 0.0 327
1694626433470 0.0 328
1694626433960 0.0 329
1694626434418 0.0 330
1694626434883 0.0 331
1694626435372 0.0 332
1694626435864 0.0 333
1694626436307 0.0 334
1694626436752 0.0 335
1694626437221 0.0 336
1694626437706 0.0 337
1694626438208 0.0 338
1694626438700 0.0 339
1694626439182 0.0 340
1694626439625 0.0 341
1694626440114 0.0 342
1694626440559 0.0 343
1694626441050 0.0 344
1694626441555 0.0 345
1694626442058 0.0 346
1694626442549 0.0 347
1694626443056 0.0 348
1694626443544 0.0 349
1694626444056 0.0 350
1694626444522 0.0 351
1694626444967 0.0 352
1694626445456 0.0 353
1694626445955 0.0 354
1694626446420 0.0 355
1694626446858 0.0 356
1694626447341 0.0 357
1694626447842 0.0 358
1694626448330 0.0 359
1694626448839 0.0 360
1694626449301 0.0 361
1694626449748 0.0 362
1694626450244 0.0 363
1694626450731 0.0 364
1694626451277 0.0 365
1694626451761 0.0 366
1694626452264 0.0 367
1694626452729 0.0 368
1694626453213 0.0 369
1694626453675 0.0 370
1694626454173 0.0 371
1694626454640 0.0 372
1694626455114 0.0 373
1694626455597 0.0 374
1694626456081 0.0 375
1694626456576 0.0 376
1694626457059 0.0 377
1694626457540 0.0 378
1694626458018 0.0 379
1694626458533 0.0 380
1694626459006 0.0 381
1694626459461 0.0 382
1694626459942 0.0 383
1694626460441 0.0 384
1694626460905 0.0 385
1694626461387 0.0 386
1694626461891 0.0 387
1694626462385 0.0 388
1694626462865 0.0 389
1694626463330 0.0 390
1694626463804 0.0 391
1694626464297 0.0 392
1694626464762 0.0 393
1694626465244 0.0 394
1694626465733 0.0 395
1694626466226 0.0 396
1694626466701 0.0 397
1694626467176 0.0 398
1694626467626 0.0 399
1694626468120 0.0 400
1694626468603 0.0 401
1694626469100 0.0 402
1694626469563 0.0 403
1694626470064 0.0 404
1694626470543 0.0 405
1694626471043 0.0 406
1694626471510 0.0 407
1694626471986 0.0 408
1694626472453 0.0 409
1694626472930 0.0 410
1694626473418 0.0 411
1694626473872 0.0 412
1694626474328 0.0 413
1694626474797 0.0 414
1694626475259 0.0 415
1694626475735 0.0 416
1694626476198 0.0 417
1694626476669 0.0 418
1694626477142 0.0 419
1694626477649 0.0 420
1694626478146 0.0 421
1694626478627 0.0 422
1694626479128 0.0 423
1694626479600 0.0 424
1694626480086 0.0 425
1694626480587 0.0 426
1694626481086 0.0 427
1694626481596 0.0 428
1694626482122 0.0 429
1694626482626 0.0 430
1694626483109 0.0 431
1694626483585 0.0 432
1694626484076 0.0 433
1694626484539 0.0 434
1694626485020 0.0 435
1694626485525 0.0 436
1694626486013 0.0 437
1694626486504 0.0 438
1694626486992 0.0 439
1694626487474 0.0 440
1694626487949 0.0 441
1694626488406 0.0 442
1694626488891 0.0 443
1694626489360 0.0 444
1694626489849 0.0 445
1694626490321 0.0 446
1694626490818 0.0 447
1694626491345 0.0 448
1694626491842 0.0 449
1694626492328 0.0 450
1694626492780 0.0 451
1694626493261 0.0 452
1694626493731 0.0 453
1694626494231 0.0 454
1694626494731 0.0 455
1694626495217 0.0 456
1694626495687 0.0 457
1694626496181 0.0 458
1694626496660 0.0 459
1694626497133 0.0 460
1694626497591 0.0 461
1694626498097 0.0 462
1694626498589 0.0 463
1694626499086 0.0 464
1694626499616 0.0 465
1694626500113 0.0 466
1694626500673 0.0 467
1694626501197 0.0 468
1694626501819 0.0 469
1694626502335 0.0 470
1694626502829 0.0 471
1694626503305 0.0 472
1694626503774 0.0 473
1694626504262 0.0 474
1694626504745 0.0 475
1694626505237 0.0 476
1694626505715 0.0 477
1694626506168 0.0 478
1694626506640 0.0 479
1694626507134 0.0 480
1694626507602 0.0 481
1694626508059 0.0 482
1694626508558 0.0 483
1694626509020 0.0 484
1694626509524 0.0 485
1694626510000 0.0 486
1694626510485 0.0 487
1694626510949 0.0 488
1694626511477 0.0 489
1694626511944 0.0 490
1694626512425 0.0 491
1694626512954 0.0 492
1694626513410 0.0 493
1694626513871 0.0 494
1694626514324 0.0 495
1694626514822 0.0 496
1694626515275 0.0 497
1694626515776 0.0 498
1694626516257 0.0 499
1694626516727 0.0 500
1694626517215 0.0 501
1694626517721 0.0 502
1694626518245 0.0 503
1694626518724 0.0 504
1694626519235 0.0 505
1694626519733 0.0 506
1694626520242 0.0 507
1694626520742 0.0 508
1694626521183 0.0 509
1694626521733 0.0 510
1694626522224 0.0 511
1694626522687 0.0 512
1694626523179 0.0 513
1694626523665 0.0 514
1694626524172 0.0 515
1694626524633 0.0 516
1694626525112 0.0 517
1694626525603 0.0 518
1694626526039 0.0 519
1694626526524 0.0 520
1694626526956 0.0 521
1694626527393 0.0 522
1694626527886 0.0 523
1694626528348 0.0 524
1694626528799 0.0 525
1694626529248 0.0 526
1694626529681 0.0 527
1694626530115 0.0 528
1694626530613 0.0 529
1694626531087 0.0 530
1694626531625 0.0 531
1694626532053 0.0 532
1694626532538 0.0 533
1694626533006 0.0 534
1694626533441 0.0 535
1694626533879 0.0 536
1694626534373 0.0 537
1694626534878 0.0 538
1694626535325 0.0 539
1694626535786 0.0 540
1694626536242 0.0 541
1694626536675 0.0 542
1694626537131 0.0 543
1694626537571 0.0 544
1694626538015 0.0 545
1694626538476 0.0 546
1694626538900 0.0 547
1694626539353 0.0 548
1694626539785 0.0 549
1694626540190 0.0 550
1694626540620 0.0 551
1694626541065 0.0 552
1694626541495 0.0 553
1694626541988 0.0 554
1694626542462 0.0 555
1694626542871 0.0 556
1694626543379 0.0 557
1694626543845 0.0 558
1694626544340 0.0 559
1694626544812 0.0 560
1694626545317 0.0 561
1694626545793 0.0 562
1694626546273 0.0 563
1694626546699 0.0 564
1694626547172 0.0 565
1694626547642 0.0 566
1694626548080 0.0 567
1694626548535 0.0 568
1694626549019 0.0 569
1694626549417 0.0 570
1694626549863 0.0 571
1694626550298 0.0 572
1694626550780 0.0 573
1694626551209 0.0 574
1694626551712 0.0 575
1694626552120 0.0 576
1694626552495 0.0 577
1694626552906 0.0 578
1694626553400 0.0 579
1694626553872 0.0 580
1694626554323 0.0 581
1694626554788 0.0 582
1694626555214 0.0 583
1694626555543 0.0 584
1694626556027 0.0 585
1694626556538 0.0 586
1694626556953 0.0 587
1694626557372 0.0 588
1694626557825 0.0 589
1694626558325 0.0 590
1694626558765 0.0 591
1694626559185 0.0 592
1694626559597 0.0 593
1694626560081 0.0 594
1694626560545 0.0 595
1694626560985 0.0 596
1694626561452 0.0 597
1694626561982 0.0 598
1694626562555 0.0 599
1694626563022 0.0 600
1694626563491 0.0 601
1694626563887 0.0 602
1694626564299 0.0 603
1694626564754 0.0 604
1694626565255 0.0 605
1694626565710 0.0 606
1694626566145 0.0 607
1694626566597 0.0 608
1694626567085 0.0 609
1694626567555 0.0 610
1694626568017 0.0 611
1694626568470 0.0 612
1694626568937 0.0 613
1694626569395 0.0 614
1694626569853 0.0 615
1694626570290 0.0 616
1694626570744 0.0 617
1694626571199 0.0 618
1694626571701 0.0 619
1694626572160 0.0 620
1694626572633 0.0 621
1694626573125 0.0 622
1694626573603 0.0 623
1694626574079 0.0 624
1694626574507 0.0 625
1694626574984 0.0 626
1694626575430 0.0 627
1694626575898 0.0 628
1694626576377 0.0 629
1694626576870 0.0 630
1694626577348 0.0 631
1694626577823 0.0 632
1694626578283 0.0 633
1694626578723 0.0 634
1694626579214 0.0 635
1694626579691 0.0 636
1694626580158 0.0 637
1694626580609 0.0 638
1694626581077 0.0 639
1694626581535 0.0 640
1694626582012 0.0 641
1694626582463 0.0 642
1694626582936 0.0 643
1694626583406 0.0 644
1694626583865 0.0 645
1694626584336 0.0 646
1694626584831 0.0 647
1694626585283 0.0 648
1694626585736 0.0 649
1694626586204 0.0 650
1694626586685 0.0 651
1694626587178 0.0 652
1694626587637 0.0 653
1694626588103 0.0 654
1694626588575 0.0 655
1694626588994 0.0 656
1694626589448 0.0 657
1694626589918 0.0 658
1694626590341 0.0 659
1694626590776 0.0 660
1694626591234 0.0 661
1694626591732 0.0 662
1694626592218 0.0 663
1694626592735 0.0 664
1694626593218 0.0 665
1694626593702 0.0 666
1694626594186 0.0 667
1694626594688 0.0 668
1694626595199 0.0 669
1694626595679 0.0 670
1694626596161 0.0 671
1694626596616 0.0 672
1694626597098 0.0 673
1694626597582 0.0 674
1694626598063 0.0 675
1694626598536 0.0 676
1694626599009 0.0 677
1694626599485 0.0 678
1694626599945 0.0 679
1694626600381 0.0 680
1694626600878 0.0 681
1694626601367 0.0 682
1694626601811 0.0 683
1694626602246 0.0 684
1694626602678 0.0 685
1694626603114 0.0 686
1694626603588 0.0 687
1694626604044 0.0 688
1694626604518 0.0 689
1694626605014 0.0 690
1694626605464 0.0 691
1694626605953 0.0 692
