1694631324520 184.39689921198686 0
1694631324553 184.0180869252997 1
1694631324590 183.68907648920163 2
1694631324626 182.2851957710416 3
1694631324664 182.7704125356809 4
1694631324702 181.78530650418645 5
1694631324740 181.36324960014798 6
1694631324779 181.04602910485806 7
1694631324814 181.12855198503246 8
1694631324846 180.97129054603107 9
1694631324879 180.13046798081882 10
1694631324910 180.45828220451938 11
1694631324945 178.48760699871715 12
1694631324976 179.18943756878534 13
1694631325008 178.45261791925464 14
1694631325041 177.696958372351 15
1694631325072 177.12590269043798 16
1694631325106 177.70558472146664 17
1694631325140 176.98846843371678 18
1694631325172 176.53679546085 19
1694631325204 175.62171085949143 20
1694631325241 175.46711152053342 21
1694631325273 175.259362549356 22
1694631325304 174.16924903733803 23
1694631325337 173.8894603267947 24
1694631325370 174.69949678432206 25
1694631325403 175.01826825683398 26
1694631325437 173.3066071557549 27
1694631325468 173.48270531469652 28
1694631325503 172.57892368107258 29
1694631325536 172.33116270823524 30
1694631325567 171.86506637468085 31
1694631325597 171.6593478581881 32
1694631325630 171.00996014433352 33
1694631325664 169.81416391648077 34
1694631325700 171.055286075182 35
1694631325735 169.46384936078698 36
1694631325772 169.43549641937787 37
1694631325809 169.12117147469414 38
1694631325853 169.2881850079901 39
1694631325894 168.46438087395393 40
1694631325925 167.90020752079292 41
1694631325961 168.66267556916503 42
1694631325993 166.47162237192174 43
1694631326024 167.49843915396144 44
1694631326056 166.27759308324582 45
1694631326089 166.76008765007998 46
1694631326123 164.94227007705913 47
1694631326157 165.3359971520139 48
1694631326190 164.94690435049796 49
1694631326222 164.29265002600255 50
1694631326255 164.47366302825398 51
1694631326289 164.4194341950033 52
1694631326322 163.71634320527045 53
1694631326357 163.6821871471796 54
1694631326388 162.82097918816976 55
1694631326420 162.1653659259558 56
1694631326454 162.493448237373 57
1694631326485 161.92582663871977 58
1694631326522 162.1102007120745 59
1694631326555 161.90246184998583 60
1694631326588 160.58350899277724 61
1694631326620 159.50248367191233 62
1694631326652 160.79991285238174 63
1694631326686 159.9217407403571 64
1694631326722 159.92257046712317 65
1694631326755 159.1657408366873 66
1694631326789 158.84182868004478 67
1694631326822 158.9065388798761 68
1694631326854 157.9998027506832 69
1694631326890 157.49176162933475 70
1694631326923 156.96879445145336 71
1694631326955 156.54221628478805 72
1694631326989 156.04438706738796 73
1694631327023 156.7849157313201 74
1694631327060 156.73501809228537 75
1694631327094 156.74573247660598 76
1694631327125 154.31365988829086 77
1694631327155 154.48815826100963 78
1694631327188 154.35753974047276 79
1694631327217 153.80054307699365 80
1694631327250 152.91237106616845 81
1694631327282 154.57169294324785 82
1694631327313 154.0434214563946 83
1694631327345 152.81545066968425 84
1694631327376 151.31811560540606 85
1694631327411 151.40112500251217 86
1694631327443 151.38307495547895 87
1694631327473 151.94881656985956 88
1694631327512 151.40759488524216 89
1694631327543 151.24891711079306 90
1694631327576 150.8720462151331 91
1694631327609 149.81031936241146 92
1694631327644 150.90540824016298 93
1694631327679 149.94071150163333 94
1694631327713 149.7800756628995 95
1694631327746 148.86555448810347 96
1694631327779 148.7795097120407 97
1694631327814 147.98642207863904 98
1694631327846 147.72471102983087 99
1694631327881 147.28219102819148 100
1694631327915 147.3852982383082 101
1694631327946 147.14140034669296 102
1694631327981 147.35944167769233 103
1694631328011 146.29114444647323 104
1694631328042 147.23352028190655 105
1694631328076 144.9498251375641 106
1694631328107 144.70353128291075 107
1694631328139 145.35264903959043 108
1694631328170 145.19025943390335 109
1694631328204 145.11999091790975 110
1694631328237 143.9651331614514 111
1694631328271 143.09328084963715 112
1694631328302 143.82967999744804 113
1694631328335 143.9184384239388 114
1694631328371 142.83107049705728 115
1694631328401 142.77385074771004 116
1694631328437 142.88718884291532 117
1694631328470 142.46528108046132 118
1694631328506 141.88350093976476 119
1694631328537 141.91740058518855 120
1694631328568 141.15802886589674 121
1694631328598 140.76081426811962 122
1694631328632 141.0333351772139 123
1694631328662 141.04178995270053 124
1694631328696 139.76276347097652 125
1694631328727 139.10579862089446 126
1694631328759 139.35274292490456 127
1694631328794 139.46642641266615 128
1694631328827 138.6376056950488 129
1694631328861 138.31246652718494 130
1694631328894 138.30917395985995 131
1694631328929 137.02447673668536 132
1694631328959 137.8025632141212 133
1694631328993 137.47031659394787 134
1694631329026 136.59404948858716 135
1694631329059 137.129576473714 136
1694631329092 135.99517404845602 137
1694631329127 135.73015079360982 138
1694631329159 134.93234885981448 139
1694631329192 135.10453958272564 140
1694631329226 135.24166419121912 141
1694631329258 134.6921665190954 142
1694631329290 134.51526697474284 143
1694631329321 133.775610723163 144
1694631329354 134.06479610083218 145
1694631329385 135.03585985317514 146
1694631329417 134.0020464484793 147
1694631329447 133.00271399194145 148
1694631329477 132.86550457250414 149
1694631329510 132.67621375553608 150
1694631329543 131.77177867053632 151
1694631329576 132.67395255012428 152
1694631329611 132.16503610144386 153
1694631329642 131.80198577724872 154
1694631329675 131.43255458949758 155
1694631329708 130.7401657006967 156
1694631329740 129.9422494802552 157
1694631329775 130.01878253835926 158
1694631329810 129.82095760253893 159
1694631329844 128.91012851951382 160
1694631329877 129.84379796538164 161
1694631329912 128.98215065774508 162
1694631329946 128.77038787813908 163
1694631329981 128.09571930993823 164
1694631330012 128.83964952324547 165
1694631330041 128.16747958080137 166
1694631330074 127.7550090149755 167
1694631330105 127.88974667170746 168
1694631330139 127.6756856762677 169
1694631330174 127.23738911861048 170
1694631330213 126.88939573565766 171
1694631330250 126.30823169552382 172
1694631330283 126.05915418358897 173
1694631330314 126.48507388741054 174
1694631330346 125.83065938259972 175
1694631330379 125.73493430351863 176
1694631330412 125.55823544738962 177
1694631330445 125.3248553173974 178
1694631330476 123.55335596061734 179
1694631330510 124.70947664307381 180
1694631330543 123.96048400865514 181
1694631330576 124.36067175398213 182
1694631330609 123.38008058977178 183
1694631330642 123.38299968165926 184
1694631330675 123.13753654712765 185
1694631330708 122.2600067624899 186
1694631330741 122.49794832596281 187
1694631330771 122.40424669667927 188
1694631330806 121.43737587942915 189
1694631330837 120.46384056702577 190
1694631330870 121.91228648159796 191
1694631330901 120.59831581605343 192
1694631330934 121.2564082258215 193
1694631330971 120.72369277017228 194
1694631331002 120.13087887460102 195
1694631331032 120.04502954931428 196
1694631331063 120.10357428185655 197
1694631331094 119.03747782334267 198
1694631331125 119.68896897966208 199
1694631331157 118.6717555188231 200
1694631331188 118.85565786089298 201
1694631331221 118.70341580928296 202
1694631331252 118.0248392985065 203
1694631331288 117.86901305763 204
1694631331321 118.66073810880974 205
1694631331355 117.34300524603105 206
1694631331385 116.80869654523205 207
1694631331418 116.6369840562813 208
1694631331452 116.6990499406603 209
1694631331486 116.75049850566943 210
1694631331520 115.7215894024908 211
1694631331553 116.64425690517474 212
1694631331586 115.66150176361386 213
1694631331621 115.25423351777742 214
1694631331653 115.77815769171397 215
1694631331687 114.13627442715523 216
1694631331720 114.94686866827716 217
1694631331754 113.66639386837015 218
1694631331786 114.56475743025231 219
1694631331818 113.68082253184647 220
1694631331854 113.4476375594241 221
1694631331888 112.89504674665716 222
1694631331921 112.8566136133377 223
1694631331954 112.80125370105831 224
1694631331988 111.98153681817408 225
1694631332018 112.5741833413362 226
1694631332050 112.1674661082881 227
1694631332081 111.76061208180009 228
1694631332112 111.41582061137224 229
1694631332145 111.29540760920881 230
1694631332179 111.6124875511026 231
1694631332211 110.77856401766151 232
1694631332244 110.66554884994513 233
1694631332289 110.36002699258282 234
1694631332337 110.13257593292296 235
1694631332378 109.40728788055127 236
1694631332424 109.49599033494279 237
1694631332469 109.77058113334421 238
1694631332511 108.88484146477451 239
1694631332550 109.06091443711446 240
1694631332584 108.62862645587634 241
1694631332617 107.9578006805093 242
1694631332651 108.3776352904354 243
1694631332682 107.49484569028203 244
1694631332715 107.82022020620927 245
1694631332751 107.49760027395402 246
1694631332783 107.12180549262057 247
1694631332816 107.93912104967117 248
1694631332848 106.10265785859711 249
1694631332880 107.95867342831671 250
1694631332913 105.96426140572216 251
1694631332948 106.39661201055262 252
1694631332980 105.8388667842113 253
1694631333015 106.29847266212137 254
1694631333047 106.27287869307514 255
1694631333079 105.33272484523987 256
1694631333113 105.13356529724486 257
1694631333148 105.85636858544291 258
1694631333182 104.38849137301254 259
1694631333217 103.96641474522552 260
1694631333252 104.3313041345823 261
1694631333286 103.39151800620311 262
1694631333317 103.2591947198365 263
1694631333349 103.65717901528157 264
1694631333384 103.3914517556318 265
1694631333419 103.03297342346507 266
1694631333453 102.60169641237896 267
1694631333486 103.12061640697725 268
1694631333518 102.12152891920368 269
1694631333551 102.15153573992482 270
1694631333584 102.06635401206879 271
1694631333617 101.64957745138686 272
1694631333650 102.14909662297342 273
1694631333683 101.76748749017456 274
1694631333715 101.40248969524175 275
1694631333749 100.62617676684424 276
1694631333782 100.8214443367733 277
1694631333816 100.3594702754832 278
1694631333849 99.93738478661872 279
1694631333884 99.22984783437006 280
1694631333919 99.41497081723216 281
1694631333952 99.84811617950754 282
1694631333983 99.2687845484566 283
1694631334016 99.65608648619637 284
1694631334049 98.9696156523543 285
1694631334083 98.95028368283829 286
1694631334116 98.40200753270393 287
1694631334150 97.99340131733207 288
1694631334184 97.74768439517834 289
1694631334215 97.45821217578064 290
1694631334250 97.8104167023356 291
1694631334283 97.64502405223126 292
1694631334315 97.59883504172517 293
1694631334349 97.405422814882 294
1694631334382 97.05657797012788 295
1694631334416 97.5125371971343 296
1694631334450 96.63531088660561 297
1694631334483 96.51082331093019 298
1694631334516 96.48968801898053 299
1694631334551 96.04814232932769 300
1694631334580 94.86394704657646 301
1694631334612 95.5918788582296 302
1694631334646 95.14813571710279 303
1694631334677 95.3430346970137 304
1694631334712 94.90857935783868 305
1694631334746 94.50093620457842 306
1694631334779 94.01286916619713 307
1694631334812 94.15153989933614 308
1694631334845 93.6119521224793 309
1694631334878 93.77231193012683 310
1694631334908 93.54327097658543 311
1694631334942 93.41638236521477 312
1694631334972 93.50478669651126 313
1694631335005 92.52623506484188 314
1694631335034 92.67731467682809 315
1694631335066 92.28697465739741 316
1694631335102 92.18125431413816 317
1694631335138 92.27842831438353 318
1694631335174 92.47560570521323 319
1694631335208 92.30151150056169 320
1694631335241 91.86260476532185 321
1694631335274 91.94095268100477 322
1694631335306 91.01593935822686 323
1694631335338 90.79761311161924 324
1694631335370 90.80652023941543 325
1694631335400 90.45342733527605 326
1694631335433 90.6776621830564 327
1694631335465 90.02982783443346 328
1694631335501 89.90223973872166 329
1694631335536 90.4142952840666 330
1694631335566 88.64531520409878 331
1694631335597 89.02793599214132 332
1694631335627 89.70566674102203 333
1694631335657 88.05761713635876 334
1694631335689 88.95218108862035 335
1694631335719 88.7239671099628 336
1694631335755 88.30970965272365 337
1694631335784 88.29875631975442 338
1694631335817 88.71321304978531 339
1694631335850 88.17512350037309 340
1694631335878 88.3275189855601 341
1694631335912 87.41697864344972 342
1694631335948 87.44218886810282 343
1694631335979 87.49657762559752 344
1694631336011 87.4696914122799 345
1694631336046 87.06579598540407 346
1694631336077 86.97971750067666 347
1694631336107 86.28856337861815 348
1694631336141 86.48016714240883 349
1694631336173 85.6048840445677 350
1694631336203 86.07800032462148 351
1694631336236 85.67612214563869 352
1694631336268 85.9124115362211 353
1694631336300 85.58362554944055 354
1694631336333 84.84943908037523 355
1694631336369 84.8482661024858 356
1694631336402 85.28952932381011 357
1694631336438 84.47160317082232 358
1694631336469 85.32810944534786 359
1694631336500 84.42768182681938 360
1694631336534 83.9185349372947 361
1694631336568 83.7430933670617 362
1694631336599 83.49596707780019 363
1694631336632 83.92230169334191 364
1694631336664 83.01737518533498 365
1694631336698 83.16209431104825 366
1694631336733 83.33134080391021 367
1694631336765 82.7519335323938 368
1694631336797 83.41739599802371 369
1694631336829 82.66664174936506 370
1694631336861 82.36504766656546 371
1694631336895 82.12487256026054 372
1694631336927 82.41638704442806 373
1694631336958 81.66763722656476 374
1694631336991 81.83855170088893 375
1694631337023 80.9686832647591 376
1694631337052 81.29852121441502 377
1694631337083 81.84548920550276 378
1694631337115 81.045221173728 379
1694631337149 79.90873636287559 380
1694631337181 80.33618298227952 381
1694631337212 80.06530788584007 382
1694631337244 80.62717218856828 383
1694631337278 80.05631238086045 384
1694631337311 80.67560567633383 385
1694631337342 79.72602298062519 386
1694631337372 79.37355154465074 387
1694631337404 79.9366482155985 388
1694631337438 79.23885231831818 389
1694631337471 79.15258642201911 390
1694631337506 78.36835196072992 391
1694631337538 78.20205159649355 392
1694631337571 78.05325002090146 393
1694631337605 78.46875648251853 394
1694631337638 77.8599631318268 395
1694631337674 77.69987121222104 396
1694631337706 77.94388175200288 397
1694631337739 77.2577543803477 398
1694631337774 77.81269270468479 399
1694631337808 77.49044431140214 400
1694631337842 76.33033787357323 401
1694631337875 77.27866579278195 402
1694631337911 76.65011198169877 403
1694631337946 76.05140547804733 404
1694631337979 75.94820974704098 405
1694631338012 76.01584940753806 406
1694631338047 76.37581301105763 407
1694631338078 76.15873771432898 408
1694631338110 75.75223549261752 409
1694631338143 75.96686966879642 410
1694631338179 76.06602898255522 411
1694631338213 75.97879433368885 412
1694631338246 75.59267340563945 413
1694631338279 75.53266134770654 414
1694631338311 75.31617288088354 415
1694631338342 75.15565245412274 416
1694631338376 74.44144197402929 417
1694631338409 74.6203292690547 418
1694631338440 74.19888275094932 419
1694631338472 74.17790457447165 420
1694631338506 74.30628788411622 421
1694631338539 73.38198997391942 422
1694631338571 74.37184987038812 423
1694631338602 73.53425156916121 424
1694631338636 73.14610159262647 425
1694631338671 73.73522629955778 426
1694631338702 73.33297071308829 427
1694631338734 72.4846138101212 428
1694631338768 73.3596683917157 429
1694631338799 72.15509625211959 430
1694631338833 72.40891595942931 431
1694631338867 71.6782189791052 432
1694631338899 71.8168779964275 433
1694631338933 72.03573284646652 434
1694631338966 71.71100893193723 435
1694631339000 71.85451410365204 436
1694631339032 71.37891964905394 437
1694631339065 70.973462327415 438
1694631339098 71.70936861088778 439
1694631339130 70.9688724809862 440
1694631339162 71.64846066277504 441
1694631339195 70.70156491626277 442
1694631339228 70.88051135091813 443
1694631339262 70.29716467923404 444
1694631339295 70.43149958598399 445
1694631339328 70.12547786813855 446
1694631339361 69.85470642370686 447
1694631339393 69.22751033286598 448
1694631339428 70.72024612320466 449
1694631339460 69.05621516247176 450
1694631339493 69.58300758032725 451
1694631339527 69.5825051961178 452
1694631339561 69.10707413957871 453
1694631339596 69.43190757119345 454
1694631339628 68.42305189246736 455
1694631339660 69.02376109576761 456
1694631339691 68.58304166791652 457
1694631339725 68.3583460714104 458
1694631339756 68.22577480755565 459
1694631339786 68.10616673255053 460
1694631339818 67.9871330637251 461
1694631339852 67.48376323483707 462
1694631339882 67.76496996353086 463
1694631339914 67.81166700509208 464
1694631339948 67.54708222055432 465
1694631339979 67.39652615440845 466
1694631340012 67.23432517830396 467
1694631340042 67.12296613389076 468
1694631340073 67.1353510051797 469
1694631340107 66.47712677634829 470
1694631340139 66.68324763130427 471
1694631340172 66.0392377347198 472
1694631340204 66.34609289191675 473
1694631340234 65.8998615823814 474
1694631340267 66.35623519914677 475
1694631340309 66.01852551042467 476
1694631340347 65.74871007085703 477
1694631340379 65.50739952281879 478
1694631340412 65.8671309833888 479
1694631340446 64.99173714468087 480
1694631340474 65.48526617706958 481
1694631340507 64.65176829689776 482
1694631340543 65.03171837803383 483
1694631340575 64.72082827577636 484
1694631340608 64.05951302650152 485
1694631340641 64.15439216453987 486
1694631340673 64.3153369171603 487
1694631340707 64.59058926382335 488
1694631340743 64.52798930729111 489
1694631340773 63.774122652982236 490
1694631340807 63.382560428988924 491
1694631340838 63.45538535420338 492
1694631340867 63.73578264989511 493
1694631340902 63.488318078364294 494
1694631340933 63.183235192975935 495
1694631340963 63.38256275652711 496
1694631340996 63.174313549109414 497
1694631341028 63.020712484930115 498
1694631341058 62.59535271742371 499
1694631341090 62.61443911262818 500
1694631341121 62.216541066578586 501
1694631341154 62.38656476183515 502
1694631341182 62.0224507608046 503
1694631341214 62.20699667593382 504
1694631341248 62.224287048125056 505
1694631341280 61.92043290786697 506
1694631341314 61.87574803466577 507
1694631341343 61.83588483018257 508
1694631341372 61.70759537606468 509
1694631341405 61.772419960448545 510
1694631341436 61.077562601523596 511
1694631341466 60.95156470558681 512
1694631341499 61.104504498849025 513
1694631341531 60.62591114010864 514
1694631341564 60.26877995838888 515
1694631341600 60.29012879516781 516
1694631341632 60.243819972013696 517
1694631341666 60.621958712101225 518
1694631341698 60.011772073763744 519
1694631341731 60.098588588314016 520
1694631341762 59.63256042322486 521
1694631341794 60.064371828040734 522
1694631341826 60.50442516285425 523
1694631341857 59.535661957156066 524
1694631341887 59.03801432382938 525
1694631341920 59.36939285923714 526
1694631341953 58.99548849578074 527
1694631341984 58.52414176742764 528
1694631342017 58.93654069382982 529
1694631342052 58.38179898040532 530
1694631342088 58.71633561604522 531
1694631342120 58.121660830560685 532
1694631342151 58.33895801418329 533
1694631342180 57.99573800052911 534
1694631342213 57.990863057657826 535
1694631342245 58.0766899002809 536
1694631342277 57.309362944593694 537
1694631342310 57.88067329995324 538
1694631342341 57.85143217931841 539
1694631342374 57.282654459547 540
1694631342408 57.3939701957582 541
1694631342439 57.0738041851132 542
1694631342473 56.91074082608438 543
1694631342506 56.8826181344696 544
1694631342548 56.99973953123066 545
1694631342590 56.975304935409206 546
1694631342628 56.42639096212172 547
1694631342671 56.85214703148021 548
1694631342718 56.62927481639308 549
1694631342761 56.24736257119307 550
1694631342800 56.608261979101655 551
1694631342832 56.5815498692663 552
1694631342865 55.98507523891067 553
1694631342898 56.0384925148856 554
1694631342932 55.48838083422262 555
1694631342965 55.79910581816956 556
1694631342998 55.454692799995 557
1694631343030 55.94511651689268 558
1694631343063 55.08419451060333 559
1694631343096 55.09591276955007 560
1694631343129 55.4795136150049 561
1694631343161 54.51325597189756 562
1694631343192 54.890227469961125 563
1694631343225 54.260404183700935 564
1694631343262 54.68307194475375 565
1694631343301 54.99106515952601 566
1694631343337 54.31834619356076 567
1694631343373 54.311958811408424 568
1694631343405 54.05310430962898 569
1694631343438 54.11964117073079 570
1694631343471 54.24440866376722 571
1694631343504 53.91648062501626 572
1694631343535 52.633925655090664 573
1694631343565 53.24748856880396 574
1694631343597 53.68958314426058 575
1694631343630 53.04808269044822 576
1694631343663 53.06856819318934 577
1694631343692 53.210324392244964 578
1694631343723 52.67562219211656 579
1694631343756 53.21325838135028 580
1694631343787 52.66287278472485 581
1694631343821 52.80505003620849 582
1694631343852 51.961659874289325 583
1694631343882 52.326566269083685 584
1694631343915 52.50330132818234 585
1694631343947 52.56723403072057 586
1694631343981 51.99936667663718 587
1694631344011 52.347871471721774 588
1694631344045 51.486977256023934 589
1694631344073 51.61217820305052 590
1694631344107 51.74125116433415 591
1694631344139 51.58302686649585 592
1694631344172 50.92447321716764 593
1694631344205 52.0095060996593 594
1694631344237 51.169822712377616 595
1694631344265 51.10974437785374 596
1694631344301 50.91155663916087 597
1694631344333 51.17432911522146 598
1694631344370 50.54547173975418 599
1694631344406 50.633533864146585 600
1694631344440 50.903889011646875 601
1694631344473 50.205633113402705 602
1694631344510 50.55294282651965 603
1694631344542 50.34585065168919 604
1694631344577 50.104878263882846 605
1694631344609 50.000449226921305 606
1694631344640 50.13595457915131 607
1694631344671 49.699608591695515 608
1694631344703 50.1564622892553 609
1694631344735 50.05082203775596 610
1694631344767 49.711067053834405 611
1694631344801 49.05254154635337 612
1694631344832 49.17698418008507 613
1694631344864 49.409289035475695 614
1694631344894 49.12414244733412 615
1694631344925 48.80553140610818 616
1694631344958 48.5381008227785 617
1694631344992 48.00183378744255 618
1694631345025 48.853222370026515 619
1694631345056 48.58930207969667 620
1694631345088 48.47279080482433 621
1694631345121 48.323694110851015 622
1694631345153 47.9681103446357 623
1694631345187 48.02661069893984 624
1694631345223 48.54809829753457 625
1694631345256 48.25904693089565 626
1694631345290 48.23461842451394 627
1694631345325 47.787868418179315 628
1694631345358 47.50162849647078 629
1694631345392 47.628674562199855 630
1694631345425 48.064924365146375 631
1694631345457 47.562470924446124 632
1694631345492 47.410267065548574 633
1694631345526 47.83354330546752 634
1694631345558 47.05344852983481 635
1694631345593 46.920911983646384 636
1694631345626 47.41540825560818 637
1694631345658 46.79938735199987 638
1694631345692 46.702569276803025 639
1694631345724 46.64338384951001 640
1694631345754 46.39218504738681 641
1694631345787 46.61305279322276 642
1694631345821 46.425391215745314 643
1694631345852 46.133281136382045 644
1694631345885 46.05190852231897 645
1694631345915 46.189340143229714 646
1694631345947 45.804117417793165 647
1694631345981 46.060897246981995 648
1694631346011 46.06396557093721 649
1694631346042 45.66335751979539 650
1694631346075 45.91086000141071 651
1694631346108 45.84663035156507 652
1694631346141 45.70412516934613 653
1694631346172 44.71874269767587 654
1694631346203 45.96006407881152 655
1694631346234 45.20447181190412 656
1694631346269 45.288025907710335 657
1694631346301 44.87938090322852 658
1694631346337 44.69566456168245 659
1694631346370 44.407681023740956 660
1694631346404 44.24006364830843 661
1694631346438 44.678902018896444 662
1694631346472 44.49931849143628 663
1694631346504 44.47662549351825 664
1694631346535 44.378217425087875 665
1694631346569 44.25179012686324 666
1694631346604 44.09060304331871 667
1694631346635 43.68277195716208 668
1694631346666 43.818083853090435 669
1694631346698 44.08576077899701 670
1694631346732 43.73836583301234 671
1694631346765 43.9558659880821 672
1694631346797 43.453845913898064 673
1694631346828 43.320328204570046 674
1694631346861 43.67726518849563 675
1694631346896 43.33272964894605 676
1694631346928 43.38416449664147 677
1694631346957 42.64303555692519 678
1694631346990 42.91904087528939 679
1694631347022 42.668917397515024 680
1694631347054 42.877888872198334 681
1694631347085 43.07984239416611 682
1694631347121 42.74857671800096 683
1694631347153 42.57297897261029 684
1694631347185 42.01880648902495 685
1694631347216 42.3185885623741 686
1694631347246 42.290680653185 687
1694631347278 42.5106266675978 688
1694631347308 42.206901858466885 689
1694631347344 41.95818213784603 690
1694631347377 41.92739107253379 691
1694631347410 42.40940569864093 692
1694631347440 42.47402864674291 693
1694631347470 41.75348812228623 694
1694631347506 41.81617377394231 695
1694631347539 41.10220828632119 696
1694631347568 41.4555048896259 697
1694631347602 41.35058309547886 698
1694631347634 41.17377855850685 699
1694631347663 41.030322185585135 700
1694631347694 41.241561983179196 701
1694631347729 41.43401539675585 702
1694631347758 41.016926657100484 703
1694631347790 41.0955477604166 704
1694631347825 40.72149095001817 705
1694631347857 40.7000546359038 706
1694631347888 40.5764199092612 707
1694631347922 40.31200335756441 708
1694631347952 40.67681149710498 709
1694631347986 40.7598492720849 710
1694631348018 40.65753402863939 711
1694631348051 40.20756527877614 712
1694631348082 40.06184208406641 713
1694631348114 39.996314062028446 714
1694631348146 40.079204785156755 715
1694631348177 39.938269927263995 716
1694631348210 40.07756056313 717
1694631348240 39.78570189310526 718
1694631348267 39.368407827264335 719
1694631348302 39.185379825989536 720
1694631348335 39.4253697163688 721
1694631348367 39.425353259662195 722
1694631348399 39.66524571108938 723
1694631348431 39.45138800806806 724
1694631348462 39.22608300094614 725
1694631348495 38.8558958552865 726
1694631348524 38.81413926213754 727
1694631348557 38.6586243265357 728
1694631348589 39.03856474636814 729
1694631348622 38.981800476395755 730
1694631348655 38.57399566109022 731
1694631348686 38.76788021165946 732
1694631348718 38.527430513779606 733
1694631348751 38.62892399976914 734
1694631348781 38.524711090167564 735
1694631348813 38.382014250750984 736
1694631348844 38.112038608122226 737
1694631348872 38.36489621542864 738
1694631348905 37.70126478778164 739
1694631348938 38.08309851500918 740
1694631348968 37.46626665615414 741
1694631348999 37.65892461027131 742
1694631349031 37.8372145157029 743
1694631349062 37.51013433287942 744
1694631349093 36.814922063468074 745
1694631349126 37.543594870298435 746
1694631349157 37.337446746494386 747
1694631349188 37.08180535900691 748
1694631349219 37.06648337612754 749
1694631349251 36.62531287961733 750
1694631349282 36.87869102733662 751
1694631349314 37.119193891800606 752
1694631349346 36.7455765612745 753
1694631349380 36.93774553106328 754
1694631349413 37.16635022193213 755
1694631349448 37.12370287785987 756
1694631349479 36.434405589720214 757
1694631349512 36.60115210868851 758
1694631349545 36.485786195122316 759
1694631349577 36.354426021223915 760
1694631349608 36.394016405468165 761
1694631349641 36.312433440800206 762
1694631349668 36.54012448158824 763
1694631349700 36.016960351014056 764
1694631349732 36.06535753740547 765
1694631349763 35.95117034497383 766
1694631349795 35.59070141843515 767
1694631349827 35.81997629112096 768
1694631349859 35.714169884201674 769
1694631349890 35.67538866632431 770
1694631349923 35.97177283868623 771
1694631349954 35.80357112897439 772
1694631349984 35.530523228619465 773
1694631350015 35.472588461949734 774
1694631350048 35.453115248294544 775
1694631350078 35.02594450008624 776
1694631350110 35.145090943293866 777
1694631350142 35.15230402671295 778
1694631350172 34.949009948797425 779
1694631350204 35.260511561598065 780
1694631350233 34.97911708122903 781
1694631350263 35.06422780675041 782
1694631350296 35.21934710900007 783
1694631350329 34.39703020826405 784
1694631350366 34.756399853315266 785
1694631350403 34.707412340677024 786
1694631350440 34.249298787745865 787
1694631350473 34.58819705555318 788
1694631350506 34.29784123812755 789
1694631350537 34.0948084900621 790
1694631350568 34.01045906335275 791
1694631350601 34.25079330032047 792
1694631350635 33.926816671086925 793
1694631350666 33.881655586965 794
1694631350697 34.15524657171771 795
1694631350731 33.73622975993049 796
1694631350762 33.9412665363797 797
1694631350794 33.61711946520219 798
1694631350825 34.10643289667146 799
1694631350855 33.95791644608547 800
1694631350889 33.314521615763724 801
1694631350924 33.65603305996244 802
1694631350956 33.396001005735144 803
1694631350988 33.25714144691353 804
1694631351020 33.13853019344656 805
1694631351052 33.16526940793147 806
1694631351083 33.63258287716511 807
1694631351119 32.895567656136755 808
1694631351150 33.1854201279582 809
1694631351182 32.78619101419072 810
1694631351215 32.801915222889214 811
1694631351247 32.874916127608564 812
1694631351276 32.850011097653145 813
1694631351308 32.473712305573095 814
1694631351338 32.39380680771249 815
1694631351375 32.63954104911195 816
1694631351414 32.40779427078096 817
1694631351448 32.36660001115566 818
1694631351483 31.922731107885642 819
1694631351514 31.89127982046543 820
1694631351549 32.214274531371984 821
1694631351580 32.09465014800179 822
1694631351613 32.044908344910965 823
1694631351647 31.70371480937688 824
1694631351679 31.53810474404076 825
1694631351714 31.45116372427242 826
1694631351748 31.686267915275206 827
1694631351777 31.64930551688408 828
1694631351808 31.57985968180333 829
1694631351841 31.70118565590823 830
1694631351871 31.344103024813265 831
1694631351904 31.184131007649636 832
1694631351938 31.122349385734694 833
1694631351971 31.13338005445266 834
1694631352003 31.314701115281323 835
1694631352036 31.27698675410295 836
1694631352066 31.16526477928882 837
1694631352100 31.282842481979863 838
1694631352133 31.23631476908401 839
1694631352165 31.39639273960988 840
1694631352194 30.554787996265333 841
1694631352226 30.715808937750065 842
1694631352258 30.62139809525918 843
1694631352288 30.49466103183206 844
1694631352320 31.12819659424729 845
1694631352354 30.438937301731116 846
1694631352390 30.246963481233223 847
1694631352424 29.868790901831456 848
1694631352456 30.536728609935807 849
1694631352489 30.213324022785375 850
1694631352524 30.361490357712118 851
1694631352557 30.381041569188515 852
1694631352590 29.98393396608288 853
1694631352625 30.261986330717882 854
1694631352658 29.94892343195619 855
1694631352690 30.138546551050624 856
1694631352724 29.585354113465282 857
1694631352757 29.63416405232165 858
1694631352789 29.791296338039277 859
1694631352830 29.39341210484258 860
1694631352874 29.56599529760954 861
1694631352918 29.695467793705344 862
1694631352957 29.617172555516458 863
1694631353002 29.673707633482817 864
1694631353049 29.55647795346438 865
1694631353087 29.450415730152418 866
1694631353118 29.710865066077226 867
1694631353150 28.851372380164214 868
1694631353182 29.32172642519958 869
1694631353216 29.21647830906855 870
1694631353248 29.58382243660172 871
1694631353281 29.337536028703514 872
1694631353313 28.928487069984516 873
1694631353348 28.78177269614136 874
1694631353379 28.701125881760298 875
1694631353411 28.82519253294673 876
1694631353443 28.89064202330141 877
1694631353476 28.513768408600487 878
1694631353511 28.930738959455827 879
1694631353544 28.725606148641848 880
1694631353574 28.108783395014193 881
1694631353609 28.05054559740518 882
1694631353642 28.883383113119176 883
1694631353678 28.5036259239889 884
1694631353711 28.087175807336873 885
1694631353744 28.556073649942213 886
1694631353774 28.221123978663435 887
1694631353805 27.98392585186561 888
1694631353840 27.898027893191127 889
1694631353873 27.935659614839068 890
1694631353906 27.827004740798117 891
1694631353942 28.212431429230925 892
1694631353976 27.491798824067807 893
1694631354008 27.558025662501255 894
1694631354042 27.56375228896018 895
1694631354078 28.005038647777187 896
1694631354111 27.65319951533961 897
1694631354145 27.324828901310365 898
1694631354178 27.459263678545657 899
1694631354215 27.21533369359828 900
1694631354251 26.911692861283097 901
1694631354284 27.054690306896973 902
1694631354317 26.90593777320763 903
1694631354348 27.449966322580465 904
1694631354383 26.883659444844184 905
1694631354416 27.262957576499662 906
1694631354451 26.71711633252553 907
1694631354486 27.192713772379527 908
1694631354522 26.74999245930167 909
1694631354564 27.157840921924606 910
1694631354618 26.775802148975362 911
1694631354661 26.642856215435764 912
1694631354691 26.84325545004018 913
1694631354724 27.035067763849913 914
1694631354755 26.901191424496435 915
1694631354789 26.83523254647864 916
1694631354820 26.24561236783043 917
1694631354853 26.026516686379438 918
1694631354886 26.675980281951997 919
1694631354918 26.348691271130537 920
1694631354954 26.481401037202176 921
1694631354984 26.530040757682315 922
1694631355017 25.931630260345244 923
1694631355049 25.92878059144414 924
1694631355081 25.99421906768516 925
1694631355113 25.878236291717506 926
1694631355143 26.02713835158873 927
1694631355174 25.74166569152392 928
1694631355207 25.83690205962059 929
1694631355243 25.521944016033306 930
1694631355275 25.74952121311619 931
1694631355306 25.7330275322247 932
1694631355340 25.868917955724243 933
1694631355373 25.17572940270107 934
1694631355405 25.571160436806167 935
1694631355438 25.876553062030457 936
1694631355471 25.291422891447645 937
1694631355507 25.35239929135738 938
1694631355542 25.133277249626392 939
1694631355575 25.320287298392195 940
1694631355607 25.475908596023025 941
1694631355639 25.246961822153096 942
1694631355674 24.990251465511733 943
1694631355705 25.338562876514285 944
1694631355739 24.8857111797869 945
1694631355772 24.748841596371967 946
1694631355802 25.0911258227801 947
1694631355836 24.828377127127276 948
1694631355870 25.10740856197912 949
1694631355903 25.167300207242505 950
1694631355934 24.774061686595896 951
1694631355967 24.437990091505725 952
1694631355997 24.568812322275473 953
1694631356031 24.384322215371622 954
1694631356065 24.72864572553706 955
1694631356095 24.374546560124468 956
1694631356126 24.555524033214237 957
1694631356159 24.669570747066608 958
1694631356193 24.344988997177328 959
1694631356223 24.236405672960334 960
1694631356256 24.26700777047362 961
1694631356288 24.176978807950416 962
1694631356320 24.1533552273774 963
1694631356351 24.13874875652201 964
1694631356387 24.48566688291755 965
1694631356418 24.106570482183642 966
1694631356453 24.17945274937083 967
1694631356486 24.372675705184882 968
1694631356523 23.717896996120153 969
1694631356558 23.82557780795875 970
1694631356593 23.881212049463297 971
1694631356626 23.66536261184873 972
1694631356660 23.80575505533256 973
1694631356691 23.768462263083304 974
1694631356724 23.92388470226711 975
1694631356758 23.732613736789613 976
1694631356789 23.493953183938075 977
1694631356818 23.662336881559995 978
1694631356849 23.2389284063479 979
1694631356881 23.585195330316743 980
1694631356913 23.419639039514085 981
1694631356946 23.405150092225515 982
1694631356977 23.453633452466747 983
1694631357012 23.245410666732592 984
1694631357043 23.175175620658074 985
1694631357069 22.90191973134663 986
1694631357102 22.805892776777036 987
1694631357135 22.784850266324682 988
1694631357168 23.158888405751778 989
1694631357202 23.195474034971586 990
1694631357236 23.05881020568671 991
1694631357267 22.97138725905156 992
1694631357301 22.94262453230339 993
1694631357334 22.92660495176592 994
1694631357367 22.732649498644196 995
1694631357401 22.849990782003847 996
1694631357435 22.688622354634038 997
1694631357466 22.51267458883364 998
1694631357499 22.39581118764592 999
