1694631908820 160.341702180467 0
1694631908867 160.02228339097846 1
1694631908923 159.70351998452637 2
1694631908976 159.385410595551 3
1694631909045 159.06795386136818 4
1694631909132 158.75114842216317 5
1694631909206 158.4349929209847 6
1694631909320 158.11948600373873 7
1694631909398 157.80462631918252 8
1694631909453 157.4904125189183 9
1694631909520 157.1768432573876 10
1694631909581 156.86391719186486 11
1694631909637 156.55163298245168 12
1694631909713 156.2399892920706 13
1694631909758 155.9289847864592 14
1694631909809 155.61861813416422 15
1694631909851 155.3088880065353 16
1694631909898 154.99979307771935 17
1694631909975 154.69133202465432 18
1694631910018 154.38350352706345 19
1694631910075 154.07630626744935 20
1694631910136 153.76973893108794 21
1694631910199 153.46380020602274 22
1694631910255 153.15848878305877 23
1694631910308 152.85380335575695 24
1694631910364 152.54974262042805 25
1694631910420 152.24630527612683 26
1694631910471 151.94349002464634 27
1694631910527 151.64129557051203 28
1694631910652 151.33972062097592 29
1694631910700 151.03876388601086 30
1694631910743 150.7384240783047 31
1694631910797 150.43869991325448 32
1694631910850 150.13959010896087 33
1694631910900 149.84109338622218 34
1694631910944 149.54320846852877 35
1694631910993 149.2459340820573 36
1694631911049 148.94926895566496 37
1694631911099 148.65321182088385 38
1694631911154 148.35776141191536 39
1694631911204 148.06291646562434 40
1694631911254 147.76867572153344 41
1694631911299 147.47503792181774 42
1694631911349 147.18200181129873 43
1694631911408 146.88956613743895 44
1694631911473 146.59772965033628 45
1694631911540 146.30649110271838 46
1694631911580 146.01584924993705 47
1694631911659 145.72580284996278 48
1694631911740 145.43635066337896 49
1694631911809 145.14749145337657 50
1694631911853 144.8592239857485 51
1694631911905 144.5715470288841 52
1694631911965 144.28445935376357 53
1694631912056 143.99795973395254 54
1694631912117 143.7120469455966 55
1694631912193 143.42671976741568 56
1694631912262 143.14197698069873 57
1694631912340 142.85781736929823 58
1694631912406 142.57423971962473 59
1694631912449 142.29124282064134 60
1694631912526 142.0088254638584 61
1694631912593 141.72698644332814 62
1694631912655 141.44572455563917 63
1694631912735 141.16503859991101 64
1694631912780 140.88492737778893 65
1694631912824 140.60538969343853 66
1694631912875 140.32642435354015 67
1694631912925 140.0480301672839 68
1694631912972 139.77020594636414 69
1694631913013 139.49295050497412 70
1694631913068 139.21626265980066 71
1694631913117 138.94014123001912 72
1694631913171 138.6645850372878 73
1694631913231 138.38959290574275 74
1694631913293 138.1151636619927 75
1694631913337 137.8412961351135 76
1694631913387 137.5679891566432 77
1694631913443 137.29524156057656 78
1694631913504 137.02305218336002 79
1694631913555 136.75141986388635 80
1694631913609 136.4803434434896 81
1694631913655 136.2098217659398 82
1694631913700 135.93985367743787 83
1694631913755 135.67043802661038 84
1694631913802 135.40157366450458 85
1694631913847 135.13325944458293 86
1694631913891 134.8654942227183 87
1694631913947 134.59827685718878 88
1694631914015 134.33160620867244 89
1694631914071 134.06548114024235 90
1694631914124 133.79990051736146 91
1694631914164 133.5348632078776 92
1694631914207 133.27036808201828 93
1694631914258 133.00641401238576 94
1694631914309 132.74299987395202 95
1694631914383 132.48012454405358 96
1694631914422 132.21778690238668 97
1694631914493 131.95598583100215 98
1694631914535 131.69472021430045 99
1694631914584 131.43398893902668 100
1694631914636 131.17379089426555 101
1694631914691 130.9141249714366 102
1694631914742 130.654990064289 103
1694631914788 130.39638506889676 104
1694631914843 130.13830888365385 105
1694631914901 129.88076040926904 106
1694631914950 129.6237385487613 107
1694631915005 129.36724220745467 108
1694631915060 129.11127029297344 109
1694631915114 128.85582171523728 110
1694631915155 128.6008953864564 111
1694631915207 128.3464902211266 112
1694631915275 128.0926051360246 113
1694631915326 127.83923905020289 114
1694631915421 127.58639088498528 115
1694631915476 127.33405956396184 116
1694631915535 127.08224401298412 117
1694631915575 126.83094316016044 118
1694631915616 126.58015593585104 119
1694631915652 126.3298812726633 120
1694631915703 126.080118105447 121
1694631915760 125.83086537128958 122
1694631915804 125.58212200951131 123
1694631915854 125.33388696166071 124
1694631915907 125.0861591715097 125
1694631915957 124.83893758504891 126
1694631916017 124.59222115048294 127
1694631916075 124.3460088182258 128
1694631916118 124.10029954089607 129
1694631916159 123.85509227331235 130
1694631916210 123.61038597248852 131
1694631916249 123.36617959762906 132
1694631916310 123.1224721101245 133
1694631916385 122.87926247354677 134
1694631916465 122.63654965364445 135
1694631916532 122.39433261833835 136
1694631916588 122.15261033771674 137
1694631916633 121.91138178403078 138
1694631916676 121.67064593169013 139
1694631916723 121.43040175725812 140
1694631916766 121.19064823944723 141
1694631916806 120.95138435911471 142
1694631916867 120.71260909925782 143
1694631916933 120.47432144500952 144
1694631916981 120.2365203836336 145
1694631917027 119.99920490452061 146
1694631917073 119.76237399918297 147
1694631917121 119.52602666125067 148
1694631917160 119.29016188646679 149
1694631917202 119.05477867268287 150
1694631917240 118.8198760198546 151
1694631917279 118.58545293003729 152
1694631917326 118.35150840738146 153
1694631917381 118.11804145812832 154
1694631917422 117.88505109060546 155
1694631917482 117.6525363152223 156
1694631917543 117.4204961444658 157
1694631917591 117.18892959289597 158
1694631917640 116.95783567714147 159
1694631917688 116.72721341589538 160
1694631917744 116.49706182991059 161
1694631917804 116.26737994199566 162
1694631917869 116.03816677701028 163
1694631917918 115.80942136186106 164
1694631917958 115.58114272549712 165
1694631918010 115.35332989890581 166
1694631918059 115.12598191510834 167
1694631918119 114.8990978091555 168
1694631918172 114.67267661812345 169
1694631918218 114.4467173811092 170
1694631918264 114.22121913922653 171
1694631918308 113.99618093560174 172
1694631918366 113.77160181536918 173
1694631918410 113.54748082566721 174
1694631918466 113.32381701563382 175
1694631918524 113.10060943640248 176
1694631918573 112.87785714109785 177
1694631918617 112.65555918483165 178
1694631918662 112.43371462469834 179
1694631918705 112.21232251977094 180
1694631918758 111.99138193109697 181
1694631918804 111.77089192169412 182
1694631918846 111.5508515565461 183
1694631918907 111.33125990259863 184
1694631918955 111.11211602875504 185
1694631918992 110.89341900587232 186
1694631919042 110.67516790675684 187
1694631919081 110.45736180616038 188
1694631919121 110.23999978077589 189
1694631919160 110.02308090923343 190
1694631919204 109.80660427209604 191
1694631919246 109.59056895185566 192
1694631919289 109.37497403292909 193
1694631919332 109.15981860165381 194
1694631919378 108.94510174628407 195
1694631919420 108.73082255698664 196
1694631919472 108.51698012583697 197
1694631919534 108.3035735468149 198
1694631919582 108.09060191580095 199
1694631919641 107.87806433057199 200
1694631919715 107.66595989079737 201
1694631919768 107.4542876980349 202
1694631919809 107.24304685572697 203
1694631919861 107.03223646919628 204
1694631919917 106.8218556456421 205
1694631919960 106.61190349413619 206
1694631920007 106.40237912561894 207
1694631920058 106.19328165289525 208
1694631920100 105.98461019063073 209
1694631920140 105.77636385534771 210
1694631920185 105.56854176542132 211
1694631920227 105.36114304107552 212
1694631920292 105.15416680437929 213
1694631920330 104.94761217924258 214
1694631920380 104.74147829141259 215
1694631920420 104.5357642684697 216
1694631920483 104.33046923982376 217
1694631920536 104.1255923367101 218
1694631920584 103.92113269218572 219
1694631920621 103.71708944112541 220
1694631920658 103.51346172021795 221
1694631920716 103.31024866796218 222
1694631920755 103.10744942466334 223
1694631920797 102.90506313242902 224
1694631920846 102.70308893516548 225
1694631920893 102.50152597857392 226
1694631920940 102.30037341014653 227
1694631920992 102.09963037916278 228
1694631921038 101.89929603668556 229
1694631921088 101.6993695355576 230
1694631921137 101.49985003039744 231
1694631921224 101.30073667759595 232
1694631921288 101.10202863531231 233
1694631921338 100.90372506347047 234
1694631921380 100.70582512375535 235
1694631921442 100.5083279796091 236
1694631921524 100.31123279622736 237
1694631921590 100.11453874055566 238
1694631921653 99.91824498128557 239
1694631921721 99.7223506888512 240
1694631921773 99.52685503542526 241
1694631921817 99.33175719491558 242
1694631921892 99.13705634296143 243
1694631921950 98.94275165692974 244
1694631922011 98.74884231591159 245
1694631922075 98.55532750071843 246
1694631922137 98.36220639387851 247
1694631922187 98.16959758589586 248
1694631922249 97.97738039625018 249
1694631922306 97.78555401403155 250
1694631922352 97.59411763002801 251
1694631922432 97.4030704367221 252
1694631922511 97.21241162828724 253
1694631922573 97.02214040058412 254
1694631922639 96.83225595115715 255
1694631922717 96.64275747923102 256
1694631922760 96.45364418570688 257
1694631922817 96.26491527315908 258
1694631922872 96.07656994583157 259
1694631922927 95.88860740963423 260
1694631923037 95.70102687213948 261
1694631923091 95.51382754257877 262
1694631923137 95.32700863183904 263
1694631923193 95.1405693524592 264
1694631923241 94.95450891862671 265
1694631923294 94.76882654617411 266
1694631923342 94.58352145257538 267
1694631923400 94.39859285694268 268
1694631923449 94.21403998002282 269
1694631923516 94.0298620441937 270
1694631923590 93.84605827346107 271
1694631923669 93.66262789345492 272
1694631923709 93.47957013142613 273
1694631923765 93.29688421624303 274
1694631923824 93.11456937838801 275
1694631923865 92.93262484995402 276
1694631923909 92.75104986464136 277
1694631923966 92.56984365775408 278
1694631924024 92.38900546619666 279
1694631924089 92.20853452847078 280
1694631924143 92.02843008467168 281
1694631924199 91.84869137648501 282
1694631924250 91.66931764718338 283
1694631924300 91.49030814162305 284
1694631924368 91.31166210624058 285
1694631924420 91.13337878904943 286
1694631924500 90.95545743963675 287
1694631924567 90.77789730915994 288
1694631924604 90.60069765034342 289
1694631924647 90.42385771747529 290
1694631924688 90.24737676640402 291
1694631924736 90.07125405453519 292
1694631924774 89.89548884082814 293
1694631924820 89.72008038579278 294
1694631924858 89.54502795148626 295
1694631924907 89.3703308015097 296
1694631924966 89.19598820100498 297
1694631925024 89.02199941665141 298
1694631925073 88.84836371666259 299
1694631925131 88.67508037078306 300
1694631925185 88.50214865028516 301
1694631925249 88.32956782796577 302
1694631925293 88.15733717814305 303
1694631925334 87.98545597665336 304
1694631925370 87.81392350084788 305
1694631925440 87.64273902958958 306
1694631925493 87.47190184324991 307
1694631925539 87.30141122370564 308
1694631925582 87.13126645433579 309
1694631925625 86.9614668200183 310
1694631925668 86.79201160712698 311
1694631925715 86.62290010352834 312
1694631925755 86.45413159857834 313
1694631925818 86.28570538311943 314
1694631925870 86.11762074947724 315
1694631925919 85.94987699145754 316
1694631925961 85.78247340434314 317
1694631926003 85.61540928489066 318
1694631926040 85.4486839313276 319
1694631926077 85.28229664334901 320
1694631926114 85.11624672211464 321
1694631926150 84.95053347024563 322
1694631926187 84.7851561918216 323
1694631926251 84.62011419237746 324
1694631926299 84.4554067789004 325
1694631926350 84.29103325982678 326
1694631926393 84.12699294503913 327
1694631926439 83.96328514586308 328
1694631926489 83.79990917506427 329
1694631926543 83.63686434684539 330
1694631926590 83.47414997684308 331
1694631926656 83.31176538212493 332
1694631926699 83.14970988118654 333
1694631926761 82.98798279394835 334
1694631926805 82.82658344175275 335
1694631926855 82.66551114736109 336
1694631926907 82.5047652349506 337
1694631926959 82.3443450301115 338
1694631927022 82.18424985984393 339
1694631927083 82.02447905255511 340
1694631927127 81.86503193805618 341
1694631927185 81.7059078475594 342
1694631927231 81.54710611367518 343
1694631927274 81.388626070409 344
1694631927326 81.23046705315865 345
1694631927392 81.07262839871116 346
1694631927444 80.91510944523996 347
1694631927518 80.7579095323019 348
1694631927574 80.60102800083428 349
1694631927620 80.44446419315211 350
1694631927674 80.28821745294509 351
1694631927725 80.13228712527467 352
1694631927774 79.97667255657127 353
1694631927820 79.8213730946313 354
1694631927877 79.66638808861431 355
1694631927921 79.51171688904023 356
1694631927971 79.35735884778624 357
1694631928015 79.20331331808421 358
1694631928058 79.04957965451763 359
1694631928103 78.89615721301885 360
1694631928149 78.7430453508662 361
1694631928191 78.5902434266812 362
1694631928239 78.43775080042566 363
1694631928282 78.28556683339897 364
1694631928322 78.13369088823518 365
1694631928377 77.98212232890016 366
1694631928444 77.83086052068893 367
1694631928518 77.6799048302227 368
1694631928582 77.52925462544624 369
1694631928626 77.3789092756249 370
1694631928672 77.22886815134206 371
1694631928724 77.07913062449606 372
1694631928768 76.92969606829772 373
1694631928813 76.78056385726742 374
1694631928857 76.63173336723233 375
1694631928911 76.48320397532372 376
1694631928971 76.33497505997417 377
1694631929041 76.18704600091485 378
1694631929100 76.03941617917279 379
1694631929173 75.89208497706808 380
1694631929240 75.74505177821129 381
1694631929294 75.5983159675006 382
1694631929363 75.45187693111914 383
1694631929433 75.30573405653236 384
1694631929518 75.15988673248516 385
1694631929592 75.0143343489994 386
1694631929665 74.86907629737102 387
1694631929751 74.7241119701675 388
1694631929820 74.57944076122509 389
1694631929877 74.43506206564615 390
1694631929936 74.29097527979654 391
1694631930009 74.14717980130291 392
1694631930068 74.00367502905006 393
1694631930123 73.86046036317823 394
1694631930173 73.7175352050806 395
1694631930276 73.57489895740046 396
1694631930399 73.43255102402875 397
1694631930457 73.29049081010135 398
1694631930506 73.14871772199639 399
1694631930560 73.00723116733184 400
1694631930605 72.86603055496265 401
1694631930683 72.7251152949783 402
1694631930749 72.58448479870017 403
1694631930835 72.44413847867895 404
1694631930899 72.30407574869204 405
1694631930961 72.1642960237409 406
1694631931035 72.02479872004864 407
1694631931096 71.88558325505724 408
1694631931204 71.74664904742517 409
1694631931288 71.60799551702469 410
1694631931355 71.46962208493939 411
1694631931411 71.33152817346155 412
1694631931465 71.19371320608968 413
1694631931510 71.05617660752594 414
1694631931552 70.9189178036736 415
1694631931590 70.78193622163448 416
1694631931638 70.64523128970657 417
1694631931685 70.5088024373813 418
1694631931743 70.3726490953412 419
1694631931785 70.23677069545727 420
1694631931841 70.10116667078657 421
1694631931908 69.96583645556967 422
1694631931977 69.83077948522819 423
1694631932041 69.6959951963623 424
1694631932105 69.5614830267482 425
1694631932155 69.42724241533571 426
1694631932208 69.29327280224578 427
1694631932249 69.15957362876794 428
1694631932310 69.02614433735803 429
1694631932376 68.89298437163554 430
1694631932460 68.76009317638126 431
1694631932535 68.62747019753488 432
1694631932577 68.4951148821924 433
1694631932637 68.36302667860384 434
1694631932707 68.2312050361708 435
1694631932763 68.09964940544394 436
1694631932806 67.96835923812063 437
1694631932844 67.83733398704251 438
1694631932891 67.70657310619313 439
1694631932939 67.5760760506955 440
1694631933006 67.4458422768097 441
1694631933063 67.31587124193047 442
1694631933105 67.18616240458485 443
1694631933159 67.05671522442981 444
1694631933219 66.92752916224983 445
1694631933262 66.79860367995457 446
1694631933303 66.66993824057644 447
1694631933343 66.5415323082683 448
1694631933390 66.4133853483011 449
1694631933455 66.28549682706148 450
1694631933533 66.1578662120494 451
1694631933582 66.03049297187594 452
1694631933619 65.90337657626083 453
1694631933658 65.77651649603008 454
1694631933719 65.64991220311384 455
1694631933782 65.52356317054392 456
1694631933822 65.39746887245146 457
1694631933863 65.2716287840647 458
1694631933909 65.14604238170672 459
1694631933951 65.02070914279292 460
1694631934003 64.89562854582897 461
1694631934052 64.77080007040837 462
1694631934093 64.64622319721016 463
1694631934133 64.52189740799672 464
1694631934182 64.39782218561143 465
1694631934223 64.27399701397641 466
1694631934261 64.15042137809023 467
1694631934305 64.0270947640257 468
1694631934344 63.90401665892756 469
1694631934388 63.7811865510102 470
1694631934434 63.65860392955551 471
1694631934486 63.53626828491055 472
1694631934531 63.4141791084853 473
1694631934574 63.2923358927505 474
1694631934618 63.170738131235375 475
1694631934685 63.04938531852537 476
1694631934735 62.92827695026002 477
1694631934787 62.807412523130616 478
1694631934834 62.686791534878104 479
1694631934875 62.56641348429083 480
1694631934916 62.44627787120226 481
1694631934968 62.32638419648899 482
1694631935012 62.20673196206831 483
1694631935053 62.087320670896176 484
1694631935093 61.96814982696494 485
1694631935146 61.84921893530122 486
1694631935190 61.730527501963735 487
1694631935232 61.61207503404107 488
1694631935284 61.49386103964957 489
1694631935336 61.37588502793117 490
1694631935377 61.25814650905115 491
1694631935413 61.140644994196165 492
1694631935457 61.023379995571915 493
1694631935507 60.90635102640109 494
1694631935553 60.789557600921256 495
1694631935598 60.67299923438263 496
1694631935640 60.55667544304601 497
1694631935680 60.440585744180716 498
1694631935740 60.32472965606228 499
1694631935793 60.20910669797055 500
1694631935841 60.0937163901874 501
1694631935883 59.978558253994755 502
1694631935923 59.8636318116724 503
1694631935972 59.748936586495915 504
1694631936012 59.63447210273458 505
1694631936052 59.52023788564929 506
1694631936091 59.406233461490466 507
1694631936134 59.29245835749599 508
1694631936187 59.17891210188906 509
1694631936239 59.06559422387621 510
1694631936287 58.95250425364522 511
1694631936327 58.83964172236299 512
1694631936377 58.72700616217359 513
1694631936424 58.61459710619606 514
1694631936474 58.50241408852254 515
1694631936525 58.39045664421604 516
1694631936568 58.27872430930853 517
1694631936616 58.16721662079888 518
1694631936676 58.05593311665078 519
1694631936720 57.94487333579074 520
1694631936774 57.83403681810608 521
1694631936817 57.7234231044429 522
1694631936857 57.613031736604036 523
1694631936902 57.50286225734708 524
1694631936942 57.3929142103824 525
1694631936991 57.283187140371076 526
1694631937038 57.17368059292294 527
1694631937103 57.06439411459456 528
1694631937152 56.95532725288727 529
1694631937201 56.8464795562452 530
1694631937242 56.73785057405325 531
1694631937293 56.629439856635095 532
1694631937336 56.52124695525132 533
1694631937388 56.41327142209736 534
1694631937431 56.30551281030155 535
1694631937492 56.19797067392316 536
1694631937537 56.09064456795047 537
1694631937581 55.983534048298814 538
1694631937637 55.87663867180857 539
1694631937700 55.76995799624332 540
1694631937742 55.66349158028778 541
1694631937817 55.557238983546014 542
1694631937869 55.451199766539375 543
1694631937921 55.34537349070465 544
1694631937956 55.239759718392094 545
1694631937998 55.134358012863565 546
1694631938041 55.02916793829052 547
1694631938101 54.924189059752216 548
1694631938157 54.819420943233716 549
1694631938203 54.71486315562404 550
1694631938246 54.610515264714174 551
1694631938289 54.50637683919533 552
1694631938336 54.4024474486569 553
1694631938373 54.29872666358465 554
1694631938428 54.19521405535886 555
1694631938474 54.09190919625236 556
1694631938517 53.98881165942872 557
1694631938573 53.88592101894035 558
1694631938626 53.78323684972667 559
1694631938671 53.680758727612194 560
1694631938709 53.57848622930469 561
1694631938747 53.47641893239336 562
1694631938800 53.37455641534693 563
1694631938857 53.27289825751187 564
1694631938903 53.171444039110476 565
1694631938949 53.07019334123908 566
1694631938987 52.96914574586619 567
1694631939022 52.868300835830695 568
1694631939060 52.767658194839996 569
1694631939093 52.66721740746817 570
1694631939132 52.566978059154216 571
1694631939174 52.46693973620019 572
1694631939209 52.36710202576937 573
1694631939254 52.267464515884534 574
1694631939292 52.16802679542603 575
1694631939354 52.06878845413011 576
1694631939402 51.969749082587015 577
1694631939448 51.87090827223927 578
1694631939491 51.772265615379816 579
1694631939532 51.673820705150305 580
1694631939572 51.575573135539265 581
1694631939610 51.47752250138031 582
1694631939652 51.37966839835044 583
1694631939692 51.282010422968156 584
1694631939741 51.18454817259182 585
1694631939778 51.08728124541777 586
1694631939816 50.99020924047868 587
1694631939858 50.89333175764168 588
1694631939901 50.796648397606695 589
1694631939940 50.700158761904675 590
1694631939988 50.60386245289584 591
1694631940040 50.507759073767915 592
1694631940081 50.41184822853446 593
1694631940169 50.316129522033044 594
1694631940218 50.22060255992363 595
1694631940269 50.1252669486867 596
1694631940318 50.03012229562172 597
1694631940371 49.93516820884523 598
1694631940420 49.84040429728927 599
1694631940466 49.74583017069958 600
1694631940515 49.65144543963391 601
1694631940559 49.557249715460415 602
1694631940605 49.46324261035577 603
1694631940656 49.369423737303606 604
1694631940699 49.27579271009282 605
1694631940741 49.18234914331582 606
1694631940787 49.089092652366844 607
1694631940837 48.99602285344032 608
1694631940889 48.903139363529164 609
1694631940955 48.810441800423106 610
1694631941017 48.717929782706996 611
1694631941067 48.625602929759175 612
1694631941109 48.53346086174979 613
1694631941153 48.44150319963912 614
1694631941194 48.34972956517592 615
1694631941234 48.258139580895794 616
1694631941276 48.16673287011954 617
1694631941318 48.075509056951425 618
1694631941365 47.984467766277675 619
1694631941408 47.89360862376473 620
1694631941460 47.802931255857594 621
1694631941517 47.71243528977834 622
1694631941557 47.622120353524295 623
1694631941598 47.531986075866556 624
1694631941658 47.442032086348256 625
1694631941710 47.35225801528309 626
1694631941748 47.262663493753514 627
1694631941804 47.17324815360927 628
1694631941865 47.08401162746575 629
1694631941910 46.994953548702334 630
1694631941959 46.90607355146084 631
1694631942006 46.81737127064391 632
1694631942052 46.7288463419134 633
1694631942094 46.64049840168882 634
1694631942137 46.5523270871457 635
1694631942183 46.46433203621403 636
1694631942222 46.3765128875767 637
1694631942259 46.288869280667846 638
1694631942304 46.201400855671366 639
1694631942343 46.11410725351928 640
1694631942385 46.02698811589019 641
1694631942427 45.94004308520769 642
1694631942472 45.85327180463886 643
1694631942519 45.766673918092614 644
1694631942561 45.68024907021824 645
1694631942599 45.59399690640377 646
1694631942644 45.507917072774475 647
1694631942688 45.42200921619131 648
1694631942727 45.336272984249376 649
1694631942770 45.25070802527635 650
1694631942814 45.165313988330965 651
1694631942856 45.08009052320151 652
1694631942901 44.995037280404226 653
1694631942941 44.91015391118187 654
1694631942982 44.82544006750211 655
1694631943021 44.74089540205606 656
1694631943060 44.65651956825672 657
1694631943114 44.572312220237514 658
1694631943157 44.4882730128507 659
1694631943201 44.40440160166597 660
1694631943248 44.32069764296882 661
1694631943291 44.23716079375917 662
1694631943327 44.153790711749785 663
1694631943365 44.0705870553648 664
1694631943403 43.98754948373824 665
1694631943438 43.90467765671252 666
1694631943474 43.82197123483698 667
1694631943525 43.739429879366355 668
1694631943570 43.65705325225934 669
1694631943619 43.574841016177125 670
1694631943659 43.49279283448185 671
1694631943700 43.41090837123523 672
1694631943737 43.329187291197 673
1694631943774 43.24762925982351 674
1694631943809 43.16623394326625 675
1694631943864 43.085001008370384 676
1694631943909 43.00393012267327 677
1694631943956 42.92302095440308 678
1694631943992 42.842273172477306 679
1694631944039 42.76168644650129 680
1694631944082 42.68126044676682 681
1694631944125 42.6009948442507 682
1694631944172 42.52088931061327 683
1694631944206 42.440943518196995 684
1694631944248 42.361157140025064 685
1694631944285 42.28152984979992 686
1694631944325 42.20206132190184 687
1694631944365 42.12275123138754 688
1694631944423 42.04359925398873 689
1694631944473 41.96460506611073 690
1694631944528 41.88576834483103 691
1694631944575 41.807088767897866 692
1694631944621 41.72856601372889 693
1694631944656 41.650199761409645 694
1694631944701 41.571989690692305 695
1694631944751 41.493935481994164 696
1694631944793 41.4160368163963 697
1694631944843 41.33829337564216 698
1694631944890 41.26070484213618 699
1694631944950 41.183270898942396 700
1694631945007 41.105991229783086 701
1694631945061 41.02886551903735 702
1694631945138 40.951893451739735 703
1694631945170 40.875074713578925 704
1694631945203 40.79840899089628 705
1694631945239 40.721895970684535 706
1694631945273 40.64553534058639 707
1694631945307 40.5693267888932 708
1694631945343 40.49327000454357 709
1694631945385 40.41736467712198 710
1694631945425 40.34161049685752 711
1694631945461 40.26600715462244 712
1694631945524 40.19055434193088 713
1694631945558 40.11525175093745 714
1694631945594 40.04009907443597 715
1694631945703 39.96509600585805 716
1694631945742 39.89024223927182 717
1694631945781 39.815537469380565 718
1694631945821 39.74098139152136 719
1694631945861 39.66657370166383 720
1694631945904 39.59231409640874 721
1694631945953 39.51820227298673 722
1694631946008 39.44423792925694 723
1694631946060 39.37042076370575 724
1694631946100 39.29675047544543 725
1694631946141 39.22322676421284 726
1694631946190 39.14984933036811 727
1694631946232 39.07661787489335 728
1694631946272 39.00353209939136 729
1694631946326 38.930591706084265 730
1694631946382 38.857796397812315 731
1694631946420 38.785145878032495 732
1694631946467 38.71263985081729 733
1694631946513 38.64027802085339 734
1694631946571 38.56806009344039 735
1694631946622 38.49598577448949 736
1694631946676 38.424054770522275 737
1694631946739 38.35226678866935 738
1694631946786 38.280621536669116 739
1694631946843 38.20911872286652 740
1694631946907 38.13775805621174 741
1694631946952 38.06653924625891 742
1694631946995 37.9954620031649 743
1694631947042 37.92452603768803 744
1694631947105 37.85373106118679 745
1694631947160 37.783076785618626 746
1694631947218 37.71256292353862 747
1694631947311 37.64218918809835 748
1694631947371 37.57195529304451 749
1694631947436 37.50186095271774 750
1694631947501 37.431905882051396 751
1694631947549 37.362089796570224 752
1694631947593 37.29241241238922 753
1694631947644 37.22287344621232 754
1694631947691 37.153472615331246 755
1694631947753 37.08420963762416 756
1694631947795 37.015084231554546 757
1694631947850 36.94609611616991 758
1694631947883 36.87724501110061 759
1694631947918 36.80853063655861 760
1694631947955 36.73995271333625 761
1694631947996 36.67151096280504 762
1694631948042 36.60320510691447 763
1694631948082 36.53503486819077 764
1694631948127 36.46699996973572 765
1694631948168 36.39910013522542 766
1694631948206 36.33133508890913 767
1694631948257 36.26370455560803 768
1694631948306 36.19620826071403 769
1694631948344 36.128845930188604 770
1694631948390 36.06161729056156 771
1694631948432 35.99452206892987 772
1694631948491 35.92755999295648 773
1694631948541 35.86073079086912 774
1694631948619 35.794034191459126 775
1694631948657 35.72746992408026 776
1694631948694 35.66103771864753 777
1694631948737 35.594737305635995 778
1694631948774 35.52856841607965 779
1694631948808 35.46253078157022 780
1694631948852 35.39662413425595 781
1694631948887 35.33084820684051 782
1694631948923 35.265202732581805 783
1694631948961 35.199687445290806 784
1694631949001 35.1343020793304 785
1694631949045 35.06904636961424 786
1694631949088 35.003920051605576 787
1694631949130 34.93892286131612 788
1694631949172 34.87405453530489 789
1694631949226 34.80931481067708 790
1694631949268 34.74470342508288 791
1694631949305 34.68022011671639 792
1694631949358 34.61586462431442 793
1694631949398 34.55163668715541 794
1694631949439 34.487536045058235 795
1694631949485 34.42356243838115 796
1694631949527 34.359715608020586 797
1694631949565 34.29599529541008 798
1694631949600 34.23240124251913 799
1694631949641 34.16893319185208 800
1694631949677 34.10559088644694 801
1694631949717 34.04237406987438 802
1694631949759 33.979282486236535 803
1694631949804 33.91631588016592 804
1694631949843 33.853473996824306 805
1694631949883 33.790756581901626 806
1694631949925 33.728163381614856 807
1694631949968 33.66569414270694 808
1694631950003 33.60334861244567 809
1694631950050 33.54112653862255 810
1694631950085 33.4790276695518 811
1694631950134 33.41705175406913 812
1694631950177 33.35519854153076 813
1694631950221 33.2934677818123 814
1694631950267 33.23185922530763 815
1694631950307 33.17037262292783 816
1694631950349 33.10900772610014 817
1694631950387 33.047764286766814 818
1694631950425 32.986642057384095 819
1694631950477 32.9256407909211 820
1694631950532 32.864760240858786 821
1694631950573 32.804000161188846 822
1694631950624 32.74336030641265 823
1694631950668 32.682840431540185 824
1694631950709 32.622440292089 825
1694631950779 32.56215964408314 826
1694631950827 32.501998244052025 827
1694631950872 32.4419558490295 828
1694631950924 32.382032216552716 829
1694631950961 32.32222710466106 830
1694631950998 32.262540271895155 831
1694631951052 32.2029714772958 832
1694631951090 32.14352048040288 833
1694631951141 32.08418704125436 834
1694631951182 32.02497092038524 835
1694631951218 31.965871878826544 836
1694631951260 31.90688967810419 837
1694631951304 31.84802408023805 838
1694631951346 31.789274847740884 839
1694631951393 31.730641743617287 840
1694631951434 31.67212453136271 841
1694631951505 31.61372297496236 842
1694631951557 31.555436838890248 843
1694631951604 31.497265888108146 844
1694631951671 31.439209888064536 845
1694631951716 31.38126860469362 846
1694631951754 31.323441804414298 847
1694631951792 31.265729254129155 848
1694631951829 31.20813072122345 849
1694631951872 31.1506459735641 850
1694631951908 31.093274779498692 851
1694631951947 31.036016907854464 852
1694631951987 30.97887212793727 853
1694631952025 30.921840209530636 854
1694631952070 30.86492092289475 855
1694631952111 30.808114038765417 856
1694631952151 30.751419328353133 857
1694631952189 30.69483656334201 858
1694631952226 30.638365515888893 859
1694631952277 30.58200595862226 860
1694631952332 30.525757664641322 861
1694631952370 30.46962040751499 862
1694631952424 30.413593961280906 863
1694631952494 30.357678100444467 864
1694631952538 30.301872599977848 865
1694631952590 30.246177235319003 866
1694631952640 30.190591782370728 867
1694631952701 30.13511601749968 868
1694631952746 30.079749717535375 869
1694631952802 30.024492659769265 870
1694631952840 29.96934462195373 871
1694631952897 29.91430538230114 872
1694631952942 29.859374719482904 873
1694631952991 29.80455241262847 874
1694631953039 29.749838241324422 875
1694631953094 29.69523198561346 876
1694631953133 29.64073342599352 877
1694631953170 29.58634234341676 878
1694631953211 29.532058519288622 879
1694631953259 29.477881735466905 880
1694631953304 29.423811774260848 881
1694631953344 29.369848418430077 882
1694631953391 29.315991451183802 883
1694631953436 29.262240656179763 884
1694631953497 29.20859581752337 885
1694631953557 29.15505671976673 886
1694631953605 29.101623147907716 887
1694631953641 29.048294887389023 888
1694631953688 28.99507172409729 889
1694631953724 28.941953444362113 890
1694631953761 28.88893983495516 891
1694631953794 28.836030683089202 892
1694631953833 28.78322577641725 893
1694631953870 28.730524903031586 894
1694631953907 28.677927851462865 895
1694631953941 28.625434410679205 896
1694631953985 28.573044370085245 897
1694631954023 28.520757519521286 898
1694631954060 28.46857364926231 899
1694631954110 28.416492550017146 900
1694631954160 28.364514012927483 901
1694631954207 28.31263782956705 902
1694631954243 28.260863791940633 903
1694631954285 28.20919169248324 904
1694631954318 28.157621324059168 905
1694631954369 28.106152479961114 906
1694631954441 28.05478495390925 907
1694631954507 28.003518540050415 908
1694631954581 27.95235303295711 909
1694631954627 27.901288227626697 910
1694631954686 27.850323919480466 911
1694631954726 27.799459904362767 912
1694631954776 27.74869597854012 913
1694631954817 27.698031938700346 914
1694631954859 27.64746758195165 915
1694631954899 27.59700270582179 916
1694631954934 27.546637108257176 917
1694631954966 27.496370587621982 918
1694631955010 27.446202942697294 919
1694631955061 27.39613397268026 920
1694631955108 27.346163477183143 921
1694631955141 27.296291256232557 922
1694631955174 27.246517110268524 923
1694631955208 27.196840840143636 924
1694631955240 27.1472622471222 925
1694631955273 27.097781132879355 926
1694631955307 27.048397299500255 927
1694631955360 26.99911054947918 928
1694631955411 26.949920685718666 929
1694631955457 26.900827511528703 930
1694631955520 26.85183083062584 931
1694631955560 26.802930447132354 932
1694631955610 26.7541261655754 933
1694631955655 26.70541779088617 934
1694631955717 26.65680512839905 935
1694631955760 26.608287983850747 936
1694631955809 26.55986616337951 937
1694631955849 26.511539473524216 938
1694631955890 26.46330772122359 939
1694631955936 26.415170713815368 940
1694631955976 26.367128259035425 941
1694631956015 26.319180165016977 942
1694631956059 26.27132624028974 943
1694631956097 26.223566293779097 944
1694631956134 26.17590013480527 945
1694631956174 26.128327573082537 946
1694631956208 26.080848418718336 947
1694631956244 26.0334624822125 948
1694631956286 25.98616957445642 949
1694631956326 25.93896950673223 950
1694631956358 25.891862090711978 951
1694631956405 25.844847138456817 952
1694631956444 25.79792446241622 953
1694631956488 25.75109387542713 954
1694631956530 25.704355190713176 955
1694631956570 25.657708221883855 956
1694631956608 25.611152782933726 957
1694631956652 25.564688688241603 958
1694631956689 25.51831575256977 959
1694631956730 25.472033791063154 960
1694631956773 25.425842619248574 961
1694631956808 25.379742053033883 962
1694631956852 25.33373190870719 963
1694631956903 25.287812002936086 964
1694631956958 25.24198215276686 965
1694631957005 25.196242175623667 966
1694631957052 25.150591889307783 967
1694631957094 25.10503111199677 968
1694631957144 25.059559662243732 969
1694631957208 25.014177358976507 970
1694631957255 24.9688840214969 971
1694631957298 24.92367946947992 972
1694631957343 24.878563522972943 973
1694631957416 24.83353600239499 974
1694631957461 24.788596728535904 975
1694631957534 24.74374552255562 976
1694631957584 24.69898220598338 977
1694631957629 24.65430660071695 978
1694631957673 24.60971852902186 979
1694631957728 24.565217813530623 980
1694631957776 24.52080427724197 981
1694631957819 24.476477743520142 982
1694631957876 24.43223803609403 983
1694631957925 24.388084979056494 984
1694631957983 24.34401839686355 985
1694631958043 24.300038114333663 986
1694631958090 24.256143956646948 987
1694631958135 24.212335749344412 988
1694631958194 24.168613318327267 989
1694631958242 24.124976489856085 990
1694631958290 24.08142509055011 991
1694631958332 24.03795894738651 992
1694631958372 23.994577887699574 993
1694631958425 23.951281739180025 994
1694631958472 23.908070329874267 995
1694631958526 23.864943488183638 996
1694631958574 23.821901042863626 997
1694631958616 23.778942823023204 998
1694631958657 23.736068658124044 999
