1694633917544 1.988917353589056 0
1694633917798 0.1554778289116784 1
1694633918026 0.5712081961341052 2
1694633918251 0.9850459734071598 3
1694633918471 0.0651181796083837 4
1694633918699 0.10450958588893745 5
1694633918906 0.5838280260660015 6
1694633919118 0.34502163045493695 7
1694633919327 1.8332293420735017 8
1694633919538 1.093214037615627 9
1694633919725 0.35674562180023717 10
1694633919922 0.5529246672487765 11
1694633920115 1.1470357794205603 12
1694633920326 0.4831925984272486 13
1694633920538 0.4646072519890712 14
1694633920728 0.22373917593867557 15
1694633920958 0.2788979848302702 16
1694633921159 0.514651767394544 17
1694633921376 0.19166188240986495 18
1694633921608 0.6411629068812096 19
1694633921819 0.9164326396521447 20
1694633922022 1.0799498188658976 21
1694633922231 0.3020651786665036 22
1694633922442 0.3544303534275376 23
1694633922661 0.2792708603542318 24
1694633922881 1.2710336499618664 25
1694633923095 0.8992197107023114 26
1694633923302 0.012730397155609075 27
1694633923498 0.20507330131804596 28
1694633923694 0.3261990460176095 29
1694633923905 4.1441460437918395e-05 30
1694633924098 0.0322179071861481 31
1694633924296 0.0034126086337766515 32
1694633924484 0.0504192492011542 33
1694633924672 1.0185832694614176 34
1694633924863 0.4309197633246277 35
1694633925065 0.7737148531635926 36
1694633925281 0.02087868016672703 37
1694633925489 0.5658034297450508 38
1694633925702 0.17252727028039896 39
1694633925915 0.5034235175120513 40
1694633926116 1.5056548105203276 41
1694633926348 0.009977602236558818 42
1694633926601 0.108875989428021 43
1694633926829 0.49176866592089763 44
1694633927059 0.18046261306735636 45
1694633927274 0.7581506455476167 46
1694633927477 0.3181613355589321 47
1694633927685 0.3402351954445985 48
1694633927876 0.5330664397700223 49
1694633928070 0.5794952385740104 50
1694633928253 0.4276118361832461 51
1694633928462 1.042996059548451 52
1694633928696 0.2297899137724346 53
1694633928919 0.3149311767188648 54
1694633929100 1.2982096082515509 55
1694633929282 0.5616012240682172 56
1694633929477 0.907053740813098 57
1694633929673 0.5977964402443806 58
1694633929875 1.147430837446347 59
1694633930067 0.8638241735727348 60
1694633930282 0.4550852267289904 61
1694633930504 1.1348924071071975 62
1694633930740 0.6060356201157872 63
1694633930974 0.6521986280500298 64
1694633931196 0.33890959550634336 65
1694633931406 0.1197318581393121 66
1694633931616 0.212207358589701 67
1694633931843 0.17726285700821334 68
1694633932052 0.4586042086378765 69
1694633932257 0.0067481027237840975 70
1694633932458 0.46096853227569784 71
1694633932644 0.7391942062420945 72
1694633932857 0.4012100478675629 73
1694633933060 0.12942456902735647 74
1694633933247 0.1300734633469026 75
1694633933453 0.24565262842965083 76
1694633933642 0.41695260279697755 77
1694633933848 0.23230482304788655 78
1694633934039 0.6606598232229947 79
1694633934227 0.7085580617484453 80
1694633934423 0.4673999937982403 81
1694633934636 0.3538937326688252 82
1694633934861 0.3454000064274255 83
1694633935080 0.14781160785912734 84
1694633935300 1.2014254333181809 85
1694633935501 0.4374837954978426 86
1694633935700 0.701858229951071 87
1694633935828 1.950873491803096 88
1694633936097 0.2645241525360125 89
1694633936284 1.336081367388502 90
1694633936480 0.6157572995386634 91
1694633936715 0.6535837483340131 92
1694633936928 1.2529242454858136 93
1694633937140 0.06815447612041266 94
1694633937337 0.7974757518161772 95
1694633937546 0.3731019023970041 96
1694633937780 0.31444741872736326 97
1694633938005 1.3208465022507851 98
1694633938219 0.6663208892084972 99
1694633938413 0.2983454168832071 100
1694633938610 0.5358209014075231 101
1694633938794 0.15261678758760797 102
1694633938995 1.1177313022631865 103
1694633939187 0.40716071069106574 104
1694633939380 0.19406440639374103 105
1694633939588 0.8739297485848746 106
1694633939797 0.3434885247622321 107
1694633940010 0.7904815332073454 108
1694633940199 0.12545801985533456 109
1694633940382 0.3619794919708893 110
1694633940580 0.2357174898461452 111
1694633940777 0.6405010758255343 112
1694633940997 0.6626374267081153 113
1694633941228 0.8814139677971632 114
1694633941452 0.5504150513804227 115
1694633941651 0.30955729788390157 116
1694633941857 0.33168589014915284 117
1694633942066 0.6364221972553784 118
1694633942289 0.37352464478077374 119
1694633942496 0.8282604904435801 120
1694633942703 0.5038367964510186 121
1694633942897 0.9418196067961573 122
1694633943097 1.2442858447922192 123
1694633943314 0.6178271976799804 124
1694633943516 0.6779597745813022 125
1694633943716 0.42105248979695814 126
1694633943901 0.4860186143281511 127
1694633944087 0.8912975815454158 128
1694633944285 0.8655808382899175 129
1694633944482 1.0314441219770327 130
1694633944667 0.14779938271802565 131
1694633944860 0.6760617697187776 132
1694633945052 0.8877405965842872 133
1694633945244 1.000558903336543 134
1694633945435 0.06236319194574078 135
1694633945652 0.7537181206493796 136
1694633945838 0.0019600034736016046 137
1694633946041 0.19697063344187793 138
1694633946248 1.1192045971477826 139
1694633946447 0.3748399990601799 140
1694633946635 1.177039627715117 141
1694633946838 0.20686509945878623 142
1694633947055 1.003134679162184 143
1694633947241 0.6547963714355014 144
1694633947427 0.25762704662983343 145
1694633947638 0.2890559378180701 146
1694633947824 0.9267803783704914 147
1694633948011 0.5448879680703459 148
1694633948196 0.9880038879956741 149
1694633948382 0.26946795759416786 150
1694633948573 0.21083278044609569 151
1694633948756 0.4885078762751823 152
1694633948943 0.33468677144855985 153
1694633949125 0.16604505558894883 154
1694633949314 0.8342458196876708 155
1694633949505 0.14200630872064218 156
1694633949687 1.1338547698909942 157
1694633949883 0.6263806701741764 158
1694633950081 0.5709170168062101 159
1694633950294 0.4865026428385198 160
1694633950521 1.5514761962165056 161
1694633950749 1.0607167700257605 162
1694633950963 0.9592015458742147 163
1694633951167 0.8787088320249969 164
1694633951362 0.47459764660068543 165
1694633951558 0.5991979321825144 166
1694633951749 0.1741707716631277 167
1694633951938 0.04965312848713763 168
1694633952131 0.4136055730512095 169
1694633952331 0.06488063745607042 170
1694633952532 0.5140699490856651 171
1694633952711 0.8223594076497868 172
1694633952909 0.3645049253805506 173
1694633953099 0.15344169132882757 174
1694633953283 0.2809172466439204 175
1694633953481 0.461692724999781 176
1694633953685 0.1372113803179908 177
1694633953897 0.2362006369130553 178
1694633954106 0.6023190385903183 179
1694633954318 0.9457574519183986 180
1694633954527 2.1029033361764817 181
1694633954747 0.6742112259768889 182
1694633954956 0.18806253919868537 183
1694633955166 0.6987764263371924 184
1694633955370 0.33055110580426667 185
1694633955593 0.44153990600479065 186
1694633955794 0.47794471101570335 187
1694633956015 0.9189332677895516 188
1694633956217 0.2653321231222617 189
1694633956451 0.38611447347464345 190
1694633956691 0.7465559466719622 191
1694633956925 0.4320937299553241 192
1694633957139 0.8871967034714626 193
1694633957334 0.24992302739317193 194
1694633957546 0.41650717922046177 195
1694633957776 0.23432419927279924 196
1694633957975 0.01895138225375972 197
1694633958187 0.955091991815209 198
1694633958385 1.1005801556858024 199
1694633958588 0.9988722039500296 200
1694633958827 0.3296039914412698 201
1694633959014 0.5024559646753947 202
1694633959214 0.07214799388777494 203
1694633959428 0.747468703990203 204
1694633959646 0.7225820721735118 205
1694633959851 0.22376909037129142 206
1694633960043 0.33556998632955815 207
1694633960251 0.8281789546673257 208
1694633960384 0.2409237896339955 209
1694633960669 0.13665204133104944 210
1694633960866 0.5471824062652442 211
1694633961077 1.154272672850162 212
1694633961288 0.6881970052998629 213
1694633961502 0.7853971442986815 214
1694633961707 0.012304095030979852 215
1694633961920 0.23150271800238367 216
1694633962140 0.3815422212245543 217
1694633962336 0.8736472472119328 218
1694633962541 0.30772513557328757 219
1694633962745 0.8577981335131397 220
1694633962964 1.1336359256345179 221
1694633963162 0.5944358087927543 222
1694633963426 0.15875587321223517 223
1694633963620 0.8539957610659311 224
1694633963832 0.9256556989229355 225
1694633964045 0.6823546427615992 226
1694633964232 0.9157694765304536 227
1694633964418 0.6662261008732385 228
1694633964607 0.5288929020684325 229
1694633964809 0.9760934320883361 230
1694633965016 0.7134781146780624 231
1694633965229 0.2875656875060118 232
1694633965441 0.5331788830545194 233
1694633965635 0.6743799605899904 234
1694633965844 0.7103387579537794 235
1694633966052 0.5040832082918013 236
1694633966255 0.9681051334237388 237
1694633966462 0.773472773171002 238
1694633966674 0.7286450971606196 239
1694633966876 0.9457333387108448 240
1694633967090 0.030656411358243287 241
1694633967317 0.8000414628713103 242
1694633967531 1.0481055228531366 243
1694633967737 0.4395880922638159 244
1694633967943 0.7320230340635124 245
1694633968141 0.0025625789079658803 246
1694633968337 0.09963235453538659 247
1694633968558 0.16093767821396007 248
1694633968764 0.08021835010656453 249
1694633968966 0.2890371185086647 250
1694633969181 0.5461926250184499 251
1694633969379 0.019023431253688463 252
1694633969591 0.666464419762362 253
1694633969788 0.9606481422306253 254
1694633969985 0.16012632923761272 255
1694633970203 0.1275744768343808 256
1694633970413 0.3138769772804951 257
1694633970624 1.0754511676102683 258
1694633970826 0.5597663803442462 259
1694633971034 0.6343962640374324 260
1694633971243 0.6076089462567436 261
1694633971446 0.7536617255275231 262
1694633971639 0.21324807171917617 263
1694633971827 0.38103521019564257 264
1694633972016 0.1653288234262681 265
1694633972204 0.8790331804683496 266
1694633972385 0.41028696736899606 267
1694633972612 0.14670726497548747 268
1694633972816 0.5653538113496748 269
1694633973018 1.04555251208826 270
1694633973220 0.014027117886344571 271
1694633973422 0.40030483259531346 272
1694633973630 0.8558523971305082 273
1694633973825 0.09131666370799198 274
1694633974012 2.4408424632893406 275
1694633974199 1.664592832761367 276
1694633974388 0.21808666516575478 277
1694633974597 0.9995871811997269 278
1694633974806 0.12831104869858156 279
1694633974994 0.644226549638694 280
1694633975181 0.37797840172164165 281
1694633975377 0.6000547758660395 282
1694633975578 0.356483749138863 283
1694633975770 0.028210986380802168 284
1694633975977 0.6461585019042089 285
1694633976176 0.045787511299338 286
1694633976354 0.9892475489268603 287
1694633976562 0.16141913136783057 288
1694633976764 0.07388785518696084 289
1694633976973 0.9871804775857759 290
1694633977181 0.07143962400758097 291
1694633977407 0.09544107318466481 292
1694633977616 0.0040019583675078045 293
1694633977813 0.9782690043442499 294
1694633978015 0.21778996089221056 295
1694633978218 0.4405480465782212 296
1694633978404 0.6702162661140741 297
1694633978615 1.3412523654159374 298
1694633978818 0.3895974922719324 299
1694633979012 0.7077762377076857 300
1694633979244 0.23980729306640877 301
1694633979439 0.18563059381003866 302
1694633979649 0.21288783563018407 303
1694633979856 1.603234240137405 304
1694633980047 0.004786563697943007 305
1694633980233 0.462687281983364 306
1694633980433 0.8603934334025295 307
1694633980623 0.3748520824289803 308
1694633980832 0.8802252217694654 309
1694633981048 0.6514236556171504 310
1694633981248 0.8970062126958558 311
1694633981435 0.526134165006191 312
1694633981631 0.36393702594000693 313
1694633981842 0.9407528916989041 314
1694633982039 1.369631217066904 315
1694633982229 0.5100323178458585 316
1694633982426 0.1947397075800191 317
1694633982634 0.42603444965859444 318
1694633982839 0.584937403209943 319
1694633983037 1.8773491077254554 320
1694633983240 0.7622019959391116 321
1694633983425 0.5829374571631393 322
1694633983615 0.31091550249979155 323
1694633983811 0.7511242781314199 324
1694633984015 0.5832356640979368 325
1694633984202 0.8575173506889578 326
1694633984391 0.46269313458592415 327
1694633984594 0.2400091608018561 328
1694633984787 0.1508419139773742 329
1694633985001 0.01471652181630611 330
1694633985203 0.23424046109715008 331
1694633985414 0.23076970720244228 332
1694633985594 0.504674172328276 333
1694633985815 0.2512764433416367 334
1694633986034 0.011591348102029587 335
1694633986239 0.466634622178773 336
1694633986425 0.2986274444590541 337
1694633986584 0.022102189915859796 338
1694633986847 0.27435776155960506 339
1694633987031 0.12246385453043193 340
1694633987217 1.351783497398109 341
1694633987413 0.8257752173939978 342
1694633987611 0.4327178840615432 343
1694633987814 0.3323908466422277 344
1694633988021 0.5571661746001104 345
1694633988220 0.41931601041824057 346
1694633988425 0.26670910418742755 347
1694633988634 0.6699307636556375 348
1694633988847 1.3432552157379287 349
1694633989047 0.23740346794857203 350
1694633989247 0.7248735854544757 351
1694633989455 0.00616542636409549 352
1694633989667 0.5098058332328407 353
1694633989885 0.07503061042982156 354
1694633990074 0.35500940832267414 355
1694633990269 0.0015348707526390607 356
1694633990451 0.00890680186333575 357
1694633990645 0.34310762824116636 358
1694633990833 0.886353250837617 359
1694633991025 0.19817013423696617 360
1694633991210 0.1997271696274175 361
1694633991412 0.5661221867892496 362
1694633991618 0.09138065464946722 363
1694633991822 0.7484266142223533 364
1694633992024 0.1683443917531758 365
1694633992226 0.17578156661172334 366
1694633992426 0.42049036077086754 367
1694633992618 0.47583491158718905 368
1694633992821 0.7899490378967218 369
1694633993014 1.0835187640231005 370
1694633993200 1.308041738785606 371
1694633993385 0.834464827283843 372
1694633993576 0.16674469930504415 373
1694633993779 0.7774325203112328 374
1694633993993 0.03502679557869226 375
1694633994202 0.43613943279296313 376
1694633994411 0.5036658686521089 377
1694633994617 0.3109197084121241 378
1694633994828 0.03867662704172908 379
1694633995033 0.0014326949650030707 380
1694633995238 0.13065017905282708 381
1694633995439 0.3292675953974313 382
1694633995627 0.29575988430352507 383
1694633995832 1.1026663920617599 384
1694633996017 1.432218769334861 385
1694633996204 0.7784278604413828 386
1694633996390 0.4490988802275401 387
1694633996582 0.9484110335429223 388
1694633996795 1.5275337965028248 389
1694633997007 0.636346346636915 390
1694633997276 0.7952379789139653 391
1694633997503 0.5041315708736228 392
1694633997727 0.0067238647340818695 393
1694633997925 0.08503616158490686 394
1694633998126 1.0509418583412458 395
1694633998338 0.1102398250884692 396
1694633998549 0.11346400051821562 397
1694633998755 0.7340500616170873 398
1694633998982 0.2234683998629766 399
1694633999193 0.7885863905126207 400
1694633999393 0.023932673492397544 401
1694633999612 0.34194285285313897 402
1694633999836 0.672839868483536 403
1694634000038 0.7567932499433682 404
1694634000250 0.6481360578263503 405
1694634000464 0.7340081835680078 406
1694634000684 0.2260718156518547 407
1694634000882 0.0020308232796522685 408
1694634001088 0.005700824909702985 409
1694634001300 0.7919702222770557 410
1694634001519 0.9658673309639086 411
1694634001725 0.930536147047003 412
1694634001912 0.07500725500391991 413
1694634002106 0.3080015293633639 414
1694634002306 0.8605319338533548 415
1694634002518 1.321372488752153 416
1694634002721 0.10226710416501036 417
1694634002925 0.6618461756771941 418
1694634003138 0.601228491127759 419
1694634003346 0.040692616616498686 420
1694634003576 0.3229041108582203 421
1694634003792 1.5050777239227602 422
1694634003997 0.059839305358186275 423
1694634004192 0.5752178948245068 424
1694634004390 0.7541660565281106 425
1694634004583 0.2680017675205195 426
1694634004786 0.30330828107277447 427
1694634005001 0.7115084600904122 428
1694634005207 1.0035804346859143 429
1694634005419 1.0430007162621002 430
1694634005628 0.29715777465732496 431
1694634005843 0.5958507736397662 432
1694634006032 0.849776715762595 433
1694634006218 0.4033332005106503 434
1694634006418 0.17296284923540572 435
1694634006618 0.5883714903599676 436
1694634006835 0.6025552448019581 437
1694634007045 1.3851276075250987 438
1694634007247 0.44269919965534354 439
1694634007452 0.09937655031022495 440
1694634007654 0.7810852767303865 441
1694634007880 0.482199492627586 442
1694634008093 0.922658646746417 443
1694634008289 0.4738413548872814 444
1694634008509 0.16189083562885997 445
1694634008709 0.19351050904209385 446
1694634008912 0.7987468832150172 447
1694634009096 0.7256202165991485 448
1694634009291 0.41647640893278903 449
1694634009489 0.5283638334916497 450
1694634009708 0.532097394989371 451
1694634009915 0.9061793748818988 452
1694634010119 0.4035568820300296 453
1694634010324 0.523005298310276 454
1694634010536 0.8621182114183766 455
1694634010759 0.878724665429473 456
1694634010978 13.486575719034668 457
1694634011198 0.08548191043605398 458
1694634011402 1.0491079348237566 459
1694634011591 1.125960613889908 460
1694634011798 0.3767881135090251 461
1694634012030 0.2983123060660368 462
1694634012254 1.061913798354614 463
1694634012480 1.0299875638286364 464
1694634012699 0.9290961552850725 465
1694634012897 0.9921160824547645 466
1694634013086 0.8500559315810619 467
1694634013278 0.500708412622518 468
1694634013472 1.3918867220548325 469
1694634013676 0.14100914627132122 470
1694634013873 0.21498495030480866 471
1694634014077 0.7239910907509122 472
1694634014280 0.24077258330969864 473
1694634014504 0.42251136789586236 474
1694634014669 0.11121545850866951 475
1694634014887 0.002844217717002568 476
1694634015099 0.2051290291377851 477
1694634015312 0.053539120886327486 478
1694634015501 0.7761443562497157 479
1694634015692 0.004981647370689662 480
1694634015898 0.0013776060404794201 481
1694634016082 0.04053347229832977 482
1694634016269 1.004766421975553 483
1694634016491 0.04017159248922366 484
1694634016693 0.32703587817334717 485
1694634016917 0.3568404825380824 486
1694634017114 0.6790848157501447 487
1694634017323 0.08095419449239281 488
1694634017520 0.1855663236484742 489
1694634017707 0.7761785712399659 490
1694634017886 0.6866999423511738 491
1694634018104 0.8710758381835991 492
1694634018286 0.015995015293475988 493
1694634018478 0.4309707443063764 494
1694634018664 0.4920471993803834 495
1694634018866 0.5406559933668458 496
1694634019066 0.9371894439358898 497
1694634019269 0.10906918712126165 498
1694634019487 1.538380807256769 499
1694634019705 1.1532643578998765 500
1694634019914 0.2221960606898055 501
1694634020117 0.05690387984926042 502
1694634020319 1.5896197162261996 503
1694634020529 0.7464528860147304 504
1694634020736 0.7009323145369503 505
1694634020942 0.007293335312747213 506
1694634021142 0.9178649147622532 507
1694634021344 0.7568894009103607 508
1694634021565 0.4607695766712411 509
1694634021771 0.4514224714213172 510
1694634021986 0.15784901411994265 511
1694634022209 0.20169842890221965 512
1694634022452 0.9505609235244777 513
1694634022670 0.031122874779021783 514
1694634022882 0.35537060888156974 515
1694634023127 2.3739619886099157 516
1694634023348 0.34556258314377564 517
1694634023550 0.6611734563687147 518
1694634023783 0.6523679617588973 519
1694634024017 1.807256220401856 520
1694634024251 0.6075746385772145 521
1694634024486 0.5544551670103636 522
1694634024694 0.027480475814145457 523
1694634024908 0.3894519054088917 524
1694634025096 0.19471909045890634 525
1694634025289 0.10126393790057184 526
1694634025511 0.015981158143162536 527
1694634025696 0.8655501918951962 528
1694634025891 0.32253822228401297 529
1694634026092 1.0580922316419363 530
1694634026278 0.30959382379105216 531
1694634026509 0.41496406470732655 532
1694634026725 0.6326401963770861 533
1694634026920 0.8587803398430414 534
1694634027127 0.8364169795008582 535
1694634027330 0.6222569512037464 536
1694634027529 0.34658218625939585 537
1694634027722 0.4116109838457496 538
1694634027928 1.1457635179132823 539
1694634028119 0.2716438381176261 540
1694634028333 1.0988965293413366 541
1694634028549 0.4693685224970464 542
1694634028765 0.1515227744492982 543
1694634028978 1.1282713606138257 544
1694634029191 0.6738891881443471 545
1694634029391 0.46857074939970494 546
1694634029607 0.044796079735997835 547
1694634029803 0.6783746102189878 548
1694634030009 0.4866668300801354 549
1694634030217 0.38010762465096226 550
1694634030433 0.02325604208507791 551
1694634030642 0.9178234199398969 552
1694634030848 0.2283537009491021 553
1694634031053 0.5034572379425988 554
1694634031257 0.21627157074028547 555
1694634031454 1.061606123382503 556
1694634031654 0.229668665458529 557
1694634031874 1.0702415194715973 558
1694634032113 0.5696737046550793 559
1694634032319 0.6495938990742719 560
1694634032518 0.24906594713904337 561
1694634032700 0.528289200477412 562
1694634032902 0.5555064901420986 563
1694634033110 0.8534426292587409 564
1694634033310 0.6238060324393119 565
1694634033518 1.2583266077329611 566
1694634033719 1.7669346829396153 567
1694634033925 1.6463162419979187 568
1694634034137 0.3481003726126868 569
1694634034333 0.40379193235617955 570
1694634034536 0.187741130431711 571
1694634034736 0.5868265344622314 572
1694634034944 0.4951231821096498 573
1694634035144 0.728707963883086 574
1694634035359 0.051206795511997916 575
1694634035574 1.0491713623757235 576
1694634035774 0.7243423140419036 577
1694634035961 0.49186372129848394 578
1694634036151 0.49867156335330987 579
1694634036339 0.9658919618223719 580
1694634036545 0.3010837570084157 581
1694634036736 0.003641948941901131 582
1694634036996 0.10686918339026208 583
1694634037229 0.6055395530143018 584
1694634037423 0.4224395559938882 585
1694634037639 0.3870102304042159 586
1694634037852 0.7908519547934583 587
1694634038033 0.041997040985042505 588
1694634038241 0.16707459058947782 589
1694634038442 0.5665115356884343 590
1694634038631 0.6395724513268027 591
1694634038840 0.4621218347676687 592
1694634039031 0.05100846629619857 593
1694634039227 0.7709192400082072 594
1694634039413 0.7611145146865133 595
1694634039600 0.16627831646571953 596
1694634039803 0.2892506545439138 597
1694634040007 0.008139747674351383 598
1694634040200 0.13594119383691838 599
1694634040410 0.21814762214795372 600
1694634040607 0.30568512396746816 601
1694634040792 0.08811720811229566 602
1694634040986 0.9807877109101356 603
1694634041192 1.066018243060714 604
1694634041400 0.42375584475970757 605
1694634041610 0.6072605269699738 606
1694634041819 0.3084400467479377 607
1694634042038 0.9766426699021172 608
1694634042287 0.21588738176424677 609
1694634042511 0.2555798950991045 610
1694634042718 0.8651454992378687 611
1694634042910 1.002819011119789 612
1694634043101 1.0646019476191235 613
1694634043302 0.9269877214074442 614
1694634043506 0.5680367048546685 615
1694634043693 0.3220861869795055 616
1694634043904 0.8230415121043991 617
1694634044116 1.787145514552826 618
1694634044316 0.17400314650658594 619
1694634044505 0.6802791553649165 620
1694634044697 0.5181166688205366 621
1694634044883 1.6140400360572855 622
1694634045082 0.050582972447359806 623
1694634045286 1.5650492109338212 624
1694634045504 1.1559269027401788 625
1694634045711 0.0735283071508572 626
1694634045917 0.1781301742308031 627
1694634046128 0.4653183325597592 628
1694634046345 0.9475592973691606 629
1694634046568 0.5754699303395397 630
1694634046776 0.6816197466373238 631
1694634046991 0.4320604934530423 632
1694634047201 0.007289185315812745 633
1694634047410 0.6535539650435104 634
1694634047606 0.9825400004419091 635
1694634047819 0.7057040368857074 636
1694634048023 0.6010955341250692 637
1694634048216 1.1742644809265728 638
1694634048423 0.09173756966488378 639
1694634048637 1.5872143157196992 640
1694634048853 0.7496215756183086 641
1694634049066 1.3040381463814819 642
1694634049272 0.9349837177952762 643
1694634049497 0.5515198085236219 644
1694634049717 1.1622246669899652 645
1694634049928 0.09391729909873074 646
1694634050137 0.1697493196599053 647
1694634050356 1.3632173846121893 648
1694634050560 0.2942190649540556 649
1694634050769 0.3989243531153022 650
1694634050991 0.4312598035742988 651
1694634051201 0.542845480613344 652
1694634051406 1.573861099373695 653
1694634051612 0.6514988773712419 654
1694634051835 0.5568146687264223 655
1694634052046 1.3427320145376764 656
1694634052256 0.5203488591585761 657
1694634052453 0.48576757913874713 658
1694634052666 1.4298144499387113 659
1694634052899 0.35560365107051345 660
1694634053087 0.941773377972714 661
1694634053295 0.15111307994190584 662
1694634053495 0.8462036101872068 663
1694634053697 0.16092304348138742 664
1694634053892 0.22784323089696434 665
1694634054015 1.0107631980498788 666
1694634054264 0.6050904676660258 667
1694634054453 0.5514602235433267 668
1694634054646 0.004080356219716046 669
1694634054845 0.3649296103480435 670
1694634055016 0.9453313915887568 671
1694634055220 1.2778133828353844 672
1694634055409 0.3609764599829851 673
1694634055614 0.055901082530582395 674
1694634055812 1.5854348523109494 675
1694634056010 0.7942762125597027 676
1694634056193 1.4397888833016002 677
1694634056380 0.2699119527893148 678
1694634056565 0.23576692259872578 679
1694634056753 1.1506441598451338 680
1694634056957 0.2474707882251077 681
1694634057153 0.6508780572116117 682
1694634057373 0.2647885780246188 683
1694634057588 0.32901608556903184 684
1694634057797 0.5870410974666377 685
1694634057981 0.26059461711703363 686
1694634058183 2.1616437967473368 687
1694634058388 0.07005938484478322 688
1694634058584 0.1321537829682775 689
1694634058784 0.2179086234452409 690
1694634059003 0.9751668031210984 691
1694634059216 0.039138237474943244 692
1694634059417 0.46775364135542263 693
1694634059626 1.6775153733188972 694
1694634059827 0.4794716105336226 695
1694634060058 0.01182662081634954 696
1694634060278 0.6698883619112849 697
1694634060494 1.2776122568278554 698
1694634060701 0.40118288030033594 699
1694634060920 1.2545887190083846 700
1694634061104 1.1347747428320534 701
1694634061269 0.48582168946999804 702
1694634061485 0.4979625644354572 703
1694634061671 0.33088748998287215 704
1694634061917 0.8684372087734763 705
1694634062133 2.4784293538185067 706
1694634062297 1.021338310653221 707
1694634062559 0.22234637504001714 708
1694634062782 0.843438724767866 709
1694634063009 0.7626832922828833 710
1694634063216 0.14787381538916491 711
1694634063408 0.21634684881061142 712
1694634063600 0.7931441375433064 713
1694634063812 0.11933073553251963 714
1694634063997 1.4369792845355052 715
1694634064186 0.12581753823333536 716
1694634064374 0.11442153876895975 717
1694634064580 1.1624933337724506 718
1694634064800 2.0476688870331072 719
1694634064992 0.02007255222729171 720
1694634065185 0.5865436529523148 721
1694634065375 0.37510290080487846 722
1694634065580 1.1903492380642764 723
1694634065786 0.01584032112874941 724
1694634065997 0.8313426749003131 725
1694634066205 0.7000669544105662 726
1694634066408 0.4561427690496917 727
1694634066618 0.06771445361804614 728
1694634066822 0.4332238203328339 729
1694634067026 0.784867424815585 730
1694634067220 0.6976513869849693 731
1694634067452 0.23158358043303942 732
1694634067683 0.43965328929910286 733
1694634067922 0.8702458271570969 734
1694634068153 0.06016066791245134 735
1694634068356 0.862782490795132 736
1694634068564 0.9946470828335255 737
1694634068769 0.8584484592652514 738
1694634068991 0.4199566498811839 739
1694634069220 0.9428747051001862 740
1694634069417 0.42826804529907175 741
1694634069630 0.5695338932668135 742
1694634069833 0.9086287324379356 743
1694634070039 0.32476997775414884 744
1694634070268 0.9105965903930398 745
1694634070483 0.5729691471658209 746
1694634070689 1.0417930670450115 747
1694634070893 0.3347755036017137 748
1694634071106 0.2636818345494042 749
1694634071314 0.1389489931738386 750
1694634071532 0.3396857159807356 751
1694634071744 0.5783686810053658 752
1694634071955 0.3267788705731601 753
1694634072181 0.00569498757726749 754
1694634072396 0.4234047360687492 755
1694634072620 0.664269336453807 756
1694634072831 0.45569626252588624 757
1694634073036 0.750735218920305 758
1694634073249 0.01237611123214805 759
1694634073455 0.13869627698989773 760
1694634073665 1.2895240982606568 761
1694634073850 0.040683041092412386 762
1694634074054 0.5469830780570828 763
1694634074254 0.2874742298973815 764
1694634074441 1.521937066694571 765
1694634074657 0.08602094486183279 766
1694634074863 0.4307337471669985 767
1694634075078 0.9706367383742942 768
1694634075273 1.36734374865986 769
1694634075476 0.4655243023278883 770
1694634075667 0.0019947068223265603 771
1694634075853 0.12703210460394224 772
1694634076041 0.9353018298804244 773
1694634076241 0.39630606653757217 774
1694634076448 0.19438174791950957 775
1694634076666 0.3891615740662842 776
1694634076886 0.8871159877524538 777
1694634077085 0.11082167015938607 778
1694634077271 0.12158278926101704 779
1694634077485 1.0072651412590967 780
1694634077697 0.39886824619296773 781
1694634077897 0.2901014013398775 782
1694634078088 0.5419245235350363 783
1694634078296 1.1189896096909855 784
1694634078503 0.17129311122936094 785
1694634078704 0.009267193066060952 786
1694634078913 2.1385880426288204 787
1694634079128 0.4850732239157055 788
1694634079333 0.029942273558480413 789
1694634079555 0.5153175426985336 790
1694634079771 0.2950302927689693 791
1694634079990 1.4817938343219477 792
1694634080188 0.6170474840595861 793
1694634080365 0.6689901721680905 794
1694634080604 0.8296986011016088 795
1694634080805 0.8715046320877391 796
1694634080997 0.6830475568646442 797
1694634081202 0.20627876662292233 798
1694634081394 0.7156124633702956 799
1694634081586 0.349294309423435 800
1694634081794 0.20099606983145216 801
1694634082006 1.0770053664641812 802
1694634082209 0.1820296989594031 803
1694634082417 0.8463742700912934 804
1694634082606 0.2462837160432547 805
1694634082811 0.6801154947092933 806
1694634083015 0.33749380159077585 807
1694634083226 0.2964929716085139 808
1694634083429 0.011758837931433735 809
1694634083648 0.8684881514253473 810
1694634083857 0.3159683849614272 811
1694634084067 0.11571405796422349 812
1694634084262 0.6087672319134827 813
1694634084453 0.44113376023317324 814
1694634084663 0.5623696599850381 815
1694634084891 0.8798867294040049 816
1694634085111 0.052222828873729185 817
1694634085317 0.0007650842343340713 818
1694634085505 0.9830861812986049 819
1694634085698 0.34004720651866266 820
1694634085893 0.5213040295102295 821
1694634086103 1.062440481897848 822
1694634086313 0.770380847038521 823
1694634086504 0.3676599268838026 824
1694634086698 0.5091370048931325 825
1694634086891 0.37812323440128454 826
1694634087128 0.4623745301375767 827
1694634087337 0.2301272716954895 828
1694634087537 1.8449507907689964 829
1694634087726 0.4757128308832086 830
1694634087920 0.5170629474010686 831
1694634088111 0.6924587897068868 832
1694634088338 0.7765916847073961 833
1694634088543 0.33024759787370495 834
1694634088795 0.26212946080706473 835
1694634089010 0.0014474730059300747 836
1694634089221 0.22273189524107695 837
1694634089450 0.1738519159332095 838
1694634089656 0.4734675229550453 839
1694634089870 0.9502240996658847 840
1694634090120 0.8151848653160347 841
1694634090320 0.17466173387080444 842
1694634090530 0.5886515495167552 843
1694634090737 0.4166958928066418 844
1694634090982 0.5184997381472757 845
1694634091187 0.5457903457141846 846
1694634091398 0.6413829183815369 847
1694634091617 0.8739350389906303 848
1694634091816 0.3158979550552892 849
1694634092062 1.201426863052441 850
1694634092274 0.4610495420010636 851
1694634092487 0.28148163563730927 852
1694634092685 0.11827314396651033 853
1694634092893 0.5542201497097736 854
1694634093075 0.8952992419166376 855
1694634093269 0.2662285315843376 856
1694634093462 0.34921852519685137 857
1694634093664 0.346608818036843 858
1694634093856 1.1526480326121362 859
1694634094073 0.1895364303233988 860
1694634094284 0.23751443267665082 861
1694634094497 0.9707619921766587 862
1694634094702 0.37394512295765514 863
1694634094905 0.28439772827072596 864
1694634095103 0.022482054687098095 865
1694634095301 0.6161812857905759 866
1694634095504 1.3553468974133713 867
1694634095718 0.14199651295218813 868
1694634095933 0.8977627163237484 869
1694634096140 0.7091990689477953 870
1694634096344 1.3137601963311054 871
1694634096560 0.9596796316859832 872
1694634096758 0.7935317434475997 873
1694634096956 0.4266058019306176 874
1694634097161 0.08863535261517787 875
1694634097347 0.6314478010880341 876
1694634097544 0.858886181360801 877
1694634097748 0.6646333019679878 878
1694634097944 0.2009320179185741 879
1694634098153 0.7792845988953842 880
1694634098356 0.936811017869174 881
1694634098557 0.17559968171602666 882
1694634098764 0.22923594448473258 883
1694634098970 1.0905512936308714 884
1694634099176 0.6491652486092496 885
1694634099374 0.2700937444508117 886
1694634099592 0.21814651937677856 887
1694634099800 0.9948272726242019 888
1694634100007 0.6470204991612503 889
1694634100214 0.4227149741119781 890
1694634100420 0.9916020855233219 891
1694634100636 1.0114311545738295 892
1694634100841 0.6223991828621463 893
1694634101045 0.5479740328073448 894
1694634101258 0.41577093440522417 895
1694634101458 0.041388508153661914 896
1694634101686 0.17266384894440787 897
1694634101901 0.059313986224694124 898
1694634102102 0.805767459634943 899
1694634102310 0.3578303981730948 900
1694634102526 0.40734148784083446 901
1694634102742 0.1368725262890909 902
1694634102959 1.0805359965649373 903
1694634103153 0.6406028991690742 904
1694634103359 0.33708114313868937 905
1694634103555 1.1487320049481762 906
1694634103748 0.06936755311027942 907
1694634103940 0.915586764501808 908
1694634104135 0.309457527022763 909
1694634104336 0.4866247922322235 910
1694634104524 0.44933273958417663 911
1694634104718 0.9781653154534609 912
1694634104910 0.2280205927647528 913
1694634105093 0.01922542085267276 914
1694634105290 0.4601028161541048 915
1694634105478 0.004877532135942298 916
1694634105683 0.554432066156411 917
1694634105874 1.3873682319792697 918
1694634106074 2.3734080464941982 919
1694634106255 0.6543961133019557 920
1694634106444 1.0943267024471743 921
1694634106646 0.6445469282440958 922
1694634106857 0.19577488054747058 923
1694634107073 0.7004904562247892 924
1694634107274 0.9911136644100037 925
1694634107481 0.05766333436199649 926
1694634107684 0.7660520247060725 927
1694634107902 0.3500262891899432 928
1694634108101 0.0527974331565043 929
1694634108287 0.3041799024841203 930
1694634108497 0.5993403295787166 931
1694634108700 1.0120526276871078 932
1694634108917 0.3189105690495091 933
1694634109118 0.2621818095351077 934
1694634109315 0.07982179069875556 935
1694634109517 0.9988174619596981 936
1694634109704 0.17752463236474414 937
1694634109909 1.0806243292888693 938
1694634110121 0.3826699747979307 939
1694634110326 0.06554783191633987 940
1694634110521 0.9567122048362391 941
1694634110719 0.08213118482854388 942
1694634110937 0.361299662312358 943
1694634111141 0.5303852146282059 944
1694634111321 0.01331351278180372 945
1694634111531 0.8161797510739451 946
1694634111715 0.0027690435904100595 947
1694634111904 1.6258392655783398 948
1694634112094 0.9151189687776373 949
1694634112287 0.2271388601589638 950
1694634112490 0.3066658092129489 951
1694634112698 0.06343281636376767 952
1694634112905 0.48629622144196977 953
1694634113106 2.0522612744022823 954
1694634113317 0.2932658370597111 955
1694634113536 0.1983104395450747 956
1694634113743 0.23814787130086051 957
1694634113959 0.26055721705639356 958
1694634114166 0.5688298310891298 959
1694634114355 0.47855742665575995 960
1694634114573 0.2865442229139778 961
1694634114768 0.12837618704655288 962
1694634114975 0.30674620686448373 963
1694634115194 0.7369115857531624 964
1694634115400 0.03185495124581185 965
1694634115592 0.3531694597089173 966
1694634115798 0.02626662618455981 967
1694634116000 0.5346884046510958 968
1694634116186 1.07248270837297 969
1694634116366 0.5169966268104558 970
1694634116561 0.2741526642902999 971
1694634116758 0.014102129924160985 972
1694634116951 1.985096457876644 973
1694634117179 0.5885063944919583 974
1694634117385 0.28953714193249125 975
1694634117588 0.1129692748045282 976
1694634117817 0.21592161841143911 977
1694634118053 0.018917418033335073 978
1694634118259 1.0877727713343357 979
1694634118461 0.257241569554068 980
1694634118686 0.20890380698857616 981
1694634118879 0.4014638365467185 982
1694634119140 0.24477438494526385 983
1694634119352 0.569154167821649 984
1694634119553 0.10576793583411734 985
1694634119759 0.6096049887533299 986
1694634119959 1.2485117934291765 987
1694634120173 1.132650769294129 988
1694634120377 0.07194636139623176 989
1694634120592 2.207899683646758 990
1694634120799 0.8637401912223827 991
1694634120985 0.0019637663829768347 992
1694634121166 0.43804948574578645 993
1694634121371 1.0464216412916503 994
1694634121562 0.994673588710024 995
1694634121773 0.24273516843924225 996
1694634121984 0.5533093000483844 997
1694634122181 0.3616898226784036 998
1694634122388 0.5547782845240165 999
