1694631718302 -0.004407369248077941 0
1694631718342 -0.004385170943935757 1
1694631718378 -0.0043620055196818 2
1694631718415 -0.004337851254944791 3
1694631718475 -0.004312686029036561 4
1694631718512 -0.0042950307836313595 5
1694631718571 -0.00427650756713116 6
1694631718642 -0.004257096529900917 7
1694631718721 -0.004236777456541274 8
1694631718767 -0.00421552976069095 9
1694631718804 -0.004193332479798917 10
1694631718838 -0.004170164269866383 11
1694631718875 -0.004146003400166576 12
1694631718924 -0.004120827747927214 13
1694631718960 -0.004094614793001661 14
1694631719000 -0.004067341612507436 15
1694631719047 -0.004038984875451623 16
1694631719084 -0.004009520837327862 17
1694631719124 -0.003978925334708672 18
1694631719164 -0.003947173779812463 19
1694631719212 -0.0039142411550605605 20
1694631719255 -0.003880102007630226 21
1694631719319 -0.003844730443990585 22
1694631719367 -0.0038081001244383295 23
1694631719450 -0.003770184257632536 24
1694631719534 -0.0037309555951186013 25
1694631719587 -0.0036903864258703845 26
1694631719647 -0.0036484485708236924 27
1694631719697 -0.003605113377427971 28
1694631719744 -0.0035603517142013263 29
1694631719787 -0.0035265967392565933 30
1694631719831 -0.003491684162507447 31
1694631719871 -0.0034555899026265102 32
1694631719912 -0.003418289480199066 33
1694631719967 -0.003379758013314582 34
1694631720021 -0.0033399702131773346 35
1694631720062 -0.0032989003797347927 36
1694631720113 -0.0032565223973308743 37
1694631720154 -0.0032128097303842917 38
1694631720195 -0.003167735419096429 39
1694631720236 -0.0031212720751949696 40
1694631720275 -0.00307339187770439 41
1694631720323 -0.003024066568767525 42
1694631720364 -0.0029732674495002165 43
1694631720410 -0.0029209653758992538 44
1694631720450 -0.002867130754793612 45
1694631720488 -0.002811733539859862 46
1694631720531 -0.0027547432276786576 47
1694631720571 -0.002696128853874935 48
1694631720611 -0.002635858989304962 49
1694631720648 -0.0025739017363255456 50
1694631720683 -0.002510224725133181 51
1694631720724 -0.002444795110183362 52
1694631720761 -0.0023775795666940436 53
1694631720798 -0.0023085442872361472 54
1694631720838 -0.0022376549784259847 55
1694631720875 -0.0021648768576969513 56
1694631720920 -0.0020901746501977847 57
1694631720956 -0.002013512585783195 58
1694631720991 -0.0019348543961259512 59
1694631721028 -0.0018541633119446566 60
1694631721066 -0.0017714020603598613 61
1694631721099 -0.001686532862376744 62
1694631721141 -0.001599517430509012 63
1694631721181 -0.001510316966538694 64
1694631721237 -0.0014188921594298076 65
1694631721288 -0.0013252031833945743 66
1694631721339 -0.00122920969611795 67
1694631721387 -0.0011308708371506881 68
1694631721438 -0.0010301452264755984 69
1694631721485 -0.000926990963253882 70
1694631721535 -0.0008213656247553214 71
1694631721572 -0.0007132262654845345 72
1694631721604 -0.0006025294165066253 73
1694631721637 -0.0004892310849746728 74
1694631721670 -0.00037328675388392796 75
1694631721707 -0.0002546513820236296 76
1694631721744 -0.00013327940418794704 77
1694631721779 -9.124731593868063e-06 78
1694631721816 0.00011785924744478482 79
1694631721855 0.00024771966658965194 80
1694631721896 0.00038050418030177724 81
1694631721932 0.0005162609623958758 82
1694631721971 0.0006550387043217087 83
1694631722015 0.0007968866131662367 84
1694631722047 0.0009418544093614534 85
1694631722084 0.0010899923241132203 86
1694631722127 0.0012413510965026964 87
1694631722164 0.0013959819702894505 88
1694631722196 0.0015539366904036012 89
1694631722229 0.0017152674990873473 90
1694631722269 0.0018800271317199746 91
1694631722308 0.0020482688122950288 92
1694631722344 0.0022200462485409966 93
1694631722380 0.002395413626689491 94
1694631722426 0.0025744256058730652 95
1694631722458 0.00275713731214855 96
1694631722494 0.0029436043321374727 97
1694631722533 0.003133882706278124 98
1694631722567 0.003328028921677828 99
1694631722603 0.003526099904559876 100
1694631722646 0.0037281530122964535 101
1694631722687 0.003934246025024013 102
1694631722724 0.004144437136827772 103
1694631722759 0.004358784946486005 104
1694631722799 0.004577348447791674 105
1694631722842 0.004800187019397328 106
1694631722880 0.005027360414225024 107
1694631722928 0.005258928748403724 108
1694631722963 0.005494952489742411 109
1694631723002 0.005735492445724466 110
1694631723055 0.005980609751023325 111
1694631723094 0.006230365854530517 112
1694631723134 0.006484822505883225 113
1694631723174 0.006744041741518991 114
1694631723208 0.007008085870184644 115
1694631723250 0.007277017457988588 116
1694631723290 0.007550899312896209 117
1694631723331 0.007829794468729667 118
1694631723369 0.008113766168659442 119
1694631723411 0.00840287784814353 120
1694631723461 0.00869719311735584 121
1694631723515 0.00899677574309865 122
1694631723561 0.009301689630154986 123
1694631723604 0.009611998802121158 124
1694631723648 0.009927767381720742 125
1694631723694 0.010249059570551555 126
1694631723734 0.010575939628318487 127
1694631723776 0.01090847185152144 128
1694631723816 0.011246720551612022 129
1694631723858 0.011590750032609787 130
1694631723914 0.01194062456818934 131
1694631723973 0.01229640837823609 132
1694631724029 0.012658165604862437 133
1694631724117 0.013025960287926908 134
1694631724161 0.013399856339994964 135
1694631724202 0.013779917520808982 136
1694631724244 0.014166207411234089 137
1694631724281 0.014558789386708071 138
1694631724325 0.014957726590169695 139
1694631724361 0.015363081904531062 140
1694631724405 0.015774917924622156 141
1694631724502 0.016193296928689094 142
1694631724561 0.016618280849412637 143
1694631724612 0.017049931244471184 144
1694631724664 0.01748830926665601 145
1694631724713 0.017933475633550855 146
1694631724764 0.018385490596787624 147
1694631724814 0.018844413910893976 148
1694631724848 0.019310304801729017 149
1694631724892 0.01978322193457016 150
1694631724934 0.02026322338178721 151
1694631724979 0.020750366590197133 152
1694631725025 0.02124470834807146 153
1694631725066 0.02174630475182726 154
1694631725107 0.022255211172418132 155
1694631725149 0.022771482221444095 156
1694631725191 0.023295171717002572 157
1694631725225 0.023826332649296345 158
1694631725263 0.024365017146027235 159
1694631725307 0.024911276437578955 160
1694631725348 0.025465160822049082 161
1694631725385 0.026026719630116713 162
1694631725425 0.026596001189773566 163
1694631725481 0.027173052790974928 164
1694631725538 0.02775792065020477 165
1694631725583 0.02835064987498115 166
1694631725632 0.028951284428374247 167
1694631725674 0.029559867093483683 168
1694631725712 0.030176439437985203 169
1694631725754 0.030801041778725113 170
1694631725793 0.03143371314641308 171
1694631725836 0.03207449125043682 172
1694631725890 0.032723412443816935 173
1694631725929 0.033380511688386516 174
1694631725970 0.03404582252012256 175
1694631726009 0.03471937701480243 176
1694631726050 0.035401205753862075 177
1694631726092 0.036091337790644884 178
1694631726139 0.03678980061693371 179
1694631726198 0.037496620129902514 180
1694631726238 0.038211820599469704 181
1694631726275 0.03893542463609734 182
1694631726318 0.03966745315907927 183
1694631726359 0.04040792536534088 184
1694631726399 0.04115685869879482 185
1694631726438 0.041914268820277156 186
1694631726472 0.042680169578108385 187
1694631726532 0.04345457297930677 188
1694631726585 0.04423748916149017 189
1694631726638 0.0450289263655016 190
1694631726687 0.04582889090879194 191
1694631726726 0.046637387159591204 192
1694631726764 0.04745441751190893 193
1694631726803 0.04827998236137243 194
1694631726845 0.04911408008199736 195
1694631726891 0.04995670700382371 196
1694631726931 0.05080785739154636 197
1694631726972 0.051667523424112405 198
1694631727011 0.05253569517533663 199
1694631727048 0.05341236059556109 200
1694631727088 0.05429750549438506 201
1694631727125 0.055191113524499236 202
1694631727170 0.0560931661666465 203
1694631727214 0.057003642715737324 204
1694631727248 0.05792252026814848 205
1694631727297 0.05884977371020916 206
1694631727348 0.059785375707959054 207
1694631727385 0.06072929669809635 208
1694631727424 0.06168150488024371 209
1694631727473 0.06264196621048801 210
1694631727522 0.06361064439621866 211
1694631727560 0.06458750089233545 212
1694631727596 0.0655724948987404 213
1694631727664 0.06656558335923557 214
1694631727727 0.06756672096177085 215
1694631727771 0.06857586014008166 216
1694631727837 0.06959295107671992 217
1694631727887 0.07061794170748603 218
1694631727923 0.07165077772727635 219
1694631727957 0.07269140259734563 220
1694631727991 0.07373975755397433 221
1694631728027 0.07479578161860667 222
1694631728067 0.07585941160934995 223
1694631728107 0.07693058215394555 224
1694631728146 0.07800922570414515 225
1694631728183 0.07909527255150628 226
1694631728214 0.08018865084460403 227
1694631728248 0.08128928660764712 228
1694631728281 0.08239710376049181 229
1694631728321 0.08351202414004488 230
1694631728355 0.08463396752304042 231
1694631728390 0.08576285165017883 232
1694631728424 0.08689859225161267 233
1694631728469 0.08804110307376367 234
1694631728507 0.08919029590744698 235
1694631728542 0.09034608061729377 236
1694631728579 0.0915083651724361 237
1694631728612 0.09267705567844586 238
1694631728649 0.09385205641049077 239
1694631728685 0.09503326984768912 240
1694631728722 0.09622059670863903 241
1694631728767 0.09741393598806325 242
1694631728804 0.09861318499461913 243
1694631728849 0.09981823938971701 244
1694631728894 0.10102899322743797 245
1694631728965 0.10224533899544108 246
1694631729004 0.10346716765685604 247
1694631729042 0.10469436869310988 248
1694631729080 0.10592683014766546 249
1694631729114 0.10716443867062142 250
1694631729146 0.10840707956414142 251
1694631729187 0.10965463682866772 252
1694631729226 0.11090699320988551 253
1694631729260 0.11216403024638755 254
1694631729294 0.11342562831800473 255
1694631729328 0.1146916666947555 256
1694631729361 0.11596202358637098 257
1694631729397 0.11723657619235439 258
1694631729437 0.11851520075252775 259
1694631729478 0.1197977725980226 260
1694631729517 0.12108416620267026 261
1694631729561 0.12237425523474477 262
1694631729597 0.12366791260901433 263
1694631729627 0.12496501053905695 264
1694631729662 0.1262654205897914 265
1694631729695 0.12756901373018859 266
1694631729729 0.12887566038608333 267
1694631729764 0.1301852304931106 268
1694631729798 0.13149759354965251 269
1694631729841 0.13281261866976402 270
1694631729886 0.13413017463608046 271
1694631729921 0.13545012995259575 272
1694631729955 0.13677235289733358 273
1694631729995 0.1380967115748245 274
1694631730031 0.13942307396833498 275
1694631730065 0.14075130799186786 276
1694631730104 0.1420812815418343 277
1694631730142 0.14341286254838748 278
1694631730178 0.14474591902637024 279
1694631730214 0.1460803191258171 280
1694631730267 0.14741593118205054 281
1694631730314 0.14875262376520482 282
1694631730357 0.15009026572926942 283
1694631730392 0.1514287262605427 284
1694631730425 0.1527678749254856 285
1694631730463 0.15410758171794103 286
1694631730503 0.15544771710568628 287
1694631730540 0.1567881520762866 288
1694631730575 0.1581287581822296 289
1694631730611 0.15946940758528316 290
1694631730645 0.16080997310010736 291
1694631730694 0.1621503282370419 292
1694631730730 0.16349034724404699 293
1694631730768 0.16482990514779872 294
1694631730806 0.1661688777939493 295
1694631730840 0.1675071418864187 296
1694631730878 0.1688445750258235 297
1694631730915 0.1701810557469542 298
1694631730949 0.1715164635553007 299
1694631730992 0.17285067896261452 300
1694631731027 0.17418358352148888 301
1694631731062 0.17551505985894733 302
1694631731111 0.17684499170902257 303
1694631731154 0.1781732639443262 304
1694631731192 0.1794997626065883 305
1694631731229 0.18082437493616654 306
1694631731284 0.18214698940051965 307
1694631731324 0.1834674957216108 308
1694631731365 0.1847857849023219 309
1694631731411 0.18610174925173695 310
1694631731456 0.1874152824094273 311
1694631731523 0.18872627936866038 312
1694631731574 0.19003463649855523 313
1694631731618 0.19134025156518597 314
1694631731654 0.19264302375161513 315
1694631731694 0.1939428536769292 316
1694631731726 0.19523964341415778 317
1694631731757 0.19653329650720974 318
1694631731795 0.19782371798675125 319
1694631731830 0.19911081438506384 320
1694631731876 0.20039449374988405 321
1694631731910 0.20167466565723502 322
1694631731953 0.20295124122324115 323
1694631731993 0.20422413311498944 324
1694631732028 0.205493255560389 325
1694631732062 0.206758524357048 326
1694631732097 0.20801985688023328 327
1694631732137 0.20927717208984664 328
1694631732175 0.21053039053653833 329
1694631732206 0.21177943436682423 330
1694631732246 0.21302422732737036 331
1694631732290 0.21426469476836552 332
1694631732331 0.21550076364603343 333
1694631732371 0.21673236252429295 334
1694631732405 0.2179594215755869 335
1694631732449 0.21918187258088961 336
1694631732491 0.2203996489289205 337
1694631732527 0.22161268561457037 338
1694631732563 0.22282091923656666 339
1694631732600 0.22402428799439533 340
1694631732639 0.22522273168449447 341
1694631732676 0.22641619169572103 342
1694631732717 0.22760461100418528 343
1694631732752 0.22878793416733578 344
1694631732797 0.22996610731745204 345
1694631732835 0.2311390781544842 346
1694631732881 0.23230679593828396 347
1694631732917 0.23346921148022282 348
1694631732955 0.23462627713429196 349
1694631733000 0.23577794678757025 350
1694631733048 0.23692417585021752 351
1694631733093 0.2380649212449244 352
1694631733132 0.2392001413958751 353
1694631733170 0.24032979621722483 354
1694631733205 0.24145384710112727 355
1694631733240 0.24257225690531448 356
1694631733281 0.24368498994026144 357
1694631733316 0.24479201195594913 358
1694631733352 0.24589329012822025 359
1694631733394 0.24698879304482912 360
1694631733432 0.2480784906910638 361
1694631733469 0.2491623544350987 362
1694631733516 0.25024035701300995 363
1694631733558 0.25131247251349875 364
1694631733600 0.2523786763623379 365
1694631733642 0.25343894530655753 366
1694631733699 0.2544932573983837 367
1694631733753 0.25554159197894954 368
1694631733791 0.25658392966179444 369
1694631733831 0.25762025231616525 370
1694631733865 0.25865054305013435 371
1694631733901 0.2596747861935559 372
1694631733948 0.260692967280863 373
1694631733996 0.26170507303373447 374
1694631734048 0.26271109134363024 375
1694631734096 0.263711011254226 376
1694631734129 0.264704822943743 377
1694631734165 0.2656925177072005 378
1694631734198 0.2666740879385927 379
1694631734237 0.26764952711301304 380
1694631734277 0.2686188297687262 381
1694631734310 0.2695819914892116 382
1694631734344 0.27053900888517834 383
1694631734380 0.27148987957657233 384
1694631734411 0.27243460217458393 385
1694631734466 0.2733731762636409 386
1694631734531 0.2743056023834809 387
1694631734604 0.27523188201117277 388
1694631734672 0.2761520175432355 389
1694631734728 0.2770660122777807 390
1694631734766 0.2779738703967145 391
1694631734809 0.2788755969480048 392
1694631734853 0.2797711978280214 393
1694631734893 0.2806606797639516 394
1694631734935 0.281544050296312 395
1694631734974 0.282421317761547 396
1694631735011 0.28329249127473266 397
1694631735043 0.28415758071238895 398
1694631735085 0.28501659669540547 399
1694631735127 0.2858695505720875 400
1694631735192 0.28671645440132876 401
1694631735233 0.2875573209359169 402
1694631735278 0.2883921636059732 403
1694631735320 0.2892209965025351 404
1694631735353 0.2900438343612848 405
1694631735393 0.29086069254642877 406
1694631735431 0.29167158703473284 407
1694631735474 0.29247653439971655 408
1694631735512 0.29327555179599074 409
1694631735548 0.2940686569438139 410
1694631735592 0.2948558681137453 411
1694631735627 0.2956372041115277 412
1694631735666 0.2964126842630994 413
1694631735704 0.2971823283998448 414
1694631735744 0.2979461568439483 415
1694631735783 0.29870419039398544 416
1694631735821 0.29945645031067736 417
1694631735855 0.3002029583028285 418
1694631735903 0.30094373651345685 419
1694631735953 0.301678807506112 420
1694631735994 0.302408194251376 421
1694631736028 0.30313192011356205 422
1694631736063 0.3038500088376005 423
1694631736102 0.30456248453611734 424
1694631736147 0.3052693716767053 425
1694631736199 0.3059706950693881 426
1694631736272 0.30666647985427786 427
1694631736323 0.30735675148942676 428
1694631736367 0.3080415357388694 429
1694631736411 0.3087208586608623 430
1694631736455 0.3093947465963143 431
1694631736495 0.31006322615740944 432
1694631736533 0.3107263242164239 433
1694631736568 0.31138406789473505 434
1694631736600 0.31203648455201904 435
1694631736642 0.3126836017756429 436
1694631736676 0.3133254473702428 437
1694631736717 0.3139620493474965 438
1694631736754 0.3145934359160628 439
1694631736795 0.3152196354717608 440
1694631736834 0.3158406765878662 441
1694631736870 0.3164565880056247 442
1694631736913 0.3170673986249827 443
1694631736947 0.31767313749542725 444
1694631736987 0.3182738338070663 445
1694631737023 0.31886951688186105 446
1694631737059 0.3194602161650427 447
1694631737094 0.32004596121670303 448
1694631737137 0.32062678170355985 449
1694631737173 0.32120270739089807 450
1694631737236 0.3217737681346775 451
1694631737281 0.3223399938738095 452
1694631737327 0.32290141462260635 453
1694631737367 0.3234580604633913 454
1694631737408 0.3240099615392752 455
1694631737452 0.32455714804709146 456
1694631737495 0.3250996502304968 457
1694631737549 0.32563749837322586 458
1694631737589 0.32617072279250114 459
1694631737626 0.32669935383260185 460
1694631737660 0.327223421858581 461
1694631737691 0.32774295725013347 462
1694631737727 0.32825799039561443 463
1694631737766 0.32876855168620134 464
1694631737811 0.32927467151020295 465
1694631737843 0.32977638024750777 466
1694631737881 0.3302737082641748 467
1694631737910 0.33076668590716074 468
1694631737957 0.33125534349918717 469
1694631737993 0.3317397113337358 470
1694631738028 0.332219819670179 471
1694631738072 0.3326956987290479 472
1694631738104 0.3331673786873992 473
1694631738145 0.3336348896743674 474
1694631738180 0.33409826176676705 475
1694631738212 0.3345575249848711 476
1694631738252 0.3350127092882924 477
1694631738290 0.3354638445719619 478
1694631738329 0.33591096066228143 479
1694631738367 0.3363540873133154 480
1694631738398 0.336793254203147 481
1694631738455 0.3372284909303299 482
1694631738513 0.33765982701044206 483
1694631738561 0.3380872918727512 484
1694631738599 0.3385109148569878 485
1694631738633 0.33893072521020995 486
1694631738672 0.3393467520837812 487
1694631738702 0.33975902453043993 488
1694631738743 0.34016757150145327 489
1694631738782 0.3405724218439101 490
1694631738821 0.340973604298048 491
1694631738871 0.34137114749469855 492
1694631738909 0.34176507995285466 493
1694631738956 0.3421554300772607 494
1694631738992 0.3425422261561384 495
1694631739030 0.34292549635897895 496
1694631739075 0.34330526873441924 497
1694631739119 0.3436815712082024 498
1694631739171 0.3440544315811995 499
1694631739214 0.3444238775275579 500
1694631739266 0.3447899365928554 501
1694631739306 0.3451526361923902 502
1694631739349 0.34551200360949474 503
1694631739398 0.34586806599398057 504
1694631739454 0.34622085036058237 505
1694631739505 0.3465703835875238 506
1694631739567 0.34691669241512535 507
1694631739611 0.3472598034444865 508
1694631739688 0.34759974313622566 509
1694631739733 0.3479365378092878 510
1694631739775 0.34827021363981336 511
1694631739811 0.3486007966600445 512
1694631739847 0.34892831275734715 513
1694631739880 0.34925278767321455 514
1694631739928 0.34957424700238326 515
1694631739961 0.34989271619197737 516
1694631740000 0.35020822054071343 517
1694631740036 0.350520785198156 518
1694631740083 0.3508304351640247 519
1694631740129 0.3511371952875345 520
1694631740160 0.3514410902668297 521
1694631740198 0.35174214464840015 522
1694631740233 0.3520403828265958 523
1694631740273 0.3523358290431575 524
1694631740307 0.35262850738680696 525
1694631740349 0.35291844179286846 526
1694631740404 0.3532056560429241 527
1694631740455 0.35349017376454905 528
1694631740506 0.35377201843102857 529
1694631740544 0.35405121336115486 530
1694631740581 0.35432778171904433 531
1694631740626 0.3546017465139987 532
1694631740659 0.35487313060039394 533
1694631740695 0.3551419566775944 534
1694631740729 0.35540824728994325 535
1694631740765 0.355672024826721 536
1694631740800 0.35593331152218655 537
1694631740845 0.3561921294556256 538
1694631740892 0.35644850055143185 539
1694631740928 0.35670244657922523 540
1694631740966 0.35695398915398246 541
1694631741003 0.35720314973621314 542
1694631741042 0.3574499496321466 543
1694631741082 0.3576944099939542 544
1694631741123 0.3579365518199912 545
1694631741163 0.35817639595506523 546
1694631741199 0.3584139630907278 547
1694631741256 0.35864927376558686 548
1694631741299 0.3588823483656419 549
1694631741331 0.3591132071246427 550
1694631741370 0.3593418701244684 551
1694631741405 0.35956835729550685 552
1694631741444 0.3597926884171071 553
1694631741483 0.3600148831179818 554
1694631741528 0.36023496087666185 555
1694631741573 0.3604529410219943 556
1694631741608 0.36066884273360067 557
1694631741659 0.3608826850423841 558
1694631741693 0.3610944868310597 559
1694631741733 0.3613042668346893 560
1694631741767 0.3615120436412167 561
1694631741804 0.36171783569202454 562
1694631741854 0.3619216612825442 563
1694631741904 0.36212353856280577 564
1694631741944 0.3623234855380605 565
1694631741995 0.3625215200693873 566
1694631742034 0.3627176598743177 567
1694631742068 0.36291192252747706 568
1694631742102 0.3631043254612162 569
1694631742145 0.36329488596628245 570
1694631742186 0.3634836211924931 571
1694631742227 0.36367054814937294 572
1694631742266 0.3638556837068879 573
1694631742308 0.36403904459610226 574
1694631742352 0.36422064740989146 575
1694631742397 0.3644005086036516 576
1694631742443 0.3645786444960184 577
1694631742488 0.3647550712695693 578
1694631742530 0.36492980497159233 579
1694631742576 0.3651028615147829 580
1694631742620 0.36527425667800584 581
1694631742667 0.3654440061070383 582
1694631742719 0.36561212531531995 583
1694631742768 0.3657786296847162 584
1694631742808 0.3659435344662738 585
1694631742852 0.36610685478099103 586
1694631742912 0.3662686056205914 587
1694631742957 0.3664288018482902 588
1694631742999 0.36658745819958005 589
1694631743047 0.366744589283009 590
1694631743086 0.36690020958096703 591
1694631743131 0.36705433345046046 592
1694631743168 0.36720697512393063 593
1694631743211 0.3673581487100158 594
1694631743254 0.36750786819435877 595
1694631743297 0.36765614744040276 596
1694631743339 0.3678030001901855 597
1694631743390 0.36794844006514116 598
1694631743428 0.3680924805668966 599
1694631743463 0.3682351350780795 600
1694631743506 0.3683764168631001 601
1694631743540 0.3685163390689894 602
1694631743582 0.3686549147261673 603
1694631743625 0.36879215674926147 604
1694631743663 0.36892807793790805 605
1694631743695 0.36906269097755584 606
1694631743737 0.3691960084402651 607
1694631743783 0.3693280427855128 608
1694631743831 0.3694588063609936 609
1694631743866 0.36958831140342085 610
1694631743905 0.36971657003932457 611
1694631743943 0.3698435942858519 612
1694631743987 0.369969396051565 613
1694631744032 0.3700939871372376 614
1694631744068 0.37021737923664766 615
1694631744107 0.3703395839373742 616
1694631744145 0.37046061272158637 617
1694631744187 0.37058047696683427 618
1694631744221 0.37069918794683765 619
1694631744259 0.3708167568322699 620
1694631744316 0.3709331946915443 621
1694631744361 0.3710485124915953 622
1694631744404 0.3711627210986561 623
1694631744449 0.3712758312790385 624
1694631744500 0.3713878536999037 625
1694631744567 0.37149879893003823 626
1694631744606 0.37160867744061954 627
1694631744665 0.3717174996059849 628
1694631744724 0.3718252757043966 629
1694631744787 0.37193201591878844 630
1694631744822 0.3720377303375546 631
1694631744857 0.3721424289552704 632
1694631744899 0.37224612167346616 633
1694631744933 0.372348818301355 634
1694631744981 0.37245052855661087 635
1694631745022 0.3725512620660757 636
1694631745053 0.37265102836651665 637
1694631745089 0.3727498369053567 638
1694631745126 0.37284769704140763 639
1694631745161 0.372944618045596 640
1694631745209 0.3730406091016889 641
1694631745249 0.37313567930701474 642
1694631745289 0.37322983767318174 643
1694631745325 0.37332309312678746 644
1694631745383 0.37341545451013447 645
1694631745430 0.37350693058193396 646
1694631745479 0.37359753001799845 647
1694631745530 0.37368726141195696 648
1694631745573 0.37377613327594605 649
1694631745609 0.3738641540412916 650
1694631745646 0.37395133205918885 651
1694631745690 0.37403767560141965 652
1694631745727 0.3741231928609816 653
1694631745759 0.3742078919528131 654
1694631745791 0.3742917809144293 655
1694631745828 0.3743748677065918 656
1694631745863 0.37445716021399567 657
1694631745899 0.3745386662459007 658
1694631745949 0.3746193935368013 659
1694631745992 0.3746993497470703 660
1694631746031 0.3747785424636073 661
1694631746074 0.3748569792004852 662
1694631746108 0.3749346673995705 663
1694631746146 0.37501161443119024 664
1694631746181 0.3750878275947279 665
1694631746213 0.3751633141192673 666
1694631746248 0.37523808116420754 667
1694631746286 0.37531213581988465 668
1694631746319 0.37538548510818104 669
1694631746357 0.37545813598313393 670
1694631746390 0.3755300953315429 671
1694631746425 0.3756013699735722 672
1694631746462 0.375671966663328 673
1694631746498 0.3757418920894885 674
1694631746528 0.37581115287585254 675
1694631746561 0.37587975558194575 676
1694631746603 0.3759477067035941 677
1694631746637 0.3760150126734969 678
1694631746687 0.37608167986180163 679
1694631746749 0.3761477145766703 680
1694631746803 0.37621312306484 681
1694631746850 0.37627791151218526 682
1694631746886 0.376342086044259 683
1694631746923 0.37640565272687354 684
1694631746969 0.3764686175666132 685
1694631747002 0.3765309865113955 686
1694631747044 0.3765927654510062 687
1694631747084 0.37665396021761766 688
1694631747116 0.37671457658635377 689
1694631747156 0.37677462027578 690
1694631747192 0.3768340969484423 691
1694631747227 0.3768930122113828 692
1694631747264 0.37695137161665215 693
1694631747303 0.37700918066181865 694
1694631747341 0.377066444790476 695
1694631747375 0.37712316939274093 696
1694631747407 0.377179359805756 697
1694631747454 0.37723502131417896 698
1694631747495 0.3772901591506753 699
1694631747533 0.37734477849640236 700
1694631747578 0.3773988844814914 701
1694631747613 0.3774524821855251 702
1694631747652 0.377505576638015 703
1694631747689 0.3775581728188664 704
1694631747723 0.3776102756588481 705
1694631747755 0.37766189004005546 706
1694631747787 0.3777130207963707 707
1694631747823 0.377763672713902 708
1694631747861 0.3778138505314712 709
1694631747896 0.37786355894101187 710
1694631747932 0.3779128025880615 711
1694631747967 0.37796158607216723 712
1694631747999 0.37800991394733585 713
1694631748032 0.37805779072246537 714
1694631748072 0.378105220861777 715
1694631748102 0.3781522087852238 716
1694631748142 0.37819875886894394 717
1694631748172 0.3782448754456489 718
1694631748203 0.3782905628050517 719
1694631748240 0.3783358251942781 720
1694631748284 0.37838066681826865 721
1694631748317 0.37842509184018713 722
1694631748368 0.37846910438182013 723
1694631748405 0.378512708523973 724
1694631748449 0.37855590830686703 725
1694631748496 0.37859870773052284 726
1694631748539 0.3786411107551536 727
1694631748575 0.37868312130154613 728
1694631748609 0.37872474325144 729
1694631748647 0.37876598044790455 730
1694631748685 0.3788068366957149 731
1694631748721 0.37884731576171804 732
1694631748761 0.37888742137520315 733
1694631748798 0.37892715722826287 734
1694631748841 0.3789665269761554 735
1694631748876 0.37900553423765837 736
1694631748916 0.3790441825954275 737
1694631748953 0.37908247559634456 738
1694631748988 0.3791204167518659 739
1694631749024 0.37915800953836876 740
1694631749060 0.37919525739747817 741
1694631749104 0.3792321637364393 742
1694631749149 0.3792687319284147 743
1694631749183 0.37930496531283975 744
1694631749217 0.37934086719574445 745
1694631749267 0.3793764408500796 746
1694631749313 0.37941168951604354 747
1694631749352 0.3794466164013991 748
1694631749403 0.3794812246817918 749
1694631749462 0.3795155175010664 750
1694631749506 0.3795494979715761 751
1694631749552 0.3795831691744924 752
1694631749586 0.37961653416011554 753
1694631749620 0.3796495959481596 754
1694631749671 0.3796823575280879 755
1694631749708 0.3797148218593741 756
1694631749747 0.37974699187181726 757
1694631749793 0.37977887046582826 758
1694631749828 0.37981046051272127 759
1694631749864 0.37984176485500043 760
1694631749904 0.379872786306641 761
1694631749938 0.37990352765337465 762
1694631749981 0.3799339916529648 763
1694631750023 0.37996418103548735 764
1694631750075 0.37999409850359944 765
1694631750114 0.3800237467328137 766
1694631750167 0.38005312837176675 767
1694631750210 0.38008224604248353 768
1694631750245 0.38011110234064294 769
1694631750283 0.3801396998358363 770
1694631750321 0.38016804107182944 771
1694631750358 0.3801961285668156 772
1694631750402 0.3802239648136717 773
1694631750438 0.3802515522802067 774
1694631750480 0.3802788934094188 775
1694631750531 0.38030599061972026 776
1694631750588 0.38033284630521846 777
1694631750621 0.38035946283592537 778
1694631750662 0.38038584255800034 779
1694631750702 0.3804119877940151 780
1694631750748 0.3804379008431562 781
1694631750791 0.3804635839814745 782
1694631750839 0.3804890394621132 783
1694631750883 0.38051426951553535 784
1694631750931 0.3805392763497507 785
1694631750973 0.38056406215053984 786
1694631751012 0.3805886290816789 787
1694631751051 0.3806129792851445 788
1694631751090 0.3806371148813661 789
1694631751131 0.380661037969392 790
1694631751183 0.3806847506271541 791
1694631751227 0.3807082549116445 792
1694631751283 0.38073155285912785 793
1694631751332 0.38075464648537505 794
1694631751392 0.38077753778583867 795
1694631751449 0.38080022873586983 796
1694631751503 0.38082272129092287 797
1694631751540 0.38084501738673937 798
1694631751579 0.38086711893956726 799
1694631751615 0.38088902784633827 800
1694631751655 0.3809107459848804 801
1694631751696 0.3809322752140881 802
1694631751730 0.3809536173741269 803
1694631751778 0.3809747742866171 804
1694631751812 0.3809957477548245 805
1694631751851 0.3810165395638283 806
1694631751884 0.3810371514807369 807
1694631751925 0.38105758525483324 808
1694631751962 0.3810778426177758 809
1694631751996 0.3810979252837692 810
1694631752030 0.38111783494973905 811
1694631752066 0.3811375732955097 812
1694631752100 0.38115714198397266 813
1694631752138 0.38117654266126233 814
1694631752175 0.3811957769569124 815
1694631752229 0.3812148464840386 816
1694631752268 0.38123375283950356 817
1694631752309 0.38125249760406665 818
1694631752347 0.3812710823425576 819
1694631752393 0.38128950860403577 820
1694631752428 0.3813077779219489 821
1694631752463 0.38132589181427956 822
1694631752505 0.38134385178373453 823
1694631752545 0.3813616593178496 824
1694631752582 0.38137931588919183 825
1694631752626 0.38139682295547794 826
1694631752659 0.38141418195973686 827
1694631752701 0.3814313943304607 828
1694631752739 0.3814484614817337 829
1694631752776 0.38146538481341363 830
1694631752810 0.38148216571123883 831
1694631752848 0.38149880554699056 832
1694631752878 0.3815153056786308 833
1694631752909 0.38153166745044065 834
1694631752945 0.38154789219315965 835
1694631752978 0.3815639812241245 836
1694631753013 0.3815799358474028 837
1694631753053 0.3815957573539257 838
1694631753095 0.38161144702162697 839
1694631753131 0.38162700611556966 840
1694631753171 0.3816424358880768 841
1694631753209 0.38165773757886723 842
1694631753246 0.3816729124151639 843
1694631753278 0.3816879616118545 844
1694631753313 0.3817028863715872 845
1694631753349 0.3817176878848987 846
1694631753381 0.38173236733034777 847
1694631753424 0.3817469258746442 848
1694631753461 0.3817613646727318 849
1694631753501 0.381775684867958 850
1694631753535 0.38178988759215127 851
1694631753571 0.3818039739657588 852
1694631753609 0.38181794509795475 853
1694631753654 0.38183180208675904 854
1694631753696 0.3818455460191462 855
1694631753755 0.3818591779711614 856
1694631753800 0.381872699008029 857
1694631753844 0.3818861101842649 858
1694631753881 0.38189941254378224 859
1694631753928 0.3819126071200005 860
1694631753973 0.38192569493595585 861
1694631754020 0.38193867700440143 862
1694631754070 0.3819515543279127 863
1694631754113 0.3819643278989949 864
1694631754164 0.38197699870018176 865
1694631754220 0.38198956770413783 866
1694631754271 0.3820020358737627 867
1694631754332 0.3820144041622754 868
1694631754389 0.3820266735133402 869
1694631754450 0.3820388448611385 870
1694631754500 0.38205091913047673 871
1694631754536 0.38206289723688025 872
1694631754575 0.3820747800866874 873
1694631754606 0.38208656857714296 874
1694631754638 0.3820982635964939 875
1694631754669 0.3821098660240674 876
1694631754704 0.3821213767303897 877
1694631754736 0.38213279657724464 878
1694631754788 0.38214412641778517 879
1694631754850 0.3821553670965995 880
1694631754901 0.3821665194498298 881
1694631754945 0.3821775843052275 882
1694631754981 0.3821885624822541 883
1694631755015 0.382199454792163 884
1694631755048 0.38221026203808317 885
1694631755086 0.3822209850151055 886
1694631755127 0.382231624510346 887
1694631755167 0.3822421813030632 888
1694631755204 0.38225265616470316 889
1694631755250 0.38226304985899695 890
1694631755291 0.3822733631420354 891
1694631755325 0.38228359676234547 892
1694631755359 0.3822937514609701 893
1694631755393 0.3823038279715436 894
1694631755433 0.3823138270203663 895
1694631755470 0.3823237493264797 896
1694631755517 0.38233359560174107 897
1694631755562 0.3823433665508955 898
1694631755615 0.3823530628716497 899
1694631755657 0.3823626852547436 900
1694631755699 0.38237223438402124 901
1694631755745 0.38238171093650086 902
1694631755790 0.382391115582443 903
1694631755846 0.3824004489854237 904
1694631755884 0.38240971180239747 905
1694631755937 0.38241890468377027 906
1694631756012 0.38242802827346034 907
1694631756071 0.38243708320896996 908
1694631756112 0.3824460701214466 909
1694631756157 0.3824549896357511 910
1694631756192 0.3824638423705188 911
1694631756227 0.38247262893822553 912
1694631756282 0.3824813499452524 913
1694631756322 0.38249000599193084 914
1694631756373 0.38249859767264227 915
1694631756426 0.38250712557582967 916
1694631756473 0.3825155902841042 917
1694631756524 0.38252399237427337 918
1694631756588 0.3825323324174118 919
1694631756645 0.38254061097892056 920
1694631756693 0.3825488286185815 921
1694631756751 0.38255698589061626 922
1694631756801 0.38256508334374506 923
1694631756847 0.3825731215212387 924
1694631756891 0.38258110096098097 925
1694631756943 0.3825890221955047 926
1694631756984 0.3825968857520805 927
1694631757024 0.38260469215274084 928
1694631757066 0.38261244191433585 929
1694631757112 0.38262013554859997 930
1694631757187 0.3826277735622051 931
1694631757249 0.3826353564567935 932
1694631757330 0.3826428847290433 933
1694631757394 0.3826503588707215 934
1694631757448 0.38265777936871326 935
1694631757492 0.3826651467051081 936
1694631757533 0.38267246135721356 937
1694631757571 0.38267972379762194 938
1694631757609 0.38268693449425506 939
1694631757650 0.3826940939104104 940
1694631757690 0.3827012025048101 941
1694631757731 0.3827082607316469 942
1694631757779 0.3827152690406297 943
1694631757824 0.3827222278770299 944
1694631757863 0.38272913768172656 945
1694631757900 0.382735998891253 946
1694631757941 0.3827428119378289 947
1694631757981 0.38274957724943204 948
1694631758029 0.3827562952498106 949
1694631758092 0.3827629663585489 950
1694631758143 0.38276959099108465 951
1694631758217 0.38277616955878924 952
1694631758268 0.38278270246897506 953
1694631758309 0.3827891901249407 954
1694631758349 0.38279563292604013 955
1694631758385 0.38280203126769086 956
1694631758423 0.3828083855414187 957
1694631758464 0.38281469613492225 958
1694631758505 0.3828209634320826 959
1694631758550 0.3828271878130165 960
1694631758588 0.38283336965411285 961
1694631758633 0.3828395093280693 962
1694631758679 0.3828456072039311 963
1694631758729 0.3828516636471273 964
1694631758770 0.3828576790195114 965
1694631758811 0.3828636536793816 966
1694631758856 0.38286958798154846 967
1694631758897 0.3828754822773378 968
1694631758958 0.38288133691464576 969
1694631758999 0.3828871522379671 970
1694631759041 0.3828929285884296 971
1694631759085 0.3828986663038282 972
1694631759124 0.3829043657186645 973
1694631759165 0.38291002716417155 974
1694631759209 0.3829156509683532 975
1694631759252 0.38292123745601514 976
1694631759298 0.3829267869487971 977
1694631759350 0.3829322997652064 978
1694631759388 0.38293777622064673 979
1694631759432 0.38294321662745245 980
1694631759481 0.38294862129491913 981
1694631759525 0.3829539905293359 982
1694631759566 0.3829593246340124 983
1694631759607 0.3829646239093123 984
1694631759648 0.38296988865268444 985
1694631759690 0.382975119158682 986
1694631759730 0.3829803157190034 987
1694631759773 0.38298547862252685 988
1694631759809 0.3829906081553206 989
1694631759873 0.38299570460068255 990
1694631759913 0.38300076823916784 991
1694631759955 0.3830057993486148 992
1694631759994 0.38301079820417405 993
1694631760036 0.38301576507833446 994
1694631760078 0.3830207002409516 995
1694631760126 0.38302560395927177 996
1694631760168 0.3830304764979655 997
1694631760210 0.38303531811913794 998
1694631760256 0.3830401290823713 999
