1694622189130 0.012211626452680193 0
1694622189337 0.0017686555130483478 1
1694622189602 0.01587599562325064 2
1694622189887 0.15068365019281146 3
1694622190124 0.0005029177239358059 4
1694622190347 0.006397544639662753 5
1694622190563 0.07474633405860653 6
1694622190744 0.01721621021633827 7
1694622190920 0.00922271665996876 8
1694622191158 0.07178848060846564 9
1694622191341 0.003207975069341868 10
1694622191509 0.03280139689883021 11
1694622191739 0.06535081118460297 12
1694622191983 0.0012173497530017258 13
1694622192156 0.0009650709471723796 14
1694622192343 0.0016094479668761522 15
1694622192547 0.4264289847798097 16
1694622192752 0.09353012166691023 17
1694622192955 0.10501420350873736 18
1694622193140 0.04315883398934048 19
1694622193304 0.04032878530121302 20
1694622193473 0.011684175846281104 21
1694622193654 0.0011239836516154893 22
1694622193913 0.024406885110979177 23
1694622194112 0.015713665391808372 24
1694622194296 0.17924579330842652 25
1694622194502 0.012749859101675642 26
1694622194683 0.20896397499367583 27
1694622194852 0.01758276756312387 28
1694622195056 1.4392931920393977e-05 29
1694622195308 9.473182392797909e-05 30
1694622195590 0.0065790904493503366 31
1694622195831 0.017391383469534158 32
1694622196128 0.007336056427273398 33
1694622196419 0.2005954247873401 34
1694622196675 0.0010676610564245269 35
1694622196914 0.17964535977930052 36
1694622197131 0.6204721750799795 37
1694622197349 0.018912342831014256 38
1694622197579 0.03499637412342423 39
1694622197799 0.008203187664672585 40
1694622198031 0.0050269373367194505 41
1694622198254 0.0008329279817490629 42
1694622198465 0.6524441381269275 43
1694622198726 0.29705876431300504 44
1694622198978 0.005210351151743455 45
1694622199220 0.002641820154039269 46
1694622199411 0.0459143253355402 47
1694622199649 0.1455256746871854 48
1694622199924 0.27510553919547587 49
1694622200128 0.08281087469943893 50
1694622200381 0.06213932952888587 51
1694622200637 0.02268924331314325 52
1694622200813 0.0013102669538781514 53
1694622201053 1.55749462039321e-05 54
1694622201231 0.22793051853295254 55
1694622201434 0.0605549708791544 56
1694622201635 0.02962008846222031 57
1694622201927 0.10824818351709513 58
1694622202192 0.03601102450971988 59
1694622202417 0.11559656139295449 60
1694622202662 0.017807033067966136 61
1694622202856 0.0003020523317243887 62
1694622203101 0.10952580849864724 63
1694622203364 0.02177457791348004 64
1694622203641 0.15155867981745455 65
1694622203869 0.007303083001125224 66
1694622204050 0.012926877820692621 67
1694622204216 0.2138009519210059 68
1694622204450 0.019147631603421745 69
1694622204649 0.006389550083944786 70
1694622204851 0.025139201759496757 71
1694622205131 0.01511199670671669 72
1694622205353 0.05478176832507854 73
1694622205609 0.08270107204889937 74
1694622205806 0.061143463774035234 75
1694622205999 4.780631980587693e-05 76
1694622206211 0.07943606168496475 77
1694622206417 0.3292834323744884 78
1694622206669 0.016127149627297627 79
1694622206925 0.024862402415363166 80
1694622207147 0.20567300069599184 81
1694622207347 0.1304393618300336 82
1694622207565 0.00831362382157989 83
1694622207749 0.016296375291195552 84
1694622207988 0.003059483985208734 85
1694622208209 0.3251150425693921 86
1694622208378 0.020568175476333748 87
1694622208578 0.03450411124936621 88
1694622208778 0.11799590425226526 89
1694622208985 0.014088966827642917 90
1694622209209 0.06896394673097704 91
1694622209419 0.08961483570508 92
1694622209638 0.8266621444230137 93
1694622209859 0.0008458970346970277 94
1694622210079 0.4739076992232043 95
1694622210307 0.18191764315338552 96
1694622210579 0.002734216630880238 97
1694622210780 0.5167116069372971 98
1694622211010 0.0015299049579662511 99
1694622211200 0.011473028019910687 100
1694622211425 0.03796707322502796 101
1694622211640 0.02986501534563781 102
1694622211897 0.24371877279010182 103
1694622212156 0.05649369699049854 104
1694622212399 0.29414107744152035 105
1694622212607 0.3073433816209427 106
1694622212811 0.10832786044157362 107
1694622213015 0.0003460002551615473 108
1694622213291 0.03648558010473021 109
1694622213585 0.002508255437551021 110
1694622213882 0.1917432753846196 111
1694622214156 0.12843335321077218 112
1694622214345 0.10482026347557759 113
1694622214510 0.03139962888969819 114
1694622214749 0.0014653928822822035 115
1694622214984 0.10028062801599506 116
1694622215255 0.0031906970724379364 117
1694622215428 0.03927505845659745 118
1694622215637 0.05121910128758702 119
1694622215883 0.002823722861040215 120
1694622216152 0.14337206718444195 121
1694622216316 0.05669365573989485 122
1694622216518 0.00872432744006774 123
1694622216687 0.03932073375635881 124
1694622216876 0.11156437795126192 125
1694622217052 0.013212705051341226 126
1694622217244 0.03787649466238475 127
1694622217410 0.05737117690789526 128
1694622217595 0.018614336704674397 129
1694622217763 0.10123538078500895 130
1694622217946 0.01650110653365845 131
1694622218118 0.0010190490685064637 132
1694622218336 0.5257736550326603 133
1694622218555 0.005164866531047614 134
1694622218776 0.00479897020819875 135
1694622218976 0.004492074061673903 136
1694622219187 0.006183763558436085 137
1694622219359 0.0022970261772770092 138
1694622219551 0.0027352204507221237 139
1694622219727 0.23963451762587934 140
1694622219900 0.0028878570072794936 141
1694622220092 0.18685948761593216 142
1694622220300 0.11360079154565263 143
1694622220534 0.10374334977662863 144
1694622220751 0.0014235314450756378 145
1694622220973 0.25343917822332107 146
1694622221154 0.10296579575339813 147
1694622221335 0.07063288570510712 148
1694622221546 0.0070729915923364705 149
1694622221783 0.026604549886004986 150
1694622222043 0.009452917292097868 151
1694622222319 0.01805036003178655 152
1694622222537 0.005917810713756549 153
1694622222762 0.0013221248874139533 154
1694622223026 0.211517053147688 155
1694622223212 0.12098073161376116 156
1694622223382 0.23368468381216698 157
1694622223547 0.2684143579642815 158
1694622223728 0.029411775560837003 159
1694622223914 0.10763501632735097 160
1694622224116 0.540523995072806 161
1694622224317 0.12677605574508374 162
1694622224486 0.00011554460518425158 163
1694622224690 0.10603874277689092 164
1694622224901 0.005173787296147431 165
1694622225078 0.0003491136787929302 166
1694622225317 0.12145675924736421 167
1694622225502 0.0024462544093848586 168
1694622225695 0.005084849075295943 169
1694622225887 0.011936696758052921 170
1694622226116 0.009272916918091163 171
1694622226317 3.3980995281241027e-06 172
1694622226558 0.12826642902196944 173
1694622226763 0.028550514495424215 174
1694622226926 0.001984257724151545 175
1694622227110 0.19187165051630453 176
1694622227307 0.02281224788406661 177
1694622227502 0.014632753196962644 178
1694622227704 0.0005070532577388257 179
1694622227934 0.04578414424297825 180
1694622228134 0.0005653324149702399 181
1694622228366 0.0024407898586629884 182
1694622228535 0.013894095093987128 183
1694622228738 0.12274563965210407 184
1694622228962 0.28945682926066596 185
1694622229161 0.6777519489171644 186
1694622229375 0.0005501341139596772 187
1694622229585 0.05937676370046206 188
1694622229780 0.4525970543414686 189
1694622230029 0.04328975287112 190
1694622230249 0.14089860579476873 191
1694622230481 1.665256187833386e-05 192
1694622230716 0.019799698952374815 193
1694622230916 0.012014060008129037 194
1694622231115 8.632293383524552e-05 195
1694622231310 0.0018980737871993306 196
1694622231544 0.09954544889457001 197
1694622231751 3.8555413037832526e-05 198
1694622231970 0.05426131519485964 199
1694622232170 0.03490804787553987 200
1694622232339 0.02666814117477518 201
1694622232530 0.09438958581070116 202
1694622232725 0.15836448532809144 203
1694622232891 0.005543373399032621 204
1694622233076 0.08447925658612458 205
1694622233268 0.03971915668468333 206
1694622233480 0.017213639837156198 207
1694622233726 0.28899848486962953 208
1694622233961 0.12266515249380838 209
1694622234160 0.050852208336772876 210
1694622234405 0.04626240540859118 211
1694622234643 0.0001128867920533824 212
1694622234919 0.021868365501264538 213
1694622235094 0.01885473860224816 214
1694622235295 0.000504746033135336 215
1694622235499 0.0039861805022657565 216
1694622235740 0.003337575720720913 217
1694622235958 0.0021583620203777538 218
1694622236179 0.009189967116295638 219
1694622236353 0.06660112701703233 220
1694622236521 0.0008860999688619603 221
1694622236732 0.0034992412716224027 222
1694622236933 0.1904485091362578 223
1694622237152 1.0841108058691336 224
1694622237346 0.001012756558896341 225
1694622237551 1.8002319059950715 226
1694622237778 0.0014374289277219645 227
1694622237985 0.014308220937056146 228
1694622238171 0.051852109423245585 229
1694622238346 0.14404084852776833 230
1694622238511 0.00718934755634654 231
1694622238685 0.04709318170482144 232
1694622238913 0.10401337123407381 233
1694622239119 0.12218214668024872 234
1694622239336 0.07918223177251804 235
1694622239540 0.1626148499939028 236
1694622239737 0.027007614092761797 237
1694622239936 0.021106197115159157 238
1694622240124 0.00036369426649909874 239
1694622240327 0.04119402934565371 240
1694622240544 0.0018571632181805019 241
1694622240715 0.07210446484717843 242
1694622240917 0.10331217359668442 243
1694622241141 0.034891533605246196 244
1694622241345 0.0484348986990702 245
1694622241574 0.08841921768411644 246
1694622241772 0.005231270465037858 247
1694622241998 0.11271826950545062 248
1694622242164 0.14594121307663313 249
1694622242363 0.0026354835714426815 250
1694622242614 0.06849820547149674 251
1694622242815 0.00114683924428938 252
1694622243047 0.011265213953989864 253
1694622243264 0.18909461160339988 254
1694622243445 0.08823739754233988 255
1694622243676 0.16533734811887416 256
1694622243900 0.010785610779929808 257
1694622244130 0.00011422709430283402 258
1694622244340 0.005847356342092014 259
1694622244545 0.13140516574694835 260
1694622244817 0.04205275998696773 261
1694622245113 0.330656211561743 262
1694622245379 0.039223991323231566 263
1694622245580 0.0024856443461698683 264
1694622245791 0.32948648567292443 265
1694622246055 0.007043103989141812 266
1694622246295 2.2559964265862942e-06 267
1694622246555 3.044151462326164e-05 268
1694622246782 0.024618568644173073 269
1694622247007 0.05925915068007848 270
1694622247351 0.20283911233766602 271
1694622247600 0.006146030852435376 272
1694622247839 0.00018780770197557976 273
1694622248024 0.048639220822719056 274
1694622248267 0.044776285677350806 275
1694622248445 0.002936083989464475 276
1694622248819 0.05760762706966236 277
1694622249046 0.07190272483159002 278
1694622249278 0.024675342189433333 279
1694622249634 0.02131980865663479 280
1694622249893 0.004488829662684198 281
1694622250162 0.018814489430969923 282
1694622250464 0.08533332361015154 283
1694622250712 0.619073396858724 284
1694622250959 0.024917743126718135 285
1694622251146 0.014353803125503835 286
1694622251351 0.017269587951876338 287
1694622251567 0.17204377398204815 288
1694622251859 0.10701923666120261 289
1694622252098 0.014929162596451587 290
1694622252263 0.46287380550008994 291
1694622252438 0.18617527653851926 292
1694622252636 0.021953147977330473 293
1694622252830 0.012818155343048126 294
1694622253027 0.04412394927356417 295
1694622253273 0.0257622499310262 296
1694622253472 0.002549881943801555 297
1694622253677 8.662986889964534e-05 298
1694622253909 0.3539367273992552 299
1694622254090 0.6245086579470387 300
1694622254279 0.0174758630694597 301
1694622254487 0.4242795463694145 302
1694622254662 0.006958142388246293 303
1694622254866 0.021299083725397048 304
1694622255097 0.11951066795416203 305
1694622255321 0.032811099013424536 306
1694622255558 0.030201915198928425 307
1694622255766 0.08546162257450499 308
1694622255990 0.0762791517193503 309
1694622256176 3.0697089581455585e-06 310
1694622256347 0.14363311051799613 311
1694622256600 0.021959514363930604 312
1694622256810 0.06620480019316796 313
1694622257032 0.024086321344942676 314
1694622257235 0.1913197165740127 315
1694622257401 0.07201606045210301 316
1694622257581 0.01846739994157788 317
1694622257790 0.6370488701600716 318
1694622257970 0.0011781709053441953 319
1694622258192 0.030094274182867572 320
1694622258374 0.038199245806112586 321
1694622258546 0.006353505451592038 322
1694622258737 0.15009124229413198 323
1694622258927 0.037484662836607424 324
1694622259150 0.0038916181497358226 325
1694622259378 0.0104804316114448 326
1694622259582 0.14717057607362025 327
1694622259750 0.07986628080718455 328
1694622259952 0.018965694854230164 329
1694622260159 0.18279117104751347 330
1694622260326 0.13076367118375637 331
1694622260512 0.034058046115108244 332
1694622260717 0.14504535222449402 333
1694622261002 0.0049790030317854025 334
1694622261201 0.0392925923220934 335
1694622261406 0.0015311546995316878 336
1694622261591 0.12564125514705285 337
1694622261883 0.20509356703515008 338
1694622262250 0.01306846234036704 339
1694622262661 0.0036239539123343865 340
1694622263001 0.036998156595019364 341
1694622263265 0.11261347070115107 342
1694622263615 0.010447580350815912 343
1694622264052 0.00024239268935020048 344
1694622264503 0.02510944302443648 345
1694622264903 0.015669420745474973 346
1694622265292 0.2152986971019559 347
1694622265645 0.14697383240613127 348
1694622265885 0.005405709383696644 349
1694622266196 0.006166844369454486 350
1694622266486 0.030709413116610986 351
1694622266778 0.07729217640578709 352
1694622267022 0.003971686792173684 353
1694622267226 0.004980983480500802 354
1694622267399 1.2127302609084275e-06 355
1694622267570 3.4278137512233316e-05 356
1694622267761 0.03473703071339976 357
1694622267930 0.13439067928771273 358
1694622268096 0.015795200985244343 359
1694622268275 0.20172032689336417 360
1694622268444 0.04658576200399357 361
1694622268617 0.061637992277524166 362
1694622268803 0.00928817664001025 363
1694622268969 0.0042622862244952155 364
1694622269137 0.05607772064065783 365
1694622269318 0.08195565922353017 366
1694622269505 0.0009569553880235292 367
1694622269666 2.0844273223810746e-05 368
1694622269831 0.19667534594575564 369
1694622270037 0.01662730115319425 370
1694622270198 0.003405825002649432 371
1694622270365 0.017366162689702695 372
1694622270554 0.4994814521249059 373
1694622270737 0.003932121459831236 374
1694622270884 0.01516355978396136 375
1694622271167 0.051087477707892175 376
1694622271401 0.0974029975410937 377
1694622271610 0.02149084149302573 378
1694622271812 0.6895422267415949 379
1694622272025 0.01943463524396458 380
1694622272233 1.492193161591508 381
1694622272440 0.2300336794206144 382
1694622272617 0.09657259307269317 383
1694622272836 0.010903202563347895 384
1694622273067 0.08640696745301889 385
1694622273295 0.0800137566976091 386
1694622273507 0.010787496218751799 387
1694622273699 0.12036258081589543 388
1694622273911 0.09423971938777677 389
1694622274185 0.06027656068170044 390
1694622274471 0.015639398727900978 391
1694622274749 0.0018612069207653082 392
1694622274958 0.001824914302633442 393
1694622275215 0.005862714523477629 394
1694622275492 0.1784680730588544 395
1694622275727 6.362926274181582e-06 396
1694622275940 0.0034622890983294833 397
1694622276164 0.008028688281306297 398
1694622276426 0.053312565771595766 399
1694622276648 0.0008664375000941155 400
1694622276851 0.028612112921427665 401
1694622277040 0.0066437594057194215 402
1694622277269 0.0026144541401573376 403
1694622277448 0.018507787878789757 404
1694622277697 0.1075855294654369 405
1694622277944 0.00450293225827612 406
1694622278228 0.3366131124904379 407
1694622278461 0.5080371042615963 408
1694622278715 0.0012709555994706832 409
1694622279014 0.011961410373442866 410
1694622279298 0.04878144521712272 411
1694622279564 0.04366158337726979 412
1694622279909 0.04791207752634211 413
1694622280167 0.3179038108469981 414
1694622280451 0.09831404023017616 415
1694622280746 0.04150103059369195 416
1694622280971 0.03454939796625746 417
1694622281224 0.006120633134510413 418
1694622281504 0.038381050426892764 419
1694622281805 0.005230207751918135 420
1694622282051 0.0003803468096774898 421
1694622282258 0.0002433298376885876 422
1694622282464 0.024309695852326695 423
1694622282690 0.10357331801264386 424
1694622282864 0.00032741025521703065 425
1694622283075 0.03714267705956167 426
1694622283300 0.005541542342714695 427
1694622283540 0.0019065070122954342 428
1694622283795 0.027445816969033653 429
1694622284034 0.025566650300642445 430
1694622284301 0.32874007387211385 431
1694622284544 0.4016130437505937 432
1694622284839 0.05965350695662614 433
1694622285123 0.040058310663001695 434
1694622285379 0.01312464003602384 435
1694622285624 0.05478656737554359 436
1694622285854 0.021419520562293945 437
1694622286062 0.0008879992412299662 438
1694622286261 0.00018291129199886016 439
1694622286456 0.30840085874686557 440
1694622286650 0.0176985505220422 441
1694622286879 0.11650350831475005 442
1694622287130 1.4418274458421178e-05 443
1694622287328 0.08957292971426012 444
1694622287508 0.06444519890390409 445
1694622287693 0.06787027628480971 446
1694622287897 0.024364955100166466 447
1694622288099 0.022743354261232925 448
1694622288314 0.005599240486803784 449
1694622288505 0.029821314453073365 450
1694622288708 0.038029627228261864 451
1694622288926 0.0430458497137424 452
1694622289125 4.829462268828826e-05 453
1694622289333 0.010186018708572222 454
1694622289548 0.00522298990850739 455
1694622289770 0.10036663425208986 456
1694622289981 0.2488719705293977 457
1694622290193 0.049125214466707846 458
1694622290361 0.07609164550046728 459
1694622290589 0.010482313742346972 460
1694622290857 0.1749524651754016 461
1694622291056 0.06528442743086046 462
1694622291282 0.05409826477876196 463
1694622291464 0.1297601520261119 464
1694622291704 0.08971837107413701 465
1694622291911 0.23407894976789925 466
1694622292172 0.001236964385259866 467
1694622292391 0.20014100791264094 468
1694622292598 0.13526729152365605 469
1694622292861 0.05379592007921078 470
1694622293087 0.0011444040267547177 471
1694622293287 0.015738488624467264 472
1694622293550 0.053993331479593454 473
1694622293784 0.014007436043484282 474
1694622294001 0.005179906571746789 475
1694622294182 0.00020343763250197313 476
1694622294474 0.03303163861510871 477
1694622294749 0.08306860588020314 478
1694622295026 0.0655233371152581 479
1694622295281 0.2249621647812867 480
1694622295556 0.13562750057421627 481
1694622295794 0.03208302860357031 482
1694622296000 0.06737621392670717 483
1694622296217 0.403280564325502 484
1694622296459 0.020337777523637798 485
1694622296784 0.24489390127138558 486
1694622297060 0.0104581498279546 487
1694622297280 0.34337058750715643 488
1694622297538 0.048636410153194636 489
1694622297770 0.0014768588333188837 490
1694622297952 0.004822023763748116 491
1694622298141 0.00021111650820056756 492
1694622298340 0.2562399918584753 493
1694622298597 0.09986905795751343 494
1694622298866 0.017585681505859076 495
1694622299135 0.004546369970615843 496
1694622299383 0.01732079747580836 497
1694622299596 0.005443394373680985 498
1694622299794 0.008596944094049557 499
1694622300067 0.0016936253436758933 500
1694622300422 0.004354200138017393 501
1694622300644 0.017246458343381142 502
1694622300868 0.1702235872488013 503
1694622301096 0.003384928108679481 504
1694622301317 0.008900947592040185 505
1694622301539 0.0002966369121074427 506
1694622301708 0.09332130080910957 507
1694622301931 0.014123859709828176 508
1694622302148 0.050120322490218125 509
1694622302353 0.22193399546219 510
1694622302529 0.013446756429708277 511
1694622302750 0.07072234587756761 512
1694622302982 0.0029409769791193807 513
1694622303189 0.006093385944983987 514
1694622303425 0.025350650242200724 515
1694622303630 0.00849711106547197 516
1694622303843 0.24372226236163916 517
1694622304032 0.011375784965903208 518
1694622304243 5.699410378910007e-05 519
1694622304478 0.038229933754421755 520
1694622304682 0.09160364661101317 521
1694622304921 0.015734794320315913 522
1694622305142 0.09973501055140649 523
1694622305370 0.06830261719517447 524
1694622305584 0.0704415448360415 525
1694622305756 0.0025575678377944425 526
1694622305959 0.010283198085985958 527
1694622306223 0.010492265940170819 528
1694622306435 0.005427877832980545 529
1694622306644 0.11426793737150227 530
1694622306883 0.008171624685768928 531
1694622307096 0.12266368497029764 532
1694622307302 0.03589813513577387 533
1694622307473 0.00047518429511398416 534
1694622307675 0.03115485524686208 535
1694622307915 0.020534223179583505 536
1694622308124 0.017548990780005443 537
1694622308362 0.02123983535668609 538
1694622308590 0.0030474888757161885 539
1694622308761 0.020688806069816136 540
1694622308965 0.020717988191763143 541
1694622309179 0.07438346891642984 542
1694622309452 0.17438987089653435 543
1694622309734 0.4966368420430779 544
1694622310033 0.1015126485930032 545
1694622310309 1.9463637898009954e-06 546
1694622310594 0.019981639710258927 547
1694622310932 0.10763577597181749 548
1694622311306 0.1973461111368022 549
1694622311550 0.3896409488657753 550
1694622311794 0.009936985436937605 551
1694622312058 0.029498957083953177 552
1694622312238 0.7876595237935267 553
1694622312444 0.6576680691061066 554
1694622312694 0.0010780212160349779 555
1694622312884 0.029858739017016855 556
1694622313087 0.001737013432555162 557
1694622313368 0.08313978233192372 558
1694622313562 0.03469731859041083 559
1694622313786 0.1568119374455681 560
1694622314023 0.01072143257323465 561
1694622314380 0.046351960586499374 562
1694622314690 0.16144154027743213 563
1694622315001 0.0713701099191765 564
1694622315259 0.11879224756264968 565
1694622315617 0.00011019987429203605 566
1694622315924 5.873516938714254e-06 567
1694622316162 0.007062670260937843 568
1694622316358 0.028162817880534534 569
1694622316592 0.005118365774187899 570
1694622316775 0.1465121149069641 571
1694622317059 0.26833396279956795 572
1694622317311 0.2224518060070165 573
1694622317534 0.27628589298398226 574
1694622317792 0.0002144380436590186 575
1694622317978 0.006147102785004698 576
1694622318245 0.13293672319923908 577
1694622318455 0.150240767375506 578
1694622318675 0.12361543164986336 579
1694622318917 0.019808854619892777 580
1694622319154 1.0779581969536085 581
1694622319408 0.1064051260417786 582
1694622319725 0.12399975913865197 583
1694622320004 0.21680053798116025 584
1694622320221 0.0006137523825261067 585
1694622320413 0.022196555559215764 586
1694622320649 0.10805331579554088 587
1694622320824 0.05830917487221931 588
1694622321009 0.1124902221229229 589
1694622321228 0.6234308459846583 590
1694622321409 0.009558657289628921 591
1694622321663 0.003462945012935451 592
1694622321888 0.20535776540540573 593
1694622322124 0.046307831177912644 594
1694622322339 0.15780167426646108 595
1694622322594 0.3035571116677843 596
1694622322853 0.09035942857786732 597
1694622323101 5.268003746896448 598
1694622323334 0.0010517358698886555 599
1694622323601 0.028133386407096134 600
1694622323877 0.10254599491093672 601
1694622324198 0.03592461911338816 602
1694622324510 0.010303938217190542 603
1694622324878 0.015711217850921534 604
1694622325248 0.16697800246512542 605
1694622325596 0.13760944754484103 606
1694622325909 0.03675010272932013 607
1694622326201 0.0041159839722609585 608
1694622326572 0.026771085295302078 609
1694622326836 0.07961906020468988 610
1694622327190 0.04292589011199764 611
1694622327512 0.8417822901043116 612
1694622327813 0.026598403504637522 613
1694622328154 0.0027841949439753877 614
1694622328461 0.2472112458643568 615
1694622328789 0.749127745593117 616
1694622329118 0.07292509383603853 617
1694622329375 0.5308214353733246 618
1694622329613 0.014575122727020289 619
1694622329863 0.0010912088963926925 620
1694622330201 0.0026818818520722887 621
1694622330448 0.012184946449912306 622
1694622330654 0.1748638709042623 623
1694622330833 0.0023198837950225712 624
1694622331006 0.0003094030382732717 625
1694622331237 0.03268412750712733 626
1694622331438 0.003449613689649307 627
1694622331622 0.009859810032567052 628
1694622331851 0.004677248692545884 629
1694622332035 9.439342900566689e-05 630
1694622332236 0.0035527509044275523 631
1694622332440 0.010528248078231902 632
1694622332611 0.11093119851910793 633
1694622332778 0.0036633831692852036 634
1694622332994 0.004639875452926839 635
1694622333216 0.08796357589238978 636
1694622333434 0.08474795769691128 637
1694622333622 0.021058948653360842 638
1694622333858 0.05898489578694556 639
1694622334031 0.24167266631664575 640
1694622334214 0.010843789882868915 641
1694622334425 0.010563250672563253 642
1694622334636 0.007125515981412494 643
1694622334882 0.005656686591767972 644
1694622335115 0.027377601340075945 645
1694622335323 0.08434790281869908 646
1694622335535 0.14515400560824018 647
1694622335668 0.048953474785061006 648
1694622336040 0.0015480231085728605 649
1694622336246 0.002319719917873181 650
1694622336415 0.07081864366447163 651
1694622336626 0.00039896251887201403 652
1694622336826 11.335433288427755 653
1694622337026 0.12224360014922685 654
1694622337228 0.0002727958917537175 655
1694622337429 0.018446336313864515 656
1694622337652 0.020892941253277824 657
1694622337855 0.3208682425600018 658
1694622338047 0.030218353276979096 659
1694622338214 1.885306458145083e-05 660
1694622338385 0.018241239429842213 661
1694622338554 0.0057131445538523866 662
1694622338718 0.4461474237165031 663
1694622338940 0.00011580203608256491 664
1694622339148 0.019687458088665285 665
1694622339371 0.026420113569401195 666
1694622339589 0.00011177155282677085 667
1694622339783 0.0009084359217104717 668
1694622339973 0.01972191038616399 669
1694622340168 0.0005805573485285918 670
1694622340338 0.0007816764846672979 671
1694622340539 0.05825837555378833 672
1694622340746 0.07621683318246979 673
1694622340962 0.013593919022770557 674
1694622341207 0.07808696264861029 675
1694622341416 0.0005365202755746392 676
1694622341635 0.013526208595182462 677
1694622341856 0.14170853171735526 678
1694622342052 1.0480162895181417 679
1694622342269 0.034178225737963065 680
1694622342465 0.018782675102180787 681
1694622342665 0.12145247473447052 682
1694622342869 0.0041869955672809486 683
1694622343089 0.04242189674309918 684
1694622343269 0.26160226145469523 685
1694622343435 0.023581297487578354 686
1694622343608 0.2972383321199216 687
1694622343787 0.15503895689672983 688
1694622343962 0.17832411844387167 689
1694622344176 0.15539030422738254 690
1694622344420 0.02924098521927864 691
1694622344601 0.07759746128562657 692
1694622344813 0.00782595368154724 693
1694622345043 0.09186036295837229 694
1694622345251 0.056043851070194266 695
1694622345450 0.016245526359580154 696
1694622345650 1.7041618276453183 697
1694622345850 0.04667892485749246 698
1694622346081 0.10123906837312821 699
1694622346291 0.014114239862902665 700
1694622346485 0.13450405444196553 701
1694622346703 0.08223695835184529 702
1694622346863 0.17227515516582745 703
1694622347074 0.0008637914593013128 704
1694622347284 0.6319819441224822 705
1694622347477 0.19332195552449546 706
1694622347693 0.0024163472722394013 707
1694622347897 0.04350896096710923 708
1694622348128 0.04989505708016735 709
1694622348323 0.009498380591922085 710
1694622348486 0.04623301440370477 711
1694622348667 0.01852765958365348 712
1694622348841 0.03440353299980439 713
1694622349007 0.07426724291778089 714
1694622349190 0.23019762413202965 715
1694622349374 6.626857118533766e-05 716
1694622349567 0.0038254927757830656 717
1694622349795 0.0006693478363933666 718
1694622349982 0.0009680004411894934 719
1694622350152 0.0030435457258750588 720
1694622350314 0.07406153192418377 721
1694622350521 0.003570040679480895 722
1694622350697 0.03576768595066755 723
1694622350884 0.14119652924703122 724
1694622351092 0.0010782368510953784 725
1694622351344 0.004395544624464502 726
1694622351541 0.0018098851142137886 727
1694622351724 0.7899102210621373 728
1694622351930 0.09315358694890531 729
1694622352167 0.1996693950201939 730
1694622352404 0.004716875235615622 731
1694622352590 0.02577340812642422 732
1694622352779 0.00035629131022579574 733
1694622352945 0.001598658394739803 734
1694622353115 0.003188888993365578 735
1694622353314 0.05296554408371013 736
1694622353537 0.05253450479180852 737
1694622353735 0.0022867258454269544 738
1694622353960 0.01931216191415405 739
1694622354167 0.1377292219800516 740
1694622354395 0.036088820047566486 741
1694622354584 0.11382464261513285 742
1694622354782 0.1022814277193709 743
1694622355014 0.232454241480752 744
1694622355253 0.09107161106782914 745
1694622355425 0.09986862239635197 746
1694622355617 0.15130276178743288 747
1694622355787 0.08316633295491946 748
1694622356025 0.12224625888655187 749
1694622356229 3.3958402148723484e-05 750
1694622356458 0.005273899403898695 751
1694622356719 0.23423730234876497 752
1694622356947 0.0003243839412991849 753
1694622357157 0.024191450790764242 754
1694622357372 0.031425535314886156 755
1694622357602 0.036776966067746775 756
1694622357824 0.029703574467849107 757
1694622358042 0.06792911888120053 758
1694622358243 0.038269915977650164 759
1694622358443 0.057096176905035635 760
1694622358611 0.21692872463064342 761
1694622358778 0.0077678876479703295 762
1694622358973 0.005561824474359547 763
1694622359182 0.00015934683134672485 764
1694622359371 0.03265805726822056 765
1694622359567 0.06469125342188331 766
1694622359779 0.0009044673740361459 767
1694622359949 0.11683748752549991 768
1694622360151 0.27290066735396573 769
1694622360358 0.003175187773984659 770
1694622360588 0.9358657377049338 771
1694622360786 0.007936527475141217 772
1694622360966 0.007998460618463817 773
1694622361146 0.19627422033016934 774
1694622361348 0.01062193206515838 775
1694622361529 0.22015739855043606 776
1694622361726 0.04204445657309769 777
1694622361925 0.012037622772850478 778
1694622362135 0.07355432237389933 779
1694622362302 0.40692992456818394 780
1694622362484 0.04138948170621796 781
1694622362678 0.005289159852446662 782
1694622362856 7.966597678856387e-05 783
1694622363023 0.00041974866819726716 784
1694622363215 0.016969131765081642 785
1694622363382 0.10461832933095978 786
1694622363550 0.019800885162283812 787
1694622363770 0.00015032490239802725 788
1694622364008 0.07792091073420654 789
1694622364206 0.03364536453649249 790
1694622364413 0.2076454717419794 791
1694622364604 0.012802042698340045 792
1694622364822 0.027131915451211183 793
1694622365025 0.030764565076210764 794
1694622365252 0.011897219234988403 795
1694622365484 0.12572480625677135 796
1694622365691 0.028051726446882596 797
1694622365878 0.38205136774389953 798
1694622366055 0.06846396987723156 799
1694622366223 0.08584915575650662 800
1694622366401 0.0019615697937507524 801
1694622366573 0.0016775521089166718 802
1694622366775 0.5425967988205772 803
1694622366980 0.00014651628078403837 804
1694622367229 0.06395131346048885 805
1694622367427 0.0032837299450996773 806
1694622367644 0.055547186012642635 807
1694622367837 0.03265706958586928 808
1694622368043 0.0010037628709183735 809
1694622368300 0.019247574905275008 810
1694622368487 0.002052801288606681 811
1694622368678 0.30837954314184485 812
1694622368897 0.045698294497376266 813
1694622369111 0.20583167427436974 814
1694622369311 0.0004969630658707154 815
1694622369559 0.09641622746904775 816
1694622369815 0.04380051507906574 817
1694622370041 0.06470557864171303 818
1694622370328 0.06109774107120523 819
1694622370540 1.1696813285891403 820
1694622370718 0.014770098458962076 821
1694622370897 0.1544621268452759 822
1694622371115 0.08401098839802137 823
1694622371311 0.059425066202656834 824
1694622371543 0.03467586553107533 825
1694622371862 0.029505957573302936 826
1694622372150 0.12931071591174886 827
1694622372415 0.03433269043118086 828
1694622372609 0.026998560341717753 829
1694622372844 0.029878694246441614 830
1694622373126 0.03458376400971866 831
1694622373343 0.002511604637600018 832
1694622373560 0.30569309963130303 833
1694622373777 0.24836951030534407 834
1694622373982 0.05136990756641506 835
1694622374185 0.0026176873709397464 836
1694622374440 0.03877042871099623 837
1694622374725 0.23276109790992738 838
1694622374934 1.7512054992964675e-05 839
1694622375119 0.10814079739498193 840
1694622375285 0.00872520548593925 841
1694622375468 0.0038166921751021576 842
1694622375686 0.029110383411704552 843
1694622375852 0.023246354611057805 844
1694622376058 0.004772276376619001 845
1694622376224 0.06843772611449991 846
1694622376444 0.08141304141816828 847
1694622376683 0.00383298644739413 848
1694622376953 0.09526450411626472 849
1694622377229 0.008786718827681589 850
1694622377446 0.27280986225636755 851
1694622377646 0.19197491783865625 852
1694622377825 0.0228982213711168 853
1694622378023 0.008522571446638734 854
1694622378241 0.9717276557796766 855
1694622378494 0.07069453981087123 856
1694622378760 0.3210923908744272 857
1694622378976 0.019351608232561022 858
1694622379180 0.8335874696363361 859
1694622379350 0.013344809141820048 860
1694622379570 0.003730393355429959 861
1694622379787 0.006741277071130854 862
1694622380070 0.02937376729331577 863
1694622380267 1.5311543859326511e-06 864
1694622380445 4.453050009116617 865
1694622380701 0.004311409033335228 866
1694622380909 0.12617542284361385 867
1694622381148 0.008791059069779148 868
1694622381369 0.005612744848173688 869
1694622381568 0.0005091784863777585 870
1694622381767 0.00019429396807737725 871
1694622381978 0.6363411371088327 872
1694622382202 0.08024006013231508 873
1694622382456 0.033365428565010805 874
1694622382705 0.26720866351895484 875
1694622382940 0.001545532029149068 876
1694622383112 0.003479673970306993 877
1694622383306 0.13870806462673366 878
1694622383512 0.11203890643363537 879
1694622383700 0.015646424910404053 880
1694622383883 0.17308031889297798 881
1694622384083 0.03153686494358484 882
1694622384319 0.0542386066683072 883
1694622384543 0.14730110527067145 884
1694622384761 0.009426983223409348 885
1694622385005 0.5758242911082774 886
1694622385189 5.945163176613043e-05 887
1694622385403 0.22515752549798346 888
1694622385577 0.10061807723547017 889
1694622385802 0.01137337751026469 890
1694622386000 0.015888509107357698 891
1694622386186 0.06465451335190604 892
1694622386399 0.023975149197555227 893
1694622386581 0.013002619068100022 894
1694622386789 0.0009921009460765876 895
1694622386964 7.913932036599653e-06 896
1694622387180 0.0048500956632029964 897
1694622387381 2.1137238002043177 898
1694622387553 0.026726144157335038 899
1694622387735 0.10874141023821078 900
1694622387938 0.1225596453197778 901
1694622388140 0.06775803518557398 902
1694622388450 0.020464155972771222 903
1694622388723 0.008621192311575774 904
1694622388999 0.07003693593049833 905
1694622389241 0.5046941881105985 906
1694622389448 0.036511463394708336 907
1694622389662 2.283886029751429e-05 908
1694622389866 0.020427073391674225 909
1694622390112 0.003675075201989853 910
1694622390450 0.042330647241219425 911
1694622390757 0.060623266763145944 912
1694622391017 0.007597133716891338 913
1694622391304 0.27847613868746557 914
1694622391638 0.022984611171665406 915
1694622391847 0.008765673145329483 916
1694622392065 0.05437938709177024 917
1694622392302 0.00310055238231549 918
1694622392565 0.006914222987569541 919
1694622393053 0.06939999944417653 920
1694622393452 0.011008072596053136 921
1694622393827 0.25058773004298573 922
1694622394202 0.19305273757775473 923
1694622394641 0.04928944495469131 924
1694622395031 0.1843023982343803 925
1694622395363 0.015921669995004478 926
1694622395709 0.00943070223733283 927
1694622396035 0.07061878051579555 928
1694622396334 0.019550692718213605 929
1694622396646 0.29210394744704654 930
1694622396968 0.166572289974207 931
1694622397294 0.010799387343905719 932
1694622397620 0.09505933081867765 933
1694622397953 0.0022201624034109964 934
1694622398228 0.0004977979125784316 935
1694622398448 0.19610960674369463 936
1694622398648 0.011346163334378226 937
1694622398888 0.059189831050393805 938
1694622399146 0.3427383263872783 939
1694622399406 0.016194011914608366 940
1694622399600 0.11736970578287936 941
1694622399810 0.04037592791240564 942
1694622400037 0.015613524489747002 943
1694622400224 0.00675625093521378 944
1694622400480 0.002615061875627901 945
1694622400656 0.0022767115483522354 946
1694622400849 0.00031146183762981595 947
1694622401087 0.08810659479640603 948
1694622401281 0.1971259930374963 949
1694622401485 0.005521257912254186 950
1694622401663 0.10275638311055481 951
1694622401859 0.0007190734752736037 952
1694622402088 0.011634028938822759 953
1694622402333 0.008670301945657698 954
1694622402630 0.0048243831664030136 955
1694622402912 0.14797070658657618 956
1694622403124 0.052949374108019365 957
1694622403339 0.001376508742129392 958
1694622403568 0.002402231208636979 959
1694622403766 0.17128563390222676 960
1694622403997 0.05563353906333694 961
1694622404177 0.1777048134064241 962
1694622404444 0.024288835561986282 963
1694622404801 0.01081780130831943 964
1694622405028 0.06140103867644037 965
1694622405375 0.022165419593594072 966
1694622405661 0.0006219659070725493 967
1694622405996 0.007326157737572255 968
1694622406236 0.10385462439424425 969
1694622406466 0.6067854128576784 970
1694622406680 0.46632991023627046 971
1694622406924 0.126401536435225 972
1694622407136 0.24229226451275346 973
1694622407360 0.051228267422278234 974
1694622407582 0.06780187802085906 975
1694622407766 0.12973888055118268 976
1694622408052 0.014231800975908588 977
1694622408369 0.009965776937358976 978
1694622408661 0.6209040619337528 979
1694622409016 0.015249197938065721 980
1694622409235 0.001148561972556473 981
1694622409494 0.03455362743350861 982
1694622409797 0.09169806927994707 983
1694622410043 0.27084450183251957 984
1694622410227 0.007944851928715352 985
1694622410492 0.017670899551219803 986
1694622410760 0.0002295167637684953 987
1694622411024 0.38762754606228916 988
1694622411265 0.00024414617392420787 989
1694622411480 0.14210013885509257 990
1694622411789 0.14235579227374956 991
1694622412141 0.00044931527265876204 992
1694622412416 0.0016499616678861254 993
1694622412631 0.15445322654327406 994
1694622412826 0.03235139949711403 995
1694622412999 0.4972612389978049 996
1694622413194 0.017148402352762226 997
1694622413400 0.07819225447859297 998
1694622413645 0.07933051307374875 999
