1694623153708 0.25459199538754995 0
1694623153934 0.0027110989089056355 1
1694623154177 0.26584653686333093 2
1694623154410 0.001707119280358272 3
1694623154694 0.007428635957801216 4
1694623154948 0.5085670584016028 5
1694623155161 0.23973729032542612 6
1694623155361 0.000302849038640631 7
1694623155540 0.0019323440311031317 8
1694623155774 0.07912460822473001 9
1694623156000 0.14132508850595432 10
1694623156215 0.09766724488143276 11
1694623156451 0.1844667278301628 12
1694623156644 0.07383051252617472 13
1694623156869 0.00017655917438829218 14
1694623157073 0.1914763174200272 15
1694623157282 0.1749395988990215 16
1694623157492 0.028824430083421636 17
1694623157687 0.2384426026645366 18
1694623157897 0.02226934997175352 19
1694623158098 0.6753510936373096 20
1694623158333 0.05097296139142976 21
1694623158571 0.00023516295432893168 22
1694623158850 0.03692588167213878 23
1694623159102 0.11656844299812645 24
1694623159319 0.06465218068047668 25
1694623159549 0.23539076757473987 26
1694623159743 0.0014590281943647045 27
1694623159925 0.04660935223475515 28
1694623160143 0.03962008049288214 29
1694623160333 0.07358687106931705 30
1694623160552 0.11568065682055706 31
1694623160753 0.0560383319554933 32
1694623160928 0.03606434221400067 33
1694623161245 0.052787525767504305 34
1694623161521 0.12878291620814686 35
1694623161799 0.005987450133224085 36
1694623162050 0.00864652142208007 37
1694623162334 0.0405333849062113 38
1694623162628 0.03466065319673345 39
1694623162854 0.050576144618950485 40
1694623163124 0.2144782076015285 41
1694623163365 0.0032381094291981105 42
1694623163572 0.01436696562923397 43
1694623163782 0.0013595624979993903 44
1694623163985 0.01286316867265903 45
1694623164173 0.014500167088602115 46
1694623164374 0.0037038497652777604 47
1694623164558 0.009355088528563236 48
1694623164778 0.0027089969988943457 49
1694623164972 0.005074519133365001 50
1694623165180 0.0018271961133086725 51
1694623165396 0.2210338162879566 52
1694623165583 0.001638907608358363 53
1694623165788 0.026481130538330337 54
1694623165989 0.03148767345269871 55
1694623166268 0.019711180659212717 56
1694623166544 0.12546115174644876 57
1694623166754 0.041295323311231424 58
1694623166974 0.013073710758489737 59
1694623167199 0.06595204373653775 60
1694623167395 5.412157271612143e-05 61
1694623167601 0.2650826822747323 62
1694623167843 0.27481459790716306 63
1694623168044 0.3738190695248465 64
1694623168258 0.16922117633220898 65
1694623168444 0.15307508858579866 66
1694623168683 0.0881528697540621 67
1694623168903 0.003755134004443977 68
1694623169121 3.5853857498656626e-05 69
1694623169330 0.05230193740839955 70
1694623169534 1.4651127444346532 71
1694623169760 0.18225463653152316 72
1694623169951 0.0833276191104597 73
1694623170231 0.5383500448043903 74
1694623170502 0.022945396979608245 75
1694623170772 0.003032098398963913 76
1694623170980 0.00806753271754728 77
1694623171227 0.010058279376411858 78
1694623171536 0.03814909589504244 79
1694623171784 0.11348718274001635 80
1694623171977 0.05752112760188884 81
1694623172192 0.004072660732280014 82
1694623172427 0.009724453549610487 83
1694623172618 0.11599936393310838 84
1694623172855 4.63697649280972e-06 85
1694623173034 0.009275882307113513 86
1694623173223 0.08511617719157191 87
1694623173453 0.19517801044224833 88
1694623173653 0.0019051536189212636 89
1694623173872 0.042564610365970805 90
1694623174064 0.051794732489198594 91
1694623174243 0.0098783319768316 92
1694623174456 0.09750230095236619 93
1694623174669 0.022367703128782685 94
1694623174801 0.005595432472193902 95
1694623175063 0.13868918911721742 96
1694623175235 0.08655447628262457 97
1694623175423 0.05563200640369336 98
1694623175603 0.0004890775599647016 99
1694623175817 0.2724763429485173 100
1694623176017 0.007987331149598374 101
1694623176259 0.1838107224326465 102
1694623176495 0.0004543367707670688 103
1694623176685 0.0017504964296586585 104
1694623176897 0.07623707180562 105
1694623177109 0.05067646991717622 106
1694623177346 0.007379700303005851 107
1694623177634 0.14483407404356619 108
1694623177908 0.0017774955786829978 109
1694623178082 0.19874130730964504 110
1694623178297 0.0011174366492118536 111
1694623178491 0.0017047161663553893 112
1694623178706 0.13993260625267342 113
1694623178968 0.0002983821566868607 114
1694623179200 0.01222989752917529 115
1694623179453 1.0031965228515716 116
1694623179652 0.6487086090853134 117
1694623179894 0.016666554988456237 118
1694623180132 0.08418841862588887 119
1694623180358 0.1573653706849611 120
1694623180624 0.1898444720536992 121
1694623180858 0.17960354499432316 122
1694623181093 0.3862103948824684 123
1694623181294 0.015667600944858338 124
1694623181534 0.0004637080992198535 125
1694623181745 0.07080862727554033 126
1694623182007 0.009095430588119527 127
1694623182213 8.107065298227163e-05 128
1694623182415 0.04270717984850455 129
1694623182621 0.022535110109634528 130
1694623182870 3.1328849823757617e-06 131
1694623183111 0.02578629619329616 132
1694623183361 0.17523834724070944 133
1694623183611 0.010553638892547694 134
1694623183829 0.10449917550539106 135
1694623184065 0.04065945923190121 136
1694623184254 0.03332910298780618 137
1694623184459 0.028894719085227418 138
1694623184667 0.020921177042786926 139
1694623184852 0.054878001657251645 140
1694623185044 0.0014509981606663457 141
1694623185241 0.10536643728764979 142
1694623185428 0.05651967616325888 143
1694623185673 0.00641230876908935 144
1694623185894 0.2324346870857792 145
1694623186126 0.00847486944072933 146
1694623186365 0.11494097499058172 147
1694623186590 0.03105724026876725 148
1694623186815 0.014417495024284662 149
1694623187006 0.6944179311213297 150
1694623187210 0.0337065405747907 151
1694623187424 0.07705691518857066 152
1694623187622 0.0927424173166387 153
1694623187863 5.407751800469355e-05 154
1694623188069 0.3175898745172411 155
1694623188284 0.007341717683696642 156
1694623188514 2.463877754177764e-05 157
1694623188731 0.03575595766483114 158
1694623188947 0.0009564279298801949 159
1694623189144 0.0005608934518940918 160
1694623189352 0.4058965350661488 161
1694623189590 1.1106070330448591e-05 162
1694623189819 0.0033030468662222285 163
1694623190015 0.030385529418013174 164
1694623190199 0.14764543395185392 165
1694623190408 0.012029550873125473 166
1694623190592 0.2444360897339626 167
1694623190815 0.044065441319296114 168
1694623191033 0.17798847298087328 169
1694623191336 0.20999074473393559 170
1694623191569 0.017348492165402223 171
1694623191835 0.07728405387620473 172
1694623192077 0.07141220539568845 173
1694623192286 0.014045798298971558 174
1694623192512 0.06139503015786326 175
1694623192757 0.19269441434569667 176
1694623192939 0.17123291453184245 177
1694623193130 0.0005079731034214232 178
1694623193361 0.08413845018080444 179
1694623193569 0.01648952095492202 180
1694623193806 0.0011443700850422155 181
1694623193994 0.19039021426301195 182
1694623194180 0.009531168477053436 183
1694623194381 0.0003775619108958513 184
1694623194598 0.0048813840788857815 185
1694623194838 0.03816591404070114 186
1694623195084 0.21481587754367926 187
1694623195307 0.15023707042481882 188
1694623195559 0.04851184545005166 189
1694623195772 0.5353482922394511 190
1694623195983 0.014034369527788176 191
1694623196200 0.020978177333602473 192
1694623196418 0.03581827188331329 193
1694623196683 0.0030899309865820563 194
1694623196920 0.0036275842349070635 195
1694623197131 0.01615600485845028 196
1694623197356 0.03129518371748302 197
1694623197590 0.05447989316825679 198
1694623197792 0.0005726589947523901 199
1694623198019 0.004972399183041346 200
1694623198295 0.11282665086912748 201
1694623198527 3.2015929187654693e-05 202
1694623198750 0.1400087894836361 203
1694623198972 0.0015614282138851417 204
1694623199185 0.2581092850117627 205
1694623199413 0.03646265525570996 206
1694623199617 0.12369133923443285 207
1694623199848 0.11950068788127048 208
1694623200131 0.20904462970956314 209
1694623200358 0.02213516020809018 210
1694623200596 0.015047691482015908 211
1694623200779 0.029150531796252804 212
1694623200996 0.2974885471227395 213
1694623201206 0.012274380673781088 214
1694623201420 0.015053067887171206 215
1694623201633 0.022312951440480684 216
1694623201826 0.012716295527574176 217
1694623202069 0.005761273293573235 218
1694623202256 0.1715726075145679 219
1694623202453 0.03032038180049889 220
1694623202660 0.03590352239474975 221
1694623202845 0.008301976128112561 222
1694623203111 0.004980845150593411 223
1694623203327 4.927951690991493e-05 224
1694623203564 0.048065981157923376 225
1694623203808 0.04190866229305315 226
1694623204034 0.005415133013957987 227
1694623204241 0.012714780865410148 228
1694623204469 0.20622236781490721 229
1694623204701 0.0005894111308272 230
1694623204903 0.01702366633348232 231
1694623205136 0.004756036920143079 232
1694623205359 0.012707826709599267 233
1694623205557 0.013928080891016516 234
1694623205761 0.00159697519689502 235
1694623205968 0.10325500047335656 236
1694623206174 0.034102297385705437 237
1694623206366 0.003063389031305791 238
1694623206590 0.14477409524033805 239
1694623206796 0.5438960044421552 240
1694623207001 0.06613243488341607 241
1694623207241 0.08418764861512042 242
1694623207570 0.0019829894960353583 243
1694623207807 0.07458805435166921 244
1694623208055 0.00642815079931223 245
1694623208273 0.03290468353847356 246
1694623208497 0.004015507397862184 247
1694623208699 0.0014613007069071658 248
1694623208947 0.12009496403358423 249
1694623209100 0.1726253432745054 250
1694623209369 0.04075704536746527 251
1694623209629 0.01163994775898246 252
1694623209852 0.062410566389689136 253
1694623210058 0.0016739178253025924 254
1694623210263 0.058285127813267223 255
1694623210465 0.02722035778842304 256
1694623210674 0.020811646977630268 257
1694623210911 0.4463914511664169 258
1694623211165 0.036260749922367205 259
1694623211400 0.020677916654372585 260
1694623211640 0.019541347870434725 261
1694623211841 1.787283863240353e-05 262
1694623212056 0.0002038669083103447 263
1694623212242 0.13422652792419695 264
1694623212460 0.02685753932774496 265
1694623212705 0.0014397010971796721 266
1694623212951 0.0014721883718059195 267
1694623213160 0.03249487489350134 268
1694623213416 0.008428767931024941 269
1694623213665 0.12667521699115694 270
1694623213912 0.03491738295833699 271
1694623214102 0.00021327492249909307 272
1694623214290 0.0009790918862914004 273
1694623214513 0.03847438980050353 274
1694623214690 0.42461527801110843 275
1694623214900 0.061247590394289994 276
1694623215113 0.07108482506181081 277
1694623215378 0.04227246181439574 278
1694623215626 0.06731682751729422 279
1694623215853 0.10332204270697859 280
1694623216058 0.004006778400173692 281
1694623216247 0.136502281656627 282
1694623216477 0.007311470600672825 283
1694623216677 0.06596986985805495 284
1694623216869 0.005336225757270101 285
1694623217082 8.625190765599658e-05 286
1694623217277 0.022530391012738772 287
1694623217455 0.11238723119634941 288
1694623217662 4.594061460266251e-06 289
1694623217860 0.0004950943494384401 290
1694623218074 0.18395202968840474 291
1694623218297 0.023618694429943236 292
1694623218529 0.03677006813021153 293
1694623218786 0.002400758826021085 294
1694623219018 0.003358166906152613 295
1694623219292 0.2061131720869204 296
1694623219540 0.12073493583325848 297
1694623219744 0.09202907197406163 298
1694623219946 0.0001301983786617241 299
1694623220188 0.028844161429821494 300
1694623220437 0.001446668438585116 301
1694623220682 0.010906881578691689 302
1694623220917 0.0316857115277204 303
1694623221132 0.08011105473907941 304
1694623221332 0.18107861873664233 305
1694623221565 0.004014844750262869 306
1694623221830 0.5971667094229826 307
1694623222064 0.032167155559726004 308
1694623222337 0.0794646854539555 309
1694623222563 0.02248341836325724 310
1694623222787 0.02776694840729893 311
1694623222978 0.054243187133127674 312
1694623223185 0.18331769479120683 313
1694623223450 0.005566294020324868 314
1694623223666 0.007582701585363125 315
1694623223986 0.0005551597688623201 316
1694623224279 0.001957015536798197 317
1694623224549 0.10803943906410847 318
1694623224795 0.02774465874830891 319
1694623225065 0.0001525493340459509 320
1694623225299 0.05680071353096658 321
1694623225533 0.22474408043260427 322
1694623225779 0.045369961880595784 323
1694623225995 0.14157803822202225 324
1694623226342 0.5032747401792055 325
1694623226718 0.09613332588852569 326
1694623227058 0.051905277967312986 327
1694623227386 0.0020870931544920658 328
1694623227698 0.023320878071752676 329
1694623227966 0.00010600586045856459 330
1694623228321 0.04707888912198116 331
1694623228713 0.0011139580806504188 332
1694623229056 0.0031820123040304195 333
1694623229316 0.019690705380516323 334
1694623229619 0.13803500233737467 335
1694623229954 0.1138099349107998 336
1694623230272 0.014407530285200925 337
1694623230592 0.08050150905271203 338
1694623230913 0.0017544031387093425 339
1694623231221 0.06168927805532844 340
1694623231486 0.08768559551159766 341
1694623231759 0.03386727931772435 342
1694623232108 0.22258038928156607 343
1694623232365 0.3098392656359676 344
1694623232632 0.09043970260651917 345
1694623232924 0.7379580233735393 346
1694623233218 0.9688860785209001 347
1694623233506 0.0006572856399355133 348
1694623233798 0.024497209294082768 349
1694623234038 0.03871356567173474 350
1694623234327 0.022975466661163842 351
1694623234603 0.020736322502718365 352
1694623234960 0.004079624480894764 353
1694623235297 0.0021740925573225 354
1694623235557 0.0005536442048795876 355
1694623235891 0.11209141556277079 356
1694623236158 0.030814862901684788 357
1694623236451 0.2875635487537602 358
1694623236703 0.002756541260483142 359
1694623236920 0.005348111529179277 360
1694623237127 0.026415544761539872 361
1694623237353 0.01844952064600491 362
1694623237619 0.021569696042046806 363
1694623237907 0.08211463287771709 364
1694623238131 0.023753570137496006 365
1694623238331 0.12849154249199934 366
1694623238607 0.13613126134105816 367
1694623238830 0.6746595714832514 368
1694623239062 0.013222928663195885 369
1694623239260 0.048935219069221686 370
1694623239495 0.19646347947709447 371
1694623239698 0.061115254290648076 372
1694623239913 0.10683801307427593 373
1694623240132 0.14281427291738444 374
1694623240315 0.012294629100825275 375
1694623240525 0.0076389865159372855 376
1694623240723 0.004861863475401982 377
1694623240912 0.06182064650027728 378
1694623241115 0.03858226242553695 379
1694623241304 0.048032046796455605 380
1694623241481 8.948013197965957e-06 381
1694623241747 0.003086769059388981 382
1694623242090 0.02872375907289408 383
1694623242326 0.04915704697267214 384
1694623242638 7.663595172445626e-05 385
1694623242827 0.14506984016506405 386
1694623243066 7.427260734591558e-05 387
1694623243260 0.21624095784997766 388
1694623243453 0.9883211320498944 389
1694623243682 0.225905299106242 390
1694623243871 0.06607068544573755 391
1694623244087 0.487134794674306 392
1694623244292 0.06256492916881479 393
1694623244510 0.6221071948011675 394
1694623244712 0.01817628560431511 395
1694623244945 0.21575692400101568 396
1694623245183 0.24458242644037423 397
1694623245410 0.1444891127385935 398
1694623245651 0.1461749156095216 399
1694623245886 0.009960012916895477 400
1694623246092 0.4921068153601278 401
1694623246285 8.950048092501523e-05 402
1694623246482 0.0029032729246821604 403
1694623246663 0.005154696486715576 404
1694623246877 0.1377378318061348 405
1694623247065 0.1066934153905097 406
1694623247301 0.04051373449185225 407
1694623247491 7.279066328510341e-06 408
1694623247687 0.018942271861944558 409
1694623247916 0.0019503935857882486 410
1694623248147 0.09935875494153099 411
1694623248351 0.01469712165333896 412
1694623248569 0.008683991792572279 413
1694623248786 0.0016593435501530446 414
1694623249009 0.005974756036248711 415
1694623249192 0.013324855359023162 416
1694623249404 0.0899136850999318 417
1694623249589 0.2593232334155362 418
1694623249853 0.0012754205058556998 419
1694623250093 0.0012116553351424154 420
1694623250297 0.11854648656918496 421
1694623250504 0.5816470450798593 422
1694623250698 0.0019273979047411457 423
1694623250898 0.0007579618037483847 424
1694623251119 0.21086046736755074 425
1694623251333 0.14407952751141778 426
1694623251553 0.00010021400055946426 427
1694623251758 0.0001513363314901658 428
1694623251990 0.016975702032597396 429
1694623252239 0.024609733579131574 430
1694623252477 0.0069627234678174155 431
1694623252695 0.04285875800667752 432
1694623252943 0.006173262042727162 433
1694623253151 0.00016566005878038853 434
1694623253395 0.007782257263855995 435
1694623253598 0.30864886871729685 436
1694623253786 0.024252434025203586 437
1694623254020 0.004664434133344584 438
1694623254230 0.2227886153638309 439
1694623254431 0.006659236390040084 440
1694623254618 0.3798076651506549 441
1694623254811 0.006825302559354015 442
1694623255054 0.04649154757827669 443
1694623255240 0.008395052953281489 444
1694623255447 0.00020060113359632675 445
1694623255651 0.0014054785054961965 446
1694623255841 0.03498548665160527 447
1694623256037 0.03723298991137823 448
1694623256235 0.020411283255102223 449
1694623256415 0.0390391614870667 450
1694623256670 0.46853687223777546 451
1694623256930 0.007478131019908811 452
1694623257132 0.5494506169171297 453
1694623257349 0.16836855537208464 454
1694623257575 1.0993663633986421 455
1694623257766 0.03303468925562517 456
1694623258030 0.2308765612682958 457
1694623258261 0.00958893637282008 458
1694623258507 0.0010635979341148015 459
1694623258744 0.00027896054098777365 460
1694623258997 0.16569079054852476 461
1694623259240 2.9860867839325507e-05 462
1694623259498 0.11075710040511737 463
1694623259767 0.024384694795388077 464
1694623260009 0.04110502231718953 465
1694623260221 0.005644338516428967 466
1694623260444 0.0007318718930590977 467
1694623260655 0.1912172876966759 468
1694623260853 0.022609693415269857 469
1694623261041 0.02613567731444583 470
1694623261268 0.0018999279983967093 471
1694623261457 0.165428571883083 472
1694623261652 0.0037079094194463294 473
1694623261852 0.06941721612486101 474
1694623262072 0.030898586849370087 475
1694623262337 0.015474468654396402 476
1694623262640 0.01277665214201705 477
1694623262847 0.0018966561827932725 478
1694623263061 0.051303821693951715 479
1694623263282 0.966064413867381 480
1694623263535 0.007301706272268163 481
1694623263787 0.08296148620048921 482
1694623263968 0.10623443355642662 483
1694623264185 0.10530211882343334 484
1694623264370 0.20070710344005727 485
1694623264619 0.0019807970999294136 486
1694623264837 0.0044226674135364906 487
1694623265060 0.18040873960676823 488
1694623265286 0.4137889571062768 489
1694623265508 0.004014346528055959 490
1694623265720 0.33202283652358583 491
1694623265981 0.06203256794830218 492
1694623266217 0.004730457413188287 493
1694623266464 0.0011159407989166504 494
1694623266651 0.010274668677867116 495
1694623266846 0.45132090858444046 496
1694623267085 0.11604741282204654 497
1694623267275 0.04752057163164226 498
1694623267490 0.0003274188718983382 499
1694623267694 0.024369935502188182 500
1694623267899 0.0076973299935902744 501
1694623268206 0.15801227037491233 502
1694623268408 0.003348390076739976 503
1694623268645 0.07561508421491338 504
1694623268830 0.02865792647216693 505
1694623269057 3.285896045897129e-05 506
1694623269292 0.0093037829735079 507
1694623269515 0.07540674745236751 508
1694623269765 0.0428853653039852 509
1694623270029 0.0007411393728835626 510
1694623270246 0.17103235076764609 511
1694623270453 0.0003221511813507186 512
1694623270641 0.18724181564176318 513
1694623270885 0.00010956464021816717 514
1694623271115 0.03773685974552385 515
1694623271331 0.14627508250263122 516
1694623271549 0.04937152481363748 517
1694623271747 0.0028899019908379246 518
1694623271962 0.04710338451768642 519
1694623272164 0.00012724215338164073 520
1694623272370 0.016709295995743455 521
1694623272582 0.1713677635722987 522
1694623272794 0.01696325795946359 523
1694623272997 0.0025422020262913826 524
1694623273215 0.2441622174403295 525
1694623273425 0.013160887805583839 526
1694623273662 0.09675754990890811 527
1694623273866 0.30250182582089447 528
1694623274066 0.2154766720660646 529
1694623274277 0.15674022323185957 530
1694623274487 0.00026003679870871673 531
1694623274719 0.0003052015074068631 532
1694623274956 0.0028698169185810947 533
1694623275159 0.04889004241229704 534
1694623275383 0.42347562827340274 535
1694623275569 0.027546952457184134 536
1694623275798 0.06740050979255735 537
1694623276019 0.2126207116602209 538
1694623276214 0.052664168898701666 539
1694623276419 0.35447528130629535 540
1694623276613 0.0023781183528899163 541
1694623276821 0.037857244008045514 542
1694623277052 0.03480070114688225 543
1694623277267 0.0017153593558582995 544
1694623277476 0.13108425012169775 545
1694623277682 0.0006967918837376767 546
1694623277878 0.03723324367799017 547
1694623278076 0.01952220247598225 548
1694623278279 0.0512854131700982 549
1694623278477 0.007199324131567228 550
1694623278675 0.012751301687069552 551
1694623278869 0.01823426709511399 552
1694623279053 0.03736804576236518 553
1694623279342 0.058641410979863806 554
1694623279544 0.1092900291365023 555
1694623279758 0.018820241101040008 556
1694623279942 0.002566667128288468 557
1694623280161 0.01072402462757364 558
1694623280374 0.0003077607917235914 559
1694623280597 0.015311065780121457 560
1694623280832 0.0004358339359185413 561
1694623281066 0.0257882153446334 562
1694623281279 0.027602965033325485 563
1694623281482 4.125428833112122e-05 564
1694623281689 0.15664746035750596 565
1694623281901 0.0005950765122993823 566
1694623282135 0.002334774427353385 567
1694623282354 0.012954088396921044 568
1694623282604 0.003618905085384795 569
1694623282801 0.0017455582652085096 570
1694623283038 0.16369425492039527 571
1694623283271 0.0028858635414974257 572
1694623283502 0.0593620777725423 573
1694623283725 0.003733836397083626 574
1694623284005 0.1836985732136346 575
1694623284215 0.0043386945477213446 576
1694623284444 0.005763138912032219 577
1694623284671 0.1633107196881016 578
1694623284950 0.06991918983368871 579
1694623285214 0.12998136378069036 580
1694623285466 0.00027731722402665553 581
1694623285733 0.11436775784288716 582
1694623285966 2.7643429678837764e-05 583
1694623286163 0.04292639146987924 584
1694623286407 0.00045864961297457414 585
1694623286658 0.09055927682408743 586
1694623286948 0.021812355061839882 587
1694623287185 0.01417366525034199 588
1694623287439 0.009695014383604697 589
1694623287663 0.13546459031912136 590
1694623287916 0.007482000974480233 591
1694623288122 0.1820391825576555 592
1694623288361 0.0061394312582062505 593
1694623288603 0.10979325570726749 594
1694623288801 0.029634872602121068 595
1694623288985 0.009865530997434343 596
1694623289227 0.02475576726761073 597
1694623289507 0.005348603467651224 598
1694623289753 0.16392991028472248 599
1694623289944 0.0053297263349166984 600
1694623290155 0.03945714078490834 601
1694623290394 0.03366624104750247 602
1694623290592 0.008519085389921669 603
1694623290876 0.047042282787695025 604
1694623291109 0.0018693110258312798 605
1694623291293 0.1358502710232649 606
1694623291597 0.12992649191256125 607
1694623291809 0.012468318517100828 608
1694623292058 0.10404015567109401 609
1694623292304 0.033434413359179564 610
1694623292537 0.4922742490649025 611
1694623292754 0.13349950962972038 612
1694623293110 0.08356745890297737 613
1694623293380 0.01642270911376341 614
1694623293614 0.0073543444269913655 615
1694623293845 0.010109944561691626 616
1694623294204 0.004085101007999477 617
1694623294471 0.09941422225365208 618
1694623294694 0.0694993996156908 619
1694623294966 0.0032700315178272286 620
1694623295270 0.0950791314651591 621
1694623295494 0.0851254160228596 622
1694623295772 0.09358710825038374 623
1694623296012 0.006498487878102442 624
1694623296223 0.025325085215959133 625
1694623296468 0.00862259453720692 626
1694623296707 0.008319838914283603 627
1694623296897 0.009358157445304464 628
1694623297113 0.17002426603343332 629
1694623297409 0.029153136350605003 630
1694623297754 0.13667155101853562 631
1694623297963 0.8116035391685775 632
1694623298234 0.149314081834288 633
1694623298555 0.038993623123212244 634
1694623298898 0.2172387197651534 635
1694623299209 0.07176934786750364 636
1694623299512 0.001018384645787314 637
1694623299838 0.0006483905428472656 638
1694623300146 0.21751234551802148 639
1694623300492 0.006213424811062651 640
1694623300761 0.05126137632350372 641
1694623301054 0.04042790226674743 642
1694623301298 0.11981643546090298 643
1694623301485 0.005344040495357596 644
1694623301771 0.08600592646580314 645
1694623302017 0.1931197766794198 646
1694623302283 0.0008864682701931065 647
1694623302497 0.06308382691143767 648
1694623302758 0.003298561641247311 649
1694623302984 1.00881550057611e-06 650
1694623303215 0.17948017416209402 651
1694623303420 0.002369519017170499 652
1694623303633 0.018435145539901533 653
1694623303830 0.2293063661265354 654
1694623304004 0.024778346343764284 655
1694623304221 0.056275946623197334 656
1694623304403 0.22175850898369615 657
1694623304614 0.02385588102982138 658
1694623304798 0.00025832971519942997 659
1694623304993 0.000374371277506601 660
1694623305196 0.09619286347986422 661
1694623305407 0.00040041396460209136 662
1694623305624 0.00833749258007196 663
1694623305832 0.010125276484108938 664
1694623306067 0.15893487433939896 665
1694623306251 0.000244825168674669 666
1694623306457 0.0485405971197523 667
1694623306683 0.015962575150292677 668
1694623306922 0.14426268730810457 669
1694623307137 0.0055458513556154365 670
1694623307380 0.12540385737513154 671
1694623307563 0.011733516745213207 672
1694623307818 0.00025424383617792207 673
1694623308031 0.00896391091516854 674
1694623308280 0.024025176359372184 675
1694623308502 0.0002581372058611808 676
1694623308750 0.044178855311741067 677
1694623308975 0.041459225740419166 678
1694623309212 0.018339823957987857 679
1694623309414 0.0019168640684217087 680
1694623309613 0.0013396676922691844 681
1694623309811 0.06417139675396714 682
1694623310016 0.0014510533194219525 683
1694623310246 0.05035745603937618 684
1694623310458 0.23301500619109272 685
1694623310662 0.003188462831997724 686
1694623310899 0.0038412462735389497 687
1694623311168 0.17441851757935586 688
1694623311506 0.12327564382169223 689
1694623311733 0.07211970463302703 690
1694623311954 8.360662911351579e-08 691
1694623312184 0.0007222493383907825 692
1694623312415 0.018895091544163013 693
1694623312619 0.23398523333843302 694
1694623312821 0.012236623202036261 695
1694623313083 0.06412175653893724 696
1694623313305 0.002333571865417166 697
1694623313556 0.18648831559021128 698
1694623313822 0.44913438725677607 699
1694623314051 0.0007529204873625573 700
1694623314277 0.274592147737058 701
1694623314665 0.002208096368361211 702
1694623314936 0.09985607853599215 703
1694623315268 0.027801147333458027 704
1694623315582 0.9102575788484288 705
1694623315889 0.0014846462818049557 706
1694623316170 0.02229549768718104 707
1694623316397 0.061757883300460226 708
1694623316613 0.06490902496583825 709
1694623316841 0.07705860156630255 710
1694623317066 0.020770230349124636 711
1694623317254 0.14961993552740077 712
1694623317497 0.010071229804820028 713
1694623317679 0.10373653946349162 714
1694623317861 0.06561569645408327 715
1694623318063 0.03461034252451873 716
1694623318302 0.02552146711125191 717
1694623318576 0.040874367905628206 718
1694623318872 0.03689595920087476 719
1694623319170 0.0023772448269525092 720
1694623319381 0.0061952086072773836 721
1694623319659 0.00032756002361835517 722
1694623319906 0.05975969739495913 723
1694623320129 0.011486816347052294 724
1694623320370 0.022097855096911503 725
1694623320644 0.15316651813556123 726
1694623320853 0.008788050045268012 727
1694623321096 0.06641099094457574 728
1694623321361 0.0564750481345029 729
1694623321605 0.19548203530812264 730
1694623321849 0.16546961868110918 731
1694623322054 0.0010902442228731572 732
1694623322288 0.013961140174539383 733
1694623322524 0.001775008978920118 734
1694623322798 0.0023997038764699543 735
1694623323020 0.1646568989040753 736
1694623323217 0.10377685425699726 737
1694623323427 0.06347936921908123 738
1694623323616 0.0393591390279968 739
1694623323848 0.12415369145629979 740
1694623324036 0.08974059699686975 741
1694623324263 0.010851551976531194 742
1694623324505 0.00030129649016303754 743
1694623324768 0.6112203211402323 744
1694623325022 0.0005554086492166886 745
1694623325243 8.00727510167324e-05 746
1694623325439 0.32422634605960376 747
1694623325726 0.00023593708644693628 748
1694623325952 0.12351639401913209 749
1694623326219 0.03444790626936587 750
1694623326431 0.13718019487086572 751
1694623326687 0.5151000780080746 752
1694623326913 0.06755663317639608 753
1694623327215 0.015780985068633024 754
1694623327462 0.07249624963765801 755
1694623327780 0.05927982547122599 756
1694623328072 0.02248755467649176 757
1694623328305 0.044571216989284054 758
1694623328650 0.07543985951997254 759
1694623328978 0.0005715903016155111 760
1694623329179 0.22604850621117548 761
1694623329467 0.010475952274253306 762
1694623329768 0.022729436398401772 763
1694623330133 0.013120775589109039 764
1694623330503 0.007394965508454245 765
1694623330819 0.009945332679182467 766
1694623331111 0.002408025564310512 767
1694623331481 0.0011905004624143877 768
1694623331866 0.021816564246461063 769
1694623332223 1.1079553770503186e-05 770
1694623332669 0.02668113502922269 771
1694623333123 0.07819846512733052 772
1694623333504 0.037298274162316986 773
1694623333896 0.03370253508279996 774
1694623334163 0.002202297547717667 775
1694623334490 0.29883124295508595 776
1694623334928 0.3367169644336067 777
1694623335355 0.05872249855252793 778
1694623335722 0.008348902405428633 779
1694623335953 0.11237928140162406 780
1694623336265 0.02629362767162096 781
1694623336642 0.004520819976822313 782
1694623337047 0.046603997834616176 783
1694623337489 0.014527893940686864 784
1694623337983 0.015907943341201512 785
1694623338470 0.13877740926975404 786
1694623338939 0.023207401148238396 787
1694623339414 0.02114041329942515 788
1694623339773 0.05775964437217964 789
1694623340261 0.041040722038911834 790
1694623340835 0.09875417078731541 791
1694623341275 0.2056765595476 792
1694623341799 0.02011780364003087 793
1694623342237 0.0058764109953307895 794
1694623342676 0.024377501515984484 795
1694623343107 0.047786303917412516 796
1694623343618 0.002454673566764878 797
1694623344119 0.05445997875815174 798
1694623344595 0.17672785801513954 799
1694623345018 0.17867819557871906 800
1694623345436 0.03494678924131366 801
1694623345931 0.1504478372650449 802
1694623346360 0.13245192171960735 803
1694623346708 0.23818377302917726 804
1694623347066 1.1671167207162933e-05 805
1694623347493 0.0017816461772940553 806
1694623347846 0.028696132137244354 807
1694623348229 0.019114101391385818 808
1694623348618 0.03646665308831276 809
1694623348951 0.050544632997414456 810
1694623349291 0.3292797342645984 811
1694623349672 0.014329172896547213 812
1694623350030 0.0008749071048525592 813
1694623350488 0.00427073179966662 814
1694623350953 0.01098624734491871 815
1694623351547 0.057778560325383505 816
1694623352085 0.20605671025713887 817
1694623352606 0.15417783750071926 818
1694623353169 0.010852110664963709 819
1694623353756 0.05697327781780957 820
1694623354305 0.21541070769766862 821
1694623354869 0.0009001781389150125 822
1694623355457 0.04879083362822038 823
1694623356051 0.032943106303296034 824
1694623356568 0.0010197660309937847 825
1694623357138 0.2344815608376205 826
1694623357754 0.16613032292405586 827
1694623358361 0.0008839401892112434 828
1694623358953 0.06539537540794375 829
1694623359527 0.060940743587457005 830
1694623360111 0.039645434062285004 831
1694623360627 0.0029964134039045793 832
1694623361220 0.06389042435012776 833
1694623361741 0.24465655290157354 834
1694623362217 0.015868143782157285 835
1694623362741 0.00017529874395465138 836
1694623363316 1.0056155897191984e-06 837
1694623363878 0.07968850376160119 838
1694623364407 0.027134152654216145 839
1694623364948 0.048337721546288584 840
1694623365499 0.01846696773735742 841
1694623366006 0.05768661012491535 842
1694623366520 0.1641821141737312 843
1694623366939 0.0028042809876719843 844
1694623367387 0.10368361792330612 845
1694623367847 0.24736827163379005 846
1694623368299 0.10336092954589411 847
1694623368759 0.005105709339407989 848
1694623369259 0.031654768608219835 849
1694623369842 0.018609867981113075 850
1694623370477 0.01676368597216178 851
1694623370968 0.03547776047117762 852
1694623371516 0.15097816098973743 853
1694623372045 0.02827575183838181 854
1694623372639 0.002295125040392093 855
1694623373235 0.036191924190391175 856
1694623373693 0.019929016920478472 857
1694623374186 0.11232506189133777 858
1694623374529 0.0002814162348497963 859
1694623374785 0.0026179041319736914 860
1694623375099 0.0023551287638702285 861
1694623375445 0.09567305435748051 862
1694623375773 0.0013398444348078037 863
1694623376134 0.022356505163294026 864
1694623376559 0.002757264303837728 865
1694623377095 0.006714966604303364 866
1694623377546 0.16754321442592 867
1694623378050 0.00037792045419314367 868
1694623378558 0.09009030110617172 869
1694623379005 0.12843839717096073 870
1694623379298 0.02256958869987648 871
1694623379548 0.01146922576926241 872
1694623379792 0.06136070374390067 873
1694623380095 0.004377994881727979 874
1694623380346 0.20113377983442882 875
1694623380539 1.0087868827642315 876
1694623380756 0.009628307876059039 877
1694623381002 0.008307375445967788 878
1694623381226 2.0215205687854636e-05 879
1694623381495 0.0019210948327474625 880
1694623381756 0.0006786967229442033 881
1694623382070 0.0008173090030731991 882
1694623382379 0.0006630213500714208 883
1694623382750 0.038248773231398615 884
1694623383020 0.12509133753603813 885
1694623383254 0.04866780492057228 886
1694623383484 0.025041776323601446 887
1694623383689 0.0697556870665689 888
1694623384000 0.012947036339956725 889
1694623384265 0.03531543227262333 890
1694623384481 0.010265940868199127 891
1694623384717 0.0027763739710141015 892
1694623384995 0.0008486025868696766 893
1694623385238 0.024841623347677134 894
1694623385494 0.0017777618078985472 895
1694623385689 0.02168891700968131 896
1694623385854 0.10448581762571368 897
1694623386097 0.12143779665992845 898
1694623386284 0.012045853970443636 899
1694623386457 0.00028279035271094324 900
1694623386673 0.15402329437151566 901
1694623386928 5.773886127296945e-06 902
1694623387271 0.012139890069417684 903
1694623387522 0.0013203181613338558 904
1694623387806 0.006019196281901877 905
1694623388015 0.009213006306174672 906
1694623388223 0.009400653983248792 907
1694623388530 0.00026417859304596314 908
1694623388787 0.009428092572160702 909
1694623388975 0.013383774045104968 910
1694623389253 0.05519252420443022 911
1694623389483 0.01847930646642374 912
1694623389719 0.007473460417090039 913
1694623389938 0.005356869132698983 914
1694623390147 0.0005864613262022435 915
1694623390375 0.037463494202536377 916
1694623390762 0.0013805308912854 917
1694623391180 0.48261881345192925 918
1694623391439 0.10014297616957281 919
1694623391634 0.004577405870279179 920
1694623391854 0.04081338598458902 921
1694623392107 0.019397513789146247 922
1694623392340 0.03032481124065448 923
1694623392586 0.11386412970700117 924
1694623392818 0.10659200893694412 925
1694623393006 0.0929470791593234 926
1694623393227 0.08367894033423101 927
1694623393459 0.5897746333564109 928
1694623393740 0.025159297480482908 929
1694623394084 0.011315719029269594 930
1694623394399 0.06485717355408145 931
1694623394636 0.0006297815449542571 932
1694623394929 0.3295581043693871 933
1694623395235 0.16806129268231176 934
1694623395601 0.053025153868180394 935
1694623395972 0.003961509906016656 936
1694623396290 0.03274078669151061 937
1694623396674 0.018053912211877597 938
1694623397068 0.09635459965493685 939
1694623397400 0.021809207546410976 940
1694623397638 0.013726671352693063 941
1694623398007 0.05285308017048618 942
1694623398319 0.01797232878494627 943
1694623398647 8.379147089771013e-06 944
1694623399093 0.17264796776566718 945
1694623399312 0.0011218248486668644 946
1694623399551 0.020929436454250317 947
1694623399887 0.028970549630426085 948
1694623400371 0.00032146007820278716 949
1694623400687 0.0015598939901011325 950
1694623400897 0.01184744846051707 951
1694623401092 0.09874037642761846 952
1694623401317 0.008937755736761314 953
1694623401627 0.026786574099012767 954
1694623402040 0.03652100499704948 955
1694623402317 0.13259993007028656 956
1694623402569 0.10816855506100151 957
1694623402884 0.006035634342186617 958
1694623403279 0.019627538745236994 959
1694623403640 0.009204465930679641 960
1694623403897 0.025090282220784448 961
1694623404139 0.014883027212225258 962
1694623404373 3.22693607970576e-05 963
1694623404584 0.09492030851056538 964
1694623404859 0.03185259667184789 965
1694623405125 0.12585542497928312 966
1694623405422 0.021701379126453885 967
1694623405678 0.16066718293030546 968
1694623406049 0.0015840001097833503 969
1694623406329 0.10646689839737729 970
1694623406546 0.06156646771516734 971
1694623406752 0.05199106533024372 972
1694623406966 0.18235384978099187 973
1694623407322 0.010064540301553553 974
1694623407775 0.4180922919034656 975
1694623408147 0.015511349374619043 976
1694623408600 0.0014156671007625138 977
1694623408983 0.008144414005104541 978
1694623409279 0.00018845583426037261 979
1694623409540 0.006259415780680884 980
1694623409744 0.0002336744740840236 981
1694623410047 0.07461271124609452 982
1694623410256 0.041793277174604695 983
1694623410501 0.013136862975670884 984
1694623410705 0.0858455869962546 985
1694623410952 0.000433300895206491 986
1694623411175 0.06590341572844997 987
1694623411439 0.03808991149348007 988
1694623411661 0.0022332980067490587 989
1694623411881 0.015355087290201045 990
1694623412088 0.0034732517350140528 991
1694623412273 0.0017341027842940823 992
1694623412486 0.05026134622407845 993
1694623412729 0.10597913729686315 994
1694623412966 0.013785735375753066 995
1694623413208 0.3797730464268099 996
1694623413451 0.2515631080038015 997
1694623413668 0.12452299364399545 998
1694623413901 0.0018526119834393886 999
