1694635600444 179.21047444334292 0
1694635600573 178.85230758924908 1
1694635600674 178.4948572022404 2
1694635600806 178.13812184837406 3
1694635600892 177.78210009657934 4
1694635601013 177.4267905186523 5
1694635601112 177.07219168924968 6
1694635601205 176.71830218588332 7
1694635601283 176.36512058891444 8
1694635601396 176.01264548154782 9
1694635601530 175.66087544982616 10
1694635601662 175.3098090826245 11
1694635601780 174.95944497164425 12
1694635601950 174.6097817114079 13
1694635602103 174.260817899253 14
1694635602188 173.91255213532676 15
1694635602259 173.56498302258035 16
1694635602357 173.21810916676313 17
1694635602459 172.87192917641727 18
1694635602552 172.52644166287206 19
1694635602632 172.1816452402382 20
1694635602708 171.8375385254024 21
1694635602805 171.49412013802174 22
1694635602901 171.151388700518 23
1694635603015 170.80934283807238 24
1694635603118 170.46798117861965 25
1694635603218 170.12730235284295 26
1694635603299 169.78730499416795 27
1694635603377 169.44798773875758 28
1694635603482 169.1093492255065 29
1694635603598 168.77138809603557 30
1694635603698 168.43410299468638 31
1694635603782 168.09749256851583 32
1694635603877 167.7615554672907 33
1694635603998 167.42629034348218 34
1694635604125 167.09169585226036 35
1694635604224 166.75777065148904 36
1694635604338 166.42451340172016 37
1694635604417 166.0919227661884 38
1694635604532 165.75999741080585 39
1694635604649 165.4287360041567 40
1694635604724 165.0981372174917 41
1694635604817 164.76819972472313 42
1694635604909 164.438922202419 43
1694635605001 164.1103033297982 44
1694635605092 163.7823417887248 45
1694635605182 163.45503626370308 46
1694635605246 163.12838544187196 47
1694635605338 162.80238801299978 48
1694635605457 162.47704266947923 49
1694635605573 162.1523481063218 50
1694635605640 161.82830302115264 51
1694635605700 161.50490611420543 52
1694635605786 161.18215608831702 53
1694635605867 160.8600516489222 54
1694635605961 160.53859150404855 55
1694635606081 160.21777436431125 56
1694635606165 159.89759894290785 57
1694635606242 159.57806395561306 58
1694635606310 159.25916812077372 59
1694635606385 158.94091015930348 60
1694635606459 158.62328879467768 61
1694635606547 158.3063027529284 62
1694635606629 157.98995076263898 63
1694635606700 157.67423155493927 64
1694635606801 157.35914386350035 65
1694635606847 157.04468642452935 66
1694635606897 156.73085797676455 67
1694635606939 156.4176572614702 68
1694635606980 156.10508302243144 69
1694635607028 155.7931340059493 70
1694635607081 155.48180896083562 71
1694635607133 155.17110663840805 72
1694635607183 154.86102579248495 73
1694635607247 154.55156517938042 74
1694635607300 154.2427235578994 75
1694635607339 153.93449968933248 76
1694635607382 153.62689233745107 77
1694635607432 153.3199002685023 78
1694635607508 153.01352225120417 79
1694635607580 152.70775705674052 80
1694635607639 152.4026034587562 81
1694635607678 152.09806023335187 82
1694635607715 151.7941261590795 83
1694635607775 151.490800016937 84
1694635607826 151.1880805903635 85
1694635607880 150.8859666652348 86
1694635607927 150.5844570298578 87
1694635607974 150.28355047496612 88
1694635608017 149.98324579371513 89
1694635608059 149.68354178167706 90
1694635608101 149.3844372368362 91
1694635608154 149.0859309595839 92
1694635608213 148.78802175271392 93
1694635608266 148.49070842141768 94
1694635608323 148.19398977327913 95
1694635608366 147.89786461827032 96
1694635608424 147.60233176874635 97
1694635608484 147.30739003944075 98
1694635608575 147.01303824746068 99
1694635608647 146.71927521228199 100
1694635608685 146.42609975574476 101
1694635608727 146.1335107020484 102
1694635608767 145.84150687774687 103
1694635608824 145.55008711174412 104
1694635608881 145.25925023528924 105
1694635608936 144.96899508197183 106
1694635608978 144.67932048771726 107
1694635609017 144.39022529078198 108
1694635609057 144.101708331749 109
1694635609094 143.81376845352293 110
1694635609150 143.52640450132563 111
1694635609189 143.23961532269135 112
1694635609245 142.95339976746226 113
1694635609307 142.66775668778365 114
1694635609349 142.38268493809943 115
1694635609382 142.09818337514756 116
1694635609422 141.81425085795524 117
1694635609464 141.5308862478346 118
1694635609521 141.24808840837792 119
1694635609554 140.96585620545306 120
1694635609593 140.68418850719908 121
1694635609626 140.40308418402148 122
1694635609659 140.12254210858782 123
1694635609693 139.84256115582298 124
1694635609729 139.56314020290483 125
1694635609794 139.28427812925972 126
1694635609852 139.00597381655774 127
1694635609913 138.7282261487085 128
1694635609959 138.45103401185642 129
1694635610012 138.17439629437644 130
1694635610057 137.8983118868694 131
1694635610114 137.62277968215764 132
1694635610173 137.34779857528056 133
1694635610231 137.07336746349011 134
1694635610282 136.79948524624643 135
1694635610327 136.5261508252134 136
1694635610365 136.25336310425416 137
1694635610399 135.9811209894268 138
1694635610433 135.70942338897996 139
1694635610467 135.43826921334826 140
1694635610515 135.16765737514817 141
1694635610558 134.8975867891735 142
1694635610599 134.62805637239094 143
1694635610646 134.359065043936 144
1694635610687 134.09061172510835 145
1694635610727 133.82269533936758 146
1694635610767 133.555314812329 147
1694635610801 133.2884690717592 148
1694635610833 133.02215704757168 149
1694635610873 132.75637767182275 150
1694635610910 132.4911298787069 151
1694635610945 132.22641260455293 152
1694635610982 131.96222478781937 153
1694635611025 131.6985653690903 154
1694635611063 131.4354332910711 155
1694635611101 131.17282749858418 156
1694635611161 130.91074693856476 157
1694635611212 130.64919056005658 158
1694635611265 130.38815731420783 159
1694635611314 130.12764615426664 160
1694635611372 129.86765603557714 161
1694635611417 129.6081859155752 162
1694635611475 129.34923475378412 163
1694635611550 129.0908015118106 164
1694635611609 128.8328851533404 165
1694635611674 128.57548464413435 166
1694635611730 128.31859895202405 167
1694635611772 128.06222704690774 168
1694635611807 127.80636790074632 169
1694635611843 127.55102048755896 170
1694635611879 127.29618378341914 171
1694635611913 127.04185676645048 172
1694635611945 126.78803841682267 173
1694635611979 126.53472771674727 174
1694635612026 126.28192365047379 175
1694635612063 126.02962520428545 176
1694635612097 125.7778313664951 177
1694635612139 125.52654112744133 178
1694635612177 125.27575347948418 179
1694635612214 125.02546741700125 180
1694635612257 124.77568193638358 181
1694635612290 124.52639603603161 182
1694635612328 124.27760871635128 183
1694635612372 124.02931897974979 184
1694635612409 123.78152583063175 185
1694635612463 123.53422827539517 186
1694635612513 123.28742532242734 187
1694635612564 123.041115982101 188
1694635612605 122.79529926677031 189
1694635612642 122.54997419076683 190
1694635612686 122.30513977039557 191
1694635612730 122.06079502393101 192
1694635612769 121.81693897161327 193
1694635612812 121.57357063564412 194
1694635612861 121.33068904018293 195
1694635612905 121.08829321134286 196
1694635612945 120.84638217718697 197
1694635612984 120.60495496772423 198
1694635613029 120.36401061490562 199
1694635613065 120.12354815262034 200
1694635613113 119.88356661669187 201
1694635613168 119.64406504487395 202
1694635613206 119.40504247684696 203
1694635613260 119.16649795421395 204
1694635613306 118.92843052049668 205
1694635613365 118.69083922113191 206
1694635613410 118.45372310346758 207
1694635613468 118.21708121675886 208
1694635613529 117.9809126121644 209
1694635613581 117.74521634274254 210
1694635613633 117.5099914634474 211
1694635613677 117.27523703112523 212
1694635613722 117.04095210451044 213
1694635613767 116.80713574422201 214
1694635613807 116.57378701275957 215
1694635613855 116.34090497449962 216
1694635613908 116.10848869569196 217
1694635613953 115.87653724445565 218
1694635613994 115.64504969077554 219
1694635614033 115.41402510649829 220
1694635614079 115.18346256532884 221
1694635614124 114.95336114282654 222
1694635614191 114.72371991640156 223
1694635614234 114.49453796531104 224
1694635614279 114.26581437065555 225
1694635614331 114.03754821537512 226
1694635614376 113.80973858424602 227
1694635614424 113.58238456387657 228
1694635614470 113.35548524270382 229
1694635614523 113.12903971098967 230
1694635614566 112.90304706081741 231
1694635614613 112.67750638608791 232
1694635614654 112.45241678251604 233
1694635614699 112.22777734762704 234
1694635614753 112.00358718075285 235
1694635614806 111.77984538302856 236
1694635614853 111.55655105738873 237
1694635614897 111.33370330856387 238
1694635614944 111.11130124307664 239
1694635615007 110.88934396923858 240
1694635615058 110.66783059714624 241
1694635615117 110.44676023867768 242
1694635615167 110.22613200748904 243
1694635615215 110.00594501901075 244
1694635615316 109.78619839044416 245
1694635615349 109.56689124075791 246
1694635615382 109.34802269068437 247
1694635615425 109.12959186271618 248
1694635615460 108.91159788110264 249
1694635615506 108.69403987184623 250
1694635615556 108.47691696269908 251
1694635615597 108.26022828315955 252
1694635615660 108.04397296446858 253
1694635615733 107.82815013960631 254
1694635615793 107.61275894328853 255
1694635615849 107.3977985119633 256
1694635615894 107.18326798380735 257
1694635615965 106.9691664987227 258
1694635616009 106.75549319833318 259
1694635616088 106.54224722598097 260
1694635616149 106.32942772672321 261
1694635616214 106.11703384732846 262
1694635616275 105.90506473627333 263
1694635616351 105.69351954373913 264
1694635616400 105.48239742160833 265
1694635616505 105.27169752346121 266
1694635616600 105.06141900457246 267
1694635616712 104.85156102190776 268
1694635616825 104.64212273412043 269
1694635616931 104.43310330154802 270
1694635616999 104.22450188620893 271
1694635617066 104.01631765179907 272
1694635617124 103.80854976368846 273
1694635617195 103.60119738891791 274
1694635617237 103.3942596961957 275
1694635617284 103.18773585589413 276
1694635617323 102.98162504004624 277
1694635617388 102.77592642234264 278
1694635617440 102.57063917812789 279
1694635617481 102.36576248439735 280
1694635617528 102.16129551979401 281
1694635617573 101.95723746460486 282
1694635617616 101.75358750075793 283
1694635617663 101.55034481181876 284
1694635617716 101.3475085829872 285
1694635617763 101.1450780010942 286
1694635617812 100.94305225459848 287
1694635617864 100.74143053358324 288
1694635617913 100.54021202975295 289
1694635617965 100.3393959364301 290
1694635618015 100.13898144855196 291
1694635618055 99.93896776266727 292
1694635618115 99.73935407693321 293
1694635618175 99.5401395911119 294
1694635618224 99.34132350656738 295
1694635618281 99.14290502626238 296
1694635618344 98.94488335475504 297
1694635618392 98.7472576981958 298
1694635618445 98.5500272643241 299
1694635618514 98.35319126246533 300
1694635618578 98.15674890352754 301
1694635618632 97.96069939999838 302
1694635618682 97.76504196594173 303
1694635618729 97.56977581699489 304
1694635618766 97.37490017036501 305
1694635618803 97.18041424482632 306
1694635618846 96.9863172607167 307
1694635618889 96.79260843993472 308
1694635618930 96.59928700593653 309
1694635618975 96.40635218373257 310
1694635619014 96.21380319988458 311
1694635619056 96.02163928250256 312
1694635619092 95.82985966124146 313
1694635619133 95.63846356729829 314
1694635619183 95.44745023340889 315
1694635619223 95.25681889384494 316
1694635619267 95.06656878441082 317
1694635619307 94.87669914244059 318
1694635619345 94.68720920679489 319
1694635619390 94.49809821785786 320
1694635619433 94.30936541753417 321
1694635619482 94.12101004924587 322
1694635619530 93.93303135792945 323
1694635619568 93.74542859003276 324
1694635619619 93.5582009935119 325
1694635619666 93.3713478178284 326
1694635619703 93.18486831394597 327
1694635619746 92.99876173432769 328
1694635619790 92.81302733293286 329
1694635619834 92.6276643652141 330
1694635619880 92.44267208811428 331
1694635619934 92.25804976006363 332
1694635619975 92.07379664097667 333
1694635620027 91.88991199224927 334
1694635620075 91.70639507675568 335
1694635620127 91.5232451588456 336
1694635620189 91.34046150434116 337
1694635620246 91.15804338053404 338
1694635620280 90.97599005618247 339
1694635620327 90.79430080150831 340
1694635620379 90.61297488819415 341
1694635620428 90.43201158938031 342
1694635620494 90.25141017966203 343
1694635620546 90.07116993508642 344
1694635620590 89.89129013314968 345
1694635620640 89.71177005279411 346
1694635620678 89.53260897440524 347
1694635620733 89.35380617980894 348
1694635620767 89.17536095226855 349
1694635620813 88.997272576482 350
1694635620873 88.81954033857889 351
1694635620966 88.64216352611766 352
1694635621045 88.46514142808272 353
1694635621112 88.2884733348816 354
1694635621183 88.11215853834211 355
1694635621239 87.93619633170948 356
1694635621300 87.76058600964348 357
1694635621358 87.58532686821563 358
1694635621412 87.41041820490643 359
1694635621460 87.23585931860244 360
1694635621506 87.06164950959344 361
1694635621565 86.88778807956976 362
1694635621612 86.71427433161935 363
1694635621698 86.54110757022508 364
1694635621772 86.36828710126177 365
1694635621829 86.19581223199366 366
1694635621888 86.02368227107137 367
1694635621931 85.8518965285293 368
1694635621982 85.68045431578278 369
1694635622041 85.50935494562535 370
1694635622083 85.3385977322259 371
1694635622130 85.1681819911261 372
1694635622175 84.99810703923741 373
1694635622215 84.82837219483852 374
1694635622261 84.65897677757259 375
1694635622307 84.4899201084444 376
1694635622362 84.32120150981777 377
1694635622409 84.1528203054127 378
1694635622465 83.98477582030283 379
1694635622516 83.81706738091249 380
1694635622561 83.64969431501424 381
1694635622607 83.48265595172597 382
1694635622663 83.31595162150838 383
1694635622708 83.14958065616209 384
1694635622764 82.98354238882514 385
1694635622810 82.81783615397025 386
1694635622877 82.65246128740209 387
1694635622934 82.48741712625467 388
1694635622995 82.3227030089887 389
1694635623045 82.1583182753888 390
1694635623090 81.99426226656104 391
1694635623128 81.8305343249302 392
1694635623178 81.66713379423705 393
1694635623216 81.50406001953584 394
1694635623257 81.34131234719162 395
1694635623302 81.17889012487758 396
1694635623348 81.01679270157251 397
1694635623391 80.8550194275581 398
1694635623446 80.69356965441638 399
1694635623497 80.53244273502712 400
1694635623557 80.3716380235652 401
1694635623595 80.21115487549802 402
1694635623660 80.05099264758294 403
1694635623709 79.89115069786467 404
1694635623760 79.7316283856727 405
1694635623806 79.57242507161872 406
1694635623859 79.41354011759408 407
1694635623907 79.25497288676718 408
1694635623992 79.09672274358093 409
1694635624080 78.93878905375021 410
1694635624162 78.78117118425934 411
1694635624258 78.62386850335949 412
1694635624351 78.4668803805662 413
1694635624396 78.31020618665674 414
1694635624454 78.15384529366773 415
1694635624506 77.99779707489252 416
1694635624556 77.8420609048787 417
1694635624607 77.68663615942553 418
1694635624658 77.53152221558159 419
1694635624698 77.37671845164212 420
1694635624737 77.22222424714656 421
1694635624782 77.06803898287609 422
1694635624826 76.91416204085117 423
1694635624863 76.76059280432895 424
1694635624906 76.60733065780092 425
1694635624947 76.45437498699033 426
1694635624992 76.30172517884982 427
1694635625030 76.14938062155886 428
1694635625072 75.99734070452142 429
1694635625112 75.84560481836331 430
1694635625158 75.69417235492998 431
1694635625198 75.54304270728392 432
1694635625262 75.39221526970223 433
1694635625333 75.2416894376743 434
1694635625396 75.0914646078992 435
1694635625478 74.94154017828343 436
1694635625546 74.7919155479384 437
1694635625611 74.64259011717806 438
1694635625681 74.4935632875165 439
1694635625731 74.34483446166547 440
1694635625807 74.19640304353209 441
1694635625867 74.04826843821633 442
1694635625925 73.90043005200882 443
1694635625977 73.75288729238818 444
1694635626032 73.60563956801894 445
1694635626077 73.45868628874892 446
1694635626124 73.31202686560705 447
1694635626176 73.16566071080086 448
1694635626225 73.0195872377142 449
1694635626275 72.87380586090487 450
1694635626345 72.72831599610222 451
1694635626408 72.58311706020493 452
1694635626461 72.43820847127847 453
1694635626510 72.293589648553 454
1694635626562 72.1492600124208 455
1694635626597 72.00521898443414 456
1694635626632 71.86146598730282 457
1694635626672 71.71800044489196 458
1694635626707 71.57482178221956 459
1694635626747 71.43192942545434 460
1694635626797 71.2893228019133 461
1694635626840 71.1470013400595 462
1694635626890 71.00496446949977 463
1694635626930 70.86321162098233 464
1694635626998 70.72174222639461 465
1694635627046 70.58055571876098 466
1694635627092 70.43965153224026 467
1694635627141 70.29902910212378 468
1694635627195 70.15868786483284 469
1694635627237 70.01862725791658 470
1694635627287 69.87884672004968 471
1694635627327 69.73934569103008 472
1694635627366 69.60012361177684 473
1694635627411 69.46117992432775 474
1694635627464 69.32251407183719 475
1694635627514 69.18412549857385 476
1694635627565 69.04601364991854 477
1694635627612 68.90817797236187 478
1694635627660 68.77061791350215 479
1694635627703 68.63333292204308 480
1694635627747 68.49632244779163 481
1694635627791 68.35958594165565 482
1694635627832 68.2231228556419 483
1694635627880 68.08693264285371 484
1694635627933 67.95101475748876 485
1694635627980 67.81536865483697 486
1694635628022 67.6799937912783 487
1694635628063 67.5448896242805 488
1694635628107 67.41005561239703 489
1694635628151 67.27549121526478 490
1694635628198 67.14119589360199 491
1694635628239 67.00716910920606 492
1694635628279 66.87341032495135 493
1694635628325 66.73991900478705 494
1694635628379 66.60669461373507 495
1694635628423 66.4737366178878 496
1694635628467 66.34104448440604 497
1694635628523 66.20861768151687 498
1694635628566 66.07645567851141 499
1694635628607 65.94455794574283 500
1694635628660 65.81292395462413 501
1694635628698 65.68155317762604 502
1694635628742 65.55044508827488 503
1694635628782 65.41959916115056 504
1694635628827 65.28901487188426 505
1694635628879 65.15869169715656 506
1694635628924 65.02862911469514 507
1694635628965 64.8988266032728 508
1694635629005 64.76928364270535 509
1694635629047 64.63999971384946 510
1694635629090 64.5109742986007 511
1694635629133 64.38220687989134 512
1694635629182 64.25369694168825 513
1694635629229 64.12544396899102 514
1694635629279 63.99744744782969 515
1694635629325 63.86970686526276 516
1694635629367 63.74222170937518 517
1694635629413 63.614991469276205 518
1694635629451 63.488015635097426 519
1694635629495 63.361293697990625 520
1694635629541 63.23482515012586 521
1694635629584 63.108609484689325 522
1694635629625 62.98264619588133 523
1694635629664 62.8569347789143 524
1694635629706 62.73147473001077 525
1694635629749 62.60626554640129 526
1694635629795 62.48130672632246 527
1694635629841 62.3565977690149 528
1694635629885 62.23213817472123 529
1694635629929 62.10792744468409 530
1694635629990 61.98396508114414 531
1694635630030 61.86025058733799 532
1694635630081 61.736783467496295 533
1694635630126 61.613563226841734 534
1694635630181 61.490589371587 535
1694635630225 61.36786140893284 536
1694635630271 61.245378847066085 537
1694635630326 61.12314119515765 538
1694635630365 61.00114796336058 539
1694635630408 60.879398662808086 540
1694635630446 60.757892805611576 541
1694635630499 60.63662990485871 542
1694635630549 60.515609474611374 543
1694635630592 60.394831029903855 544
1694635630645 60.274294086740824 545
1694635630702 60.153998162095334 546
1694635630746 60.033942773907015 547
1694635630790 59.91412744108 548
1694635630831 59.794551683481124 549
1694635630871 59.67521502193791 550
1694635630916 59.556116978236616 551
1694635630958 59.43725707512044 552
1694635630995 59.31863483628752 553
1694635631041 59.20024978638901 554
1694635631084 59.0821014510272 555
1694635631131 58.96418935675359 556
1694635631185 58.846513031067055 557
1694635631224 58.72907200241187 558
1694635631267 58.6118658001758 559
1694635631307 58.49489395468836 560
1694635631357 58.37815599721876 561
1694635631408 58.26165145997409 562
1694635631451 58.145379876097444 563
1694635631520 58.02934077966607 564
1694635631564 57.91353370568947 565
1694635631629 57.79795819010752 566
1694635631674 57.68261376978861 567
1694635631730 57.567499982527856 568
1694635631796 57.452616367045124 569
1694635631857 57.337962462983306 570
1694635631912 57.22353781090636 571
1694635631968 57.109341952297505 572
1694635632034 56.99537442955746 573
1694635632089 56.881634786002444 574
1694635632132 56.76812256586252 575
1694635632183 56.654837314279646 576
1694635632232 56.54177857730586 577
1694635632274 56.428945901901564 578
1694635632312 56.3163388359335 579
1694635632351 56.20395692817316 580
1694635632394 56.09179972829483 581
1694635632426 55.97986678687387 582
1694635632461 55.86815765538479 583
1694635632544 55.756671886199584 584
1694635632600 55.64540903258588 585
1694635632666 55.53436864870511 586
1694635632715 55.42355028961078 587
1694635632794 55.31295351124662 588
1694635632860 55.20257787044488 589
1694635632918 55.09242292492447 590
1694635632983 54.98248823328927 591
1694635633060 54.87277335502628 592
1694635633125 54.763277850503904 593
1694635633191 54.65400128097012 594
1694635633231 54.54494320855084 595
1694635633277 54.43610319624803 596
1694635633328 54.32748080793799 597
1694635633455 54.21907560836965 598
1694635633562 54.11088716316277 599
1694635633625 54.002915038806215 600
1694635633697 53.89515880265624 601
1694635633757 53.78761802293473 602
1694635633825 53.68029226872741 603
1694635633929 53.573181109982244 604
1694635634001 53.46628411750759 605
1694635634078 53.35960086297054 606
1694635634170 53.253130918895195 607
1694635634247 53.146873858660925 608
1694635634319 53.0408292565007 609
1694635634383 52.9349966874993 610
1694635634461 52.829375727591696 611
1694635634575 52.72396595356132 612
1694635634658 52.61876694303835 613
1694635634734 52.513778274498016 614
1694635634798 52.40899952725895 615
1694635634874 52.30443028148142 616
1694635634944 52.20007011816572 617
1694635635042 52.09591861915044 618
1694635635109 51.99197536711083 619
1694635635176 51.88823994555709 620
1694635635240 51.784711938832686 621
1694635635281 51.68139093211277 622
1694635635316 51.57827651140237 623
1694635635358 51.475368263534854 624
1694635635418 51.37266577617022 625
1694635635500 51.27016863779346 626
1694635635581 51.16787643771288 627
1694635635635 51.065788766058446 628
1694635635679 50.96390521378022 629
1694635635729 50.86222537264662 630
1694635635791 50.76074883524281 631
1694635635830 50.65947519496912 632
1694635635868 50.55840404603931 633
1694635635909 50.45753498347907 634
1694635635949 50.356867603124265 635
1694635635984 50.256401501619436 636
1694635636023 50.15613627641606 637
1694635636064 50.05607152577101 638
1694635636103 49.95620684874498 639
1694635636140 49.856541845200724 640
1694635636195 49.75707611580166 641
1694635636233 49.657809262010055 642
1694635636279 49.55874088608561 643
1694635636323 49.459870591083714 644
1694635636360 49.36119798085395 645
1694635636397 49.26272266003849 646
1694635636448 49.16444423407045 647
1694635636503 49.0663623091724 648
1694635636558 48.96847649235468 649
1694635636600 48.870786391413894 650
1694635636649 48.773291614931324 651
1694635636701 48.67599177227137 652
1694635636747 48.57888647357989 653
1694635636799 48.48197532978281 654
1694635636851 48.38525795258439 655
1694635636896 48.288733954465776 656
1694635636937 48.19240294868337 657
1694635636989 48.09626454926736 658
1694635637030 48.00031837102009 659
1694635637078 47.90456402951458 660
1694635637127 47.809001141092914 661
1694635637175 47.71362932286479 662
1694635637248 47.61844819270588 663
1694635637293 47.52345736925639 664
1694635637349 47.4286564719195 665
1694635637402 47.33404512085977 666
1694635637450 47.239622937001734 667
1694635637504 47.14538954202827 668
1694635637556 47.05134455837914 669
1694635637600 46.95748760924952 670
1694635637639 46.86381831858833 671
1694635637679 46.77033631109691 672
1694635637726 46.677041212227394 673
1694635637767 46.58393264818126 674
1694635637811 46.4910102459078 675
1694635637863 46.39827363310264 676
1694635637912 46.30572243820625 677
1694635637958 46.21335629040245 678
1694635638010 46.12117481961688 679
1694635638058 46.029177656515635 680
1694635638099 45.93736443250359 681
1694635638150 45.84573477972313 682
1694635638201 45.75428833105253 683
1694635638258 45.663024720104524 684
1694635638311 45.57194358122485 685
1694635638359 45.481044549490775 686
1694635638408 45.390327260709626 687
1694635638459 45.29979135141733 688
1694635638503 45.20943645887693 689
1694635638556 45.11926222107721 690
1694635638596 45.02926827673111 691
1694635638657 44.93945426527442 692
1694635638715 44.84981982686424 693
1694635638763 44.760364602377564 694
1694635638814 44.67108823340984 695
1694635638860 44.581990362273544 696
1694635638906 44.49307063199669 697
1694635638956 44.40432868632148 698
1694635638998 44.315764169702796 699
1694635639047 44.227376727306854 700
1694635639092 44.13916600500969 701
1694635639151 44.05113164939581 702
1694635639194 43.96327330775678 703
1694635639235 43.8755906280897 704
1694635639282 43.78808325909591 705
1694635639325 43.700750850179574 706
1694635639368 43.61359305144618 707
1694635639415 43.526609513701246 708
1694635639465 43.439799888448825 709
1694635639524 43.35316382789018 710
1694635639566 43.26670098492234 711
1694635639616 43.18041101313674 712
1694635639668 43.09429356681781 713
1694635639714 43.008348300941606 714
1694635639764 42.92257487117438 715
1694635639814 42.83697293387129 716
1694635639874 42.7515421460749 717
1694635639929 42.66628216551393 718
1694635639978 42.58119265060177 719
1694635640016 42.49627326043519 720
1694635640052 42.41152365479292 721
1694635640098 42.32694349413433 722
1694635640139 42.242532439598044 723
1694635640189 42.15829015300056 724
1694635640232 42.074216296834926 725
1694635640273 41.99031053426938 726
1694635640317 41.90657252914601 727
1694635640366 41.82300194597934 728
1694635640412 41.73959844995508 729
1694635640464 41.65636170692871 730
1694635640515 41.57329138342418 731
1694635640570 41.49038714663251 732
1694635640612 41.40764866441057 733
1694635640664 41.325075605279636 734
1694635640707 41.24266763842412 735
1694635640751 41.160424433690224 736
1694635640794 41.078345661584585 737
1694635640833 40.99643099327304 738
1694635640878 40.91468010057921 739
1694635640930 40.83309265598324 740
1694635640975 40.75166833262046 741
1694635641023 40.670406804280105 742
1694635641067 40.589307745403964 743
1694635641109 40.50837083108511 744
1694635641164 40.42759573706656 745
1694635641213 40.34698213974002 746
1694635641266 40.266529716144554 747
1694635641324 40.18623814396529 748
1694635641377 40.106107101532125 749
1694635641430 40.026136267818465 750
1694635641491 39.9463253224399 751
1694635641566 39.86667394565295 752
1694635641634 39.78718181835372 753
1694635641710 39.70784862207674 754
1694635641775 39.62867403899354 755
1694635641845 39.5496577519115 756
1694635641950 39.47079944427248 757
1694635642011 39.392098800151636 758
1694635642073 39.3135555042561 759
1694635642148 39.23516924192371 760
1694635642194 39.15693969912178 761
1694635642242 39.07886656244582 762
1694635642306 39.00094951911827 763
1694635642359 38.9231882569873 764
1694635642417 38.84558246452549 765
1694635642483 38.76813183082858 766
1694635642557 38.69083604561429 767
1694635642609 38.61369479922102 768
1694635642652 38.53670778260664 769
1694635642697 38.45987468734718 770
1694635642755 38.38319520563571 771
1694635642808 38.306669030280986 772
1694635642857 38.230295854706306 773
1694635642907 38.15407537294824 774
1694635642948 38.078007279655395 775
1694635642996 38.00209127008723 776
1694635643050 37.926327040112774 777
1694635643097 37.85071428620946 778
1694635643140 37.775252705461895 779
1694635643187 37.699941995560614 780
1694635643246 37.624781854800894 781
1694635643309 37.54977198208156 782
1694635643384 37.47491207690373 783
1694635643458 37.40020183936965 784
1694635643508 37.325640970181496 785
1694635643557 37.251229170640094 786
1694635643612 37.176966142643856 787
1694635643659 37.10285158868746 788
1694635643724 37.028885211860704 789
1694635643763 36.955066715847366 790
1694635643826 36.881395804923926 791
1694635643912 36.80787218395844 792
1694635643983 36.73449555840931 793
1694635644034 36.66126563432416 794
1694635644094 36.5881821183386 795
1694635644168 36.515244717675124 796
1694635644209 36.442453140141815 797
1694635644293 36.3698070941313 798
1694635644341 36.2973062886195 799
1694635644406 36.22495043316451 800
1694635644461 36.15273923790538 801
1694635644542 36.080672413561 802
1694635644598 36.00874967142894 803
1694635644643 35.93697072338425 804
1694635644698 35.86533528187834 805
1694635644741 35.79384305993781 806
1694635644810 35.7224937711633 807
1694635644845 35.65128712972839 808
1694635644905 35.580222850378334 809
1694635644957 35.50930064842907 810
1694635645020 35.43852023976595 811
1694635645106 35.367881340842644 812
1694635645186 35.29738366868005 813
1694635645263 35.22702694086508 814
1694635645336 35.156810875549596 815
1694635645401 35.086735191449215 816
1694635645498 35.01679960784224 817
1694635645564 34.94700384456848 818
1694635645633 34.877347622028175 819
1694635645734 34.807830661180866 820
1694635645803 34.738452683544224 821
1694635645857 34.669213411193006 822
1694635645897 34.60011256675789 823
1694635645947 34.5311498734244 824
1694635645991 34.462325054931725 825
1694635646040 34.39363783557172 826
1694635646113 34.325087940187686 827
1694635646173 34.25667509417337 828
1694635646229 34.188399023471774 829
1694635646294 34.12025945457414 830
1694635646343 34.05225611451875 831
1694635646382 33.98438873088993 832
1694635646431 33.91665703181692 833
1694635646475 33.84906074597276 834
1694635646545 33.78159960257324 835
1694635646596 33.71427333137578 836
1694635646640 33.647081662678374 837
1694635646691 33.5800243273185 838
1694635646739 33.51310105667203 839
1694635646782 33.44631158265213 840
1694635646832 33.379655637708275 841
1694635646882 33.31313295482509 842
1694635646933 33.24674326752128 843
1694635646980 33.180486309848604 844
1694635647030 33.1143618163908 845
1694635647080 33.048369522262476 846
1694635647131 32.98250916310814 847
1694635647184 32.916780475101014 848
1694635647229 32.85118319494209 849
1694635647279 32.78571705985902 850
1694635647329 32.720381807605044 851
1694635647368 32.655177176458 852
1694635647413 32.5901029052192 853
1694635647465 32.525158733212436 854
1694635647533 32.46034440028293 855
1694635647595 32.395659646796275 856
1694635647649 32.33110421363738 857
1694635647709 32.26667784220947 858
1694635647758 32.20238027443301 859
1694635647797 32.13821125274469 860
1694635647839 32.0741705200964 861
1694635647882 32.010257819954184 862
1694635647925 31.946472896297205 863
1694635647967 31.882815493616736 864
1694635648014 31.819285356915135 865
1694635648058 31.7558822317048 866
1694635648095 31.69260586400716 867
1694635648147 31.629456000351688 868
1694635648192 31.56643238777484 869
1694635648235 31.503534773819027 870
1694635648281 31.440762906531674 871
1694635648333 31.37811653446416 872
1694635648395 31.315595406670802 873
1694635648445 31.25319927270786 874
1694635648498 31.19092788263256 875
1694635648582 31.12878098700205 876
1694635648641 31.066758336872407 877
1694635648682 31.004859683797672 878
1694635648728 30.943084779828823 879
1694635648773 30.881433377512778 880
1694635648829 30.81990522989142 881
1694635648880 30.7585000905006 882
1694635648932 30.69721771336914 883
1694635648976 30.636057853017874 884
1694635649031 30.57502026445861 885
1694635649078 30.514104703193205 886
1694635649132 30.453310925212556 887
1694635649181 30.392638686995625 888
1694635649226 30.33208774550846 889
1694635649274 30.27165785820323 890
1694635649318 30.211348783017232 891
1694635649360 30.151160278371943 892
1694635649397 30.091092103172063 893
1694635649436 30.031144016804486 894
1694635649482 29.97131577913739 895
1694635649550 29.911607150519295 896
1694635649600 29.852017891778015 897
1694635649656 29.79254776421978 898
1694635649711 29.733196529628234 899
1694635649756 29.673963950263516 900
1694635649810 29.614849788861278 901
1694635649854 29.55585380863172 902
1694635649907 29.4969757732587 903
1694635649956 29.438215446898713 904
1694635650001 29.37957259417999 905
1694635650049 29.321046980201558 906
1694635650098 29.262638370532272 907
1694635650158 29.204346531209882 908
1694635650215 29.146171228740116 909
1694635650263 29.08811223009571 910
1694635650309 29.030169302715503 911
1694635650356 28.972342214503485 912
1694635650403 28.914630733827877 913
1694635650448 28.857034629520193 914
1694635650509 28.79955367087432 915
1694635650557 28.742187627645606 916
1694635650600 28.684936270049903 917
1694635650649 28.62779936876267 918
1694635650700 28.57077669491804 919
1694635650748 28.513868020107925 920
1694635650799 28.45707311638108 921
1694635650850 28.400391756242183 922
1694635650907 28.343823712650952 923
1694635650966 28.28736875902119 924
1694635651014 28.231026669219933 925
1694635651063 28.174797217566486 926
1694635651113 28.118680178831568 927
1694635651162 28.062675328236367 928
1694635651211 28.00678244145166 929
1694635651250 27.951001294596917 930
1694635651301 27.89533166423939 931
1694635651343 27.83977332739323 932
1694635651380 27.784326061518573 933
1694635651426 27.728989644520677 934
1694635651475 27.67376385474899 935
1694635651526 27.618648470996323 936
1694635651574 27.56364327249791 937
1694635651619 27.508748038930516 938
1694635651700 27.45396255041161 939
1694635651776 27.399286587498445 940
1694635651860 27.344719931187154 941
1694635651967 27.290262362911943 942
1694635652044 27.23591366454412 943
1694635652118 27.181673618391326 944
1694635652182 27.127542007196574 945
1694635652251 27.073518614137427 946
1694635652316 27.019603222825104 947
1694635652388 26.965795617303627 948
1694635652450 26.912095582048952 949
1694635652507 26.858502901968095 950
1694635652550 26.80501736239829 951
1694635652601 26.751638749106103 952
1694635652716 26.698366848286604 953
1694635652771 26.645201446562456 954
1694635652822 26.592142330983133 955
1694635652879 26.539189289023998 956
1694635652917 26.4863421085855 957
1694635652957 26.433600577992294 958
1694635653014 26.380964485992408 959
1694635653058 26.328433621756375 960
1694635653102 26.276007774876415 961
1694635653166 26.22368673536558 962
1694635653233 26.171470293656924 963
1694635653306 26.119358240602608 964
1694635653364 26.06735036747315 965
1694635653431 26.0154464659565 966
1694635653488 25.96364632815727 967
1694635653563 25.911949746595877 968
1694635653617 25.860356514207698 969
1694635653665 25.80886642434226 970
1694635653728 25.757479270762396 971
1694635653797 25.706194847643417 972
1694635653858 25.65501294957232 973
1694635653918 25.60393337154691 974
1694635653957 25.552955908975022 975
1694635654000 25.502080357673698 976
1694635654040 25.451306513868346 977
1694635654097 25.40063417419192 978
1694635654159 25.350063135684117 979
1694635654216 25.299593195790603 980
1694635654257 25.249224152362107 981
1694635654313 25.198955803653686 982
1694635654348 25.148787948323896 983
1694635654391 25.098720385434003 984
1694635654433 25.048752914447153 985
1694635654492 24.99888533522753 986
1694635654544 24.949117448039623 987
1694635654590 24.89944905354743 988
1694635654640 24.84987995281357 989
1694635654685 24.80040994729858 990
1694635654727 24.751038838860076 991
1694635654773 24.701766429751963 992
1694635654822 24.652592522623642 993
1694635654864 24.603516920519198 994
1694635654912 24.554539426876655 995
1694635654959 24.505659845527198 996
1694635655014 24.456877980694262 997
1694635655066 24.408193636992927 998
1694635655117 24.35960661942901 999
