1694623635283 138.59434931411747 0
1694623635310 112.45095923672999 1
1694623635339 90.5373686759148 2
1694623635372 74.04871534561101 3
1694623635405 60.93242456971899 4
1694623635439 49.45836464984674 5
1694623635473 42.349429891823846 6
1694623635505 34.78095988955736 7
1694623635536 29.817923476024326 8
1694623635567 25.64504619005001 9
1694623635599 22.077013449984463 10
1694623635628 19.16450901215229 11
1694623635658 17.349170420501043 12
1694623635686 15.169433258030825 13
1694623635714 13.537948510111384 14
1694623635742 12.100489258046439 15
1694623635774 10.849780792963674 16
1694623635805 10.088050387128664 17
1694623635837 9.363557512586736 18
1694623635869 8.87019450551758 19
1694623635900 8.197792439191785 20
1694623635929 7.806675048045553 21
1694623635958 7.470255987167916 22
1694623635986 7.024795765405403 23
1694623636013 6.822623801955172 24
1694623636041 6.331007814206257 25
1694623636069 6.165156170225415 26
1694623636098 6.074931165190476 27
1694623636127 5.875960589553097 28
1694623636158 5.657447550879575 29
1694623636188 5.764422213580076 30
1694623636216 5.577955589725939 31
1694623636245 5.4225884773098985 32
1694623636274 5.383544937536549 33
1694623636305 5.30577042041551 34
1694623636334 5.202955160208529 35
1694623636372 5.235116240312837 36
1694623636405 5.111781924383659 37
1694623636439 4.995618259973266 38
1694623636471 5.274313239160782 39
1694623636509 5.377454891031169 40
1694623636558 5.1470720697489325 41
1694623636632 4.920598503437135 42
1694623636670 4.926299570115097 43
1694623636700 4.98681990225108 44
1694623636728 4.977757151356698 45
1694623636758 5.073195532828252 46
1694623636785 4.954463563000502 47
1694623636813 4.973563508493042 48
1694623636842 4.861000457030836 49
1694623636878 4.855696113024581 50
1694623636914 5.112046869118413 51
1694623636952 4.861657190472163 52
1694623636986 4.980052913996508 53
1694623637015 4.866613155027908 54
1694623637042 4.9434176951604965 55
1694623637070 4.969249253254743 56
1694623637098 4.88778201370472 57
1694623637127 4.84175580398017 58
1694623637155 4.822585084757569 59
1694623637186 5.055447619313753 60
1694623637217 4.840615875396789 61
1694623637254 5.005704233703481 62
1694623637287 5.019118768735882 63
1694623637317 4.9935107080484 64
1694623637345 4.870152606444789 65
1694623637376 4.829767235477231 66
1694623637405 4.954702850530757 67
1694623637433 4.802438451636437 68
1694623637460 4.766973191974936 69
1694623637491 5.020420791078585 70
1694623637521 5.002670703719524 71
1694623637554 4.807583383313187 72
1694623637587 4.8429623015269545 73
1694623637621 4.688539485674592 74
