1694628008855 160.59858043229178 0
1694628008896 160.27882485459588 1
1694628008941 159.95971087385783 2
1694628008974 159.64123719270876 3
1694628009006 159.32340251643225 4
1694628009039 159.00620555295924 5
1694628009106 158.68964501286231 6
1694628009161 158.37371960935016 7
1694628009222 158.0584280582622 8
1694628009265 157.74376907806308 9
1694628009309 157.42974138983715 10
1694628009341 157.11634371728312 11
1694628009378 156.8035747867085 12
1694628009413 156.49143332702434 13
1694628009447 156.17991806973956 14
1694628009479 155.86902774895577 15
1694628009514 155.55876110136188 16
1694628009546 155.2491168662285 17
1694628009579 154.94009378540275 18
1694628009617 154.63169060330299 19
1694628009665 154.32390606691314 20
1694628009698 154.01673892577776 21
1694628009730 153.7101879319963 22
1694628009775 153.4042518402182 23
1694628009826 153.09892940763737 24
1694628009898 152.79421939398676 25
1694628009958 152.49012056153344 26
1694628010008 152.1866316750731 27
1694628010050 151.8837515019247 28
1694628010114 151.58147881192554 29
1694628010179 151.2798123774257 30
1694628010222 150.97875097328313 31
1694628010279 150.6782933768581 32
1694628010328 150.3784383680083 33
1694628010384 150.07918472908344 34
1694628010424 149.78053124492018 35
1694628010458 149.48247670283703 36
1694628010497 149.185019892629 37
1694628010541 148.8881596065626 38
1694628010580 148.5918946393706 39
1694628010621 148.29622378824712 40
1694628010667 148.00114585284228 41
1694628010706 147.7066596352572 42
1694628010755 147.4127639400389 43
1694628010791 147.11945757417524 44
1694628010825 146.82673934708984 45
1694628010861 146.53460807063698 46
1694628010896 146.24306255909661 47
1694628010949 145.9521016291694 48
1694628010992 145.6617240999714 49
1694628011025 145.37192879302938 50
1694628011062 145.08271453227576 51
1694628011113 144.7940801440433 52
1694628011163 144.50602445706062 53
1694628011210 144.21854630244675 54
1694628011253 143.93164451370652 55
1694628011287 143.64531792672543 56
1694628011331 143.35956537976475 57
1694628011370 143.07438571345662 58
1694628011408 142.7897777707991 59
1694628011447 142.50574039715121 60
1694628011479 142.2222724402282 61
1694628011520 141.93937275009642 62
1694628011559 141.65704017916872 63
1694628011597 141.37527358219933 64
1694628011639 141.09407181627915 65
1694628011674 140.81343374083087 66
1694628011710 140.53335821760413 67
1694628011742 140.25384411067066 68
1694628011778 139.97489028641957 69
1694628011812 139.69649561355237 70
1694628011846 139.41865896307843 71
1694628011891 139.14137920830993 72
1694628011932 138.8646552248572 73
1694628011973 138.58848589062399 74
1694628012003 138.31287008580276 75
1694628012031 138.0378066928697 76
1694628012074 137.76329459658027 77
1694628012109 137.48933268396436 78
1694628012142 137.2159198443215 79
1694628012180 136.9430549692163 80
1694628012215 136.67073695247367 81
1694628012270 136.3989646901742 82
1694628012307 136.12773708064935 83
1694628012352 135.857053024477 84
1694628012406 135.58691142447663 85
1694628012448 135.31731118570463 86
1694628012508 135.04825121544982 87
1694628012545 134.77973042322887 88
1694628012621 134.51174772078147 89
1694628012680 134.24430202206582 90
1694628012731 133.9773922432541 91
1694628012771 133.7110173027278 92
1694628012809 133.44517612107327 93
1694628012879 133.1798676210769 94
1694628012940 132.9150907277209 95
1694628013004 132.65084436817847 96
1694628013064 132.38712747180944 97
1694628013105 132.12393897015562 98
1694628013164 131.86127779693643 99
1694628013199 131.59914288804418 100
1694628013231 131.33753318153978 101
1694628013271 131.0764476176482 102
1694628013304 130.81588513875388 103
1694628013337 130.55584468939637 104
1694628013372 130.2963252162658 105
1694628013404 130.0373256681986 106
1694628013436 129.77884499617272 107
1694628013472 129.52088215330363 108
1694628013509 129.26343609483948 109
1694628013543 129.00650577815702 110
1694628013577 128.75009016275698 111
1694628013610 128.49418821025972 112
1694628013640 128.23879888440104 113
1694628013679 127.9839211510274 114
1694628013712 127.72955397809203 115
1694628013743 127.47569633565023 116
1694628013776 127.22234719585506 117
1694628013815 126.96950553295322 118
1694628013861 126.7171703232805 119
1694628013892 126.4653405452575 120
1694628013924 126.21401517938543 121
1694628013962 125.96319320824162 122
1694628013992 125.71287361647542 123
1694628014025 125.46305539080389 124
1694628014061 125.21373752000731 125
1694628014095 124.96491899492517 126
1694628014133 124.71659880845182 127
1694628014173 124.4687759555322 128
1694628014211 124.22144943315762 129
1694628014248 123.97461824036152 130
1694628014288 123.72828137821526 131
1694628014320 123.48243784982397 132
1694628014360 123.23708666032219 133
1694628014397 122.99222681686982 134
1694628014437 122.7478573286479 135
1694628014470 122.50397720685437 136
1694628014513 122.26058546470004 137
1694628014549 122.01768111740425 138
1694628014588 121.77526318219087 139
1694628014623 121.53333067828409 140
1694628014657 121.29188262690431 141
1694628014690 121.05091805126403 142
1694628014720 120.81043597656361 143
1694628014756 120.57043542998741 144
1694628014792 120.33091544069944 145
1694628014823 120.09187503983948 146
1694628014861 119.85331326051882 147
1694628014904 119.6152291378163 148
1694628014943 119.37762170877421 149
1694628014982 119.14049001239432 150
1694628015021 118.90383308963361 151
1694628015057 118.66764998340051 152
1694628015092 118.43193973855068 153
1694628015123 118.1967014018831 154
1694628015158 117.96193402213595 155
1694628015190 117.72763664998273 156
1694628015220 117.49380833802817 157
1694628015255 117.2604481408043 158
1694628015295 117.02755511476643 159
1694628015329 116.79512831828917 160
1694628015366 116.56316681166261 161
1694628015404 116.33166965708816 162
1694628015438 116.10063591867471 163
1694628015476 115.87006466243473 164
1694628015512 115.6399549562803 165
1694628015545 115.41030587001914 166
1694628015578 115.18111647535083 167
1694628015613 114.95238584586276 168
1694628015653 114.72411305702632 169
1694628015688 114.49629718619302 170
1694628015719 114.26893731259057 171
1694628015754 114.042032517319 172
1694628015787 113.81558188334697 173
1694628015820 113.58958449550752 174
1694628015880 113.36403944049476 175
1694628015940 113.13894580685954 176
1694628015997 112.91430268500594 177
1694628016044 112.69010916718732 178
1694628016087 112.46636434750252 179
1694628016142 112.24306732189206 180
1694628016179 112.02021718813434 181
1694628016219 111.7978130458419 182
1694628016255 111.5758539964576 183
1694628016295 111.35433914325073 184
1694628016332 111.13326759131351 185
1694628016366 110.9126384475571 186
1694628016397 110.69245082070793 187
1694628016428 110.47270382130402 188
1694628016457 110.25339656169113 189
1694628016498 110.0345281560191 190
1694628016528 109.81609772023815 191
1694628016562 109.59810437209515 192
1694628016597 109.38054723112982 193
1694628016632 109.16342541867134 194
1694628016665 108.9467380578342 195
1694628016708 108.73048427351495 196
1694628016742 108.51466319238831 197
1694628016775 108.29927394290348 198
1694628016810 108.08431565528068 199
1694628016846 107.86978746150724 200
1694628016883 107.65568849533425 201
1694628016919 107.44201789227264 202
1694628016954 107.22877478958974 203
1694628016992 107.01595832630564 204
1694628017025 106.80356764318947 205
1694628017059 106.59160188275601 206
1694628017094 106.3800601892619 207
1694628017129 106.16894170870206 208
1694628017170 105.95824558880628 209
1694628017203 105.74797097903544 210
1694628017239 105.53811703057816 211
1694628017273 105.328682896347 212
1694628017311 105.11966773097517 213
1694628017357 104.91107069081275 214
1694628017396 104.70289093392331 215
1694628017438 104.49512762008034 216
1694628017476 104.28777991076372 217
1694628017531 104.08084696915621 218
1694628017571 103.87432796014 219
1694628017604 103.66822205029304 220
1694628017640 103.46252840788583 221
1694628017676 103.25724620287765 222
1694628017727 103.05237460691332 223
1694628017765 102.8479127933196 224
1694628017798 102.64409354248326 225
1694628017831 102.44068154603235 226
1694628017870 102.23767598503984 227
1694628017905 102.03507604223842 228
1694628017942 101.8328809020173 229
1694628017978 101.63108975041864 230
1694628018011 101.4297017751343 231
1694628018045 101.22871616550236 232
1694628018075 101.02813211250377 233
1694628018111 100.827948808759 234
1694628018145 100.62816544852461 235
1694628018177 100.42878122768998 236
1694628018210 100.22979534377394 237
1694628018248 100.03120699592142 238
1694628018281 99.83301538490011 239
1694628018315 99.63521971309707 240
1694628018346 99.43781918451552 241
1694628018382 99.2408130047715 242
1694628018427 99.04420038109053 243
1694628018463 98.8479805223043 244
1694628018511 98.6521526388474 245
1694628018546 98.45671594275406 246
1694628018586 98.26166964765481 247
1694628018642 98.0670129687733 248
1694628018678 97.8727451229229 249
1694628018737 97.67886532850359 250
1694628018771 97.48537280549859 251
1694628018809 97.29226677547119 252
1694628018848 97.09954646156146 253
1694628018887 96.90721108848305 254
1694628018933 96.71525988251993 255
1694628018973 96.52369207152324 256
1694628019016 96.33250688490806 257
1694628019061 96.14170355365012 258
1694628019102 95.95128131028262 259
1694628019153 95.7612393888933 260
1694628019187 95.5715770251208 261
1694628019223 95.38229345615183 262
1694628019267 95.19338792071787 263
1694628019315 95.00485965909206 264
1694628019360 94.81670791308598 265
1694628019398 94.6289319260465 266
1694628019449 94.44153094285268 267
1694628019491 94.25450420991265 268
1694628019530 94.06785097516037 269
1694628019562 93.88157048805266 270
1694628019592 93.69566199956594 271
1694628019627 93.5101247621932 272
1694628019662 93.32495802994082 273
1694628019712 93.14016105832562 274
1694628019750 92.95573310437155 275
1694628019786 92.7716734266068 276
1694628019825 92.58798128506064 277
1694628019855 92.40465594126027 278
1694628019888 92.22169665822797 279
1694628019953 92.03910270047776 280
1694628019991 91.85687333401255 281
1694628020027 91.67500782632102 282
1694628020059 91.49350544637461 283
1694628020093 91.31236546462442 284
1694628020131 91.13158715299826 285
1694628020173 90.95116978489756 286
1694628020220 90.77111263519441 287
1694628020260 90.59141498022848 288
1694628020292 90.41207609780412 289
1694628020331 90.23309526718725 290
1694628020372 90.05447176910248 291
1694628020410 89.87620488572996 292
1694628020453 89.69829390070267 293
1694628020488 89.52073809910313 294
1694628020525 89.34353676746066 295
1694628020564 89.16668919374837 296
1694628020614 88.99019466738011 297
1694628020658 88.81405247920769 298
1694628020693 88.63826192151777 299
1694628020730 88.46282228802905 300
1694628020764 88.28773287388923 301
1694628020799 88.11299297567223 302
1694628020844 87.93860189137511 303
1694628020878 87.76455892041528 304
1694628020915 87.59086336362756 305
1694628020976 87.41751452326126 306
1694628021026 87.24451170297728 307
1694628021060 87.07185420784529 308
1694628021091 86.89954134434076 309
1694628021127 86.72757242034217 310
1694628021166 86.55594674512805 311
1694628021203 86.38466362937422 312
1694628021247 86.21372238515082 313
1694628021284 86.04312232591957 314
1694628021332 85.87286276653086 315
1694628021378 85.70294302322088 316
1694628021413 85.53336241360891 317
1694628021446 85.36412025669433 318
1694628021481 85.19521587285395 319
1694628021537 85.02664858383908 320
1694628021580 84.85841771277276 321
1694628021628 84.69052258414699 322
1694628021666 84.52296252381991 323
1694628021704 84.35573685901298 324
1694628021746 84.18884491830818 325
1694628021788 84.02228603164535 326
1694628021817 83.85605953031924 327
1694628021867 83.69016474697689 328
1694628021897 83.52460101561478 329
1694628021944 83.3593676715761 330
1694628021980 83.19446405154797 331
1694628022013 83.02988949355877 332
1694628022042 82.8656433369753 333
1694628022072 82.70172492250016 334
1694628022103 82.53813359216888 335
1694628022136 82.37486868934732 336
1694628022178 82.21192955872887 337
1694628022212 82.04931554633178 338
1694628022249 81.8870259994965 339
1694628022292 81.72506026688282 340
1694628022329 81.56341769846736 341
1694628022370 81.40209764554076 342
1694628022405 81.24109946070507 343
1694628022445 81.08042249787098 344
1694628022489 80.92006611225528 345
1694628022539 80.76002966037802 346
1694628022579 80.60031250006006 347
1694628022609 80.44091399042016 348
1694628022666 80.28183349187256 349
1694628022707 80.12307036612425 350
1694628022761 79.96462397617226 351
1694628022798 79.80649368630111 352
1694628022844 79.64867886208017 353
1694628022888 79.491178870361 354
1694628022931 79.33399307927482 355
1694628022975 79.17712085822971 356
1694628023010 79.02056157790828 357
1694628023049 78.86431461026478 358
1694628023092 78.70837932852271 359
1694628023129 78.55275510717219 360
1694628023183 78.3974413219672 361
1694628023238 78.2424373499233 362
1694628023272 78.08774256931484 363
1694628023307 77.93335635967239 364
1694628023340 77.77927810178029 365
1694628023373 77.62550717767404 366
1694628023405 77.47204297063773 367
1694628023441 77.31888486520147 368
1694628023479 77.16603224713892 369
1694628023526 77.01348450346471 370
1694628023561 76.86124102243187 371
1694628023593 76.70930119352937 372
1694628023623 76.55766440747959 373
1694628023654 76.40633005623572 374
1694628023683 76.2552975329794 375
1694628023716 76.10456623211803 376
1694628023757 75.95413554928244 377
1694628023789 75.80417865452591 378
1694628023821 75.65452037423734 379
1694628023855 75.50516011094777 380
1694628023888 75.35609726838916 381
1694628023924 75.207331251492 382
1694628023955 75.05886146638275 383
1694628023988 74.91068732038157 384
1694628024024 74.76280822199988 385
1694628024063 74.61522358093778 386
1694628024104 74.46793280808194 387
1694628024147 74.32093531550298 388
1694628024195 74.17423051645311 389
1694628024230 74.02781782536384 390
1694628024278 73.88169665784348 391
1694628024310 73.73586643067478 392
1694628024349 73.59032656181265 393
1694628024387 73.44507647038168 394
1694628024422 73.30011557667383 395
1694628024457 73.15544330214607 396
1694628024496 73.01105906941797 397
1694628024537 72.86696230226941 398
1694628024579 72.72315242563825 399
1694628024615 72.57962886561786 400
1694628024662 72.436391049455 401
1694628024705 72.29343840554728 402
1694628024746 72.15077036344094 403
1694628024789 72.00838635382851 404
1694628024828 71.8662858085465 405
1694628024866 71.72446816057305 406
1694628024900 71.58293284402569 407
1694628024932 71.44167929415894 408
1694628024964 71.30070694736212 409
1694628024999 71.16001524115697 410
1694628025032 71.01960361419543 411
1694628025065 70.87947150625727 412
1694628025098 70.7396183582479 413
1694628025148 70.60004361219605 414
1694628025193 70.46074671125149 415
1694628025231 70.32172709968276 416
1694628025265 70.182984222875 417
1694628025309 70.04451752732759 418
1694628025346 69.90632646065184 419
1694628025395 69.768410471569 420
1694628025436 69.6307690099077 421
1694628025478 69.49340152660193 422
1694628025517 69.35630747368872 423
1694628025555 69.21948630430597 424
1694628025591 69.08293747269013 425
1694628025626 68.94666043417406 426
1694628025662 68.81065464518474 427
1694628025693 68.6749195632412 428
1694628025724 68.53945464695215 429
1694628025756 68.40425935601388 430
1694628025793 68.26933315120803 431
1694628025823 68.13467549439936 432
1694628025857 68.00028584853365 433
1694628025891 67.86616367763546 434
1694628025925 67.7323084468059 435
1694628025957 67.5987196222206 436
1694628025990 67.4653966711274 437
1694628026029 67.33233906184421 438
1694628026066 67.19954626375693 439
1694628026105 67.06701774731718 440
1694628026153 66.93475298404026 441
1694628026188 66.80275144650292 442
1694628026226 66.67101260834119 443
1694628026264 66.53953594424836 444
1694628026310 66.40832092997273 445
1694628026350 66.27736704231557 446
1694628026392 66.14667375912887 447
1694628026445 66.01624055931337 448
1694628026492 65.88606692281631 449
1694628026527 65.75615233062939 450
1694628026562 65.62649626478667 451
1694628026605 65.49709820836239 452
1694628026647 65.36795764546892 453
1694628026693 65.2390740612547 454
1694628026750 65.11044694190207 455
1694628026794 64.98207577462524 456
1694628026856 64.85396004766812 457
1694628026906 64.72609925030243 458
1694628026952 64.59849287282537 459
1694628027006 64.47114040655775 460
1694628027067 64.34404134384184 461
1694628027117 64.21719517803928 462
1694628027160 64.0906014035291 463
1694628027213 63.96425951570564 464
1694628027262 63.83816901097646 465
1694628027308 63.71232938676029 466
1694628027349 63.58674014148504 467
1694628027413 63.46140077458577 468
1694628027469 63.33631078650258 469
1694628027513 63.211469678678675 470
1694628027564 63.086876953558225 471
1694628027613 62.962532114584484 472
1694628027671 62.838434666197635 473
1694628027712 62.71458411383287 474
1694628027743 62.59097996391836 475
1694628027777 62.46762172387323 476
1694628027812 62.344508902105574 477
1694628027845 62.22164100801046 478
1694628027878 62.09901755196791 479
1694628027923 61.97663804534098 480
1694628027972 61.85450200047369 481
1694628028005 61.73260893068908 482
1694628028037 61.61095835028728 483
1694628028066 61.48954977454345 484
1694628028096 61.36838271970587 485
1694628028132 61.24745670299399 486
1694628028182 61.1267712425964 487
1694628028224 61.00632585766894 488
1694628028263 60.88612006833272 489
1694628028301 60.766153395672205 490
1694628028338 60.64642536173315 491
1694628028372 60.52693548952085 492
1694628028405 60.40768330299806 493
1694628028447 60.288668327083116 494
1694628028499 60.16989008764799 495
1694628028538 60.05134811151635 496
1694628028571 59.933041926461726 497
1694628028603 59.81497106120547 498
1694628028637 59.69713504541492 499
1694628028674 59.579533409701476 500
1694628028712 59.46216568561871 501
1694628028762 59.34503140566038 502
1694628028804 59.22813010325871 503
1694628028839 59.11146131278227 504
1694628028877 58.995024569534266 505
1694628028914 58.87881940975059 506
1694628028953 58.76284537059792 507
1694628028994 58.647101990171855 508
1694628029036 58.531588807495076 509
1694628029071 58.416305362515395 510
1694628029109 58.301251196104 511
1694628029149 58.18642585005346 512
1694628029193 58.07182886707601 513
1694628029232 57.95745979080157 514
1694628029264 57.84331816577597 515
1694628029298 57.729403537459056 516
1694628029329 57.61571545222289 517
1694628029365 57.50225345734987 518
1694628029411 57.38901710103093 519
1694628029443 57.27600593236365 520
1694628029488 57.16321950135051 521
1694628029530 57.050657358897 522
1694628029574 56.938319056809796 523
1694628029615 56.82620414779499 524
1694628029650 56.714312185456265 525
1694628029686 56.60264272429302 526
1694628029724 56.49119531969865 527
1694628029757 56.37996952795869 528
1694628029790 56.26896490624903 529
1694628029841 56.15818101263414 530
1694628029878 56.0476174060652 531
1694628029920 55.93727364637844 532
1694628029959 55.82714929429322 533
1694628030015 55.71724391141037 534
1694628030052 55.60755706021031 535
1694628030089 55.49808830405135 536
1694628030127 55.38883720716785 537
1694628030178 55.27980333466855 538
1694628030220 55.170986252534696 539
1694628030257 55.06238552761835 540
1694628030312 54.954000727640626 541
1694628030346 54.845831421189935 542
1694628030410 54.7378771777202 543
1694628030457 54.63013756754918 544
1694628030516 54.52261216185666 545
1694628030545 54.41530053268274 546
1694628030581 54.30820225292614 547
1694628030615 54.2013168963424 548
1694628030653 54.09464403754215 549
1694628030691 53.988183251989476 550
1694628030726 53.881934116000096 551
1694628030764 53.77589620673972 552
1694628030827 53.67006910222232 553
1694628030859 53.564452381308335 554
1694628030895 53.459045623703105 555
1694628030930 53.353848409955035 556
1694628030978 53.24886032145402 557
1694628031014 53.14408094042962 558
1694628031065 53.039509849949496 559
1694628031115 52.93514663391757 560
1694628031156 52.83099087707253 561
1694628031188 52.72704216498595 562
1694628031229 52.62330008406077 563
1694628031268 52.51976422152948 564
1694628031312 52.41643416545261 565
1694628031351 52.31330950471689 566
1694628031390 52.21038982903373 567
1694628031432 52.10767472893743 568
1694628031479 52.005163795783645 569
1694628031524 51.902856621747624 570
1694628031561 51.80075279982262 571
1694628031596 51.69885192381822 572
1694628031642 51.59715358835873 573
1694628031689 51.49565738888147 574
1694628031732 51.39436292163517 575
1694628031766 51.29326978367837 576
1694628031799 51.19237757287773 577
1694628031831 51.0916858879064 578
1694628031865 50.991194328242486 579
1694628031895 50.89090249416732 580
1694628031930 50.790809986763854 581
1694628031977 50.69091640791513 582
1694628032015 50.59122136030257 583
1694628032056 50.49172444740443 584
1694628032090 50.39242527349415 585
1694628032124 50.2933234436388 586
1694628032178 50.19441856369742 587
1694628032213 50.09571024031945 588
1694628032248 49.99719808094323 589
1694628032286 49.898881693794245 590
1694628032325 49.8007606878836 591
1694628032359 49.70283467300654 592
1694628032395 49.6051032597407 593
1694628032431 49.50756605944467 594
1694628032462 49.41022268425635 595
1694628032499 49.3130727470914 596
1694628032538 49.216115861641605 597
1694628032576 49.11935164237351 598
1694628032609 49.02277970452657 599
1694628032641 48.92639966411185 600
1694628032678 48.83021113791032 601
1694628032711 48.73421374347137 602
1694628032747 48.63840709911124 603
1694628032789 48.54279082391144 604
1694628032831 48.4473645377173 605
1694628032867 48.352127861136324 606
1694628032909 48.257080415536755 607
1694628032945 48.16222182304596 608
1694628032981 48.06755170654894 609
1694628033015 47.97306968968681 610
1694628033052 47.87877539685525 611
1694628033088 47.78466845320301 612
1694628033129 47.690748484630355 613
1694628033164 47.59701511778761 614
1694628033207 47.503467980073616 615
1694628033249 47.41010669963421 616
1694628033312 47.316930905360714 617
1694628033364 47.22394022688849 618
1694628033408 47.131134294595384 619
1694628033455 47.03851273960026 620
1694628033495 46.94607519376147 621
1694628033530 46.85382128967543 622
1694628033560 46.761750660675084 623
1694628033594 46.6698629408284 624
1694628033630 46.578157764936975 625
1694628033662 46.486634768534465 626
1694628033696 46.39529358788516 627
1694628033730 46.304133859982514 628
1694628033761 46.21315522254763 629
1694628033803 46.122357314027894 630
1694628033837 46.03173977359537 631
1694628033867 45.941302241145465 632
1694628033901 45.851044357295414 633
1694628033946 45.76096576338285 634
1694628033987 45.67106610146431 635
1694628034025 45.58134501431384 636
1694628034059 45.491802145421545 637
1694628034094 45.40243713899208 638
1694628034130 45.3132496399433 639
1694628034170 45.22423929390479 640
1694628034212 45.13540574721639 641
1694628034246 45.046748646926844 642
1694628034290 44.95826764079229 643
1694628034338 44.86996237727491 644
1694628034375 44.78183250554146 645
1694628034408 44.693877675461856 646
1694628034448 44.60609753760777 647
1694628034479 44.51849174325124 648
1694628034524 44.4310599443632 649
1694628034598 44.34380179361213 650
1694628034647 44.25671694436261 651
1694628034679 44.169805050673965 652
1694628034715 44.0830657672988 653
1694628034760 43.996498749681685 654
1694628034796 43.91010365395769 655
1694628034831 43.82388013695102 656
1694628034877 43.737827856173645 657
1694628034921 43.65194646982393 658
1694628034959 43.56623563678519 659
1694628035006 43.48069501662433 660
1694628035045 43.39532426959054 661
1694628035083 43.310123056613804 662
1694628035126 43.22509103930365 663
1694628035164 43.1402278799477 664
1694628035197 43.05553324151033 665
1694628035231 42.9710067876313 666
1694628035264 42.88664818262441 667
1694628035310 42.80245709147613 668
1694628035345 42.71843317984426 669
1694628035398 42.63457611405656 670
1694628035446 42.55088556110941 671
1694628035500 42.46736118866648 672
1694628035558 42.384002665057366 673
1694628035607 42.30080965927623 674
1694628035657 42.21778184098055 675
1694628035698 42.13491888048964 676
1694628035732 42.05222044878347 677
1694628035764 41.96968621750124 678
1694628035803 41.88731585894008 679
1694628035847 41.805109046053715 680
1694628035898 41.72306545245119 681
1694628035947 41.64118475239549 682
1694628035997 41.55946662080225 683
1694628036032 41.477910733238446 684
1694628036070 41.396516765921085 685
1694628036108 41.31528439571588 686
1694628036152 41.234213300135956 687
1694628036196 41.15330315734057 688
1694628036233 41.07255364613376 689
1694628036279 40.99196444596309 690
1694628036331 40.91153523691836 691
1694628036385 40.831265699730245 692
1694628036442 40.75115551576909 693
1694628036507 40.671204367043586 694
1694628036558 40.59141193619947 695
1694628036610 40.511777906518276 696
1694628036662 40.43230196191603 697
1694628036721 40.35298378694199 698
1694628036774 40.27382306677736 699
1694628036824 40.19481948723403 700
1694628036870 40.11597273475328 701
1694628036910 40.037282496404565 702
1694628036955 39.9587484598842 703
1694628036990 39.88037031351413 704
1694628037036 39.802147746240635 705
1694628037081 39.724080447633135 706
1694628037120 39.64616810788288 707
1694628037162 39.568410417801715 708
1694628037214 39.49080706882086 709
1694628037265 39.4133577529896 710
1694628037315 39.336062162974116 711
1694628037363 39.2589199920562 712
1694628037412 39.18193093413202 713
1694628037447 39.10509468371088 714
1694628037489 39.028410935914046 715
1694628037539 38.95187938647337 716
1694628037575 38.87549973173028 717
1694628037608 38.79927166863432 718
1694628037640 38.7231948947421 719
1694628037674 38.647269108216 720
1694628037715 38.57149400782296 721
1694628037746 38.49586929293325 722
1694628037790 38.42039466351932 723
1694628037829 38.345069820154485 724
1694628037891 38.26989446401182 725
1694628037945 38.1948682968629 726
1694628038012 38.11999102107657 727
1694628038064 38.045262339617835 728
1694628038102 37.970681956046555 729
1694628038139 37.89624957451632 730
1694628038175 37.82196489977322 731
1694628038210 37.747827637154664 732
1694628038262 37.67383749258823 733
1694628038300 37.5999941725904 734
1694628038331 37.526297384265426 735
1694628038365 37.45274683530415 736
1694628038397 37.37934223398281 737
1694628038444 37.30608328916185 738
1694628038491 37.23296971028477 739
1694628038537 37.16000120737698 740
1694628038572 37.08717749104452 741
1694628038605 37.01449827247302 742
1694628038643 36.94196326342648 743
1694628038692 36.86957217624609 744
1694628038732 36.79732472384907 745
1694628038775 36.72522061972759 746
1694628038820 36.65325957794748 747
1694628038856 36.5814413131472 748
1694628038891 36.50976554053661 749
1694628038929 36.43823197589585 750
1694628038971 36.366840335574224 751
1694628039005 36.29559033648897 752
1694628039042 36.22448169612422 753
1694628039093 36.15351413252978 754
1694628039143 36.08268736432003 755
1694628039201 36.012001110672806 756
1694628039238 35.94145509132821 757
1694628039273 35.871049026587535 758
1694628039312 35.8007826373121 759
1694628039342 35.73065564492216 760
1694628039376 35.66066777139574 761
1694628039413 35.59081873926753 762
1694628039444 35.52110827162782 763
1694628039479 35.45153609212127 764
1694628039527 35.3821019249459 765
1694628039576 35.31280549485192 766
1694628039622 35.24364652714063 767
1694628039672 35.17462474766335 768
1694628039730 35.10573988282023 769
1694628039782 35.03699165955926 770
1694628039830 34.968379805375065 771
1694628039873 34.89990404830787 772
1694628039912 34.83156411694237 773
1694628039961 34.763359740406635 774
1694628040012 34.695290648371085 775
1694628040048 34.62735657104729 776
1694628040095 34.559557239186965 777
1694628040139 34.491892384080835 778
1694628040175 34.42436173755759 779
1694628040212 34.356965031982796 780
1694628040263 34.289702000257776 781
1694628040295 34.2225723758186 782
1694628040329 34.155575892634936 783
1694628040360 34.08871228520905 784
1694628040398 34.021981288574686 785
1694628040438 33.95538263829601 786
1694628040471 33.88891607046654 787
1694628040513 33.82258132170812 788
1694628040544 33.75637812916978 789
1694628040575 33.69030623052678 790
1694628040608 33.62436536397943 791
1694628040643 33.55855526825215 792
1694628040680 33.49287568259235 793
1694628040715 33.4273263467694 794
1694628040749 33.36190700107357 795
1694628040782 33.29661738631497 796
1694628040830 33.23145724382258 797
1694628040866 33.166426315443104 798
1694628040910 33.10152434354 799
1694628040951 33.036751070992416 800
1694628040984 32.97210624119415 801
1694628041014 32.90758959805261 802
1694628041048 32.84320088598784 803
1694628041090 32.7789398499314 804
1694628041128 32.71480623532541 805
1694628041165 32.650799788121475 806
1694628041204 32.586920254779706 807
1694628041237 32.52316738226765 808
1694628041279 32.45954091805931 809
1694628041314 32.39604061013411 810
1694628041353 32.33266620697588 811
1694628041388 32.269417457571855 812
1694628041428 32.20629411141164 813
1694628041460 32.143295918486224 814
1694628041499 32.08042262928694 815
1694628041530 32.01767399480452 816
1694628041563 31.95504976652802 817
1694628041615 31.892549696443858 818
1694628041655 31.83017353703482 819
1694628041688 31.76792104127905 820
1694628041738 31.705791962649045 821
1694628041773 31.643786055110684 822
1694628041811 31.581903073122216 823
1694628041847 31.520142771633296 824
1694628041880 31.45850490608397 825
1694628041910 31.396989232403694 826
1694628041941 31.33559550701038 827
1694628041982 31.274323486809376 828
1694628042016 31.21317292919251 829
1694628042051 31.15214359203711 830
1694628042095 31.091235233705024 831
1694628042143 31.030447613041645 832
1694628042188 30.969780489374937 833
1694628042232 30.9092336225145 834
1694628042265 30.848806772750535 835
1694628042305 30.788499700852938 836
1694628042340 30.72831216807032 837
1694628042380 30.668243936129013 838
1694628042416 30.608294767232177 839
1694628042454 30.54846442405878 840
1694628042488 30.488752669762665 841
1694628042534 30.42915926797162 842
1694628042578 30.36968398278637 843
1694628042612 30.310326578779684 844
1694628042654 30.251086820995376 845
1694628042689 30.19196447494742 846
1694628042731 30.13295930661895 847
1694628042780 30.074071082461348 848
1694628042843 30.01529956939329 849
1694628042931 29.956644534799803 850
1694628042979 29.898105746531353 851
1694628043020 29.83968297290289 852
1694628043057 29.78137598269291 853
1694628043094 29.723184545142534 854
1694628043142 29.66510842995459 855
1694628043185 29.607147407292672 856
1694628043230 29.549301247780203 857
1694628043264 29.491569722499534 858
1694628043304 29.433952602991017 859
1694628043339 29.376449661252085 860
1694628043382 29.319060669736313 861
1694628043431 29.261785401352522 862
1694628043481 29.20462362946388 863
1694628043527 29.147575127886956 864
1694628043561 29.090639670890827 865
1694628043599 29.033817033196186 866
1694628043643 28.977106989974377 867
1694628043691 28.92050931684658 868
1694628043738 28.864023789882797 869
1694628043779 28.80765018560107 870
1694628043832 28.751388280966484 871
1694628043863 28.69523785339034 872
1694628043894 28.639198680729173 873
1694628043942 28.583270541283976 874
1694628043978 28.527453213799188 875
1694628044015 28.471746477461895 876
1694628044060 28.416150111900883 877
1694628044106 28.36066389718579 878
1694628044153 28.305287613826184 879
1694628044196 28.250021042770715 880
1694628044237 28.194863965406228 881
1694628044275 28.139816163556834 882
1694628044310 28.0848774194831 883
1694628044341 28.03004751588114 884
1694628044380 27.975326235881738 885
1694628044414 27.920713363049483 886
1694628044456 27.86620868138189 887
1694628044512 27.811811975308572 888
1694628044562 27.757523029690276 889
1694628044606 27.703341629818134 890
1694628044646 27.649267561412714 891
1694628044683 27.5953006106232 892
1694628044728 27.54144056402651 893
1694628044763 27.487687208626447 894
1694628044810 27.434040331852856 895
1694628044861 27.38049972156074 896
1694628044897 27.327065166029413 897
1694628044938 27.27373645396167 898
1694628044973 27.22051337448293 899
1694628045011 27.167395717140355 900
1694628045045 27.114383271902057 901
1694628045080 27.061475829156187 902
1694628045122 27.008673179710172 903
1694628045165 26.95597511478981 904
1694628045205 26.903381426038436 905
1694628045244 26.850891905516118 906
1694628045277 26.798506345698804 907
1694628045311 26.74622453947746 908
1694628045349 26.694046280157295 909
1694628045396 26.64197136145687 910
1694628045445 26.58999957750729 911
1694628045499 26.538130722851413 912
1694628045557 26.48636459244296 913
1694628045608 26.434700981645715 914
1694628045656 26.38313968623273 915
1694628045706 26.331680502385485 916
1694628045754 26.280323226693035 917
1694628045798 26.229067656151244 918
1694628045847 26.177913588161935 919
1694628045896 26.126860820532098 920
1694628045945 26.075909151473052 921
1694628045986 26.025058379599646 922
1694628046023 25.97430830392944 923
1694628046059 25.92365872388195 924
1694628046099 25.873109439277737 925
1694628046132 25.822660250337716 926
1694628046170 25.77231095768225 927
1694628046220 25.72206136233044 928
1694628046271 25.67191126569925 929
1694628046316 25.62186046960276 930
1694628046362 25.57190877625134 931
1694628046405 25.522055988250866 932
1694628046446 25.47230190860192 933
1694628046499 25.422646340699036 934
1694628046536 25.373089088329813 935
1694628046572 25.32362995567423 936
1694628046606 25.274268747303815 937
1694628046648 25.225005268180862 938
1694628046681 25.17583932365762 939
1694628046722 25.12677071947558 940
1694628046760 25.077799261764607 941
1694628046796 25.028924757042248 942
1694628046846 24.980147012212864 943
1694628046880 24.93146583456695 944
1694628046922 24.88288103178026 945
1694628046961 24.83439241191314 946
1694628046994 24.78599978340964 947
1694628047030 24.737702955096854 948
1694628047063 24.689501736184084 949
1694628047099 24.641395936262075 950
1694628047143 24.593385365302293 951
1694628047178 24.54546983365613 952
1694628047210 24.49764915205412 953
1694628047263 24.449923131605214 954
1694628047298 24.40229158379604 955
1694628047341 24.354754320490095 956
1694628047375 24.307311153926992 957
1694628047415 24.25996189672176 958
1694628047460 24.212706361864008 959
1694628047513 24.165544362717252 960
1694628047553 24.11847571301814 961
1694628047594 24.071500226875663 962
1694628047645 24.024617718770475 963
1694628047682 23.97782800355409 964
1694628047725 23.93113089644815 965
1694628047764 23.884526213043728 966
1694628047813 23.838013769300513 967
1694628047857 23.791593381546154 968
1694628047892 23.74526486647543 969
1694628047930 23.699028041149617 970
1694628047974 23.65288272299565 971
1694628048013 23.606828729805425 972
1694628048055 23.560865879735125 973
1694628048094 23.514993991304404 974
1694628048147 23.46921288339572 975
1694628048190 23.42352237525358 976
1694628048224 23.377922286483813 977
1694628048258 23.332412437052827 978
1694628048295 23.28699264728694 979
1694628048332 23.24166273787162 980
1694628048367 23.196422529850757 981
1694628048399 23.15127184462595 982
1694628048432 23.106210503955833 983
1694628048472 23.06123832995528 984
1694628048507 23.016355145094767 985
1694628048539 22.971560772199584 986
1694628048574 22.926855034449233 987
1694628048621 22.882237755376558 988
1694628048657 22.837708758867212 989
1694628048696 22.7932678691588 990
1694628048729 22.748914910840277 991
1694628048760 22.70464970885118 992
1694628048789 22.660472088480972 993
1694628048820 22.616381875368294 994
1694628048850 22.572378895500286 995
1694628048883 22.528462975211905 996
1694628048916 22.484633941185205 997
1694628048949 22.44089162044864 998
1694628048982 22.39723584037639 999
