1694634896428 0.0 0
1694634896662 0.0 1
1694634896906 0.0 2
1694634897113 0.0 3
1694634897350 0.0 4
1694634897591 0.0 5
1694634897812 0.0 6
1694634898027 0.0 7
1694634898244 0.0 8
1694634898463 0.0 9
1694634898699 0.0 10
1694634898932 0.0 11
1694634899145 0.0 12
1694634899374 0.0 13
1694634899614 0.0 14
1694634899819 0.0 15
1694634900071 0.0 16
1694634900268 0.0 17
1694634900507 0.0 18
1694634900709 0.0 19
1694634900914 0.0 20
1694634901110 0.0 21
1694634901313 0.0 22
1694634901517 0.0 23
1694634901711 0.0 24
1694634901910 0.0 25
1694634902104 0.0 26
1694634902305 0.0 27
1694634902545 0.0 28
1694634902770 0.0 29
1694634903000 0.0 30
1694634903224 0.0 31
1694634903463 0.0 32
1694634903666 0.0 33
1694634903882 0.0 34
1694634904104 0.0 35
1694634904335 0.0 36
1694634904565 0.0 37
1694634904799 0.0 38
1694634905035 0.0 39
