1694634896417 82.00738982272587 0
1694634896653 53.34424469745115 1
1694634896896 37.000875041880285 2
1694634897104 22.98748715328488 3
1694634897340 12.750241574252856 4
1694634897580 8.636881195883086 5
1694634897803 5.068504063617917 6
1694634898017 5.799813523358955 7
1694634898234 2.0337642120213193 8
1694634898455 2.0627812382220436 9
1694634898691 0.3274656246171457 10
1694634898924 0.6968986306280515 11
1694634899137 0.6281060812280933 12
1694634899366 0.22856447453174766 13
1694634899604 0.5451205993889592 14
1694634899811 0.3195362474676257 15
1694634900063 0.07071071806297721 16
1694634900183 0.7372233232405635 17
1694634900499 1.7289309527490824 18
1694634900700 1.1061848280259603 19
1694634900905 0.43745645111952713 20
1694634901102 0.5363411043579009 21
1694634901306 0.46445238235985387 22
1694634901511 0.07611733313600384 23
1694634901701 0.7937269641394101 24
1694634901886 0.9263014075732552 25
1694634902097 0.004012158151710212 26
1694634902296 0.7328908763000606 27
1694634902535 0.4307538789285142 28
1694634902761 0.4634730078867817 29
1694634902988 0.4643675276405049 30
1694634903215 0.09862904471075884 31
1694634903454 0.35195236508954525 32
1694634903656 1.026643733852423 33
1694634903873 0.36287747938099085 34
1694634904095 0.2563497811791991 35
1694634904326 0.7267072500287027 36
1694634904557 0.4407186794724623 37
1694634904791 0.06569437550704536 38
1694634905027 0.4579537065076449 39
