1694627838296 -0.005235863941417396 0
1694627838370 -0.005224630423768639 1
1694627838449 -0.00521247253038748 2
1694627838553 -0.005199365442680737 3
1694627838637 -0.005185283789434836 4
1694627838705 -0.0051702016357644265 5
1694627838741 -0.0051540924718671555 6
1694627838773 -0.005136929201580376 7
1694627838844 -0.00511868413073624 8
1694627838890 -0.005099328955319615 9
1694627838937 -0.005078834749414174 10
1694627838981 -0.005057171952945749 11
1694627839034 -0.00503431035921853 12
1694627839092 -0.005010219102230762 13
1694627839166 -0.004984866643783725 14
1694627839242 -0.004958220760368892 15
1694627839293 -0.00493024852983992 16
1694627839356 -0.004900916317855053 17
1694627839424 -0.004870189764107247 18
1694627839533 -0.004838033768316707 19
1694627839591 -0.004804412476002717 20
1694627839674 -0.0047692892640154305 21
1694627839764 -0.004732626725850064 22
1694627839815 -0.004694386656707961 23
1694627839863 -0.00465453003833427 24
1694627839899 -0.0046130170236104995 25
1694627839943 -0.00459492257280969 26
1694627840023 -0.00457575190544901 27
1694627840103 -0.004555476850914841 28
1694627840171 -0.004534068622045195 29
1694627840232 -0.004511497803131537 30
1694627840305 -0.004487734337718319 31
1694627840342 -0.004462747516200016 32
1694627840385 -0.004436505963225867 33
1694627840425 -0.004408977624884569 34
1694627840460 -0.004380129755696016 35
1694627840499 -0.004349928905387435 36
1694627840531 -0.004318340905463014 37
1694627840563 -0.004285330855557712 38
1694627840614 -0.004250863109584335 39
1694627840668 -0.004214901261653248 40
1694627840700 -0.004177408131794458 41
1694627840737 -0.004138345751440342 42
1694627840770 -0.004097675348702312 43
1694627840818 -0.004055357333422549 44
1694627840860 -0.0040113512820036945 45
1694627840895 -0.00396561592201361 46
1694627840941 -0.0039181091165683135 47
1694627840983 -0.0038687878484873206 48
1694627841047 -0.0038584454542132107 49
1694627841082 -0.0038470951056079894 50
1694627841113 -0.003834708532093556 51
1694627841145 -0.003821256835936593 52
1694627841184 -0.003806710480240838 53
1694627841217 -0.003791039276763719 54
1694627841252 -0.0037742123735311495 55
1694627841281 -0.0037561982422744666 56
1694627841310 -0.0037369646656781885 57
1694627841346 -0.0037164787244321484 58
1694627841379 -0.0036947067840977788 59
1694627841428 -0.0036716144817809937 60
1694627841480 -0.003647166712609673 61
1694627841530 -0.003621327616021297 62
1694627841573 -0.003594060561851853 63
1694627841618 -0.0035653281362413303 64
1694627841678 -0.0035350921273265 65
1694627841745 -0.003503313510754502 66
1694627841832 -0.0034699524349917077 67
1694627841894 -0.0034349682064422904 68
1694627841941 -0.003398319274369621 69
1694627842051 -0.0033599632156207093 70
1694627842127 -0.0033198567191610184 71
1694627842182 -0.0032779555704116614 72
1694627842226 -0.0032342146353938617 73
1694627842274 -0.00318858784468401 74
1694627842321 -0.003141028177170657 75
1694627842419 -0.003091487643636537 76
1694627842492 -0.0030399172701360833 77
1694627842555 -0.00298626708119043 78
1694627842610 -0.002930486082809436 79
1694627842661 -0.0028725222453227506 80
1694627842698 -0.002812322486020147 81
1694627842745 -0.002749832651646189 82
1694627842797 -0.0026849975006801863 83
1694627842858 -0.002617760685486248 84
1694627842921 -0.002548064734263278 85
1694627842979 -0.0024758510328488637 86
1694627843045 -0.002401059806364181 87
1694627843092 -0.002323630100695251 88
1694627843143 -0.0022434997638365317 89
1694627843181 -0.00216060542707619 90
1694627843255 -0.002074882486051699 91
1694627843318 -0.0019862650816728777 92
1694627843371 -0.0018946860809128108 93
1694627843415 -0.0018000770574830849 94
1694627843464 -0.0017023682723882327 95
1694627843515 -0.0016014886543953555 96
1694627843549 -0.0014973657803800666 97
1694627843592 -0.0013899258555944982 98
1694627843629 -0.0012790936938738007 99
1694627843665 -0.001164792697734951 100
1694627843711 -0.0010469448384557989 101
1694627843753 -0.000925470636073733 102
1694627843821 -0.0008002891393568135 103
1694627843884 -0.0006713179057631358 104
1694627843924 -0.0005384729813557865 105
1694627843961 -0.0004016688807439994 106
1694627843995 -0.0002608185670143204 107
1694627844050 -0.00011583343171461813 108
1694627844088 3.33767251515793e-05 109
1694627844131 0.00018690371505059034 110
1694627844169 0.0003448409807830233 111
1694627844215 0.0005072836162520744 112
1694627844253 0.0006743283861291305 113
1694627844308 0.0008460737453871436 114
1694627844350 0.0010226198587015567 115
1694627844387 0.0012040686196639339 116
1694627844470 0.0013905236698312784 117
1694627844527 0.001582090417550197 118
1694627844578 0.0017788760565650152 119
1694627844629 0.001980989584367543 120
1694627844716 0.002188541820247858 121
1694627844786 0.0024016454230776363 122
1694627844913 0.0026204149087349915 123
1694627845013 0.002844966667181148 124
1694627845068 0.003075418979150979 125
1694627845161 0.00331189203243476 126
1694627845239 0.0035545079376996247 127
1694627845342 0.0038033907438483894 128
1694627845396 0.004058666452866899 129
1694627845461 0.0043204630341188155 130
1694627845517 0.0045889104380831824 131
1694627845581 0.004864140609461498 132
1694627845662 0.005146287499645186 133
1694627845737 0.005435487078492729 134
1694627845799 0.005731877345384051 135
1694627845864 0.006035598339505732 136
1694627845922 0.006346792149332203 137
1694627845989 0.006665602921255731 138
1694627846050 0.006992176867320898 139
1694627846116 0.007326662272035045 140
1694627846198 0.0076692094981629655 141
1694627846252 0.008019970991529402 142
1694627846312 0.00837910128472441 143
1694627846354 0.00874675699966998 144
1694627846391 0.00912309684901802 145
1694627846427 0.009508281636328442 146
1694627846470 0.009902474254941951 147
1694627846507 0.01030583968552723 148
1694627846550 0.010718544992233126 149
1694627846588 0.011140759317389781 150
1694627846637 0.011572653874702965 151
1694627846673 0.012014401940887431 152
1694627846706 0.012466178845668585 153
1694627846753 0.012928161960105489 154
1694627846787 0.013400530683164602 155
1694627846843 0.013883466426485525 156
1694627846880 0.014377152597276677 157
1694627846939 0.014881774579272533 158
1694627846995 0.015397519711695229 159
1694627847035 0.0159245772661456 160
1694627847073 0.016463138421367707 161
1694627847127 0.01701339623581266 162
1694627847173 0.01757554561793906 163
1694627847231 0.018149783294180266 164
1694627847279 0.018736307774513183 165
1694627847329 0.019335319315554766 166
1694627847383 0.01994701988113845 167
1694627847429 0.02057161310026101 168
1694627847491 0.02120930422236811 169
1694627847576 0.02186030006993167 170
1694627847622 0.02252480898815379 171
1694627847681 0.02320304079186175 172
1694627847738 0.023895206709438677 173
1694627847802 0.02460151932371868 174
1694627847872 0.02532219250986789 175
1694627847926 0.02605744137008703 176
1694627847986 0.026807482165134733 177
1694627848054 0.027572532242603254 178
1694627848086 0.028352809961836756 179
1694627848124 0.02914853461553235 180
1694627848169 0.02995992634786604 181
1694627848212 0.030787206069152306 182
1694627848279 0.03163059536696666 183
1694627848324 0.032490316413682274 184
1694627848378 0.03336659187037716 185
1694627848417 0.03425964478707122 186
1694627848462 0.03516969849924212 187
1694627848508 0.03609697652061439 188
1694627848547 0.037041702432136114 189
1694627848589 0.03800409976716235 190
1694627848634 0.03898439189282199 191
1694627848668 0.03998280188750192 192
1694627848709 0.04099955241447961 193
1694627848757 0.042034865591675685 194
1694627848793 0.043088962857519175 195
1694627848827 0.0441620648329526 196
1694627848873 0.045254391179510356 197
1694627848916 0.04636616045360631 198
1694627848960 0.047497589956924435 199
1694627849002 0.048648895583016216 200
1694627849038 0.04982029166010715 201
1694627849075 0.05101199079017937 202
1694627849118 0.05222420368430569 203
1694627849153 0.05345713899443061 204
1694627849198 0.054711003141467485 205
1694627849234 0.0559860001400051 206
1694627849271 0.05728233141947159 207
1694627849307 0.05860019564206298 208
1694627849345 0.059939788517368475 209
1694627849377 0.061301302613883335 210
1694627849413 0.06268492716752394 211
1694627849449 0.06409084788719721 212
1694627849484 0.06551924675768517 213
1694627849525 0.06697030183986785 214
1694627849560 0.06844418706850919 215
1694627849609 0.06994107204774791 216
1694627849647 0.0714611218444946 217
1694627849700 0.07300449677984389 218
1694627849743 0.07457135221882438 219
1694627849785 0.0761618383585837 220
1694627849825 0.07777610001524904 221
1694627849864 0.07941427640973797 222
1694627849905 0.08107650095270458 223
1694627849941 0.08276290102887729 224
1694627849975 0.08447359778108554 225
1694627850017 0.08620870589417817 226
1694627850054 0.08796833337916088 227
1694627850100 0.0897525813578165 228
1694627850135 0.09156154384810689 229
1694627850170 0.09339530755067904 230
1694627850208 0.09525395163673611 231
1694627850245 0.09713754753765036 232
1694627850286 0.09904615873664202 233
1694627850333 0.10097984056280451 234
1694627850382 0.10293863998790265 235
1694627850417 0.10492259542617854 236
1694627850447 0.10693173653767174 237
1694627850487 0.1089660840352672 238
1694627850524 0.11102564949591942 239
1694627850560 0.11311043517639252 240
1694627850597 0.11522043383391511 241
1694627850633 0.11735562855203541 242
1694627850670 0.11951599257219903 243
1694627850703 0.12170148913127188 244
1694627850735 0.12391207130550175 245
1694627850769 0.1261476818611701 246
1694627850803 0.1284082531124574 247
1694627850836 0.1306937067867493 248
1694627850870 0.1330039538978196 249
1694627850919 0.135338894627258 250
1694627850968 0.1376984182144042 251
1694627851016 0.14008240285530915 252
1694627851052 0.14249071561082327 253
1694627851085 0.14492321232438476 254
1694627851120 0.14737973754963618 255
1694627851148 0.1498601244882719 256
1694627851181 0.1523641949384127 257
1694627851218 0.15489175925369536 258
1694627851248 0.15744261631350098 259
1694627851285 0.1600165535044168 260
1694627851319 0.16261334671326078 261
1694627851348 0.16523276033185053 262
1694627851384 0.16787454727374707 263
1694627851420 0.1705384490030667 264
1694627851452 0.17322419557566626 265
1694627851488 0.17593150569269567 266
1694627851527 0.1786600867667184 267
1694627851578 0.18140963500047003 268
1694627851620 0.18417983547832373 269
1694627851659 0.18697036227051844 270
1694627851742 0.1897808785501638 271
1694627851791 0.19261103672302782 272
1694627851828 0.19546047857007476 273
1694627851872 0.19832883540270496 274
1694627851908 0.20121572823061096 275
1694627851951 0.20412076794217693 276
1694627851991 0.207043555497199 277
1694627852024 0.20998368213193863 278
1694627852060 0.21294072957612564 279
1694627852099 0.21591427028183874 280
1694627852130 0.2189038676640378 281
1694627852165 0.2219090763523336 282
1694627852200 0.22492944245392554 283
1694627852237 0.2279645038272181 284
1694627852272 0.2310137903658983 285
1694627852308 0.2340768242930258 286
1694627852356 0.23715312046482762 287
1694627852413 0.24024218668380826 288
1694627852464 0.24334352402061776 289
1694627852517 0.24645662714443473 290
1694627852613 0.24958098466122958 291
1694627852677 0.25271607945953056 292
1694627852728 0.2558613890631466 293
1694627852769 0.25901638599037546 294
1694627852810 0.2621805381191128 295
1694627852845 0.26535330905737 296
1694627852896 0.2685341585186777 297
1694627852956 0.2717225427016997 298
1694627853023 0.2749179146736046 299
1694627853061 0.2781197247565821 300
1694627853100 0.2813274209168988 301
1694627853140 0.2845404491559007 302
1694627853178 0.28775825390242826 303
1694627853227 0.29098027840598173 304
1694627853261 0.2942059651301244 305
1694627853300 0.2974347561454398 306
1694627853345 0.30066609352156104 307
1694627853388 0.30389941971756773 308
1694627853426 0.30713417797032894 309
1694627853463 0.3103698126800808 310
1694627853496 0.3136057697927672 311
1694627853541 0.31684149717856513 312
1694627853576 0.3200764450060627 313
1694627853618 0.3233100661115905 314
1694627853657 0.3265418163631133 315
1694627853707 0.3297711550183532 316
1694627853755 0.33299754507644963 317
1694627853799 0.3362204536229084 318
1694627853851 0.33943935216726484 319
1694627853893 0.34265371697304414 320
1694627853932 0.34586302937972013 321
1694627853968 0.349066776116173 322
1694627854014 0.3522644496053492 323
1694627854049 0.355455548259778 324
1694627854084 0.3586395767676225 325
1694627854126 0.36181604636897147 326
1694627854159 0.36498447512213505 327
1694627854192 0.3681443881596156 328
1694627854225 0.37129531793366055 329
1694627854266 0.3744368044510993 330
1694627854301 0.3775683954972887 331
1694627854335 0.3806896468491191 332
1694627854369 0.38380012247685014 333
1694627854405 0.38689939473468704 334
1694627854443 0.3899870445401039 335
1694627854476 0.39306266154174907 336
1694627854519 0.39612584427598585 337
1694627854559 0.3991762003119681 338
1694627854594 0.40221334638537953 339
1694627854630 0.4052369085207561 340
1694627854663 0.40824652214250945 341
1694627854694 0.41124183217469923 342
1694627854734 0.4142224931296572 343
1694627854776 0.4171881691855599 344
1694627854809 0.42013853425308967 345
1694627854843 0.4230732720313405 346
1694627854875 0.425992076053059 347
1694627854909 0.4288946497195386 348
1694627854946 0.43178070632517074 349
1694627854979 0.4346499690720367 350
1694627855015 0.43750217107463163 351
1694627855047 0.44033705535500267 352
1694627855079 0.44315437482855113 353
1694627855115 0.44595389228068083 354
1694627855153 0.4487353803346592 355
1694627855188 0.45149862141085695 356
1694627855234 0.4542434076776952 357
1694627855270 0.4569695409945641 358
1694627855305 0.45967683284700755 359
1694627855344 0.46236510427445865 360
1694627855381 0.4650341857908187 361
1694627855415 0.4676839172981986 362
1694627855453 0.47031414799407034 363
1694627855491 0.47292473627222675 364
1694627855531 0.47551554961774256 365
1694627855561 0.4780864644963366 366
1694627855592 0.48063736623834374 367
1694627855634 0.48316814891772053 368
1694627855663 0.48567871522625417 369
1694627855693 0.48816897634336587 370
1694627855728 0.4906388518017787 371
1694627855759 0.4930882693493306 372
1694627855791 0.49551716480721963 373
1694627855819 0.49792548192498454 374
1694627855853 0.5003131722325023 375
1694627855881 0.5026801948892523 376
1694627855915 0.5050265165311284 377
1694627855957 0.5073521111150775 378
1694627855994 0.5096569597618006 379
1694627856030 0.5119410505967756 380
1694627856062 0.5142043785898482 381
1694627856098 0.5164469453936279 382
1694627856142 0.518668759180915 383
1694627856179 0.5208698344813848 384
1694627856223 0.523050192017747 385
1694627856263 0.5252098585415832 386
1694627856297 0.5273488666690682 387
1694627856337 0.5294672547167734 388
1694627856378 0.5315650665377067 389
1694627856419 0.5336423513578235 390
1694627856463 0.5356991636131229 391
1694627856501 0.5377355627875231 392
1694627856535 0.5397516132516664 393
1694627856567 0.5417473841027726 394
1694627856599 0.5437229490057458 395
1694627856637 0.5456783860355888 396
1694627856674 0.5476137775213035 397
1694627856707 0.5495292098913738 398
1694627856746 0.5514247735209441 399
1694627856778 0.5533005625808001 400
1694627856809 0.5551566748882423 401
1694627856845 0.5569932117599486 402
1694627856878 0.5588102778669033 403
1694627856908 0.5606079810914713 404
1694627856948 0.5623864323866887 405
1694627856983 0.5641457456378358 406
1694627857028 0.5658860375263444 407
1694627857062 0.5676074273960977 408
1694627857096 0.5693100371221675 409
1694627857136 0.5709939909820302 410
1694627857175 0.572659415529303 411
1694627857215 0.5743064394700239 412
1694627857261 0.575935193541502 413
1694627857306 0.5775458103937767 414
1694627857347 0.5791384244736772 415
1694627857394 0.5807131719115168 416
1694627857427 0.5822701904104257 417
1694627857459 0.5838096191383187 418
1694627857500 0.5853315986225148 419
1694627857538 0.5868362706470007 420
1694627857576 0.5883237781523121 421
1694627857609 0.5897942651380788 422
1694627857643 0.5912478765681577 423
1694627857676 0.5926847582783908 424
1694627857710 0.5941050568869346 425
1694627857749 0.5955089197071651 426
1694627857782 0.5968964946631412 427
1694627857815 0.5982679302075777 428
1694627857854 0.5996233752423201 429
1694627857892 0.6009629790412931 430
1694627857936 0.6022868911758898 431
1694627857971 0.6035952614427792 432
1694627858006 0.6048882397940676 433
1694627858046 0.6061659762698421 434
1694627858079 0.6074286209329935 435
1694627858116 0.6086763238063283 436
1694627858155 0.6099092348119128 437
1694627858194 0.6111275037126251 438
1694627858227 0.6123312800558454 439
1694627858260 0.6135207131192978 440
1694627858298 0.6146959518589517 441
1694627858335 0.6158571448589696 442
1694627858375 0.6170044402836563 443
1694627858411 0.6181379858313655 444
1694627858457 0.619257928690321 445
1694627858495 0.6203644154963248 446
1694627858537 0.621457592292268 447
1694627858577 0.6225376044894708 448
1694627858613 0.6236045968307549 449
1694627858649 0.6246587133552065 450
1694627858685 0.6257000973646357 451
1694627858719 0.6267288913916429 452
1694627858761 0.6277452371692613 453
1694627858795 0.6287492756021575 454
1694627858829 0.6297411467393217 455
1694627858863 0.6307209897482198 456
1694627858895 0.631688942890366 457
1694627858928 0.632645143498276 458
1694627858972 0.6335897279537607 459
1694627859019 0.6345228316675252 460
1694627859071 0.6354445890600207 461
1694627859112 0.6363551335435381 462
1694627859160 0.6372545975054735 463
1694627859200 0.6381431122927643 464
1694627859238 0.6390208081974271 465
1694627859276 0.6398878144431741 466
1694627859308 0.6407442591730946 467
1694627859350 0.6415902694383189 468
1694627859388 0.6424259711876874 469
1694627859422 0.6432514892583469 470
1694627859455 0.6440669473672602 471
1694627859490 0.644872468103608 472
1694627859527 0.6456681729220249 473
1694627859574 0.6464541821366667 474
1694627859611 0.6472306149160569 475
1694627859650 0.6479975892787007 476
1694627859686 0.648755222089427 477
1694627859721 0.649503629056434 478
1694627859760 0.6502429247290124 479
1694627859804 0.6509732224959206 480
1694627859850 0.6516946345843798 481
1694627859893 0.6524072720596763 482
1694627859930 0.6531112448253253 483
1694627859963 0.6538066616237967 484
1694627860003 0.6544936300377695 485
1694627860051 0.6551722564918797 486
1694627860091 0.6558426462549672 487
1694627860128 0.6565049034427636 488
1694627860168 0.6571591310210425 489
1694627860206 0.6578054308091752 490
1694627860253 0.6584439034840924 491
1694627860286 0.6590746485846292 492
1694627860323 0.6596977645162294 493
1694627860360 0.6603133485559998 494
1694627860394 0.6609214968580857 495
1694627860428 0.6615223044593705 496
1694627860472 0.6621158652854491 497
1694627860512 0.6627022721569021 498
1694627860548 0.66328161679582 499
1694627860583 0.6638539898325833 500
1694627860620 0.6644194808128681 501
1694627860662 0.664978178204883 502
1694627860694 0.6655301694068109 503
1694627860727 0.6660755407544374 504
1694627860759 0.6666143775289655 505
1694627860791 0.667146763965007 506
1694627860823 0.6676727832587239 507
1694627860859 0.6681925175761152 508
1694627860893 0.6687060480614476 509
1694627860930 0.6692134548458052 510
1694627860968 0.6697148170557575 511
1694627860997 0.6702102128221356 512
1694627861030 0.6706997192889014 513
1694627861067 0.6711834126221015 514
1694627861106 0.6716613680189107 515
1694627861151 0.6721336597167367 516
1694627861185 0.6726003610023918 517
1694627861215 0.6730615442213181 518
1694627861254 0.6735172807868619 519
1694627861289 0.6739676411895896 520
1694627861324 0.674412695006634 521
1694627861368 0.6748525109110739 522
1694627861401 0.6752871566813301 523
1694627861434 0.6757166992105803 524
1694627861474 0.6761412045161824 525
1694627861508 0.6765607377491023 526
1694627861541 0.6769753632033415 527
1694627861575 0.6773851443253585 528
1694627861609 0.6777901437234823 529
1694627861660 0.6781904231773068 530
1694627861701 0.6785860436470674 531
1694627861738 0.6789770652830005 532
1694627861775 0.6793635474346659 533
1694627861809 0.6797455486602443 534
1694627861845 0.6801231267358048 535
1694627861885 0.6804963386645214 536
1694627861915 0.6808652406858626 537
1694627861947 0.6812298882847344 538
1694627861978 0.6815903362005651 539
1694627862012 0.6819466384363613 540
1694627862045 0.6822988482676935 541
1694627862076 0.6826470182516382 542
1694627862113 0.6829912002356595 543
1694627862147 0.6833314453664392 544
1694627862186 0.6836678040986306 545
1694627862223 0.6840003262035705 546
1694627862264 0.6843290607779118 547
1694627862304 0.6846540562522014 548
1694627862358 0.684975360399378 549
1694627862395 0.6852930203432197 550
1694627862434 0.6856070825667023 551
1694627862484 0.6859175929203039 552
1694627862520 0.686224596630225 553
1694627862568 0.6865281383065444 554
1694627862601 0.6868282619512934 555
1694627862638 0.687125010966465 556
1694627862675 0.6874184281619375 557
1694627862709 0.6877085557633298 558
1694627862750 0.6879954354197753 559
1694627862781 0.6882791082116217 560
1694627862812 0.6885596146580526 561
1694627862849 0.6888369947246273 562
1694627862889 0.6891112878307497 563
1694627862927 0.689382532857052 564
1694627862975 0.6896507681527005 565
1694627863018 0.6899160315426287 566
1694627863054 0.6901783603346785 567
1694627863093 0.6904377913266792 568
1694627863130 0.6906943608134316 569
1694627863164 0.6909481045936234 570
1694627863195 0.6911990579766614 571
1694627863225 0.6914472557894229 572
1694627863259 0.6916927323829343 573
1694627863293 0.6919355216389644 574
1694627863329 0.6921756569765474 575
1694627863369 0.6924131713584153 576
1694627863404 0.692648097297367 577
1694627863443 0.6928804668625507 578
1694627863482 0.6931103116856724 579
1694627863521 0.6933376629671255 580
1694627863559 0.6935625514820466 581
1694627863596 0.6937850075862944 582
1694627863638 0.6940050612223525 583
1694627863682 0.6942227419251576 584
1694627863714 0.6944380788278548 585
1694627863751 0.694651100667476 586
1694627863798 0.6948618357905469 587
1694627863830 0.6950703121586207 588
1694627863867 0.695276557353739 589
1694627863908 0.6954805985838206 590
1694627863942 0.6956824626879812 591
1694627863984 0.6958821761417779 592
1694627864016 0.6960797650623893 593
1694627864051 0.6962752552137252 594
1694627864083 0.6964686720114583 595
1694627864127 0.6966600405280048 596
1694627864177 0.6968493854974207 597
1694627864211 0.6970367313202422 598
1694627864248 0.6972221020682545 599
1694627864284 0.6974055214891964 600
1694627864315 0.6975870130114046 601
1694627864349 0.6977665997483813 602
1694627864392 0.6979443045033136 603
1694627864429 0.6981201497735197 604
1694627864468 0.6982941577548347 605
1694627864528 0.6984663503459414 606
1694627864587 0.6986367491526271 607
1694627864626 0.6988053754919938 608
1694627864656 0.6989722503966034 609
1694627864693 0.699137394618558 610
1694627864728 0.6993008286335356 611
1694627864786 0.6994625726447545 612
1694627864819 0.6996226465868911 613
1694627864855 0.6997810701299343 614
1694627864891 0.6999378626829917 615
1694627864925 0.700093043398031 616
1694627865154 0.7002466311735817 617
1694627865186 0.7003986446583668 618
1694627865226 0.7005491022548962 619
1694627865261 0.7006980221229984 620
1694627865302 0.7008454221833053 621
1694627865338 0.7009913201206863 622
1694627865370 0.7011357333876291 623
1694627865413 0.7012786792075754 624
1694627865444 0.7014201745782033 625
1694627865476 0.701560236274667 626
1694627865509 0.7016988808527806 627
1694627865544 0.7018361246521643 628
1694627865575 0.7019719837993406 629
1694627865608 0.7021064742107817 630
1694627865642 0.7022396115959133 631
1694627865678 0.7023714114600814 632
1694627865721 0.7025018891074631 633
1694627865760 0.7026310596439433 634
1694627865798 0.702758937979945 635
1694627865839 0.7028855388332159 636
1694627865875 0.7030108767315808 637
1694627865909 0.7031349660156427 638
1694627865949 0.7032578208414543 639
1694627865985 0.7033794551831405 640
1694627866024 0.7034998828354873 641
1694627866061 0.7036191174164932 642
1694627866105 0.7037371723698748 643
1694627866142 0.7038540609675437 644
1694627866178 0.7039697963120426 645
1694627866219 0.7040843913389425 646
1694627866259 0.7041978588192129 647
1694627866301 0.7043102113615403 648
1694627866343 0.7044214614146318 649
1694627866382 0.7045316212694679 650
1694627866418 0.7046407030615316 651
1694627866458 0.7047487187729975 652
1694627866507 0.7048556802348942 653
1694627866549 0.7049615991292271 654
1694627866586 0.7050664869910769 655
1694627866627 0.7051703552106618 656
1694627866668 0.7052732150353681 657
1694627866704 0.7053750775717541 658
1694627866758 0.7054759537875224 659
1694627866819 0.70557585451346 660
1694627866860 0.7056747904453545 661
1694627866911 0.7057727721458726 662
1694627866946 0.7058698100464244 663
1694627866981 0.7059659144489838 664
1694627867020 0.7060610955278956 665
1694627867058 0.7061553633316424 666
1694627867094 0.7062487277845986 667
1694627867131 0.7063411986887459 668
1694627867168 0.7064327857253733 669
1694627867212 0.7065234984567395 670
1694627867250 0.7066133463277253 671
1694627867283 0.706702338667448 672
1694627867325 0.7067904846908603 673
1694627867358 0.7068777935003201 674
1694627867401 0.7069642740871371 675
1694627867438 0.7070499353331028 676
1694627867478 0.7071347860119879 677
1694627867527 0.7072188347910241 678
1694627867571 0.707302090232361 679
1694627867611 0.7073845607945028 680
1694627867657 0.7074662548337207 681
1694627867698 0.7075471806054476 682
1694627867735 0.7076273462656508 683
1694627867774 0.7077067598721813 684
1694627867812 0.70778542938611 685
1694627867846 0.7078633626730348 686
1694627867879 0.7079405675043758 687
1694627867923 0.7080170515586472 688
1694627867960 0.7080928224227141 689
1694627867996 0.7081678875930244 690
1694627868029 0.708242254476827 691
1694627868063 0.7083159303933746 692
1694627868106 0.7083889225750984 693
1694627868142 0.7084612381687778 694
1694627868175 0.7085328842366849 695
1694627868211 0.7086038677577127 696
1694627868252 0.708674195628491 697
1694627868297 0.7087438746644805 698
1694627868337 0.7088129116010536 699
1694627868374 0.7088813130945615 700
1694627868411 0.7089490857233769 701
1694627868445 0.7090162359889347 702
1694627868476 0.7090827703167439 703
1694627868539 0.7091486950573949 704
1694627868584 0.7092140164875451 705
1694627868629 0.7092787408108949 706
1694627868671 0.7093428741591452 707
1694627868724 0.7094064225929458 708
1694627868775 0.7094693921028234 709
1694627868816 0.7095317886101034 710
1694627868851 0.7095936179678122 711
1694627868889 0.7096548859615708 712
1694627868929 0.709715598310472 713
1694627868961 0.7097757606679458 714
1694627868996 0.7098353786226134 715
1694627869031 0.709894457699128 716
1694627869069 0.7099530033590039 717
1694627869103 0.7100110210014329 718
1694627869138 0.7100685159640872 719
1694627869172 0.7101254935239152 720
1694627869210 0.7101819588979225 721
1694627869245 0.7102379172439429 722
1694627869318 0.7102933736613944 723
1694627869362 0.710348333192033 724
1694627869395 0.7104028008206865 725
1694627869434 0.7104567814759835 726
1694627869477 0.7105102800310684 727
1694627869527 0.7105633013043102 728
1694627869566 0.7106158500599968 729
1694627869604 0.7106679310090223 730
1694627869644 0.7107195488095635 731
1694627869687 0.7107707080677464 732
1694627869727 0.7108214133383064 733
1694627869761 0.710871669125231 734
1694627869791 0.7109214798824048 735
1694627869827 0.7109708500142354 736
1694627869864 0.7110197838762763 737
1694627869898 0.7110682857758382 738
1694627869928 0.7111163599725928 739
1694627869960 0.7111640106791688 740
1694627870000 0.7112112420617367 741
1694627870039 0.7112580582405894 742
1694627870080 0.7113044632907122 743
1694627870120 0.711350461242343 744
1694627870157 0.7113960560815304 745
1694627870193 0.7114412517506774 746
1694627870227 0.7114860521490814 747
1694627870262 0.711530461133467 748
1694627870296 0.7115744825185077 749
1694627870329 0.711618120077347 750
1694627870367 0.7116613775421032 751
1694627870406 0.711704258604376 752
1694627870443 0.7117467669157398 753
1694627870481 0.7117889060882345 754
1694627870513 0.7118306796948481 755
1694627870546 0.711872091269987 756
1694627870585 0.7119131443099529 757
1694627870622 0.7119538422733998 758
1694627870657 0.7119941885817911 759
1694627870703 0.7120341866198509 760
1694627870757 0.7120738397360082 761
1694627870804 0.7121131512428316 762
1694627870859 0.7121521244174662 763
1694627870923 0.7121907625020545 764
1694627870975 0.7122290687041581 765
1694627871028 0.7122670461971734 766
1694627871093 0.71230469812074 767
1694627871171 0.7123420275811433 768
1694627871217 0.712379037651712 769
1694627871256 0.7124157313732125 770
1694627871292 0.7124521117542347 771
1694627871352 0.7124881817715729 772
1694627871389 0.7125239443706068 773
1694627871429 0.712559402465667 774
1694627871462 0.7125945589404087 775
1694627871510 0.7126294166481681 776
1694627871543 0.7126639784123241 777
1694627871577 0.7126982470266454 778
1694627871612 0.7127322252556453 779
1694627871647 0.712765915834916 780
1694627871681 0.7127993214714757 781
1694627871715 0.7128324448440968 782
1694627871751 0.7128652886036397 783
1694627871788 0.7128978553733734 784
1694627871834 0.7129301477493014 785
1694627871871 0.7129621683004752 786
1694627871909 0.7129939195693086 787
1694627871959 0.7130254040718857 788
1694627872009 0.713056624298265 789
1694627872045 0.7130875827127816 790
1694627872095 0.7131182817543413 791
1694627872147 0.7131487238367153 792
1694627872185 0.7131789113488292 793
1694627872232 0.7132088466550472 794
1694627872271 0.713238532095454 795
1694627872314 0.7132679699861324 796
1694627872360 0.7132971626194389 797
1694627872401 0.7133261122642742 798
1694627872453 0.7133548211663472 799
1694627872511 0.7133832915484444 800
1694627872569 0.7134115256106859 801
1694627872607 0.713439525530785 802
1694627872683 0.713467293464301 803
1694627872736 0.713494831544889 804
1694627872804 0.7135221418845501 805
1694627872850 0.713549226573873 806
1694627872911 0.7135760876822745 807
1694627872951 0.7136027272582423 808
1694627872987 0.713629147329565 809
1694627873038 0.7136553499035669 810
1694627873095 0.7136813369673362 811
1694627873182 0.7137071104879504 812
1694627873274 0.7137326724127044 813
1694627873348 0.7137580246693245 814
1694627873406 0.7137831691661919 815
1694627873447 0.7138081077925529 816
1694627873501 0.7138328424187361 817
1694627873536 0.7138573748963594 818
1694627873580 0.7138817070585391 819
1694627873628 0.7139058407200922 820
1694627873680 0.7139297776777398 821
1694627873722 0.7139535197103065 822
1694627873760 0.7139770685789186 823
1694627873797 0.7140004260271968 824
1694627873945 0.7140235937814499 825
1694627873984 0.7140465735508652 826
1694627874025 0.7140693670276927 827
1694627874068 0.7140919758874371 828
1694627874125 0.7141144017890327 829
1694627874165 0.7141366463750314 830
1694627874197 0.7141587112717747 831
1694627874230 0.7141805980895751 832
1694627874264 0.7142023084228888 833
1694627874300 0.7142238438504886 834
1694627874340 0.7142452059356308 835
1694627874377 0.7142663962262271 836
1694627874418 0.7142874162550092 837
1694627874450 0.714308267539689 838
1694627874488 0.7143289515831277 839
1694627874527 0.7143494698734913 840
1694627874565 0.7143698238844092 841
1694627874602 0.714390015075129 842
1694627874634 0.7144100448906741 843
1694627874674 0.7144299147619959 844
1694627874708 0.7144496261061196 845
1694627874753 0.7144691803263006 846
1694627874795 0.7144885788121638 847
1694627874851 0.7145078229398543 848
1694627874908 0.7145269140721796 849
1694627874948 0.7145458535587521 850
1694627874981 0.7145646427361261 851
1694627875015 0.7145832829279408 852
1694627875074 0.7146017754450544 853
1694627875147 0.7146201215856804 854
1694627875184 0.7146383226355215 855
1694627875213 0.7146563798679018 856
1694627875260 0.7146742945438946 857
1694627875304 0.7146920679124564 858
1694627875339 0.7147097012105512 859
1694627875375 0.7147271956632775 860
1694627875411 0.7147445524839913 861
1694627875452 0.7147617728744343 862
1694627875493 0.714778858024848 863
1694627875528 0.7147958091140998 864
1694627875563 0.7148126273098006 865
1694627875596 0.7148293137684216 866
1694627875629 0.7148458696354101 867
1694627875664 0.7148622960453054 868
1694627875699 0.7148785941218523 869
1694627875751 0.7148947649781123 870
1694627875786 0.7149108097165771 871
1694627875820 0.7149267294292734 872
1694627875869 0.7149425251978755 873
1694627875909 0.7149581980938124 874
1694627875949 0.7149737491783699 875
1694627875978 0.7149891795028014 876
1694627876011 0.7150044901084245 877
1694627876047 0.7150196820267283 878
1694627876091 0.7150347562794732 879
1694627876130 0.715049713878791 880
1694627876166 0.7150645558272832 881
1694627876202 0.7150792831181192 882
1694627876237 0.7150938967351329 883
1694627876284 0.7151083976529191 884
1694627876328 0.7151227868369276 885
1694627876379 0.715137065243554 886
1694627876417 0.7151512338202364 887
1694627876468 0.715165293505544 888
1694627876508 0.7151792452292701 889
1694627876554 0.7151930899125167 890
1694627876599 0.7152068284677882 891
1694627876633 0.7152204617990743 892
1694627876670 0.7152339908019405 893
1694627876712 0.7152474163636093 894
1694627876761 0.7152607393630477 895
1694627876803 0.715273960671049 896
1694627876844 0.7152870811503182 897
1694627876888 0.7153001016555489 898
1694627876921 0.7153130230335086 899
1694627876954 0.7153258461231151 900
1694627876996 0.7153385717555192 901
1694627877047 0.7153512007541796 902
1694627877087 0.7153637339349403 903
1694627877126 0.7153761721061118 904
1694627877161 0.7153885160685396 905
1694627877200 0.7154007666156823 906
1694627877236 0.7154129245336884 907
1694627877271 0.715424990601464 908
1694627877309 0.7154369655907489 909
1694627877345 0.7154488502661864 910
1694627877381 0.7154606453853953 911
1694627877416 0.715472351699038 912
1694627877459 0.7154839699508946 913
1694627877510 0.7154955008779226 914
1694627877542 0.7155069452103344 915
1694627877586 0.7155183036716564 916
1694627877626 0.7155295769788009 917
1694627877672 0.715540765842128 918
1694627877713 0.7155518709655118 919
1694627877757 0.7155628930464073 920
1694627877790 0.715573832775906 921
1694627877828 0.7155846908388095 922
1694627877871 0.7155954679136821 923
1694627877911 0.7156061646729175 924
1694627877959 0.7156167817827983 925
1694627877995 0.7156273199035561 926
1694627878034 0.7156377796894304 927
1694627878069 0.7156481617887278 928
1694627878112 0.7156584668438815 929
1694627878153 0.7156686954915075 930
1694627878194 0.715678848362461 931
1694627878237 0.7156889260818947 932
1694627878278 0.7156989292693139 933
1694627878334 0.7157088585386306 934
1694627878389 0.7157187144982187 935
1694627878426 0.7157284977509715 936
1694627878461 0.715738208894346 937
1694627878505 0.7157478485204269 938
1694627878553 0.7157574172159715 939
1694627878605 0.7157669155624653 940
1694627878638 0.7157763441361691 941
1694627878686 0.715785703508176 942
1694627878723 0.7157949942444548 943
1694627878771 0.715804216905904 944
1694627878823 0.7158133720484001 945
1694627878875 0.7158224602228451 946
1694627878922 0.7158314819752161 947
1694627878957 0.7158404378466114 948
1694627879007 0.7158493283732985 949
1694627879044 0.715858154086761 950
1694627879084 0.7158669155137452 951
1694627879123 0.7158756131763016 952
1694627879169 0.7158842475918368 953
1694627879217 0.7158928192731528 954
1694627879272 0.7159013287284937 955
1694627879319 0.7159097764615895 956
1694627879366 0.715918162971698 957
1694627879413 0.7159264887536488 958
1694627879455 0.7159347542978853 959
1694627879502 0.7159429600905087 960
1694627879536 0.7159511066133145 961
1694627879570 0.7159591943438399 962
1694627879610 0.7159672237553993 963
1694627879661 0.7159751953171287 964
1694627879695 0.7159831094940224 965
1694627879759 0.7159909667469748 966
1694627879809 0.7159987675328165 967
1694627879879 0.7160065123043586 968
1694627879939 0.7160142015104225 969
1694627879974 0.7160218355958861 970
1694627880029 0.7160294150017159 971
1694627880094 0.7160369401650084 972
1694627880169 0.716044411519021 973
1694627880224 0.7160518294932143 974
1694627880268 0.7160591945132834 975
1694627880316 0.7160665070011979 976
1694627880375 0.7160737673752338 977
1694627880415 0.7160809760500082 978
1694627880448 0.7160881334365194 979
1694627880486 0.7160952399421716 980
1694627880532 0.7161022959708161 981
1694627880575 0.7161093019227849 982
1694627880612 0.7161162581949175 983
1694627880658 0.7161231651806018 984
1694627880709 0.7161300232698 985
1694627880762 0.716136832849084 986
1694627880823 0.7161435943016685 987
1694627880864 0.716150308007437 988
1694627880905 0.7161569743429819 989
1694627880946 0.7161635936816255 990
1694627880986 0.7161701663934584 991
1694627881018 0.716176692845364 992
1694627881054 0.7161831734010546 993
1694627881087 0.7161896084210944 994
1694627881119 0.7161959982629342 995
1694627881153 0.716202343280937 996
1694627881188 0.7162086438264101 997
1694627881219 0.7162149002476292 998
1694627881265 0.716221112889871 999
