1694625452863 0.0 0
1694625453113 0.0 1
1694625453339 0.0 2
1694625453668 0.0 3
1694625453988 0.0 4
1694625454306 0.0 5
1694625454535 0.0 6
1694625454780 0.0 7
1694625455024 0.0 8
1694625455249 0.0 9
1694625455470 0.0 10
1694625455709 0.0 11
1694625455940 0.0 12
1694625456160 0.0 13
1694625456430 0.0 14
1694625456654 0.0 15
1694625456907 0.0 16
1694625457149 0.0 17
1694625457415 0.0 18
1694625457665 0.0 19
1694625457918 0.0 20
1694625458139 0.0 21
1694625458349 0.0 22
1694625458611 0.0 23
1694625458849 0.0 24
1694625459087 0.0 25
1694625459310 0.0 26
1694625459533 0.0 27
1694625459772 0.0 28
1694625460019 0.0 29
1694625460235 0.0 30
1694625460499 0.0 31
1694625460759 0.0 32
1694625460986 0.0 33
1694625461229 0.0 34
1694625461470 0.0 35
1694625461700 0.0 36
1694625461925 0.0 37
1694625462158 0.0 38
1694625462411 0.0 39
1694625462641 0.0 40
1694625462862 0.0 41
1694625463112 0.0 42
1694625463322 0.0 43
1694625463589 0.0 44
1694625463807 0.0 45
1694625464046 0.0 46
1694625464303 0.0 47
1694625464536 0.0 48
1694625464774 0.0 49
1694625465037 0.0 50
1694625465307 0.0 51
1694625465577 0.0 52
1694625465828 0.0 53
1694625466080 0.0 54
1694625466353 0.0 55
1694625466667 0.0 56
1694625466935 0.0 57
1694625467169 0.0 58
1694625467456 0.0 59
1694625467706 0.0 60
1694625467941 0.0 61
1694625468173 0.0 62
1694625468454 0.0 63
1694625468695 0.0 64
1694625468922 0.0 65
1694625469151 0.0 66
1694625469403 0.0 67
1694625469661 0.0 68
1694625469890 0.0 69
1694625470114 0.0 70
1694625470385 0.0 71
1694625470636 0.0 72
1694625470894 0.0 73
1694625471155 0.0 74
1694625471390 0.0 75
1694625471610 0.0 76
1694625471845 0.0 77
1694625472059 0.0 78
1694625472311 0.0 79
1694625472564 0.0 80
1694625472795 0.0 81
1694625473002 0.0 82
1694625473210 0.0 83
1694625473444 0.0 84
1694625473663 0.0 85
1694625473900 0.0 86
1694625474116 0.0 87
1694625474351 0.0 88
1694625474599 0.0 89
1694625474862 0.0 90
1694625475113 0.0 91
1694625475348 0.0 92
1694625475579 0.0 93
1694625475811 0.0 94
1694625476057 0.0 95
1694625476308 0.0 96
1694625476542 0.0 97
1694625476789 0.0 98
1694625477027 0.0 99
1694625477271 0.0 100
1694625477493 0.0 101
1694625477732 0.0 102
1694625477974 0.0 103
1694625478201 0.0 104
1694625478474 0.0 105
1694625478734 0.0 106
1694625478960 0.0 107
1694625479213 0.0 108
1694625479451 0.0 109
1694625479678 0.0 110
1694625479914 0.0 111
1694625480152 0.0 112
1694625480394 0.0 113
1694625480633 0.0 114
1694625480871 0.0 115
1694625481103 0.0 116
1694625481344 0.0 117
1694625481593 0.0 118
1694625481837 0.0 119
1694625482081 0.0 120
1694625482324 0.0 121
1694625482559 0.0 122
1694625482805 0.0 123
1694625483067 0.0 124
1694625483309 0.0 125
1694625483536 0.0 126
1694625483769 0.0 127
1694625484000 0.0 128
1694625484220 0.0 129
1694625484468 0.0 130
1694625484708 0.0 131
1694625484972 0.0 132
1694625485209 0.0 133
1694625485525 0.0 134
1694625485763 0.0 135
1694625485990 0.0 136
1694625486242 0.0 137
1694625486462 0.0 138
1694625486688 0.0 139
1694625486910 0.0 140
1694625487138 0.0 141
1694625487378 0.0 142
1694625487616 0.0 143
1694625487849 0.0 144
1694625488058 0.0 145
1694625488301 0.0 146
1694625488534 0.0 147
1694625488768 0.0 148
1694625489020 0.0 149
1694625489242 0.0 150
1694625489478 0.0 151
1694625489724 0.0 152
1694625489957 0.0 153
1694625490182 0.0 154
1694625490406 0.0 155
1694625490639 0.0 156
1694625490882 0.0 157
1694625491161 0.0 158
1694625491409 0.0 159
1694625491653 0.0 160
1694625491876 0.0 161
1694625492091 0.0 162
1694625492337 0.0 163
1694625492577 0.0 164
1694625492844 0.0 165
1694625493067 0.0 166
1694625493297 0.0 167
1694625493539 0.0 168
1694625493752 0.0 169
1694625493958 0.0 170
1694625494196 0.0 171
1694625494433 0.0 172
1694625494668 0.0 173
1694625494895 0.0 174
1694625495146 0.0 175
1694625495374 0.0 176
1694625495661 0.0 177
1694625495890 0.0 178
1694625496140 0.0 179
1694625496377 0.0 180
1694625496624 0.0 181
1694625496852 0.0 182
1694625497079 0.0 183
1694625497332 0.0 184
1694625497600 0.0 185
1694625497866 0.0 186
1694625498091 0.0 187
1694625498329 0.0 188
1694625498573 0.0 189
1694625498787 0.0 190
1694625499042 0.0 191
1694625499294 0.0 192
1694625499517 0.0 193
1694625499747 0.0 194
1694625499975 0.0 195
1694625500193 0.0 196
1694625500426 0.0 197
1694625500635 0.0 198
1694625500868 0.0 199
1694625501095 0.0 200
1694625501327 0.0 201
1694625501566 0.0 202
1694625501788 0.0 203
1694625502019 0.0 204
1694625502281 0.0 205
1694625502567 0.0 206
1694625502813 0.0 207
1694625503071 0.0 208
1694625503317 0.0 209
1694625503538 0.0 210
1694625503733 0.0 211
1694625504001 0.0 212
1694625504224 0.0 213
1694625504435 0.0 214
1694625504634 0.0 215
1694625504844 0.0 216
1694625505075 0.0 217
1694625505288 0.0 218
1694625505537 0.0 219
1694625505808 0.0 220
1694625506014 0.0 221
1694625506247 0.0 222
1694625506487 0.0 223
1694625506704 0.0 224
1694625506920 0.0 225
1694625507158 0.0 226
1694625507429 0.0 227
1694625507645 0.0 228
1694625507891 0.0 229
1694625508133 0.0 230
1694625508363 0.0 231
1694625508586 0.0 232
1694625508814 0.0 233
1694625509037 0.0 234
1694625509274 0.0 235
1694625509505 0.0 236
1694625509747 0.0 237
1694625509970 0.0 238
1694625510180 0.0 239
1694625510406 0.0 240
1694625510661 0.0 241
1694625510872 0.0 242
1694625511118 0.0 243
1694625511324 0.0 244
1694625511558 0.0 245
1694625511810 0.0 246
1694625512032 0.0 247
1694625512264 0.0 248
1694625512505 0.0 249
1694625512730 0.0 250
1694625512979 0.0 251
1694625513206 0.0 252
1694625513453 0.0 253
1694625513658 0.0 254
1694625513887 0.0 255
1694625514135 0.0 256
1694625514405 0.0 257
1694625514697 0.0 258
1694625514980 0.0 259
1694625515233 0.0 260
1694625515502 0.0 261
1694625515732 0.0 262
1694625515976 0.0 263
1694625516226 0.0 264
1694625516456 0.0 265
1694625516677 0.0 266
1694625516913 0.0 267
1694625517149 0.0 268
1694625517389 0.0 269
1694625517609 0.0 270
1694625517847 0.0 271
1694625518116 0.0 272
1694625518350 0.0 273
1694625518579 0.0 274
1694625518815 0.0 275
1694625519059 0.0 276
1694625519301 0.0 277
1694625519565 0.0 278
1694625519806 0.0 279
1694625520028 0.0 280
1694625520264 0.0 281
1694625520497 0.0 282
1694625520739 0.0 283
1694625520991 0.0 284
1694625521222 0.0 285
1694625521422 0.0 286
1694625521662 0.0 287
1694625521895 0.0 288
1694625522129 0.0 289
1694625522360 0.0 290
1694625522612 0.0 291
1694625522867 0.0 292
1694625523115 0.0 293
1694625523358 0.0 294
1694625523652 0.0 295
1694625523897 0.0 296
1694625524139 0.0 297
1694625524390 0.0 298
1694625524600 0.0 299
1694625524822 0.0 300
1694625525048 0.0 301
1694625525260 0.0 302
1694625525494 0.0 303
1694625525771 0.0 304
1694625525989 0.0 305
1694625526233 0.0 306
1694625526455 0.0 307
1694625526682 0.0 308
1694625526918 0.0 309
1694625527158 0.0 310
1694625527377 0.0 311
1694625527647 0.0 312
1694625527868 0.0 313
1694625528125 0.0 314
1694625528374 0.0 315
1694625528597 0.0 316
1694625528818 0.0 317
1694625529062 0.0 318
1694625529285 0.0 319
1694625529518 0.0 320
1694625529761 0.0 321
1694625530004 0.0 322
1694625530241 0.0 323
1694625530470 0.0 324
1694625530706 0.0 325
1694625530942 0.0 326
1694625531199 0.0 327
1694625531455 0.0 328
1694625531723 0.0 329
1694625532031 0.0 330
1694625532284 0.0 331
1694625532537 0.0 332
1694625532804 0.0 333
1694625533054 0.0 334
1694625533291 0.0 335
1694625533553 0.0 336
1694625533788 0.0 337
1694625534057 0.0 338
1694625534291 0.0 339
1694625534572 0.0 340
1694625534790 0.0 341
1694625535035 0.0 342
1694625535269 0.0 343
1694625535514 0.0 344
1694625535790 0.0 345
1694625536108 0.0 346
1694625536355 0.0 347
1694625536593 0.0 348
1694625536821 0.0 349
1694625537069 0.0 350
1694625537323 0.0 351
1694625537560 0.0 352
1694625537800 0.0 353
1694625538031 0.0 354
1694625538290 0.0 355
1694625538530 0.0 356
1694625538787 0.0 357
1694625539025 0.0 358
1694625539265 0.0 359
1694625539499 0.0 360
1694625539705 0.0 361
1694625539982 0.0 362
1694625540232 0.0 363
1694625540448 0.0 364
1694625540677 0.0 365
1694625540934 0.0 366
1694625541160 0.0 367
1694625541414 0.0 368
1694625541643 0.0 369
1694625541891 0.0 370
1694625542121 0.0 371
1694625542378 0.0 372
1694625542614 0.0 373
1694625542858 0.0 374
1694625543076 0.0 375
1694625543310 0.0 376
1694625543554 0.0 377
1694625543780 0.0 378
1694625544037 0.0 379
1694625544276 0.0 380
1694625544519 0.0 381
1694625544742 0.0 382
1694625544976 0.0 383
1694625545229 0.0 384
1694625545468 0.0 385
1694625545713 0.0 386
1694625546013 0.0 387
1694625546242 0.0 388
1694625546475 0.0 389
1694625546676 0.0 390
1694625546896 0.0 391
1694625547107 0.0 392
1694625547344 0.0 393
1694625547579 0.0 394
1694625547817 0.0 395
1694625548087 0.0 396
1694625548357 0.0 397
1694625548583 0.0 398
1694625548829 0.0 399
1694625549056 0.0 400
1694625549290 0.0 401
1694625549531 0.0 402
1694625549751 0.0 403
1694625549968 0.0 404
1694625550198 0.0 405
1694625550438 0.0 406
1694625550678 0.0 407
1694625550924 0.0 408
1694625551143 0.0 409
1694625551361 0.0 410
1694625551642 0.0 411
1694625551865 0.0 412
1694625552084 0.0 413
1694625552321 0.0 414
1694625552553 0.0 415
1694625552776 0.0 416
1694625552996 0.0 417
1694625553213 0.0 418
1694625553473 0.0 419
1694625553689 0.0 420
1694625553928 0.0 421
1694625554158 0.0 422
1694625554393 0.0 423
1694625554629 0.0 424
1694625554867 0.0 425
1694625555092 0.0 426
1694625555350 0.0 427
1694625555578 0.0 428
1694625555823 0.0 429
1694625556065 0.0 430
1694625556326 0.0 431
1694625556543 0.0 432
1694625556772 0.0 433
1694625557024 0.0 434
1694625557250 0.0 435
1694625557493 0.0 436
1694625557704 0.0 437
1694625557941 0.0 438
1694625558157 0.0 439
1694625558392 0.0 440
1694625558630 0.0 441
1694625558892 0.0 442
1694625559130 0.0 443
1694625559371 0.0 444
1694625559613 0.0 445
1694625559837 0.0 446
1694625560044 0.0 447
1694625560290 0.0 448
1694625560538 0.0 449
1694625560761 0.0 450
1694625560994 0.0 451
1694625561213 0.0 452
1694625561441 0.0 453
1694625561657 0.0 454
1694625561882 0.0 455
1694625562106 0.0 456
1694625562337 0.0 457
1694625562580 0.0 458
1694625562832 0.0 459
1694625563068 0.0 460
1694625563304 0.0 461
1694625563576 0.0 462
1694625563786 0.0 463
1694625563988 0.0 464
1694625564230 0.0 465
1694625564489 0.0 466
1694625564724 0.0 467
1694625564963 0.0 468
1694625565186 0.0 469
1694625565399 0.0 470
1694625565657 0.0 471
1694625565872 0.0 472
1694625566169 0.0 473
1694625566394 0.0 474
1694625566617 0.0 475
1694625566830 0.0 476
1694625567061 0.0 477
1694625567284 0.0 478
1694625567533 0.0 479
1694625567756 0.0 480
1694625568025 0.0 481
1694625568258 0.0 482
1694625568491 0.0 483
1694625568726 0.0 484
1694625568969 0.0 485
1694625569183 0.0 486
1694625569397 0.0 487
1694625569642 0.0 488
1694625569845 0.0 489
1694625570081 0.0 490
1694625570316 0.0 491
1694625570536 0.0 492
1694625570776 0.0 493
1694625570990 0.0 494
1694625571241 0.0 495
1694625571466 0.0 496
1694625571679 0.0 497
1694625571910 0.0 498
1694625572133 0.0 499
1694625572354 0.0 500
1694625572613 0.0 501
1694625572841 0.0 502
1694625573061 0.0 503
1694625573316 0.0 504
1694625573538 0.0 505
1694625573747 0.0 506
1694625573954 0.0 507
1694625574171 0.0 508
1694625574400 0.0 509
1694625574634 0.0 510
1694625574860 0.0 511
1694625575129 0.0 512
1694625575451 0.0 513
1694625575718 0.0 514
1694625575959 0.0 515
1694625576206 0.0 516
1694625576435 0.0 517
1694625576661 0.0 518
1694625576886 0.0 519
1694625577112 0.0 520
1694625577352 0.0 521
1694625577584 0.0 522
1694625577816 0.0 523
1694625578047 0.0 524
1694625578305 0.0 525
1694625578519 0.0 526
1694625578768 0.0 527
1694625579005 0.0 528
1694625579240 0.0 529
1694625579500 0.0 530
1694625579701 0.0 531
1694625579936 0.0 532
1694625580163 0.0 533
1694625580400 0.0 534
1694625580643 0.0 535
1694625580892 0.0 536
1694625581124 0.0 537
1694625581355 0.0 538
1694625581585 0.0 539
1694625581809 0.0 540
1694625582047 0.0 541
1694625582281 0.0 542
1694625582525 0.0 543
1694625582747 0.0 544
1694625582972 0.0 545
1694625583185 0.0 546
1694625583427 0.0 547
1694625583634 0.0 548
1694625583862 0.0 549
1694625584086 0.0 550
1694625584321 0.0 551
1694625584537 0.0 552
1694625584773 0.0 553
1694625585012 0.0 554
1694625585233 0.0 555
1694625585467 0.0 556
1694625585707 0.0 557
1694625585936 0.0 558
1694625586168 0.0 559
1694625586393 0.0 560
1694625586602 0.0 561
1694625586824 0.0 562
1694625587048 0.0 563
1694625587260 0.0 564
1694625587503 0.0 565
1694625587717 0.0 566
1694625587994 0.0 567
1694625588219 0.0 568
1694625588483 0.0 569
1694625588738 0.0 570
1694625588980 0.0 571
1694625589240 0.0 572
1694625589452 0.0 573
1694625589684 0.0 574
1694625589906 0.0 575
1694625590127 0.0 576
1694625590369 0.0 577
1694625590598 0.0 578
1694625590812 0.0 579
1694625591032 0.0 580
1694625591262 0.0 581
1694625591499 0.0 582
1694625591722 0.0 583
1694625591954 0.0 584
1694625592183 0.0 585
1694625592431 0.0 586
1694625592653 0.0 587
1694625592865 0.0 588
1694625593102 0.0 589
1694625593401 0.0 590
1694625593616 0.0 591
1694625593847 0.0 592
1694625594079 0.0 593
1694625594274 0.0 594
1694625594522 0.0 595
1694625594751 0.0 596
1694625594969 0.0 597
1694625595199 0.0 598
1694625595436 0.0 599
1694625595665 0.0 600
1694625595912 0.0 601
1694625596119 0.0 602
1694625596336 0.0 603
1694625596555 0.0 604
1694625596807 0.0 605
1694625597099 0.0 606
1694625597373 0.0 607
1694625597616 0.0 608
1694625597899 0.0 609
1694625598140 0.0 610
1694625598389 0.0 611
1694625598644 0.0 612
1694625598910 0.0 613
1694625599151 0.0 614
1694625599439 0.0 615
1694625599675 0.0 616
1694625599876 0.0 617
1694625600127 0.0 618
1694625600411 0.0 619
1694625600715 0.0 620
1694625600926 0.0 621
1694625601252 0.0 622
1694625601514 0.0 623
1694625601790 0.0 624
1694625602023 0.0 625
1694625602272 0.0 626
1694625602484 0.0 627
1694625602716 0.0 628
1694625602961 0.0 629
1694625603185 0.0 630
1694625603429 0.0 631
1694625603668 0.0 632
1694625603876 0.0 633
1694625604100 0.0 634
1694625604321 0.0 635
1694625604544 0.0 636
1694625604763 0.0 637
1694625604974 0.0 638
1694625605228 0.0 639
1694625605429 0.0 640
1694625605645 0.0 641
1694625605875 0.0 642
1694625606113 0.0 643
1694625606350 0.0 644
1694625606589 0.0 645
1694625606789 0.0 646
