1694628051391 -0.005081441125959429 0
1694628051426 -0.005075411614338332 1
1694628051458 -0.005069212805711487 2
1694628051494 -0.005062999375281985 3
1694628051530 -0.005056771297374807 4
1694628051571 -0.005050528546268973 5
1694628051646 -0.005044271096197095 6
1694628051696 -0.005037998921347597 7
1694628051746 -0.00503171199586272 8
1694628051803 -0.005025410293838517 9
1694628051863 -0.005019093789325524 10
1694628051923 -0.0050127624563287565 11
1694628051964 -0.005006416268806602 12
1694628051996 -0.005000055200671483 13
1694628052030 -0.004993679225790304 14
1694628052074 -0.004987288317982896 15
1694628052106 -0.004980882451023572 16
1694628052142 -0.004974461598639346 17
1694628052200 -0.004968025734511938 18
1694628052273 -0.0049615748322757725 19
1694628052325 -0.004955108865518643 20
1694628052365 -0.00494862780778238 21
1694628052408 -0.004942131632560631 22
1694628052457 -0.0049356203133028576 23
1694628052509 -0.004929093823407449 24
1694628052597 -0.004922552136229719 25
1694628052663 -0.004915995225076575 26
1694628052730 -0.0049094230632069635 27
1694628052799 -0.004902835623833424 28
1694628052883 -0.0048962328801211985 29
1694628052934 -0.004889614805188014 30
1694628052991 -0.004882981372103634 31
1694628053031 -0.004876332553891194 32
1694628053073 -0.004869668323525866 33
1694628053106 -0.004862988653934419 34
1694628053139 -0.004856293517996546 35
1694628053179 -0.004849582888544424 36
1694628053221 -0.0048428567383613785 37
1694628053254 -0.004836115040182998 38
1694628053289 -0.004829357766697351 39
1694628053324 -0.0048225848905438795 40
1694628053357 -0.00481579638431362 41
1694628053392 -0.004808992220549868 42
1694628053429 -0.004802172371745961 43
1694628053467 -0.004795336810348827 44
1694628053527 -0.004788485508756102 45
1694628053562 -0.004781618439314794 46
1694628053598 -0.004774735574326616 47
1694628053642 -0.004767836886041987 48
1694628053691 -0.0047609223466633654 49
1694628053738 -0.004753991928343693 50
1694628053782 -0.004747045603187061 51
1694628053824 -0.004740083343249379 52
1694628053861 -0.004733105120535264 53
1694628053900 -0.004726110907001813 54
1694628053934 -0.004719100674556165 55
1694628053963 -0.004712074395055721 56
1694628053995 -0.004705032040308588 57
1694628054030 -0.004697973582073134 58
1694628054068 -0.004690898992058212 59
1694628054105 -0.0046838082419224936 60
1694628054140 -0.004676701303275355 61
1694628054176 -0.004669578147675546 62
1694628054206 -0.004662438746631858 63
1694628054239 -0.004655283071603344 64
1694628054271 -0.0046481110939988746 65
1694628054307 -0.004640922785176693 66
1694628054345 -0.0046337181164444186 67
1694628054389 -0.004626497059059709 68
1694628054422 -0.004619259584229596 69
1694628054459 -0.0046120056631100415 70
1694628054499 -0.004604735266807269 71
1694628054536 -0.004597448366375545 72
1694628054573 -0.004590144932818951 73
1694628054612 -0.0045828249370900576 74
1694628054650 -0.004575488350091028 75
1694628054687 -0.004568135142672736 76
1694628054716 -0.00456076528563476 77
1694628054750 -0.0045533787497247236 78
1694628054785 -0.004545975505639843 79
1694628054818 -0.0045385555240256 80
1694628054858 -0.004531118775475296 81
1694628054896 -0.004523665230531604 82
1694628054932 -0.004516194859684797 83
1694628054966 -0.004508707633372744 84
1694628054997 -0.0045012035219829105 85
1694628055038 -0.0044936824958496935 86
1694628055068 -0.004486144525255753 87
1694628055104 -0.004478589580431569 88
1694628055141 -0.004471017631555441 89
1694628055192 -0.004463428648753043 90
1694628055241 -0.004455822602098092 91
1694628055285 -0.004448199461611457 92
1694628055325 -0.0044405591972616065 93
1694628055359 -0.004432901778963716 94
1694628055393 -0.004425227176581226 95
1694628055440 -0.004417535359924285 96
1694628055477 -0.004409826298749975 97
1694628055515 -0.004402099962762085 98
1694628055561 -0.004394356321611781 99
1694628055596 -0.0043865953448973816 100
1694628055652 -0.004378817002162805 101
1694628055693 -0.004371021262899344 102
1694628055738 -0.0043632080965450015 103
1694628055779 -0.0043553774724838235 104
1694628055813 -0.004347529360046343 105
1694628055847 -0.0043396637285091355 106
1694628055889 -0.004331780547095043 107
1694628055924 -0.004323879784973839 108
1694628055966 -0.004315961411259783 109
1694628055999 -0.004308025395014958 110
1694628056040 -0.0043000717052454895 111
1694628056088 -0.004292100310904212 112
1694628056121 -0.004284111180888894 113
1694628056164 -0.004276104284044013 114
1694628056207 -0.0042680795891589796 115
1694628056244 -0.004260037064967692 116
1694628056292 -0.004251976680150982 117
1694628056333 -0.0042438984033337235 118
1694628056364 -0.004235802203086392 119
1694628056409 -0.004227688047924394 120
1694628056446 -0.004219555906307626 121
1694628056498 -0.004211405746641805 122
1694628056540 -0.004203237537276694 123
1694628056582 -0.004195051246506543 124
1694628056615 -0.004186846842570757 125
1694628056649 -0.0041786242936534546 126
1694628056690 -0.004170383567882352 127
1694628056737 -0.004162124633329656 128
1694628056771 -0.004153847458012505 129
1694628056805 -0.004145552009890752 130
1694628056849 -0.00413723825687029 131
1694628056894 -0.004128906166799284 132
1694628056937 -0.004120555707470386 133
1694628056974 -0.004112186846619181 134
1694628057014 -0.004103799551926857 135
1694628057058 -0.004095393791016866 136
1694628057088 -0.00408696953145582 137
1694628057118 -0.0040785267407541514 138
1694628057155 -0.004070065386365895 139
1694628057199 -0.00406158543568802 140
1694628057233 -0.00405308685606065 141
1694628057279 -0.0040445696147672905 142
1694628057326 -0.0040360336790330464 143
1694628057362 -0.004027479016027735 144
1694628057406 -0.004018905592862998 145
1694628057452 -0.0040103133765927446 146
1694628057486 -0.004001702334213375 147
1694628057522 -0.0039930724326655564 148
1694628057562 -0.00398442363883067 149
1694628057595 -0.003975755919531476 150
1694628057647 -0.003967069241535448 151
1694628057701 -0.003958363571550549 152
1694628057733 -0.003949638876227901 153
1694628057770 -0.003940895122157784 154
1694628057805 -0.003932132275875633 155
1694628057839 -0.003923350303857154 156
1694628057875 -0.003914549172519433 157
1694628057912 -0.003905728848221157 158
1694628057952 -0.003896889297263284 159
1694628057990 -0.0038880304858868175 160
1694628058027 -0.0038791523802750305 161
1694628058069 -0.00387025494655191 162
1694628058104 -0.0038613381507826006 163
1694628058155 -0.003852401958973184 164
1694628058205 -0.0038434463370706773 165
1694628058238 -0.003834471250962812 166
1694628058279 -0.0038254766664778117 167
1694628058314 -0.0038164625493843918 168
1694628058353 -0.003807428865393314 169
1694628058383 -0.00379837558015228 170
1694628058415 -0.0037893026592530354 171
1694628058451 -0.00378021006822582 172
1694628058484 -0.003771097772540033 173
1694628058522 -0.0037619657376068982 174
1694628058554 -0.003752813928776799 175
1694628058585 -0.003743642311339501 176
1694628058619 -0.0037344508505252616 177
1694628058658 -0.0037252395115026093 178
1694628058697 -0.0037160082593816757 179
1694628058734 -0.0037067570592101973 180
1694628058768 -0.0036974858759757367 181
1694628058807 -0.0036881946746059047 182
1694628058839 -0.003678883419965917 183
1694628058875 -0.003669552076861038 184
1694628058916 -0.003660200610035691 185
1694628058960 -0.0036508289841725716 186
1694628059024 -0.003641437163893313 187
1694628059096 -0.0036320251137573756 188
1694628059131 -0.003622592798264268 189
1694628059192 -0.0036131401818513265 190
1694628059224 -0.0036036672288932703 191
1694628059263 -0.003594173903704645 192
1694628059307 -0.003584660170536713 193
1694628059360 -0.0035751259935798974 194
1694628059406 -0.0035655713369617814 195
1694628059455 -0.0035559961647475546 196
1694628059506 -0.0035464004409420102 197
1694628059552 -0.0035367841294851043 198
1694628059593 -0.003527147194255953 199
1694628059624 -0.003517489599070611 200
1694628059665 -0.003507811307682296 201
1694628059705 -0.003498112283782051 202
1694628059733 -0.003488392490996972 203
1694628059766 -0.00347865189289287 204
1694628059799 -0.003468890452970941 205
1694628059831 -0.003459108134669986 206
1694628059880 -0.00344930490136508 207
1694628059916 -0.0034394807163682373 208
1694628059962 -0.003429635542929521 209
1694628060016 -0.0034197693442317156 210
1694628060071 -0.0034098820833965426 211
1694628060119 -0.0033999737234826632 212
1694628060162 -0.0033900442274832354 213
1694628060198 -0.0033800935583274683 214
1694628060240 -0.0033701216788819544 215
1694628060279 -0.003360128551947117 216
1694628060318 -0.0033501141402612067 217
1694628060358 -0.003340078406496527 218
1694628060405 -0.003330021313261211 219
1694628060442 -0.003319942823098776 220
1694628060493 -0.0033098428984892347 221
1694628060530 -0.003299721501845987 222
1694628060564 -0.003289578595518705 223
1694628060627 -0.003279414141792003 224
1694628060675 -0.003269228102884325 225
1694628060726 -0.0032590204409506107 226
1694628060774 -0.0032487911180794082 227
1694628060819 -0.0032385400962939848 228
1694628060861 -0.0032282673375521043 229
1694628060899 -0.0032179728037462496 230
1694628060939 -0.0032076564567025123 231
1694628060976 -0.003197318258182147 232
1694628061022 -0.0031869581698797944 233
1694628061060 -0.0031765761534232606 234
1694628061097 -0.0031661721703761803 235
1694628061138 -0.0031557461822346866 236
1694628061183 -0.0031452981504282995 237
1694628061221 -0.0031348280363205916 238
1694628061266 -0.003124335801209188 239
1694628061304 -0.003113821406323991 240
1694628061341 -0.0031032848128285107 241
1694628061380 -0.003092725981819422 242
1694628061431 -0.0030821448743258983 243
1694628061471 -0.003071541451311832 244
1694628061505 -0.003060915673671172 245
1694628061533 -0.0030502675022330283 246
1694628061570 -0.0030395968977574572 247
1694628061600 -0.0030289038209381225 248
1694628061631 -0.0030181882324002984 249
1694628061670 -0.00300745009270198 250
1694628061705 -0.0029966893623327717 251
1694628061741 -0.0029859060017156658 252
1694628061780 -0.0029750999712037096 253
1694628061819 -0.0029642712310831154 254
1694628061859 -0.0029534197415719277 255
1694628061894 -0.002942545462819135 256
1694628061931 -0.002931648354904892 257
1694628061973 -0.0029207283778422966 258
1694628062018 -0.0029097854915742793 259
1694628062052 -0.002898819655975826 260
1694628062087 -0.0028878308308530887 261
1694628062119 -0.0028768189759418306 262
1694628062156 -0.002865784050910758 263
1694628062193 -0.002854726015358411 264
1694628062223 -0.002843644828812719 265
1694628062253 -0.002832540450734111 266
1694628062280 -0.002821412840512627 267
1694628062322 -0.002810261957468363 268
1694628062355 -0.002799087760852803 269
1694628062394 -0.0027878902098459335 270
1694628062430 -0.0027766692635589063 271
1694628062467 -0.0027654248810324855 272
1694628062504 -0.002754157021237047 273
1694628062533 -0.0027428656430725784 274
1694628062570 -0.0027315507053684573 275
1694628062601 -0.0027202121668850054 276
1694628062637 -0.0027088499863097137 277
1694628062674 -0.002699256983220266 278
1694628062709 -0.00268964373718128 279
1694628062746 -0.0026800102122912506 280
1694628062781 -0.00267035637258628 281
1694628062817 -0.002660682182039631 282
1694628062848 -0.0026509876045623937 283
1694628062887 -0.00264127260400171 284
1694628062922 -0.0026315371441443247 285
1694628062957 -0.0026217811887105924 286
1694628062994 -0.0026120047013593606 287
1694628063035 -0.0026022076456870824 288
1694628063076 -0.002592389985225152 289
1694628063123 -0.002582551683442791 290
1694628063158 -0.002572692703745494 291
1694628063195 -0.0025628130094739188 292
1694628063232 -0.002552912563906773 293
1694628063272 -0.0025429913302577045 294
1694628063308 -0.002533049271676413 295
1694628063346 -0.002523086351249537 296
1694628063387 -0.0025131025319982125 297
1694628063422 -0.002503097776879848 298
1694628063454 -0.0024930720487881253 299
1694628063484 -0.0024830253105514455 300
1694628063523 -0.0024729575249333724 301
1694628063575 -0.002462868654634409 302
1694628063613 -0.0024527586622880015 303
1694628063647 -0.0024426275104647566 304
1694628063693 -0.002432475161668668 305
1694628063773 -0.0024223015783397805 306
1694628063815 -0.002412106722852192 307
1694628063851 -0.0024018905575151628 308
1694628063889 -0.0023916530445724504 309
1694628063928 -0.002381394146201865 310
1694628063964 -0.00237111382451638 311
1694628063999 -0.0023608120415625766 312
1694628064037 -0.002350488759321534 313
1694628064072 -0.0023401439397077173 314
1694628064107 -0.0023297775445707547 315
1694628064143 -0.002319389535693217 316
1694628064190 -0.00230897987479195 317
1694628064235 -0.0022985485235165193 318
1694628064271 -0.00228809544345121 319
1694628064306 -0.002277620596112806 320
1694628064341 -0.002267123942952365 321
1694628064375 -0.0022566054453527773 322
1694628064408 -0.0022460650646314306 323
1694628064442 -0.0022355027620377665 324
1694628064475 -0.0022249184987546133 325
1694628064513 -0.0022143122358972978 326
1694628064550 -0.002203683934514089 327
1694628064589 -0.002193033555585533 328
1694628064618 -0.0021823610600248955 329
1694628064648 -0.0021716664086779414 330
1694628064697 -0.0021609495623218233 331
1694628064735 -0.002150210481666859 332
1694628064774 -0.0021394491273549754 333
1694628064814 -0.002128665459959933 334
1694628064853 -0.002117859439987102 335
1694628064896 -0.002107031027874351 336
1694628064946 -0.0020961801839904926 337
1694628064986 -0.002085306868635728 338
1694628065028 -0.0020744110420420903 339
1694628065066 -0.002063492664372557 340
1694628065116 -0.002052551695721716 341
1694628065178 -0.002041588096114433 342
1694628065218 -0.0020306018255071834 343
1694628065262 -0.0020195928437871657 344
1694628065298 -0.002008561110771634 345
1694628065334 -0.001997506586209896 346
1694628065397 -0.0019864292297808728 347
1694628065458 -0.0019753290010917635 348
1694628065496 -0.001964205859684709 349
1694628065543 -0.0019530597650285753 350
1694628065573 -0.0019418906765229504 351
1694628065607 -0.0019306985534981447 352
1694628065639 -0.0019194833552134138 353
1694628065676 -0.0019082450408580698 354
1694628065712 -0.0018969835695512582 355
1694628065747 -0.0018856989003417368 356
1694628065789 -0.0018743909922065427 357
1694628065836 -0.0018630598040534352 358
1694628065870 -0.0018517052947186752 359
1694628065909 -0.0018403274229676914 360
1694628065946 -0.0018289261474946361 361
1694628065991 -0.0018175014269230516 362
1694628066035 -0.0018060532198047596 363
1694628066065 -0.0017945814846198616 364
1694628066094 -0.0017830861797785147 365
1694628066127 -0.0017715672636160473 366
1694628066160 -0.00176002469439962 367
1694628066191 -0.0017484584303231188 368
1694628066221 -0.0017368684295080428 369
1694628066259 -0.0017252546500048371 370
1694628066293 -0.0017136170497904502 371
1694628066340 -0.0017019555867705538 372
1694628066374 -0.0016902702187777674 373
1694628066410 -0.001678560903573434 374
1694628066450 -0.0016668275988445114 375
1694628066492 -0.0016550702622064595 376
1694628066527 -0.0016432888512014632 377
1694628066565 -0.0016314833232986548 378
1694628066610 -0.0016196536358941138 379
1694628066655 -0.0016077997463113114 380
1694628066700 -0.0015959216117995556 381
1694628066745 -0.001584019189535102 382
1694628066790 -0.001572092436620487 383
1694628066829 -0.0015601413100851946 384
1694628066863 -0.00154816576688388 385
1694628066914 -0.0015361657638983672 386
1694628066963 -0.0015241412579354296 387
1694628067011 -0.0015120922057290098 388
1694628067057 -0.0015000185639375552 389
1694628067103 -0.0014879202891460164 390
1694628067146 -0.001475797337864293 391
1694628067191 -0.0014636496665285659 392
1694628067225 -0.0014514772314988544 393
1694628067266 -0.0014392799890616814 394
1694628067309 -0.0014270578954285185 395
1694628067356 -0.001414810906734898 396
1694628067407 -0.0014025389790419673 397
1694628067457 -0.001390242068335601 398
1694628067512 -0.0013779201305255118 399
1694628067561 -0.0013655731214468059 400
1694628067597 -0.00135320099685865 401
1694628067650 -0.0013408037124440497 402
1694628067682 -0.0013283812238105153 403
1694628067715 -0.0013159334864898398 404
1694628067754 -0.001303460455937211 405
1694628067805 -0.0012909620875320993 406
1694628067847 -0.001278438336577592 407
1694628067887 -0.0012658891582977283 408
1694628067923 -0.0012533145078450492 409
1694628067961 -0.0012407143402914933 410
1694628068008 -0.0012280886106332822 411
1694628068058 -0.0012154372737904762 412
1694628068115 -0.0012027602846043095 413
1694628068176 -0.0011900575978405215 414
1694628068224 -0.0011773291681871356 415
1694628068260 -0.001164574950254016 416
1694628068290 -0.0011517948985741988 417
1694628068321 -0.0011389889676034493 418
1694628068356 -0.0011261571117184843 419
1694628068390 -0.0011132992852191936 420
1694628068428 -0.001100415442327085 421
1694628068482 -0.001087505537186173 422
1694628068524 -0.0010745695238609798 423
1694628068563 -0.0010616073563385342 424
1694628068608 -0.0010486189885270392 425
1694628068656 -0.001035604374256538 426
1694628068696 -0.001022563467278026 427
1694628068730 -0.0010094962212643388 428
1694628068764 -0.0009964025898063777 429
1694628068807 -0.000983282526420437 430
1694628068853 -0.0009701359845406543 431
1694628068889 -0.0009569629175225636 432
1694628068926 -0.0009471658033683994 433
1694628068958 -0.0009373496457369956 434
1694628068990 -0.0009275144121774215 435
1694628069024 -0.000917660070183679 436
1694628069062 -0.0009077865871958135 437
1694628069104 -0.0008978939305999134 438
1694628069139 -0.0008879820677276662 439
1694628069177 -0.0008780509658559144 440
1694628069213 -0.0008681005922073215 441
1694628069254 -0.0008581309139497062 442
1694628069293 -0.0008481418981962641 443
1694628069348 -0.0008381335120057898 444
1694628069414 -0.0008281057223813448 445
1694628069466 -0.0008180584962720339 446
1694628069510 -0.0008079918005714504 447
1694628069547 -0.0007979056021178987 448
1694628069581 -0.0007877998676946163 449
1694628069619 -0.0007776745640297733 450
1694628069663 -0.0007675296577960289 451
1694628069699 -0.0007573651156100869 452
1694628069735 -0.0007471809040342503 453
1694628069769 -0.0007369769895739786 454
1694628069807 -0.0007267533386796643 455
1694628069841 -0.0007165099177459666 456
1694628069879 -0.0007062466931115896 457
1694628069929 -0.0006959636310586159 458
1694628069967 -0.0006856606978140611 459
1694628070006 -0.0006753378595480974 460
1694628070046 -0.0006649950823753858 461
1694628070100 -0.0006546323323532999 462
1694628070134 -0.0006442495754832578 463
1694628070170 -0.0006338467777111667 464
1694628070211 -0.0006234239049240919 465
1694628070243 -0.0006129809229549199 466
1694628070312 -0.0006025177975783613 467
1694628070349 -0.0005920344945122835 468
1694628070390 -0.0005815309794183765 469
1694628070427 -0.0005710072179005987 470
1694628070471 -0.0005604631755062872 471
1694628070515 -0.0005498988177254915 472
1694628070558 -0.0005393141099909737 473
1694628070613 -0.0005287090176779863 474
1694628070672 -0.0005180835061044942 475
1694628070725 -0.0005074375405311748 476
1694628070774 -0.0004967710861605301 477
1694628070818 -0.00048608410813777425 478
1694628070850 -0.0004753765715501679 479
1694628070881 -0.00046464844142724004 480
1694628070911 -0.0004538996827403441 481
1694628070941 -0.00044313026040310177 482
1694628070973 -0.0004323401392707371 483
1694628071006 -0.0004215292841400764 484
1694628071037 -0.00041069765975043637 485
1694628071073 -0.0003998452307811817 486
1694628071112 -0.00038897196185483374 487
1694628071149 -0.0003780778175348498 488
1694628071196 -0.00036716276232540146 489
1694628071238 -0.0003562267606720404 490
1694628071280 -0.00034526977696214267 491
1694628071322 -0.0003342917755237984 492
1694628071360 -0.0003232927206258118 493
1694628071418 -0.00031227257647836737 494
1694628071472 -0.00030123130723169744 495
1694628071532 -0.0002901688769776367 496
1694628071573 -0.00027908524974784577 497
1694628071607 -0.00026798038951514336 498
1694628071650 -0.0002568542601923962 499
1694628071688 -0.00024570682563274104 500
1694628071724 -0.00023453804963002867 501
1694628071759 -0.00022334789591771376 502
1694628071796 -0.00021213632816996508 503
1694628071832 -0.00020090331000033324 504
1694628071867 -0.00018964880496286085 505
1694628071916 -0.0001783727765505283 506
1694628071971 -0.000167075188196808 507
1694628072016 -0.00015575600327477623 508
1694628072047 -0.00014441518509622497 509
1694628072082 -0.00013305269691499255 510
1694628072120 -0.00012166850191830392 511
1694628072171 -0.00011026256324009331 512
1694628072205 -9.883484394879183e-05 513
1694628072241 -8.738530705354464e-05 514
1694628072272 -7.591391550088034e-05 515
1694628072306 -6.442063217870775e-05 516
1694628072335 -5.2905419912097074e-05 517
1694628072371 -4.1368241464612154e-05 518
1694628072408 -2.98090595394207e-05 519
1694628072449 -1.8227836777517936e-05 520
1694628072496 -6.624535759280903e-06 521
1694628072533 5.000880998196067e-06 522
1694628072567 1.6648451037770684e-05 523
1694628072598 2.831821196591644e-05 524
1694628072641 4.0010201448947846e-05 525
1694628072680 5.172445721690622e-05 526
1694628072724 6.346101706178331e-05 527
1694628072779 7.521991883630008e-05 528
1694628072824 8.700120045779247e-05 529
1694628072858 9.880489990399255e-05 530
1694628072896 0.00011063105521580407 531
1694628072944 0.00012247970449708045 532
1694628072982 0.00013435088591406963 533
1694628073021 0.00014624463769574714 534
1694628073053 0.00015816099813359408 535
1694628073090 0.00017010000558292937 536
1694628073132 0.00018206169846080034 537
1694628073177 0.00019404611524909132 538
1694628073219 0.00020605329449130405 539
1694628073257 0.00021808327479500011 540
1694628073297 0.00023013609483157893 541
1694628073339 0.00024221179333472342 542
1694628073374 0.00025431040910350866 543
1694628073419 0.0002664319809986271 544
1694628073450 0.00027857654794660736 545
1694628073489 0.00029074414893626166 546
1694628073531 0.0003029348230207951 547
1694628073567 0.0003151486093180278 548
1694628073628 0.0003273855470098397 549
1694628073681 0.0003396456753417265 550
1694628073736 0.00035192903362402106 551
1694628073781 0.00036423566123167106 552
1694628073822 0.00037656559760379515 553
1694628073856 0.00038891888224446003 554
1694628073898 0.0004012955547222363 555
1694628073952 0.0004136956546704207 556
1694628074013 0.0004261192217875909 557
1694628074048 0.00043856629583760576 558
1694628074092 0.0004510369166484951 559
1694628074137 0.00046353112411401387 560
1694628074188 0.0004760489581938643 561
1694628074228 0.0004885904589123635 562
1694628074259 0.0005011556663582217 563
1694628074291 0.0005137446206900931 564
1694628074322 0.0005263573621264728 565
1694628074357 0.000538993930955578 566
1694628074391 0.00055165436753013 567
1694628074427 0.0005643387122691301 568
1694628074463 0.0005770470056577492 569
1694628074504 0.0005897792882475494 570
1694628074539 0.000602535600655707 571
1694628074572 0.0006153159835660116 572
1694628074606 0.0006281204777290883 573
1694628074639 0.0006409491239616205 574
1694628074670 0.0006538019631473491 575
1694628074706 0.0006666790362366282 576
1694628074740 0.0006795803842465364 577
1694628074775 0.000692506048261432 578
1694628074808 0.0007054560694327305 579
1694628074843 0.0007184304889780169 580
1694628074889 0.0007314293481831546 581
1694628074937 0.0007444526884019531 582
1694628074976 0.0007575005510537247 583
1694628075016 0.0007705729776272818 584
1694628075048 0.0007836700096773841 585
1694628075088 0.000796791688827736 586
1694628075125 0.0008099380567692105 587
1694628075166 0.0008231091552616254 588
1694628075206 0.000836305026131634 589
1694628075243 0.0008495257112736132 590
1694628075289 0.00086277125265255 591
1694628075327 0.0008760416922983794 592
1694628075364 0.0008893370723143112 593
1694628075407 0.000902657434866283 594
1694628075448 0.0009160028221927297 595
1694628075496 0.0009293732765994767 596
1694628075546 0.0009427688404611834 597
1694628075594 0.0009561895562224532 598
1694628075629 0.0009696354663947249 599
1694628075663 0.000983106613562934 600
1694628075696 0.000996603040375299 601
1694628075725 0.0010101247895530907 602
1694628075756 0.001023671903886636 603
1694628075790 0.0010372444262347624 604
1694628075839 0.001050842399527352 605
1694628075873 0.001064465866762454 606
1694628075913 0.0010781148710089505 607
1694628075948 0.0010917894554055563 608
1694628075995 0.001105489663159931 609
1694628076043 0.0011192155375518986 610
1694628076088 0.0011329671219295623 611
1694628076125 0.001146744459712079 612
1694628076162 0.0011605475943889942 613
1694628076198 0.0011743765695210184 614
1694628076235 0.0011882314287384732 615
1694628076297 0.0012021122157427344 616
1694628076340 0.0012160189743058991 617
1694628076380 0.0012299517482713407 618
1694628076413 0.0012439105815535978 619
1694628076446 0.0012578955181375973 620
1694628076478 0.0012719066020798753 621
1694628076513 0.0012859438775086884 622
1694628076546 0.0013000073886227925 623
1694628076580 0.001314097179693774 624
1694628076619 0.0013282132950634962 625
1694628076655 0.0013423557791464313 626
1694628076687 0.001356524676428661 627
1694628076720 0.0013707200314678758 628
1694628076750 0.0013849418888943754 629
1694628076782 0.0013991902934099576 630
1694628076816 0.001413465289789806 631
1694628076853 0.001427766922879825 632
1694628076901 0.0014420952375996388 633
1694628076945 0.001456450278941035 634
1694628076983 0.0014708320919681883 635
1694628077016 0.0014852407218183261 636
1694628077053 0.0014996762137016173 637
1694628077101 0.0015141386129007284 638
1694628077139 0.0015286279647723777 639
1694628077175 0.001543144314744671 640
1694628077238 0.0015576877083212093 641
1694628077273 0.0015722581910769806 642
1694628077329 0.0015868558086614692 643
1694628077367 0.0016014806067977672 644
1694628077412 0.0016161326312827962 645
1694628077459 0.0016308119279858646 646
1694628077501 0.0016455185428524421 647
1694628077549 0.0016602525218999409 648
1694628077585 0.001675013911221268 649
1694628077620 0.0016898027569823837 650
1694628077658 0.0017046191054239657 651
1694628077690 0.0017194630028624092 652
1694628077727 0.0017343344956861628 653
1694628077759 0.0017492336303602807 654
1694628077795 0.0017641604534237576 655
1694628077841 0.0017791150114908616 656
1694628077875 0.0017940973512495795 657
1694628077911 0.0018091075194645034 658
1694628077947 0.0018241455629743886 659
1694628077980 0.001839211528693263 660
1694628078013 0.0018543054636112055 661
1694628078049 0.0018694274147930123 662
1694628078079 0.0018845774293789752 663
1694628078111 0.0018997555545857692 664
1694628078143 0.0019149618377054534 665
1694628078177 0.0019301963261055821 666
1694628078211 0.0019454590672302041 667
1694628078249 0.0019607501085993073 668
1694628078285 0.00197606949780893 669
1694628078327 0.0019914172825313825 670
1694628078366 0.002006793510516025 671
1694628078406 0.0020221982295874907 672
1694628078454 0.0020376314876481283 673
1694628078495 0.0020530933326762257 674
1694628078539 0.0020685838127276757 675
1694628078580 0.002084102975934643 676
1694628078617 0.002099650870506453 677
1694628078665 0.002115227544729814 678
1694628078707 0.0021308330469684833 679
1694628078745 0.0021464674256634897 680
1694628078783 0.002162130729333356 681
1694628078821 0.002177823006574542 682
1694628078857 0.0021935443060607795 683
1694628078906 0.002209294676543405 684
1694628078952 0.002225074166852359 685
1694628078988 0.002240882825894408 686
1694628079027 0.0022567207026558123 687
1694628079064 0.0022725878461998805 688
1694628079115 0.0022884843056686366 689
1694628079160 0.00230441013028293 690
1694628079210 0.0023203653693416593 691
1694628079260 0.0023363500722221042 692
1694628079310 0.002352364288380926 693
1694628079356 0.002368408067353167 694
1694628079387 0.0023844814587530294 695
1694628079425 0.0024005845122739844 696
1694628079458 0.0024167172776878854 697
1694628079500 0.0024328798048466327 698
1694628079535 0.0024490721436812857 699
1694628079572 0.0024652943442020625 700
1694628079614 0.0024815464564993395 701
1694628079655 0.002497828530742985 702
1694628079687 0.002514140617182359 703
1694628079720 0.0025304827661470908 704
1694628079764 0.002546855028046635 705
1694628079796 0.0025632574533708263 706
1694628079831 0.002579690092689546 707
1694628079876 0.002596152996652723 708
1694628079915 0.0026126462159915542 709
1694628079957 0.0026291698015159515 710
1694628079996 0.002645723804121314 711
1694628080032 0.00266230827477687 712
1694628080066 0.0026789232645376693 713
1694628080100 0.0026955688245382525 714
1694628080131 0.002712245005994096 715
1694628080173 0.0027289518602025 716
1694628080207 0.0027456894385416986 717
1694628080243 0.0027624577924708626 718
1694628080277 0.002779256973531985 719
1694628080321 0.0027960870333479937 720
1694628080357 0.0028129480236228632 721
1694628080387 0.0028298399961437237 722
1694628080422 0.0028467630027787516 723
1694628080454 0.002863717095479057 724
1694628080485 0.002880702326276907 725
1694628080519 0.002897718747287392 726
1694628080552 0.002914766410708536 727
1694628080590 0.002931845368820296 728
1694628080626 0.00294895567398501 729
1694628080663 0.0029660973786482803 730
1694628080696 0.0029832705353384226 731
1694628080731 0.0030004751966669074 732
1694628080766 0.003017711415327806 733
1694628080799 0.003034979244098568 734
1694628080836 0.0030522787358401304 735
1694628080869 0.0030696099434968094 736
1694628080902 0.003086972920096187 737
1694628080942 0.0031043677187497787 738
1694628080983 0.003121794392652144 739
1694628081029 0.0031392529950828862 740
1694628081072 0.0031567435794044307 741
1694628081110 0.003174266199064135 742
1694628081157 0.003191820907592735 743
1694628081194 0.0032094077586057868 744
1694628081229 0.0032270268058030016 745
1694628081265 0.003244678102968912 746
1694628081304 0.003262361703971206 747
1694628081342 0.0032800776627667227 748
1694628081375 0.003297826033390794 749
1694628081421 0.003315606869968013 750
1694628081456 0.003333420226706685 751
1694628081490 0.003351266157900712 752
1694628081534 0.003369144717928485 753
1694628081597 0.0033870559612553253 754
1694628081663 0.0034049999424302646 755
1694628081701 0.0034229767160889324 756
1694628081741 0.0034409863369527782 757
1694628081778 0.003459028859828739 758
1694628081807 0.0034771043396093493 759
1694628081843 0.003495212831274408 760
1694628081883 0.0035133543898885344 761
1694628081963 0.0035315290706031677 762
1694628082006 0.003549736928656566 763
1694628082039 0.0035679780193730304 764
1694628082071 0.0035862523981634586 765
1694628082103 0.0036045601205255684 766
1694628082150 0.0036229012420438966 767
1694628082199 0.003641275818390133 768
1694628082244 0.003659683905322564 769
1694628082282 0.003678125558687073 770
1694628082326 0.0036966008344166967 771
1694628082377 0.003715109788532067 772
1694628082427 0.0037336524771410806 773
1694628082475 0.0037522289564388966 774
1694628082528 0.0037708392827091597 775
1694628082572 0.0037894835123232218 776
1694628082602 0.0038081617017398095 777
1694628082643 0.0038268739075064673 778
1694628082692 0.003845620186258003 779
1694628082743 0.0038644005947185978 780
1694628082779 0.003883215189700362 781
1694628082821 0.003902064028103336 782
1694628082858 0.003920947166917044 783
1694628082892 0.0039398646632197165 784
1694628082927 0.003958816574177626 785
1694628082960 0.003977802957046972 786
1694628082998 0.003996823869172328 787
1694628083052 0.0040158793679881954 788
1694628083093 0.00403496951101745 789
1694628083168 0.00405409435587345 790
1694628083237 0.004073253960257706 791
1694628083323 0.0040924483819627655 792
1694628083359 0.004111677678870329 793
1694628083395 0.004130941908951802 794
1694628083432 0.004150241130268961 795
1694628083465 0.004169575400973069 796
1694628083506 0.004188944779306758 797
1694628083558 0.004208349323601368 798
1694628083603 0.004227789092280054 799
1694628083653 0.004247264143855678 800
1694628083687 0.004266774536932472 801
1694628083724 0.004286320330204596 802
1694628083771 0.004305901582458027 803
1694628083821 0.004325518352569002 804
1694628083862 0.004345170699505241 805
1694628083896 0.004364858682325279 806
1694628083947 0.004384582360179912 807
1694628083984 0.004404341792309974 808
1694628084024 0.004424137038049447 809
1694628084063 0.004443968156822686 810
1694628084099 0.004463835208146527 811
1694628084135 0.00448373825162951 812
1694628084180 0.004503677346972101 813
1694628084224 0.00452365255396725 814
1694628084265 0.004543663932500053 815
1694628084303 0.004563711542547533 816
1694628084355 0.004583795444179639 817
1694628084393 0.004603915697558469 818
1694628084442 0.004624072362939824 819
1694628084489 0.004644265500670652 820
1694628084530 0.004664495171192495 821
1694628084564 0.004684761435038931 822
1694628084595 0.004705064352837018 823
1694628084642 0.004725403985307186 824
1694628084683 0.0047457803932631215 825
1694628084716 0.004766193637611882 826
1694628084750 0.004786643779353894 827
1694628084783 0.004807130879584509 828
1694628084824 0.0048276549994912266 829
1694628084858 0.004848216200356692 830
1694628084891 0.004868814543557032 831
1694628084924 0.0048894500905632965 832
1694628084959 0.004910122902939906 833
1694628084997 0.004930833042345983 834
1694628085040 0.004951580570535352 835
1694628085073 0.004972365549356539 836
1694628085105 0.004993188040752883 837
1694628085144 0.005014048106761648 838
1694628085190 0.005034945809516689 839
1694628085241 0.005055881211245006 840
1694628085279 0.005076854374270745 841
1694628085315 0.005097865361011866 842
1694628085383 0.0051189142339828075 843
1694628085429 0.005140001055793042 844
1694628085475 0.005161125889147633 845
1694628085516 0.005182288796847345 846
1694628085571 0.0052034898417893105 847
1694628085608 0.005224729086966362 848
1694628085647 0.005246006595467367 849
1694628085681 0.005267322430477672 850
1694628085715 0.005288676655278657 851
1694628085757 0.005310069333248291 852
1694628085798 0.005331500527861577 853
1694628085842 0.0053529703026892195 854
1694628085895 0.0053744787213992895 855
1694628085939 0.005396025847756891 856
1694628085986 0.00541761174562394 857
1694628086021 0.005439236478960052 858
1694628086058 0.005460900111820655 859
1694628086087 0.005482602708360207 860
1694628086119 0.005504344332829758 861
1694628086150 0.005526125049578279 862
1694628086184 0.005547944923051995 863
1694628086215 0.005569804017795277 864
1694628086249 0.005591702398450971 865
1694628086285 0.0056136401297585126 866
1694628086323 0.005635617276556926 867
1694628086370 0.005657633903783377 868
1694628086410 0.005679690076472621 869
1694628086475 0.005701785859757891 870
1694628086512 0.00572392131887256 871
1694628086557 0.005746096519146926 872
1694628086596 0.005768311526011094 873
1694628086641 0.00579056640499398 874
1694628086691 0.005812861221723642 875
1694628086735 0.005835196041926727 876
1694628086785 0.005857570931430023 877
1694628086828 0.0058799859561597945 878
1694628086875 0.005902441182141005 879
1694628086912 0.005924936675498538 880
1694628086964 0.005947472502457529 881
1694628087003 0.00597004872934237 882
1694628087041 0.005992665422577814 883
1694628087080 0.006015322648688981 884
1694628087116 0.006038020474300576 885
1694628087149 0.006060758966137891 886
1694628087183 0.006083538191027138 887
1694628087223 0.006106358215893559 888
1694628087259 0.006129219107765538 889
1694628087307 0.006152120933769933 890
1694628087352 0.006175063761135524 891
1694628087397 0.006198047657192451 892
1694628087454 0.006221072689370999 893
1694628087512 0.00624413892520348 894
1694628087581 0.006267246432323792 895
1694628087644 0.006290395278465755 896
1694628087729 0.006313585531466992 897
1694628087791 0.0063368172592650485 898
1694628087839 0.006360090529899609 899
1694628087881 0.0063834054115130545 900
1694628087913 0.006406761972349573 901
1694628087946 0.006430160280754604 902
1694628087981 0.006453600405176507 903
1694628088013 0.006477082414166557 904
1694628088045 0.006500606376377616 905
1694628088084 0.00652417236056424 906
1694628088122 0.00654778043558879 907
1694628088154 0.006571430670408884 908
1694628088190 0.006595123134089942 909
1694628088228 0.006618857895799302 910
1694628088274 0.006642635024807331 911
1694628088310 0.006666454590488424 912
1694628088342 0.006690316662318896 913
1694628088375 0.006714221309880641 914
1694628088416 0.006738168602856809 915
1694628088456 0.006762158611035907 916
1694628088498 0.006786191404310027 917
1694628088535 0.0068102670526749565 918
1694628088572 0.006834385626230288 919
1694628088612 0.00685854719518042 920
1694628088660 0.0068827518298338886 921
1694628088697 0.0069069996006031475 922
1694628088743 0.006931290578005456 923
1694628088777 0.006955624832663543 924
1694628088815 0.006980002435303723 925
1694628088859 0.007004423456757336 926
1694628088897 0.007028887967960862 927
1694628088937 0.007053396039956694 928
1694628088974 0.007077947743891033 929
1694628089009 0.007102543151016438 930
1694628089043 0.007127182332689497 931
1694628089083 0.007151865360374821 932
1694628089114 0.0071765923056402725 933
1694628089161 0.007201363240160408 934
1694628089195 0.007226178235715586 935
1694628089229 0.007251037364192303 936
1694628089267 0.007275940697583416 937
1694628089311 0.007300888307986919 938
1694628089355 0.007325880267608165 939
1694628089398 0.00735091664875831 940
1694628089435 0.0073759975238552045 941
1694628089476 0.007401122965424389 942
1694628089517 0.007426293046096211 943
1694628089556 0.0074515078386091504 944
1694628089592 0.007476767415808494 945
1694628089629 0.007502071850647107 946
1694628089663 0.007527421216183772 947
1694628089703 0.007552815585585737 948
1694628089744 0.007578255032127057 949
1694628089788 0.007603739629189921 950
1694628089824 0.0076292694502620995 951
1694628089858 0.007654844568945385 952
1694628089889 0.007680465058940267 953
1694628089924 0.007706130994061811 954
1694628089958 0.0077318424482303305 955
1694628089993 0.007757599495476497 956
1694628090032 0.007783402209935897 957
1694628090067 0.007809250665858802 958
1694628090115 0.00783514493759574 959
1694628090163 0.007861085099612364 960
1694628090198 0.00788707122647947 961
1694628090232 0.007913103392878873 962
1694628090267 0.007939181673600415 963
1694628090308 0.007965306143543183 964
1694628090338 0.007991476877715287 965
1694628090368 0.008017693951234417 966
1694628090401 0.008043957439327398 967
1694628090435 0.00807026741733119 968
1694628090470 0.008096623960691551 969
1694628090511 0.00812302714496449 970
1694628090559 0.0081494770458157 971
1694628090596 0.008175973739021014 972
1694628090632 0.008202517300466061 973
1694628090669 0.008229107806147273 974
1694628090703 0.00825574533217066 975
1694628090737 0.008282429954752701 976
1694628090777 0.008309161750220784 977
1694628090816 0.008335940795013097 978
1694628090853 0.008362767165677742 979
1694628090894 0.008389640938874066 980
1694628090930 0.008416562191372323 981
1694628090974 0.008443531000054905 982
1694628091009 0.00847054744191289 983
1694628091050 0.008497611594051713 984
1694628091090 0.00852472353368472 985
1694628091125 0.008551883338139943 986
1694628091173 0.008579091084855772 987
1694628091224 0.008606346851381397 988
1694628091273 0.008633650715378582 989
1694628091313 0.008661002754622116 990
1694628091349 0.008688403046996251 991
1694628091390 0.008715851670500263 992
1694628091425 0.008743348703243337 993
1694628091456 0.008770894223448344 994
1694628091485 0.008798488309450181 995
1694628091519 0.008826131039696206 996
1694628091571 0.008853822492746688 997
1694628091606 0.008881562747274252 998
1694628091640 0.008909351882064431 999
