1694633713047 0.0 0
1694633713293 0.0 1
1694633713503 0.0 2
1694633713714 0.0 3
1694633713936 0.0 4
1694633714124 0.0 5
1694633714342 0.0 6
1694633714555 0.0 7
1694633714774 0.0 8
1694633714970 0.0 9
1694633715166 0.0 10
1694633715370 0.0 11
1694633715623 0.0 12
1694633715833 0.0 13
1694633716026 0.0 14
1694633716250 0.0 15
1694633716492 0.0 16
1694633716724 0.0 17
1694633716954 0.0 18
1694633717181 0.0 19
1694633717396 0.0 20
1694633717627 0.0 21
1694633717847 0.0 22
1694633718037 0.0 23
1694633718231 0.0 24
1694633718446 0.0 25
1694633718657 0.0 26
1694633718862 0.0 27
1694633719067 0.0 28
1694633719274 0.0 29
1694633719478 0.0 30
1694633719665 0.0 31
1694633719863 0.0 32
1694633720067 0.0 33
1694633720270 0.0 34
1694633720476 0.0 35
1694633720683 0.0 36
1694633720921 0.0 37
1694633721160 0.0 38
1694633721390 0.0 39
1694633721622 0.0 40
1694633721851 0.0 41
1694633722068 0.0 42
1694633722288 0.0 43
1694633722476 0.0 44
1694633722670 0.0 45
1694633722861 0.0 46
1694633723073 0.0 47
1694633723278 0.0 48
1694633723475 0.0 49
1694633723704 0.0 50
1694633723925 0.0 51
1694633724147 0.0 52
1694633724371 0.0 53
1694633724570 0.0 54
1694633724776 0.0 55
1694633724994 0.0 56
1694633725214 0.0 57
1694633725437 0.0 58
1694633725683 0.0 59
1694633725893 0.0 60
1694633726085 0.0 61
1694633726284 0.0 62
1694633726511 0.0 63
1694633726729 0.0 64
1694633726950 0.0 65
1694633727173 0.0 66
1694633727392 0.0 67
1694633727603 0.0 68
1694633727822 0.0 69
1694633728018 0.0 70
1694633728211 0.0 71
1694633728423 0.0 72
1694633728609 0.0 73
1694633728790 0.0 74
1694633728977 0.0 75
1694633729161 0.0 76
1694633729350 0.0 77
1694633729560 0.0 78
1694633729784 0.0 79
1694633730012 0.0 80
1694633730212 0.0 81
1694633730396 0.0 82
1694633730593 0.0 83
1694633730794 0.0 84
1694633730983 0.0 85
1694633731168 0.0 86
1694633731357 0.0 87
1694633731553 0.0 88
1694633731742 0.0 89
1694633731935 0.0 90
1694633732119 0.0 91
1694633732297 0.0 92
1694633732478 0.0 93
1694633732662 0.0 94
1694633732859 0.0 95
1694633733052 0.0 96
1694633733245 0.0 97
1694633733437 0.0 98
1694633733633 0.0 99
1694633733840 0.0 100
1694633734067 0.0 101
1694633734282 0.0 102
1694633734485 0.0 103
1694633734700 0.0 104
1694633734905 0.0 105
1694633735125 0.0 106
1694633735333 0.0 107
1694633735533 0.0 108
1694633735755 0.0 109
1694633735975 0.0 110
1694633736194 0.0 111
1694633736405 0.0 112
1694633736628 0.0 113
1694633736841 0.0 114
1694633737055 0.0 115
1694633737258 0.0 116
1694633737461 0.0 117
1694633737672 0.0 118
1694633737879 0.0 119
1694633738081 0.0 120
1694633738303 0.0 121
1694633738526 0.0 122
1694633738731 0.0 123
1694633738918 0.0 124
1694633739121 0.0 125
1694633739328 0.0 126
1694633739548 0.0 127
1694633739766 0.0 128
1694633739989 0.0 129
1694633740192 0.0 130
1694633740391 0.0 131
1694633740605 0.0 132
1694633740830 0.0 133
1694633741023 0.0 134
1694633741214 0.0 135
1694633741397 0.0 136
1694633741602 0.0 137
1694633741800 0.0 138
1694633742013 0.0 139
1694633742213 0.0 140
1694633742434 0.0 141
1694633742656 0.0 142
1694633742884 0.0 143
1694633743081 0.0 144
1694633743265 0.0 145
1694633743451 0.0 146
1694633743637 0.0 147
1694633743818 0.0 148
1694633744021 0.0 149
1694633744207 0.0 150
1694633744390 0.0 151
1694633744572 0.0 152
1694633744772 0.0 153
1694633744969 0.0 154
1694633745182 0.0 155
1694633745382 0.0 156
1694633745565 0.0 157
1694633745752 0.0 158
1694633745951 0.0 159
1694633746145 0.0 160
1694633746358 0.0 161
1694633746567 0.0 162
1694633746769 0.0 163
1694633746976 0.0 164
1694633747180 0.0 165
1694633747404 0.0 166
1694633747632 0.0 167
1694633747856 0.0 168
1694633748067 0.0 169
1694633748262 0.0 170
1694633748456 0.0 171
1694633748660 0.0 172
1694633748871 0.0 173
1694633749073 0.0 174
1694633749280 0.0 175
1694633749459 0.0 176
1694633749646 0.0 177
1694633749850 0.0 178
1694633750041 0.0 179
1694633750277 0.0 180
1694633750503 0.0 181
1694633750721 0.0 182
1694633750946 0.0 183
1694633751172 0.0 184
1694633751374 0.0 185
1694633751577 0.0 186
1694633751795 0.0 187
1694633752032 0.0 188
1694633752238 0.0 189
1694633752454 0.0 190
1694633752657 0.0 191
1694633752839 0.0 192
1694633753037 0.0 193
1694633753228 0.0 194
1694633753418 0.0 195
1694633753646 0.0 196
1694633753869 0.0 197
1694633754086 0.0 198
1694633754292 0.0 199
1694633754508 0.0 200
1694633754735 0.0 201
1694633754959 0.0 202
1694633755155 0.0 203
1694633755364 0.0 204
1694633755563 0.0 205
1694633755758 0.0 206
1694633755951 0.0 207
1694633756157 0.0 208
1694633756365 0.0 209
1694633756581 0.0 210
1694633756789 0.0 211
1694633756987 0.0 212
1694633757202 0.0 213
1694633757405 0.0 214
1694633757599 0.0 215
1694633757789 0.0 216
1694633758005 0.0 217
1694633758227 0.0 218
1694633758465 0.0 219
1694633758677 0.0 220
1694633758896 0.0 221
1694633759074 0.0 222
1694633759254 0.0 223
1694633759462 0.0 224
1694633759661 0.0 225
1694633759872 0.0 226
1694633760103 0.0 227
1694633760348 0.0 228
1694633760559 0.0 229
1694633760776 0.0 230
1694633760971 0.0 231
1694633761182 0.0 232
1694633761438 0.0 233
1694633761637 0.0 234
1694633761841 0.0 235
1694633762063 0.0 236
1694633762286 0.0 237
1694633762520 0.0 238
1694633762732 0.0 239
1694633762985 0.0 240
1694633763182 0.0 241
1694633763391 0.0 242
1694633763624 0.0 243
1694633763841 0.0 244
1694633764038 0.0 245
1694633764240 0.0 246
1694633764433 0.0 247
1694633764618 0.0 248
1694633764803 0.0 249
1694633765023 0.0 250
1694633765235 0.0 251
1694633765430 0.0 252
1694633765637 0.0 253
1694633765934 0.0 254
1694633766132 0.0 255
1694633766329 0.0 256
1694633766517 0.0 257
1694633766711 0.0 258
1694633766898 0.0 259
1694633767093 0.0 260
1694633767277 0.0 261
1694633767463 0.0 262
1694633767643 0.0 263
1694633767833 0.0 264
1694633768018 0.0 265
1694633768216 0.0 266
1694633768428 0.0 267
1694633768621 0.0 268
1694633768836 0.0 269
1694633769041 0.0 270
1694633769233 0.0 271
1694633769411 0.0 272
1694633769607 0.0 273
1694633769797 0.0 274
1694633769982 0.0 275
1694633770185 0.0 276
1694633770394 0.0 277
1694633770609 0.0 278
1694633770828 0.0 279
1694633771052 0.0 280
1694633771257 0.0 281
1694633771462 0.0 282
1694633771673 0.0 283
1694633771881 0.0 284
1694633772092 0.0 285
1694633772291 0.0 286
1694633772490 0.0 287
1694633772715 0.0 288
1694633772933 0.0 289
1694633773146 0.0 290
1694633773346 0.0 291
1694633773566 0.0 292
1694633773785 0.0 293
1694633774002 0.0 294
1694633774212 0.0 295
1694633774425 0.0 296
1694633774634 0.0 297
1694633774819 0.0 298
1694633775023 0.0 299
1694633775208 0.0 300
1694633775385 0.0 301
1694633775581 0.0 302
1694633775781 0.0 303
1694633775984 0.0 304
1694633776171 0.0 305
1694633776361 0.0 306
1694633776555 0.0 307
1694633776749 0.0 308
1694633776954 0.0 309
1694633777148 0.0 310
1694633777331 0.0 311
1694633777519 0.0 312
1694633777700 0.0 313
1694633777883 0.0 314
1694633778074 0.0 315
1694633778263 0.0 316
1694633778452 0.0 317
1694633778655 0.0 318
1694633778863 0.0 319
1694633779062 0.0 320
1694633779256 0.0 321
1694633779473 0.0 322
1694633779674 0.0 323
1694633779872 0.0 324
1694633780064 0.0 325
1694633780263 0.0 326
1694633780448 0.0 327
1694633780638 0.0 328
1694633780831 0.0 329
1694633781030 0.0 330
1694633781235 0.0 331
1694633781433 0.0 332
1694633781650 0.0 333
1694633781873 0.0 334
1694633782099 0.0 335
1694633782328 0.0 336
1694633782578 0.0 337
1694633782785 0.0 338
1694633782995 0.0 339
1694633783210 0.0 340
1694633783422 0.0 341
1694633783637 0.0 342
1694633783839 0.0 343
1694633784059 0.0 344
1694633784277 0.0 345
1694633784465 0.0 346
1694633784674 0.0 347
1694633784858 0.0 348
1694633785081 0.0 349
1694633785276 0.0 350
1694633785458 0.0 351
1694633785645 0.0 352
1694633785833 0.0 353
1694633786026 0.0 354
1694633786208 0.0 355
1694633786415 0.0 356
1694633786599 0.0 357
1694633786785 0.0 358
1694633786990 0.0 359
1694633787188 0.0 360
1694633787386 0.0 361
1694633787591 0.0 362
1694633787779 0.0 363
1694633787979 0.0 364
1694633788163 0.0 365
1694633788381 0.0 366
1694633788599 0.0 367
1694633788817 0.0 368
1694633789035 0.0 369
1694633789260 0.0 370
1694633789468 0.0 371
1694633789674 0.0 372
1694633789892 0.0 373
1694633790114 0.0 374
1694633790331 0.0 375
1694633790526 0.0 376
1694633790719 0.0 377
1694633790931 0.0 378
1694633791132 0.0 379
1694633791338 0.0 380
1694633791557 0.0 381
1694633791777 0.0 382
1694633791987 0.0 383
1694633792185 0.0 384
1694633792401 0.0 385
1694633792597 0.0 386
1694633792794 0.0 387
1694633792997 0.0 388
1694633793197 0.0 389
1694633793422 0.0 390
1694633793612 0.0 391
1694633793814 0.0 392
1694633794017 0.0 393
1694633794252 0.0 394
1694633794474 0.0 395
1694633794714 0.0 396
1694633794924 0.0 397
1694633795143 0.0 398
1694633795325 0.0 399
1694633795513 0.0 400
1694633795718 0.0 401
1694633795938 0.0 402
1694633796155 0.0 403
1694633796375 0.0 404
1694633796594 0.0 405
1694633796789 0.0 406
1694633797014 0.0 407
1694633797237 0.0 408
1694633797458 0.0 409
1694633797665 0.0 410
1694633797876 0.0 411
1694633798058 0.0 412
1694633798261 0.0 413
1694633798462 0.0 414
1694633798687 0.0 415
1694633798904 0.0 416
1694633799098 0.0 417
1694633799275 0.0 418
1694633799465 0.0 419
1694633799665 0.0 420
1694633799863 0.0 421
1694633800064 0.0 422
1694633800272 0.0 423
1694633800492 0.0 424
1694633800697 0.0 425
1694633800906 0.0 426
1694633801130 0.0 427
1694633801335 0.0 428
1694633801527 0.0 429
1694633801726 0.0 430
1694633801943 0.0 431
1694633802147 0.0 432
1694633802343 0.0 433
1694633802543 0.0 434
1694633802747 0.0 435
1694633802953 0.0 436
1694633803146 0.0 437
1694633803346 0.0 438
1694633803553 0.0 439
1694633803752 0.0 440
1694633803980 0.0 441
1694633804199 0.0 442
1694633804411 0.0 443
1694633804609 0.0 444
1694633804797 0.0 445
1694633804992 0.0 446
1694633805202 0.0 447
1694633805421 0.0 448
1694633805651 0.0 449
1694633805875 0.0 450
1694633806099 0.0 451
1694633806294 0.0 452
1694633806481 0.0 453
1694633806672 0.0 454
1694633806855 0.0 455
1694633807066 0.0 456
1694633807276 0.0 457
1694633807512 0.0 458
1694633807723 0.0 459
1694633807908 0.0 460
1694633808112 0.0 461
1694633808310 0.0 462
1694633808528 0.0 463
1694633808741 0.0 464
1694633808953 0.0 465
1694633809156 0.0 466
1694633809345 0.0 467
1694633809527 0.0 468
1694633809723 0.0 469
1694633809918 0.0 470
1694633810112 0.0 471
1694633810327 0.0 472
1694633810528 0.0 473
1694633810732 0.0 474
1694633810958 0.0 475
1694633811183 0.0 476
1694633811405 0.0 477
1694633811622 0.0 478
1694633811831 0.0 479
1694633812032 0.0 480
1694633812221 0.0 481
1694633812409 0.0 482
1694633812622 0.0 483
1694633812825 0.0 484
1694633813023 0.0 485
1694633813232 0.0 486
1694633813432 0.0 487
1694633813656 0.0 488
1694633813870 0.0 489
1694633814063 0.0 490
1694633814264 0.0 491
1694633814468 0.0 492
1694633814681 0.0 493
1694633814882 0.0 494
1694633815118 0.0 495
1694633815354 0.0 496
1694633815579 0.0 497
1694633815782 0.0 498
1694633815965 0.0 499
1694633816154 0.0 500
1694633816344 0.0 501
1694633816533 0.0 502
1694633816722 0.0 503
1694633816920 0.0 504
1694633817117 0.0 505
1694633817337 0.0 506
1694633817549 0.0 507
1694633817736 0.0 508
1694633817936 0.0 509
1694633818169 0.0 510
1694633818359 0.0 511
1694633818547 0.0 512
1694633818729 0.0 513
1694633818923 0.0 514
1694633819108 0.0 515
1694633819293 0.0 516
1694633819475 0.0 517
1694633819664 0.0 518
1694633819863 0.0 519
1694633820085 0.0 520
1694633820310 0.0 521
1694633820541 0.0 522
1694633820753 0.0 523
1694633820952 0.0 524
1694633821151 0.0 525
1694633821362 0.0 526
1694633821579 0.0 527
1694633821806 0.0 528
1694633822026 0.0 529
1694633822239 0.0 530
1694633822450 0.0 531
1694633822671 0.0 532
1694633822897 0.0 533
1694633823135 0.0 534
1694633823328 0.0 535
1694633823527 0.0 536
1694633823707 0.0 537
1694633823906 0.0 538
1694633824108 0.0 539
1694633824297 0.0 540
1694633824515 0.0 541
1694633824693 0.0 542
1694633824879 0.0 543
1694633825110 0.0 544
1694633825292 0.0 545
1694633825514 0.0 546
1694633825714 0.0 547
1694633825960 0.0 548
1694633826203 0.0 549
1694633826391 0.0 550
1694633826601 0.0 551
1694633826789 0.0 552
1694633827031 0.0 553
1694633827229 0.0 554
1694633827450 0.0 555
1694633827674 0.0 556
1694633827882 0.0 557
1694633828087 0.0 558
1694633828285 0.0 559
1694633828497 0.0 560
1694633828713 0.0 561
1694633828897 0.0 562
1694633829079 0.0 563
1694633829264 0.0 564
1694633829451 0.0 565
1694633829643 0.0 566
1694633829837 0.0 567
1694633830022 0.0 568
1694633830214 0.0 569
1694633830419 0.0 570
1694633830615 0.0 571
1694633830819 0.0 572
1694633831006 0.0 573
1694633831219 0.0 574
1694633831419 0.0 575
1694633831634 0.0 576
1694633831842 0.0 577
1694633832050 0.0 578
1694633832249 0.0 579
1694633832445 0.0 580
1694633832638 0.0 581
1694633832828 0.0 582
1694633833021 0.0 583
1694633833203 0.0 584
1694633833381 0.0 585
1694633833578 0.0 586
1694633833791 0.0 587
1694633834018 0.0 588
1694633834237 0.0 589
1694633834446 0.0 590
1694633834662 0.0 591
1694633834875 0.0 592
1694633835078 0.0 593
1694633835288 0.0 594
1694633835503 0.0 595
1694633835712 0.0 596
1694633835918 0.0 597
1694633836113 0.0 598
1694633836310 0.0 599
1694633836506 0.0 600
1694633836713 0.0 601
1694633836917 0.0 602
1694633837109 0.0 603
1694633837311 0.0 604
1694633837536 0.0 605
1694633837761 0.0 606
1694633837974 0.0 607
1694633838182 0.0 608
1694633838371 0.0 609
1694633838558 0.0 610
1694633838747 0.0 611
1694633838948 0.0 612
1694633839142 0.0 613
1694633839358 0.0 614
1694633839566 0.0 615
1694633839768 0.0 616
1694633839961 0.0 617
1694633840164 0.0 618
1694633840348 0.0 619
1694633840550 0.0 620
1694633840750 0.0 621
1694633840931 0.0 622
1694633841122 0.0 623
1694633841338 0.0 624
1694633841551 0.0 625
1694633841773 0.0 626
1694633841990 0.0 627
1694633842205 0.0 628
1694633842419 0.0 629
1694633842634 0.0 630
1694633842849 0.0 631
1694633843071 0.0 632
1694633843270 0.0 633
1694633843460 0.0 634
1694633843666 0.0 635
1694633843888 0.0 636
1694633844103 0.0 637
1694633844319 0.0 638
1694633844547 0.0 639
1694633844750 0.0 640
1694633844962 0.0 641
1694633845153 0.0 642
1694633845351 0.0 643
1694633845579 0.0 644
1694633845807 0.0 645
1694633846031 0.0 646
1694633846233 0.0 647
1694633846434 0.0 648
1694633846658 0.0 649
1694633846846 0.0 650
1694633847038 0.0 651
1694633847222 0.0 652
1694633847419 0.0 653
1694633847631 0.0 654
1694633847830 0.0 655
1694633848010 0.0 656
1694633848199 0.0 657
1694633848390 0.0 658
1694633848602 0.0 659
1694633848809 0.0 660
1694633849031 0.0 661
1694633849255 0.0 662
1694633849455 0.0 663
1694633849670 0.0 664
1694633849881 0.0 665
1694633850106 0.0 666
1694633850333 0.0 667
1694633850549 0.0 668
1694633850758 0.0 669
1694633850944 0.0 670
1694633851138 0.0 671
1694633851333 0.0 672
1694633851521 0.0 673
1694633851702 0.0 674
1694633851890 0.0 675
1694633852081 0.0 676
1694633852293 0.0 677
1694633852504 0.0 678
1694633852700 0.0 679
1694633852900 0.0 680
1694633853088 0.0 681
1694633853279 0.0 682
1694633853480 0.0 683
1694633853701 0.0 684
1694633853923 0.0 685
1694633854141 0.0 686
1694633854348 0.0 687
1694633854544 0.0 688
1694633854732 0.0 689
1694633854923 0.0 690
1694633855104 0.0 691
1694633855288 0.0 692
1694633855471 0.0 693
1694633855689 0.0 694
1694633855895 0.0 695
1694633856116 0.0 696
1694633856359 0.0 697
1694633856571 0.0 698
1694633856757 0.0 699
1694633856962 0.0 700
1694633857170 0.0 701
1694633857388 0.0 702
1694633857615 0.0 703
1694633857805 0.0 704
1694633858013 0.0 705
1694633858222 0.0 706
1694633858444 0.0 707
1694633858663 0.0 708
1694633858865 0.0 709
1694633859076 0.0 710
1694633859314 0.0 711
1694633859532 0.0 712
1694633859746 0.0 713
1694633859952 0.0 714
1694633860184 0.0 715
1694633860374 0.0 716
1694633860584 0.0 717
1694633860797 0.0 718
1694633861005 0.0 719
1694633861219 0.0 720
1694633861420 0.0 721
1694633861639 0.0 722
1694633861840 0.0 723
1694633862027 0.0 724
1694633862229 0.0 725
1694633862437 0.0 726
1694633862653 0.0 727
1694633862863 0.0 728
1694633863072 0.0 729
1694633863289 0.0 730
1694633863499 0.0 731
1694633863720 0.0 732
1694633863930 0.0 733
1694633864127 0.0 734
1694633864329 0.0 735
1694633864527 0.0 736
1694633864748 0.0 737
1694633864955 0.0 738
1694633865142 0.0 739
1694633865338 0.0 740
1694633865535 0.0 741
1694633865756 0.0 742
1694633865966 0.0 743
1694633866175 0.0 744
1694633866378 0.0 745
1694633866583 0.0 746
1694633866765 0.0 747
1694633866976 0.0 748
1694633867184 0.0 749
1694633867370 0.0 750
1694633867574 0.0 751
1694633867765 0.0 752
1694633867950 0.0 753
1694633868141 0.0 754
1694633868341 0.0 755
1694633868528 0.0 756
1694633868721 0.0 757
1694633868917 0.0 758
1694633869110 0.0 759
1694633869338 0.0 760
1694633869564 0.0 761
1694633869763 0.0 762
1694633869967 0.0 763
1694633870172 0.0 764
1694633870370 0.0 765
1694633870569 0.0 766
1694633870777 0.0 767
1694633870982 0.0 768
1694633871184 0.0 769
1694633871385 0.0 770
1694633871591 0.0 771
1694633871786 0.0 772
1694633871987 0.0 773
1694633872192 0.0 774
1694633872399 0.0 775
1694633872584 0.0 776
1694633872783 0.0 777
1694633872997 0.0 778
1694633873194 0.0 779
1694633873386 0.0 780
1694633873583 0.0 781
1694633873781 0.0 782
1694633873968 0.0 783
1694633874156 0.0 784
1694633874349 0.0 785
1694633874525 0.0 786
1694633874721 0.0 787
1694633874920 0.0 788
1694633875111 0.0 789
1694633875294 0.0 790
1694633875481 0.0 791
1694633875666 0.0 792
1694633875896 0.0 793
1694633876089 0.0 794
1694633876280 0.0 795
1694633876514 0.0 796
1694633876725 0.0 797
1694633876923 0.0 798
1694633877109 0.0 799
1694633877310 0.0 800
1694633877489 0.0 801
1694633877677 0.0 802
1694633877857 0.0 803
1694633878046 0.0 804
1694633878229 0.0 805
1694633878411 0.0 806
1694633878604 0.0 807
1694633878829 0.0 808
1694633879032 0.0 809
1694633879230 0.0 810
1694633879440 0.0 811
1694633879649 0.0 812
1694633879877 0.0 813
1694633880084 0.0 814
1694633880266 0.0 815
1694633880449 0.0 816
1694633880625 0.0 817
1694633880808 0.0 818
1694633880989 0.0 819
1694633881174 0.0 820
1694633881368 0.0 821
1694633881562 0.0 822
1694633881768 0.0 823
1694633881990 0.0 824
1694633882218 0.0 825
1694633882440 0.0 826
1694633882641 0.0 827
1694633882841 0.0 828
1694633883056 0.0 829
1694633883281 0.0 830
1694633883474 0.0 831
1694633883667 0.0 832
1694633883847 0.0 833
1694633884035 0.0 834
1694633884228 0.0 835
1694633884411 0.0 836
1694633884601 0.0 837
1694633884796 0.0 838
1694633884979 0.0 839
1694633885167 0.0 840
1694633885352 0.0 841
1694633885548 0.0 842
1694633885737 0.0 843
1694633885946 0.0 844
1694633886142 0.0 845
1694633886333 0.0 846
1694633886542 0.0 847
1694633886740 0.0 848
1694633886961 0.0 849
1694633887187 0.0 850
1694633887404 0.0 851
1694633887599 0.0 852
1694633887782 0.0 853
1694633887973 0.0 854
1694633888158 0.0 855
1694633888341 0.0 856
1694633888560 0.0 857
1694633888774 0.0 858
1694633888997 0.0 859
1694633889222 0.0 860
1694633889426 0.0 861
1694633889678 0.0 862
1694633889891 0.0 863
1694633890108 0.0 864
1694633890298 0.0 865
1694633890507 0.0 866
1694633890731 0.0 867
1694633890924 0.0 868
1694633891103 0.0 869
1694633891312 0.0 870
1694633891541 0.0 871
1694633891721 0.0 872
1694633891905 0.0 873
1694633892085 0.0 874
1694633892272 0.0 875
1694633892499 0.0 876
1694633892751 0.0 877
1694633892960 0.0 878
1694633893185 0.0 879
1694633893375 0.0 880
1694633893575 0.0 881
1694633893777 0.0 882
1694633893958 0.0 883
1694633894145 0.0 884
1694633894361 0.0 885
1694633894613 0.0 886
1694633894797 0.0 887
1694633894995 0.0 888
1694633895186 0.0 889
1694633895399 0.0 890
1694633895622 0.0 891
1694633895843 0.0 892
1694633896061 0.0 893
1694633896295 0.0 894
1694633896498 0.0 895
1694633896714 0.0 896
1694633896923 0.0 897
1694633897108 0.0 898
1694633897293 0.0 899
1694633897478 0.0 900
1694633897668 0.0 901
1694633897864 0.0 902
1694633898055 0.0 903
1694633898233 0.0 904
1694633898414 0.0 905
1694633898600 0.0 906
1694633898780 0.0 907
1694633898976 0.0 908
1694633899201 0.0 909
1694633899429 0.0 910
1694633899642 0.0 911
1694633899854 0.0 912
1694633900073 0.0 913
1694633900268 0.0 914
1694633900451 0.0 915
1694633900659 0.0 916
1694633900853 0.0 917
1694633901055 0.0 918
1694633901263 0.0 919
1694633901472 0.0 920
1694633901676 0.0 921
1694633901881 0.0 922
1694633902095 0.0 923
1694633902314 0.0 924
1694633902538 0.0 925
1694633902745 0.0 926
1694633902954 0.0 927
1694633903155 0.0 928
1694633903387 0.0 929
1694633903606 0.0 930
1694633903809 0.0 931
1694633904012 0.0 932
1694633904218 0.0 933
1694633904435 0.0 934
1694633904618 0.0 935
1694633904841 0.0 936
1694633905039 0.0 937
1694633905236 0.0 938
1694633905446 0.0 939
1694633905674 0.0 940
1694633905901 0.0 941
1694633906130 0.0 942
1694633906331 0.0 943
1694633906539 0.0 944
1694633906726 0.0 945
1694633906909 0.0 946
1694633907097 0.0 947
1694633907281 0.0 948
1694633907463 0.0 949
1694633907645 0.0 950
1694633907828 0.0 951
1694633908007 0.0 952
1694633908204 0.0 953
1694633908403 0.0 954
1694633908617 0.0 955
1694633908819 0.0 956
1694633909021 0.0 957
1694633909221 0.0 958
1694633909416 0.0 959
1694633909627 0.0 960
1694633909813 0.0 961
1694633909998 0.0 962
1694633910205 0.0 963
1694633910400 0.0 964
1694633910601 0.0 965
1694633910802 0.0 966
1694633910988 0.0 967
1694633911171 0.0 968
1694633911362 0.0 969
1694633911546 0.0 970
1694633911728 0.0 971
1694633911935 0.0 972
1694633912143 0.0 973
1694633912356 0.0 974
1694633912563 0.0 975
1694633912763 0.0 976
1694633912961 0.0 977
1694633913145 0.0 978
1694633913327 0.0 979
1694633913521 0.0 980
1694633913725 0.0 981
1694633913943 0.0 982
1694633914144 0.0 983
1694633914340 0.0 984
1694633914549 0.0 985
1694633914755 0.0 986
1694633914950 0.0 987
1694633915140 0.0 988
1694633915327 0.0 989
1694633915518 0.0 990
1694633915709 0.0 991
1694633915892 0.0 992
1694633916081 0.0 993
1694633916291 0.0 994
1694633916477 0.0 995
1694633916677 0.0 996
1694633916881 0.0 997
1694633917074 0.0 998
1694633917272 0.0 999
