1694631357581 -0.009703560741885386 0
1694631357613 -0.008981586319177115 1
1694631357647 -0.006377128894140993 2
1694631357678 -0.00812783251515059 3
1694631357709 -0.009406975258553718 4
1694631357742 -0.008722955311634584 5
1694631357785 -0.008079049257008197 6
1694631357819 -0.009431439296526678 7
1694631357864 -0.007699433075587514 8
1694631357895 -0.008221782381131248 9
1694631357925 -0.007653384944418473 10
1694631357957 -0.008430373022998872 11
1694631357989 -0.007611322942387977 12
1694631358023 -0.00844215373678181 13
1694631358058 -0.008506335718617253 14
1694631358093 -0.007900111572834101 15
1694631358124 -0.008223007286423334 16
1694631358155 -0.009615212830122788 17
1694631358187 -0.008214645716210667 18
1694631358217 -0.007854648987569268 19
1694631358250 -0.007487386721695577 20
1694631358284 -0.00790441991883939 21
1694631358316 -0.007775631410074757 22
1694631358349 -0.006559265619520582 23
1694631358383 -0.00859909523803104 24
1694631358416 -0.008513542020189169 25
1694631358451 -0.00883083366945936 26
1694631358488 -0.008366504706037725 27
1694631358521 -0.008318326985892854 28
1694631358554 -0.008189869964418284 29
1694631358586 -0.008508662075684237 30
1694631358616 -0.009462602516258967 31
1694631358647 -0.008658322432383514 32
1694631358677 -0.008269035114503387 33
1694631358708 -0.0077364866760243345 34
1694631358742 -0.007515471034076571 35
1694631358776 -0.0065765937631470095 36
1694631358811 -0.008210518710864756 37
1694631358846 -0.008488450335214504 38
1694631358882 -0.007353007617654672 39
1694631358916 -0.008686573894386873 40
1694631358951 -0.008438508582067517 41
1694631358984 -0.008405776126985343 42
1694631359016 -0.007077571314585862 43
1694631359050 -0.008063580542407411 44
1694631359084 -0.009638258573067437 45
1694631359117 -0.007013992150298298 46
1694631359152 -0.006175166234315466 47
1694631359188 -0.009260749754880448 48
1694631359221 -0.00816855650600723 49
1694631359254 -0.008344657628088337 50
1694631359289 -0.0093481454124682 51
1694631359320 -0.00860895560899122 52
1694631359357 -0.008248918609347955 53
1694631359389 -0.007680230136094313 54
1694631359420 -0.00680620174696589 55
1694631359456 -0.008920568729301026 56
1694631359492 -0.008759211454283156 57
1694631359532 -0.007143572528160114 58
1694631359568 -0.007171464452539356 59
1694631359604 -0.007847682943817436 60
1694631359633 -0.007810301268856845 61
1694631359668 -0.009419599277709079 62
1694631359702 -0.0081524581224508 63
1694631359732 -0.010080372581702912 64
1694631359763 -0.008093022152100504 65
1694631359794 -0.008509652441144766 66
1694631359826 -0.007370322895075221 67
1694631359859 -0.007757941112735978 68
1694631359891 -0.0077496124565632485 69
1694631359923 -0.008144995275469746 70
1694631359957 -0.010272715038345925 71
1694631359988 -0.006986761764435689 72
1694631360023 -0.0082859695639792 73
1694631360056 -0.00940805710838677 74
1694631360090 -0.007681242722813453 75
1694631360123 -0.009133735262820464 76
1694631360157 -0.008262089049718924 77
1694631360192 -0.008564301199083024 78
1694631360228 -0.008462137543852943 79
1694631360265 -0.008542800085236335 80
1694631360299 -0.007125237200776402 81
1694631360333 -0.009107546648031262 82
1694631360369 -0.009006077589045036 83
1694631360403 -0.009207589661332394 84
1694631360441 -0.007268579179732226 85
1694631360480 -0.008693876695965885 86
1694631360527 -0.00865548554027784 87
1694631360565 -0.006492208210012063 88
1694631360600 -0.007075790282254246 89
1694631360633 -0.007765055515276176 90
1694631360668 -0.006020742272148771 91
1694631360702 -0.008802489894090604 92
1694631360736 -0.009234137270249132 93
1694631360770 -0.008225821553078827 94
1694631360803 -0.0084249591006893 95
1694631360834 -0.006830850725663806 96
1694631360868 -0.009500968683064492 97
1694631360903 -0.007690807376326436 98
1694631360935 -0.009291391876683042 99
1694631360967 -0.009219156758922598 100
1694631361001 -0.00892649013716107 101
1694631361031 -0.006935332264773608 102
1694631361064 -0.008278338515519179 103
1694631361097 -0.00562241716691636 104
1694631361130 -0.00785797232095753 105
1694631361162 -0.008809586668506286 106
1694631361195 -0.009087991455660527 107
1694631361227 -0.007577224040026254 108
1694631361262 -0.008846523811493201 109
1694631361294 -0.007308437743853702 110
1694631361326 -0.007739250310883072 111
1694631361359 -0.007173612677495056 112
1694631361394 -0.008668090740551415 113
1694631361426 -0.007900854966162107 114
1694631361457 -0.006542399764903228 115
1694631361490 -0.00843461001834167 116
1694631361524 -0.007923102725537312 117
1694631361557 -0.006643179854021408 118
1694631361591 -0.007178509702743696 119
1694631361625 -0.006833756995463736 120
1694631361659 -0.008852709679683546 121
1694631361692 -0.00987778179456944 122
1694631361724 -0.007944607454217545 123
1694631361753 -0.008621653111928085 124
1694631361786 -0.007654258585815477 125
1694631361819 -0.0081141047169071 126
1694631361852 -0.010088790343379506 127
1694631361888 -0.0071667337697389755 128
1694631361919 -0.008960544960458616 129
1694631361954 -0.009149148727088718 130
1694631361986 -0.009579497537013149 131
1694631362020 -0.007214975447376704 132
1694631362053 -0.008822925865562103 133
1694631362087 -0.009218677802416142 134
1694631362121 -0.00766200502380654 135
1694631362154 -0.007761161000519934 136
1694631362188 -0.008403176499268916 137
1694631362219 -0.007793021666731681 138
1694631362251 -0.007766485030990422 139
1694631362285 -0.009585522985185557 140
1694631362320 -0.01007815673761736 141
1694631362356 -0.007719801267244808 142
1694631362389 -0.008277297939909944 143
1694631362423 -0.0061902278193946 144
1694631362456 -0.008615560133632405 145
1694631362492 -0.008246596355087954 146
1694631362526 -0.008948641337755303 147
1694631362558 -0.008973813993549573 148
1694631362589 -0.00987331825190818 149
1694631362626 -0.00693200455030718 150
1694631362661 -0.008886784180678786 151
1694631362694 -0.006602675917890322 152
1694631362729 -0.006812104662657026 153
1694631362762 -0.007215463882566775 154
1694631362795 -0.007157112545326028 155
1694631362827 -0.007509867623819666 156
1694631362860 -0.007423585496035834 157
1694631362894 -0.008105021192073458 158
1694631362928 -0.007704638753178061 159
1694631362963 -0.008408051634172908 160
1694631362996 -0.0071972645373059585 161
1694631363030 -0.010136684014521613 162
1694631363066 -0.00908452220891931 163
1694631363106 -0.007116913896467292 164
1694631363146 -0.006816090513227069 165
1694631363191 -0.008060145637163174 166
1694631363240 -0.007478063289231063 167
1694631363281 -0.010123933274441166 168
1694631363325 -0.008230553249397587 169
1694631363366 -0.006620240738480776 170
1694631363397 -0.00786757967915186 171
1694631363429 -0.00888117058745408 172
1694631363459 -0.007408083074346594 173
1694631363493 -0.008100250434561307 174
1694631363525 -0.0072878216652429995 175
1694631363559 -0.008191485631405815 176
1694631363593 -0.007321540465364373 177
1694631363625 -0.007912231967986516 178
1694631363658 -0.007962487888427239 179
1694631363691 -0.0065626121271828985 180
1694631363722 -0.006854512968322846 181
1694631363757 -0.007944143045782281 182
1694631363793 -0.009013542446180578 183
1694631363828 -0.008195373797798222 184
1694631363860 -0.008480550091100714 185
1694631363893 -0.00766628134244729 186
1694631363929 -0.00731276200357267 187
1694631363963 -0.00820393616431292 188
1694631363996 -0.008938447384805537 189
1694631364028 -0.007823705716072826 190
1694631364059 -0.0077548168984906685 191
1694631364091 -0.00576065791786351 192
1694631364124 -0.008954556381483458 193
1694631364159 -0.008118234960021509 194
1694631364192 -0.007950541347738094 195
1694631364224 -0.008486332895837334 196
1694631364257 -0.0063783546049227535 197
1694631364290 -0.007509531065154285 198
1694631364323 -0.008187797312015688 199
1694631364356 -0.00727134547417263 200
1694631364389 -0.00954736111527521 201
1694631364423 -0.008095739806812441 202
1694631364454 -0.008229442006123522 203
1694631364488 -0.00815507013308947 204
1694631364521 -0.007479032731988022 205
1694631364551 -0.00872805627582407 206
1694631364586 -0.007879496315061019 207
1694631364620 -0.007567760200083207 208
1694631364654 -0.007435135070193111 209
1694631364688 -0.007602311489501412 210
1694631364722 -0.0068273860515062346 211
1694631364755 -0.0073285080218519205 212
1694631364787 -0.008357282218949713 213
1694631364820 -0.008051327966245081 214
1694631364849 -0.006274854608675495 215
1694631364882 -0.009239679544707391 216
1694631364914 -0.007125594070792607 217
1694631364947 -0.007753726203653555 218
1694631364981 -0.008518451852294273 219
1694631365014 -0.00871764128357877 220
1694631365046 -0.008531693235537485 221
1694631365080 -0.006467786919535756 222
1694631365114 -0.009908227930298441 223
1694631365146 -0.006680531732319972 224
1694631365182 -0.00758803216881021 225
1694631365215 -0.007179046088149121 226
1694631365249 -0.007132170593542542 227
1694631365286 -0.008692542576914875 228
1694631365316 -0.007824507960109583 229
1694631365350 -0.009146389914678199 230
1694631365387 -0.007167595820985806 231
1694631365422 -0.009838930021909276 232
1694631365454 -0.007163004755210922 233
1694631365487 -0.007610049810339303 234
1694631365521 -0.006467810320758938 235
1694631365557 -0.006903689881875952 236
1694631365590 -0.009105895127293095 237
1694631365620 -0.008031224250302671 238
1694631365653 -0.007725560094685946 239
1694631365687 -0.008524795258993745 240
1694631365716 -0.007835089808495566 241
1694631365748 -0.0064841214672461955 242
1694631365780 -0.006532408945490342 243
1694631365811 -0.009506088126088441 244
1694631365843 -0.007945558386362794 245
1694631365877 -0.006808093568390294 246
1694631365911 -0.008611687826467485 247
1694631365945 -0.008626109510239344 248
1694631365978 -0.007798551712587809 249
1694631366010 -0.00817463448643374 250
1694631366044 -0.0065044745515812075 251
1694631366078 -0.008343405084132005 252
1694631366112 -0.009589678628022513 253
1694631366148 -0.007590357703060713 254
1694631366183 -0.007679500443890319 255
1694631366217 -0.008578546157593125 256
1694631366250 -0.007894438940053039 257
1694631366283 -0.008207848702859621 258
1694631366321 -0.008042039612618401 259
1694631366356 -0.008610523189869657 260
1694631366388 -0.006522077505671797 261
1694631366421 -0.01002242140779197 262
1694631366452 -0.007395303934595976 263
1694631366486 -0.007705540163020386 264
1694631366523 -0.007626819864623657 265
1694631366556 -0.008363340736596614 266
1694631366589 -0.009297339445568875 267
1694631366622 -0.00840442436357125 268
1694631366658 -0.0083766681765578 269
1694631366694 -0.007826098669519332 270
1694631366728 -0.00882847584504276 271
1694631366760 -0.007191970504859757 272
1694631366794 -0.0070571093208871005 273
1694631366827 -0.008068771325919322 274
1694631366860 -0.006977008875938662 275
1694631366892 -0.008534164268279465 276
1694631366924 -0.007136879549518582 277
1694631366956 -0.007422666446561976 278
1694631366991 -0.008888608894654704 279
1694631367025 -0.009031938800199146 280
1694631367057 -0.00803032468740783 281
1694631367092 -0.006412342356449274 282
1694631367123 -0.006439099852770136 283
1694631367158 -0.007111622403700002 284
1694631367192 -0.008685832273167104 285
1694631367224 -0.007144974636640988 286
1694631367260 -0.008655321841885666 287
1694631367294 -0.006452857317895688 288
1694631367327 -0.006833355339925795 289
1694631367362 -0.00960942880545601 290
1694631367396 -0.00763695301927747 291
1694631367428 -0.008042206113892725 292
1694631367459 -0.007424258010469309 293
1694631367494 -0.007791618337398498 294
1694631367525 -0.008399436895176304 295
1694631367557 -0.007515324041245108 296
1694631367592 -0.008405788023595706 297
1694631367628 -0.00633578636667953 298
1694631367667 -0.009934769417419664 299
1694631367703 -0.0063035092245118385 300
1694631367739 -0.007873324555796257 301
1694631367773 -0.008320854542896772 302
1694631367806 -0.007872061468613856 303
1694631367841 -0.006780000352027082 304
1694631367875 -0.008777306765516357 305
1694631367906 -0.006740822983825057 306
1694631367939 -0.00713974343258772 307
1694631367968 -0.00805357220035341 308
1694631368000 -0.008498898699730972 309
1694631368034 -0.008330169011568467 310
1694631368063 -0.009027221640178551 311
1694631368095 -0.00844039362661686 312
1694631368128 -0.008155170776346754 313
1694631368160 -0.008515398035674915 314
1694631368192 -0.009199740699543435 315
1694631368223 -0.007612958345336818 316
1694631368257 -0.008162240132530751 317
1694631368290 -0.006666903974381855 318
1694631368323 -0.010070884300729555 319
1694631368356 -0.009167948827466521 320
1694631368388 -0.010106295120600794 321
1694631368421 -0.006689746173675681 322
1694631368455 -0.007984157646511614 323
1694631368486 -0.006512427156853295 324
1694631368521 -0.006723442116570499 325
1694631368552 -0.007634151150808011 326
1694631368582 -0.007542005171073285 327
1694631368616 -0.0076667586080374495 328
1694631368649 -0.007711909930246508 329
1694631368681 -0.008867051908526768 330
1694631368715 -0.007566600565338755 331
1694631368749 -0.00885120934466821 332
1694631368781 -0.007632136199726247 333
1694631368812 -0.007711621598777585 334
1694631368845 -0.008846381223901023 335
1694631368875 -0.0077070540851844616 336
1694631368907 -0.008111095146010383 337
1694631368939 -0.009153885170555931 338
1694631368971 -0.00662308686653823 339
1694631369001 -0.009030802996556009 340
1694631369031 -0.0074029537287017 341
1694631369061 -0.00736325418399475 342
1694631369092 -0.0077999911027759605 343
1694631369123 -0.006783176407150204 344
1694631369155 -0.0073652245737148014 345
1694631369184 -0.006247892555579115 346
1694631369214 -0.007732303844861788 347
1694631369248 -0.0072437718774327475 348
1694631369280 -0.005623182155919837 349
1694631369312 -0.008160232676784673 350
1694631369344 -0.008106410551903531 351
1694631369378 -0.00794376902858751 352
1694631369410 -0.007661449498450823 353
1694631369444 -0.006894516560572939 354
1694631369474 -0.007855149290110663 355
1694631369511 -0.009455934864450954 356
1694631369542 -0.007567582918309945 357
1694631369574 -0.006837824631190648 358
1694631369605 -0.009006519911105126 359
1694631369638 -0.006884048091886363 360
1694631369670 -0.007678269860700748 361
1694631369701 -0.00792253490124839 362
1694631369731 -0.007690107526291623 363
1694631369762 -0.008753492842239696 364
1694631369791 -0.007469061499169483 365
1694631369822 -0.006971332855425949 366
1694631369855 -0.008119861438290688 367
1694631369884 -0.00762971860919337 368
1694631369917 -0.007702308822516102 369
1694631369949 -0.006812514611584275 370
1694631369979 -0.007282479820157173 371
1694631370012 -0.006813210182180951 372
1694631370044 -0.00803441778956926 373
1694631370078 -0.006893375058548257 374
1694631370110 -0.0058565282530282925 375
1694631370143 -0.006619782009656072 376
1694631370176 -0.008895654994373725 377
1694631370211 -0.00711606267816145 378
1694631370244 -0.008301545237566765 379
1694631370278 -0.006648064920379282 380
1694631370309 -0.0071068822834858825 381
1694631370344 -0.00795106152204239 382
1694631370376 -0.006736694525977249 383
1694631370407 -0.006996941706720605 384
1694631370442 -0.008338140673379346 385
1694631370474 -0.008136078991224815 386
1694631370507 -0.007722866114210136 387
1694631370540 -0.007794706312990618 388
1694631370574 -0.008533476825283826 389
1694631370614 -0.007429516019292759 390
1694631370652 -0.007196531099019632 391
1694631370688 -0.008395795660508076 392
1694631370722 -0.008147582108760654 393
1694631370753 -0.007299218097299942 394
1694631370786 -0.008116750145972684 395
1694631370820 -0.007707010997717534 396
1694631370852 -0.007271574574301276 397
1694631370884 -0.0073242873011336584 398
1694631370918 -0.008012474461447594 399
1694631370953 -0.007499410594803635 400
1694631370987 -0.007179629021253131 401
1694631371020 -0.0077085669860677 402
1694631371053 -0.007884247521082965 403
1694631371088 -0.009606553047747601 404
1694631371121 -0.007869139951210746 405
1694631371153 -0.008234107498505727 406
1694631371185 -0.008336913786533673 407
1694631371218 -0.005736820674709486 408
1694631371251 -0.007439539206736123 409
1694631371286 -0.007674465100302896 410
1694631371320 -0.006095714842448752 411
1694631371353 -0.00859090533785345 412
1694631371391 -0.008981486200008826 413
1694631371422 -0.0077964290795882185 414
1694631371453 -0.00725561747852721 415
1694631371488 -0.008004292582287409 416
1694631371521 -0.006686788548995404 417
1694631371552 -0.007455586679108617 418
1694631371582 -0.008880225387481344 419
1694631371615 -0.006644001441387326 420
1694631371646 -0.007666198072113328 421
1694631371680 -0.007119927245093249 422
1694631371713 -0.009023279117357452 423
1694631371745 -0.007373326845629968 424
1694631371778 -0.0062933826603108756 425
1694631371813 -0.0071579867459028446 426
1694631371844 -0.006737085250637431 427
1694631371878 -0.008622230080060245 428
1694631371909 -0.006530865845329137 429
1694631371942 -0.007585198954703776 430
1694631371976 -0.005828135212825103 431
1694631372009 -0.006786616833963421 432
1694631372044 -0.008642205357105803 433
1694631372077 -0.00646808157116463 434
1694631372110 -0.0060574842525311645 435
1694631372141 -0.006750192592498427 436
1694631372176 -0.007918869177304888 437
1694631372208 -0.008291933422084563 438
1694631372241 -0.006387728258595793 439
1694631372276 -0.00746645592853179 440
1694631372308 -0.008576607507508438 441
1694631372342 -0.007484334782387636 442
1694631372377 -0.00760142665080199 443
1694631372409 -0.006438046427860611 444
1694631372441 -0.0071354299843582325 445
1694631372475 -0.007129353860783061 446
1694631372513 -0.006507216313123898 447
1694631372543 -0.006590241387678608 448
1694631372573 -0.0072468303674835255 449
1694631372605 -0.008464851914590232 450
1694631372636 -0.006139827621610916 451
1694631372670 -0.006753796540408086 452
1694631372705 -0.005983596916536937 453
1694631372739 -0.006800294285810526 454
1694631372770 -0.006457057034985336 455
1694631372803 -0.006804556433442022 456
1694631372839 -0.008230739585321611 457
1694631372870 -0.0056145578685837805 458
1694631372906 -0.007453412310749918 459
1694631372941 -0.007776381745199679 460
1694631372971 -0.006368458526548659 461
1694631373006 -0.008180758677898803 462
1694631373039 -0.0066904755587609 463
1694631373069 -0.006619288461772177 464
1694631373102 -0.008906106187053009 465
1694631373135 -0.008390538715434603 466
1694631373165 -0.0070948598698361565 467
1694631373197 -0.007960310760017908 468
1694631373230 -0.006283534993041018 469
1694631373263 -0.007497204757405118 470
1694631373295 -0.006567314274880998 471
1694631373329 -0.006896863272071618 472
1694631373365 -0.007074985776061027 473
1694631373403 -0.00660698768374357 474
1694631373447 -0.007442944414760344 475
1694631373493 -0.006356442777112115 476
1694631373534 -0.008347274637643176 477
1694631373576 -0.007977699184020581 478
1694631373613 -0.0077445286203330355 479
1694631373653 -0.008114159927566478 480
1694631373683 -0.007647504119692616 481
1694631373714 -0.007066479954871641 482
1694631373748 -0.008539610734697778 483
1694631373775 -0.007045013193995864 484
1694631373806 -0.0062083580498606405 485
1694631373840 -0.006049342228210408 486
1694631373869 -0.0052556755734705085 487
1694631373903 -0.0056617856089933305 488
1694631373937 -0.006099015518597817 489
1694631373967 -0.007016904413325253 490
1694631374000 -0.006605903355208609 491
1694631374033 -0.007880985055460199 492
1694631374064 -0.007275840843901316 493
1694631374098 -0.006638334186961581 494
1694631374129 -0.006701983170078751 495
1694631374160 -0.005885984332614447 496
1694631374192 -0.005707046078411215 497
1694631374222 -0.009447690844663237 498
1694631374253 -0.0065994799179951436 499
1694631374285 -0.008038063257109096 500
1694631374316 -0.007400701066842652 501
1694631374350 -0.006332272392538751 502
1694631374383 -0.005907250508215167 503
1694631374414 -0.0075172789599653456 504
1694631374445 -0.005855169900117252 505
1694631374472 -0.006928038277868032 506
1694631374509 -0.006618495256995427 507
1694631374541 -0.007348435160169808 508
1694631374570 -0.0056974609727387104 509
1694631374604 -0.007338231426892161 510
1694631374637 -0.007267639344836541 511
1694631374666 -0.0062094340584932795 512
1694631374699 -0.005712696923248384 513
1694631374730 -0.009077208988423013 514
1694631374761 -0.006639572647956449 515
1694631374794 -0.007250376648901602 516
1694631374824 -0.006728551409184602 517
1694631374856 -0.005337702225313823 518
1694631374887 -0.006605409959045572 519
1694631374922 -0.007370576278957319 520
1694631374953 -0.007831695120594562 521
1694631374985 -0.00573049090859179 522
1694631375018 -0.007834789974040746 523
1694631375053 -0.006068722074892952 524
1694631375085 -0.007261636637096558 525
1694631375117 -0.007652991474676352 526
1694631375152 -0.00789868878471478 527
1694631375182 -0.007514695027427409 528
1694631375213 -0.007429744358852464 529
1694631375247 -0.007101489533216876 530
1694631375282 -0.00706941252728055 531
1694631375315 -0.007699894684196851 532
1694631375347 -0.00746722154289281 533
1694631375382 -0.007839877534237427 534
1694631375414 -0.007571594273327431 535
1694631375447 -0.007140788851371038 536
1694631375480 -0.006497767114540087 537
1694631375515 -0.0069702059701950425 538
1694631375547 -0.005209646077324548 539
1694631375580 -0.0058350204003903006 540
1694631375613 -0.006333419359453085 541
1694631375643 -0.00652108770652271 542
1694631375674 -0.006988541593829112 543
1694631375708 -0.006238696647459685 544
1694631375747 -0.006946014592539962 545
1694631375783 -0.007392714525331856 546
1694631375816 -0.006251194032542484 547
1694631375849 -0.007642566370529735 548
1694631375882 -0.007354595944205844 549
1694631375916 -0.008181290817568243 550
1694631375951 -0.005514064179150235 551
1694631375982 -0.007105616483672472 552
1694631376015 -0.007459939904683521 553
1694631376049 -0.006192584120539246 554
1694631376081 -0.0070233901296912205 555
1694631376115 -0.006755923006838138 556
1694631376149 -0.0064243261881609115 557
1694631376178 -0.007987892375354688 558
1694631376208 -0.007795806314138121 559
1694631376241 -0.00610097445581137 560
1694631376273 -0.007050007195781749 561
1694631376305 -0.0076523848793710325 562
1694631376336 -0.006011009413302126 563
1694631376368 -0.007140914912206364 564
1694631376399 -0.007647028307269155 565
1694631376431 -0.006720813271646975 566
1694631376462 -0.00579471549166799 567
1694631376497 -0.005813790901533444 568
1694631376529 -0.006246991739705443 569
1694631376563 -0.004992072536861514 570
1694631376593 -0.006461882639211325 571
1694631376626 -0.007490378008398357 572
1694631376658 -0.004702309771210222 573
1694631376688 -0.005186603833928771 574
1694631376721 -0.0062299232006264305 575
1694631376752 -0.008589308687496189 576
1694631376782 -0.005983953477154191 577
1694631376814 -0.006861580567403935 578
1694631376843 -0.007724144589169812 579
1694631376872 -0.006528438208190712 580
1694631376906 -0.005395976022698035 581
1694631376938 -0.007804474624927504 582
1694631376968 -0.006113551706616871 583
1694631376998 -0.006706628885214672 584
1694631377033 -0.005798569620434124 585
1694631377065 -0.005803029489923617 586
1694631377098 -0.005758237722131687 587
1694631377131 -0.0062578667220665185 588
1694631377163 -0.007808914078544449 589
1694631377193 -0.006717144380887108 590
1694631377227 -0.006960607038148492 591
1694631377260 -0.007549317124434962 592
1694631377295 -0.005606086396155341 593
1694631377326 -0.005358269233371571 594
1694631377359 -0.005623646201299293 595
1694631377391 -0.006072799240385507 596
1694631377425 -0.007231861520863081 597
1694631377455 -0.005139074815039502 598
1694631377488 -0.007642035455419416 599
1694631377521 -0.006683777142571623 600
1694631377552 -0.006898635935832287 601
1694631377580 -0.007943701047128604 602
1694631377614 -0.005854379992362713 603
1694631377647 -0.004746464680334794 604
1694631377679 -0.007312147900229382 605
1694631377712 -0.0060523726912335984 606
1694631377744 -0.007370873487827501 607
1694631377778 -0.006572093586030503 608
1694631377812 -0.005423872890387926 609
1694631377842 -0.005964490454475779 610
1694631377874 -0.007014414606626884 611
1694631377905 -0.006224345233804662 612
1694631377938 -0.00595112555466315 613
1694631377970 -0.00584094145981906 614
1694631378003 -0.006118498686365381 615
1694631378037 -0.007092629446147525 616
1694631378070 -0.00715170895640016 617
1694631378102 -0.007476594985305951 618
1694631378133 -0.005910501199886786 619
1694631378165 -0.007076726858798121 620
1694631378197 -0.005445865393710392 621
1694631378229 -0.007761027548740751 622
1694631378260 -0.006207847429342328 623
1694631378297 -0.005586978363723238 624
1694631378331 -0.005801553747099009 625
1694631378365 -0.004610532863404737 626
1694631378397 -0.00532094212541212 627
1694631378429 -0.007130598674969013 628
1694631378463 -0.006571106071402655 629
1694631378497 -0.0052182266933149535 630
1694631378529 -0.007182001372231905 631
1694631378559 -0.006453769937446285 632
1694631378592 -0.006299729309262592 633
1694631378626 -0.005908608630768475 634
1694631378657 -0.005509208125979992 635
1694631378690 -0.005418220707505972 636
1694631378721 -0.005595518993523951 637
1694631378753 -0.005636542801834565 638
1694631378787 -0.0056178121163152905 639
1694631378819 -0.00722143057004021 640
1694631378851 -0.006561903541722591 641
1694631378886 -0.006779608897439227 642
1694631378922 -0.006034976537174774 643
1694631378951 -0.00545304369536348 644
1694631378983 -0.0052442898517401915 645
1694631379014 -0.007161011186075594 646
1694631379046 -0.0050975873952681106 647
1694631379080 -0.006511806892710359 648
1694631379113 -0.007427982937118216 649
1694631379145 -0.005633523437009513 650
1694631379181 -0.0057980554774317294 651
1694631379214 -0.006651567201385156 652
1694631379246 -0.006215075731023312 653
1694631379279 -0.0054739769352123435 654
1694631379314 -0.004495418288077868 655
1694631379348 -0.007316441601041834 656
1694631379382 -0.004852902822793048 657
1694631379415 -0.005862869881785526 658
1694631379446 -0.006089013347530203 659
1694631379483 -0.006547843461947034 660
1694631379516 -0.004549814562133436 661
1694631379549 -0.0063191109112794575 662
1694631379583 -0.005746832873531504 663
1694631379616 -0.006313857675294798 664
1694631379649 -0.007188726224476971 665
1694631379682 -0.006306806422222033 666
1694631379717 -0.006919282914868541 667
1694631379748 -0.006466748097806896 668
1694631379780 -0.005914636554658292 669
1694631379815 -0.006815870420891601 670
1694631379846 -0.007575275971871687 671
1694631379879 -0.0044681185076078656 672
1694631379911 -0.006587218101873127 673
1694631379941 -0.0033777657428835095 674
1694631379974 -0.006456997737166903 675
1694631380007 -0.005957452575891198 676
1694631380040 -0.0050964497324264 677
1694631380073 -0.005178348987338044 678
1694631380105 -0.005107771841991626 679
1694631380135 -0.005111353306652466 680
1694631380167 -0.004825761771047432 681
1694631380201 -0.005311583363127648 682
1694631380232 -0.0060221155794248915 683
1694631380264 -0.00701429050101221 684
1694631380296 -0.005200436558812749 685
1694631380327 -0.0054404288780565135 686
1694631380361 -0.00621496261862764 687
1694631380396 -0.006983018257788132 688
1694631380433 -0.005204460734633765 689
1694631380464 -0.005677104430382718 690
1694631380498 -0.0053363503388084155 691
1694631380532 -0.006073978216506459 692
1694631380566 -0.006825969348855931 693
1694631380598 -0.00841379687069499 694
1694631380629 -0.006845584723741194 695
1694631380665 -0.005691071823421101 696
1694631380701 -0.006214093596262238 697
1694631380737 -0.006476969285198697 698
1694631380772 -0.004729946148878117 699
1694631380805 -0.006128144832289628 700
1694631380839 -0.005777184722161266 701
1694631380872 -0.004994042279162558 702
1694631380903 -0.006204029181203996 703
1694631380934 -0.00561825096673374 704
1694631380963 -0.0054431269433847795 705
1694631380996 -0.004975179250720441 706
1694631381028 -0.005290558240075738 707
1694631381058 -0.004812616949892323 708
1694631381090 -0.0039113397037569 709
1694631381122 -0.005809324635003499 710
1694631381156 -0.0056984069791423675 711
1694631381188 -0.007375733629681358 712
1694631381220 -0.005040476673004779 713
1694631381253 -0.004993242958205135 714
1694631381284 -0.006094898347142941 715
1694631381316 -0.006493443240539465 716
1694631381347 -0.0054804817473517176 717
1694631381379 -0.005568263838372056 718
1694631381409 -0.00577891166173683 719
1694631381441 -0.0043341915999082214 720
1694631381471 -0.007284788275112808 721
1694631381507 -0.006123932457520187 722
1694631381539 -0.0041124247840000905 723
1694631381567 -0.004119770738184814 724
1694631381599 -0.008127615227862428 725
1694631381634 -0.006066935411241925 726
1694631381665 -0.0049850973942855425 727
1694631381698 -0.006935866662994616 728
1694631381732 -0.004414006158817596 729
1694631381765 -0.004272118251805512 730
1694631381798 -0.006155634203754534 731
1694631381831 -0.005888388657638632 732
1694631381862 -0.005004256470644952 733
1694631381895 -0.004857982474912204 734
1694631381927 -0.004507174556684701 735
1694631381959 -0.005279524203386066 736
1694631381993 -0.004933855304755985 737
1694631382023 -0.006066145940540668 738
1694631382054 -0.004194523489813307 739
1694631382084 -0.005190708299610103 740
1694631382115 -0.004448780948893782 741
1694631382145 -0.006132353774897625 742
1694631382175 -0.004514292540557019 743
1694631382209 -0.004131482500603134 744
1694631382240 -0.004986752031196362 745
1694631382270 -0.005383232720851838 746
1694631382301 -0.005267251233489256 747
1694631382335 -0.005652927408007047 748
1694631382367 -0.0061411121272103575 749
1694631382398 -0.0046632950819547325 750
1694631382430 -0.005216149498579625 751
1694631382460 -0.0051037427073767905 752
1694631382492 -0.005952764799141086 753
1694631382524 -0.003995953624826631 754
1694631382552 -0.004532336367414125 755
1694631382582 -0.005368071334767466 756
1694631382614 -0.0038015550040093604 757
1694631382646 -0.0039355010324122475 758
1694631382676 -0.005125793984279259 759
1694631382708 -0.005379128307906544 760
1694631382740 -0.0052558762493339906 761
1694631382767 -0.005851976138778525 762
1694631382803 -0.005422224370401851 763
1694631382835 -0.0052807341630545235 764
1694631382866 -0.0031746615657179955 765
1694631382901 -0.006157807077225019 766
1694631382933 -0.004262563296598465 767
1694631382962 -0.0071886060840227195 768
1694631382992 -0.005437136188535918 769
1694631383022 -0.003230081872644508 770
1694631383053 -0.0042288890622330655 771
1694631383084 -0.004018143401803176 772
1694631383118 -0.005713208411026516 773
1694631383150 -0.00427362545218557 774
1694631383182 -0.0056804391861950965 775
1694631383214 -0.005272982210180466 776
1694631383249 -0.003912763540213415 777
1694631383278 -0.005240131966309791 778
1694631383311 -0.004874387185261897 779
1694631383344 -0.005804675056918951 780
1694631383376 -0.004529106693696994 781
1694631383410 -0.004607583197296927 782
1694631383445 -0.006921073168812741 783
1694631383474 -0.005344405718676226 784
1694631383508 -0.004971237917178906 785
1694631383541 -0.0025245978870436225 786
1694631383572 -0.006319721830827962 787
1694631383606 -0.006255185575106514 788
1694631383640 -0.003980003909107355 789
1694631383673 -0.006060463053545462 790
1694631383709 -0.0033719166797672173 791
1694631383757 -0.0042748595202579676 792
1694631383805 -0.004416257437103388 793
1694631383844 -0.004464292451716867 794
1694631383892 -0.006635037654319165 795
1694631383946 -0.0065240803642390155 796
1694631383984 -0.004156428612083429 797
1694631384016 -0.005285228936485975 798
1694631384047 -0.005183981135216786 799
1694631384074 -0.007182324628389081 800
1694631384105 -0.003965436798310629 801
1694631384137 -0.004261696044447927 802
1694631384168 -0.005156316019345741 803
1694631384201 -0.004686167150241616 804
1694631384234 -0.004479693008550667 805
1694631384265 -0.004928252264238875 806
1694631384298 -0.004190134190582562 807
1694631384329 -0.004694941392590746 808
1694631384360 -0.004476573679528029 809
1694631384392 -0.005106502517389977 810
1694631384422 -0.004181060996642172 811
1694631384452 -0.001944630124188107 812
1694631384487 -0.003348805941593813 813
1694631384519 -0.005094797032085818 814
1694631384551 -0.004639708311748869 815
1694631384580 -0.004065906180105827 816
1694631384611 -0.005126687896373605 817
1694631384641 -0.002697528226234258 818
1694631384674 -0.0036108659296494316 819
1694631384709 -0.005773605049118391 820
1694631384744 -0.006655712727936747 821
1694631384777 -0.0025681105018251493 822
1694631384809 -0.005490188992575806 823
1694631384841 -0.004084886136752175 824
1694631384873 -0.00533029782984018 825
1694631384904 -0.0035838312931482097 826
1694631384936 -0.0054729843949863355 827
1694631384966 -0.0026301974021991636 828
1694631384999 -0.005110031617833188 829
1694631385031 -0.005071237357084257 830
1694631385063 -0.0035616748545639343 831
1694631385098 -0.004221808684666373 832
1694631385131 -0.003798519873495332 833
1694631385163 -0.004812281117682282 834
1694631385193 -0.002868501052567529 835
1694631385223 -0.004398495798212387 836
1694631385252 -0.0037365526544088645 837
1694631385280 -0.004152094394211492 838
1694631385315 -0.004898012905501403 839
1694631385348 -0.00535898366453913 840
1694631385381 -0.0038161508925018683 841
1694631385414 -0.005808409339125742 842
1694631385446 -0.0046849801062596175 843
1694631385478 -0.006440137527362166 844
1694631385513 -0.0029386685253918188 845
1694631385547 -0.004127100038268772 846
1694631385579 -0.003567647100620297 847
1694631385615 -0.004887059027909757 848
1694631385651 -0.0036045331248308887 849
1694631385682 -0.0040633102215485994 850
1694631385717 -0.004570153026852708 851
1694631385750 -0.005022409385080362 852
1694631385783 -0.004097701675311205 853
1694631385817 -0.004227248643364545 854
1694631385851 -0.002712485607893944 855
1694631385883 -0.00609952616101217 856
1694631385915 -0.0036251320658875485 857
1694631385948 -0.003966823285761034 858
1694631385980 -0.004378425515646711 859
1694631386015 -0.004022501408420309 860
1694631386051 -0.004277806229363579 861
1694631386084 -0.003172312371771069 862
1694631386118 -0.005380251464681685 863
1694631386153 -0.002962674448535596 864
1694631386190 -0.0019189255426239615 865
1694631386224 -0.0021947722912574186 866
1694631386256 -0.0022531107754852897 867
1694631386289 -0.0050487898534581355 868
1694631386320 -0.0036285963539099964 869
1694631386352 -0.002535049593707539 870
1694631386385 -0.004647885937012708 871
1694631386418 -0.0030470963112272376 872
1694631386452 -0.002767980032923889 873
1694631386491 -0.00399196026971671 874
1694631386527 -0.0022874095112797033 875
1694631386563 -0.00185426541648126 876
1694631386599 -0.003082269158112716 877
1694631386631 -0.0023529532047865676 878
1694631386663 -0.001971765365772704 879
1694631386698 -0.003972625761169635 880
1694631386732 -0.004625537536662838 881
1694631386762 -0.004077463990610486 882
1694631386796 -0.0031456733025785333 883
1694631386827 -0.0032464582596538616 884
1694631386863 -0.0037747363029874137 885
1694631386898 -0.003839742480245212 886
1694631386931 -0.005441600567389626 887
1694631386964 -0.00233496894134011 888
1694631386998 -0.0015375221148195006 889
1694631387032 -0.0033708577345348267 890
1694631387067 -0.0019913642099522733 891
1694631387103 -0.004653527499874688 892
1694631387141 -0.0029559985115090726 893
1694631387178 -0.004398598220374472 894
1694631387238 -0.0018845760727543848 895
1694631387276 -0.0014580389862957066 896
1694631387310 -0.0038887711593464935 897
1694631387342 -0.0046584003245924155 898
1694631387375 -0.00555630665047091 899
1694631387405 -0.004753891359030815 900
1694631387442 -0.003171062198092489 901
1694631387478 -0.0023389708366130524 902
1694631387517 -0.002818849435509918 903
1694631387554 -0.003589191898297095 904
1694631387589 -0.0028250255576844907 905
1694631387622 -0.004770363164992908 906
1694631387654 -0.004029952255221403 907
1694631387684 -0.00380865417219578 908
1694631387718 -0.00311302647881484 909
1694631387749 -0.004320572844964232 910
1694631387780 -0.0042813782997406236 911
1694631387814 -0.005237444764076837 912
1694631387846 -0.0005875323812885025 913
1694631387881 -0.0024943299751762904 914
1694631387915 -0.004245270143974578 915
1694631387949 -0.0016312895703276542 916
1694631387983 -0.0027301767888283646 917
1694631388022 -0.0029928150272844345 918
1694631388057 -0.0029019028936423386 919
1694631388094 -0.0033110260302642303 920
1694631388129 -0.0013185178512993279 921
1694631388163 -0.0038099461764642406 922
1694631388198 -0.0029599971390263935 923
1694631388231 -0.001062827538792055 924
1694631388261 -0.0018137408477916228 925
1694631388293 -0.004675723277757005 926
1694631388324 -0.003100287959433068 927
1694631388355 -0.0039260646437047075 928
1694631388388 -0.005263686169192372 929
1694631388419 -0.003108798530625956 930
1694631388451 -0.003292215758943229 931
1694631388484 -0.004424429819267939 932
1694631388518 -0.005950075712231717 933
1694631388550 -0.0027014509169982492 934
1694631388580 -0.003725339523515725 935
1694631388617 -0.0032208565485500884 936
1694631388647 -0.0012896417780214886 937
1694631388677 -0.0028353191748677897 938
1694631388709 -0.0037780066241512866 939
1694631388743 -0.0020187135308291637 940
1694631388772 -0.002407112503382436 941
1694631388804 -0.004119235790725595 942
1694631388839 5.7819175725670746e-05 943
1694631388873 -0.003373952417694781 944
1694631388911 -0.001350114691179849 945
1694631388946 -0.001643821895466413 946
1694631388981 -0.004201978841570364 947
1694631389017 -0.0032343000053860482 948
1694631389051 -0.0016419655717472281 949
1694631389082 -0.0025632682167773257 950
1694631389115 -0.003936384551856964 951
1694631389146 -0.002825004532722053 952
1694631389177 -0.0050774801378115075 953
1694631389207 -0.0023904441274957833 954
1694631389238 -0.002797579532914929 955
1694631389267 -0.0003848751496586811 956
1694631389298 -0.002484916191805686 957
1694631389329 -0.003548280690067518 958
1694631389364 -0.0008603152062285346 959
1694631389394 -0.001215567444854182 960
1694631389425 -0.004591512635123252 961
1694631389454 -0.003494556702297258 962
1694631389483 -0.0026712361639109616 963
1694631389515 -0.0019210927855410898 964
1694631389550 -0.003893731430387959 965
1694631389579 -0.002791326426414553 966
1694631389611 -0.0038791041512600266 967
1694631389642 -0.002933733714969522 968
1694631389670 -0.0011861093264946554 969
1694631389704 -0.0044456485231920695 970
1694631389735 -0.002289589190127117 971
1694631389765 -0.0033539780225231297 972
1694631389798 -0.0013973700124705335 973
1694631389834 -0.00013503159114391927 974
1694631389870 -0.003869324332697932 975
1694631389909 -0.0014765339053983695 976
1694631389943 -0.0016966646140268438 977
1694631389974 -0.001766562903985136 978
1694631390006 -0.0008956728171636286 979
1694631390037 -0.0015924511811549191 980
1694631390065 -0.0034773723244667654 981
1694631390095 -0.0035321982094191906 982
1694631390127 -0.0028515195488363343 983
1694631390161 -0.0019890020904984596 984
1694631390190 -0.0014797750461976733 985
1694631390225 -0.0006804834096538759 986
1694631390257 -0.0012126273517469865 987
1694631390290 -0.0012335875469928759 988
1694631390321 -0.0017494105194739706 989
1694631390352 -0.005034817493584809 990
1694631390384 -0.0019520990443029351 991
1694631390417 -0.002789451128348608 992
1694631390448 -0.00378726159231646 993
1694631390476 -0.001944317780325111 994
1694631390511 -0.0020324398841289337 995
1694631390542 -0.0019214496037001094 996
1694631390572 0.0011455942386849882 997
1694631390608 -0.0027505995317478327 998
1694631390641 -0.0008539531810769496 999
