1694626985532 86.08564116704899 0
1694626985838 65.56494298704914 1
1694626986114 41.12964166983388 2
1694626986514 17.603267472042685 3
1694626986827 16.447804688347535 4
1694626987118 9.9624400154495 5
1694626987437 12.971762550415887 6
1694626987736 9.104349918354389 7
1694626987979 6.862859300050195 8
1694626988267 4.216226654904122 9
1694626988517 6.996480833735505 10
1694626988807 6.180234552348644 11
1694626989135 4.588786945132414 12
1694626989546 6.924458230485722 13
1694626989859 4.9349852844532816 14
1694626990153 4.638339821063313 15
1694626990439 5.865194216862107 16
1694626990659 3.7700815818231797 17
1694626990904 5.097106726083456 18
1694626991181 4.433075037109604 19
1694626991471 4.076438899978577 20
1694626991715 5.729259889191248 21
1694626992000 5.100987529691374 22
1694626992300 6.322326040875613 23
1694626992589 6.2337107321962595 24
1694626992877 2.020325610297157 25
1694626993157 5.561182163286416 26
1694626993448 5.681588450287015 27
1694626993704 5.281808061000657 28
1694626993943 4.33920656314587 29
1694626994181 7.328125960315486 30
1694626994461 6.378380547912953 31
1694626994722 5.903790997985127 32
1694626994977 6.070567992527116 33
1694626995233 3.197875101052351 34
1694626995494 3.205640592660542 35
1694626995776 5.838567827445713 36
1694626996002 3.868412529538922 37
1694626996270 3.7777592859046183 38
1694626996504 3.7962345754375093 39
1694626996749 5.249048278258727 40
1694626997014 5.4161992207094585 41
1694626997302 4.07643680417349 42
1694626997574 5.704781587000064 43
1694626997835 6.148460974557024 44
1694626998065 3.5253117864401524 45
1694626998358 4.971030030205077 46
1694626998636 4.729014506294862 47
1694626998872 5.134276984982273 48
1694626999165 3.329039580189039 49
1694626999482 7.286605807713873 50
1694626999762 6.763409653519386 51
1694627000051 4.979710515114857 52
