1694623697219 -0.0062030676355273595 0
1694623697249 -0.005688009341134226 1
1694623697278 -0.005800396810021091 2
1694623697308 -0.0045293635968337576 3
1694623697336 -0.006344099785143831 4
1694623697368 -0.0053928511659135925 5
1694623697398 -0.00535203632204162 6
1694623697427 -0.005327134821962343 7
1694623697456 -0.006235976962662093 8
1694623697485 -0.005264146680706627 9
1694623697516 -0.004760839774044179 10
1694623697547 -0.005729739444011672 11
1694623697582 -0.004418382896300477 12
1694623697624 -0.0056849968873651235 13
1694623697658 -0.005795283215621172 14
1694623697688 -0.005085184023301936 15
1694623697720 -0.004799533694112901 16
1694623697752 -0.004215990095381317 17
1694623697779 -0.00465125460328486 18
1694623697806 -0.004482334859448711 19
1694623697832 -0.00473752516462822 20
1694623697859 -0.005337948436013429 21
1694623697889 -0.004201498299120976 22
1694623697925 -0.003706136134812743 23
1694623697966 -0.004254315466909464 24
1694623698001 -0.004424091955859133 25
1694623698040 -0.0048868093240101995 26
1694623698077 -0.005115363046758414 27
1694623698109 -0.003748069320009151 28
1694623698140 -0.004537270297308993 29
1694623698173 -0.005180452199315511 30
1694623698206 -0.00414683659469306 31
1694623698238 -0.0048860795582830185 32
1694623698271 -0.0036602988125611358 33
1694623698304 -0.004051982217587735 34
1694623698333 -0.004195619186568855 35
1694623698362 -0.0037066853665093102 36
1694623698391 -0.0036460988676616513 37
1694623698424 -0.0040775858414903166 38
1694623698452 -0.0028988358198114295 39
1694623698481 -0.003693084290781412 40
1694623698510 -0.002242016292071991 41
1694623698538 -0.003661967857021775 42
1694623698573 -0.0034365372529252536 43
1694623698604 -0.0032503058956552255 44
1694623698635 -0.0024196902233013518 45
1694623698667 -0.002707531616716441 46
1694623698700 -0.001636012623480676 47
1694623698728 -0.002581486597715177 48
1694623698757 -0.0024964530142754793 49
1694623698788 -0.0015638142106000341 50
1694623698820 -0.002101156455487807 51
1694623698847 -0.0016001356575545689 52
1694623698874 -0.0017109160986377159 53
1694623698901 -0.001778097775454901 54
1694623698926 -0.001908905132306682 55
1694623698950 -0.0017336399002798597 56
1694623698978 -0.0014654491443992779 57
1694623699005 -0.0018269437504618846 58
1694623699032 -0.001563313273654554 59
1694623699061 -0.001517312516667424 60
1694623699090 -0.00133644773151409 61
1694623699118 -0.0020235353056823335 62
1694623699144 -0.0007385724121593551 63
1694623699172 -0.0010992080797331827 64
1694623699198 -0.0003168340054275909 65
1694623699228 0.0008830378968508468 66
1694623699258 5.572567992406796e-05 67
1694623699289 -0.0007558745959319602 68
1694623699321 -0.0003839184667877582 69
1694623699349 0.00035837172699138 70
1694623699381 0.0003371420122907365 71
1694623699408 0.0011736803658110029 72
1694623699435 8.52883388788861e-05 73
1694623699464 0.0011661495709610614 74
1694623699493 0.0011356065533570936 75
1694623699522 0.0017756879444792428 76
1694623699550 0.0014241606518774486 77
1694623699580 0.0013898311425593057 78
1694623699609 0.0012423004078594424 79
1694623699637 0.0015266260045802005 80
1694623699667 2.115767964760984e-05 81
1694623699695 0.0029203651682447873 82
1694623699728 0.0029278648922385075 83
1694623699759 0.003892580860774486 84
1694623699791 0.004033760870751135 85
1694623699825 0.0045959433589075616 86
1694623699854 0.0029029420911542703 87
1694623699885 0.005032257735658963 88
1694623699912 0.003339478516445782 89
1694623699936 0.00523759506459176 90
1694623699964 0.002761291911546171 91
1694623699991 0.00581794766266841 92
1694623700016 0.005606447706093753 93
1694623700042 0.004208720983858827 94
1694623700070 0.004182162893916264 95
1694623700093 0.006274407823225303 96
1694623700119 0.004744812538572174 97
1694623700143 0.00441761245277239 98
1694623700169 0.00680287233068233 99
1694623700193 0.004649683754168743 100
1694623700218 0.006918684437238198 101
1694623700241 0.008898292495248317 102
1694623700268 0.005971258901587562 103
1694623700297 0.006639981764228642 104
1694623700326 0.009663212131346799 105
1694623700355 0.007341765688164248 106
1694623700386 0.008503996381326928 107
1694623700416 0.006842112668013378 108
1694623700443 0.008923123864451155 109
1694623700473 0.006843070222523506 110
1694623700503 0.0070124479982631716 111
1694623700531 0.009605894078725474 112
1694623700567 0.010838410628321804 113
1694623700597 0.0071214622836736075 114
1694623700624 0.01413777377731984 115
1694623700650 0.007132499558712424 116
1694623700675 0.010612057154425147 117
1694623700703 0.009458803800842075 118
1694623700730 0.010504947036263479 119
1694623700758 0.010093477358165237 120
1694623700788 0.009635618542213065 121
1694623700818 0.012728923306410289 122
1694623700845 0.010612117883223582 123
1694623700872 0.013936812853498015 124
1694623700900 0.010716298866946361 125
1694623700928 0.015758409653115035 126
1694623700958 0.013768492343947614 127
1694623700989 0.011282599195295506 128
1694623701019 0.012986291884312329 129
1694623701046 0.014034995679037876 130
1694623701078 0.013356067537519722 131
1694623701108 0.014051990664284753 132
1694623701135 0.014211719883290064 133
1694623701163 0.012383858824670413 134
1694623701191 0.013609791076202749 135
1694623701221 0.015005719592605438 136
1694623701247 0.012712820273657277 137
1694623701279 0.013063482523072434 138
1694623701312 0.019285197673343912 139
1694623701341 0.01685528723679286 140
1694623701375 0.016379735928350625 141
1694623701410 0.01958178531131649 142
1694623701440 0.017765161275924646 143
1694623701469 0.01661323678217186 144
1694623701505 0.01907112396374444 145
1694623701538 0.018325475666062352 146
1694623701574 0.019014923638463688 147
1694623701611 0.025893547109811177 148
1694623701639 0.016867722258345652 149
1694623701666 0.014225092484946189 150
1694623701693 0.015918021362172463 151
1694623701719 0.02237302310379663 152
1694623701744 0.01739810161948374 153
1694623701772 0.021864525133879265 154
1694623701804 0.02675656173616825 155
1694623701833 0.02348550451592879 156
1694623701861 0.018308379906235017 157
1694623701891 0.020309848955760934 158
1694623701920 0.02039539768785903 159
1694623701944 0.019396911021047236 160
1694623701970 0.023489268014503017 161
1694623701998 0.020395415308887666 162
1694623702025 0.021921802892519326 163
1694623702052 0.026683241524932066 164
1694623702076 0.025691491018903667 165
1694623702102 0.020871678946234207 166
1694623702126 0.02522718334761742 167
1694623702150 0.014820727529675226 168
1694623702175 0.026446224869104196 169
1694623702200 0.029851896590824878 170
1694623702223 0.03334035963954329 171
1694623702246 0.026228130034266495 172
1694623702273 0.023253360879000762 173
1694623702298 0.02467735410660954 174
1694623702323 0.03535570590743364 175
1694623702345 0.02346705821029893 176
1694623702372 0.021940769666252913 177
1694623702396 0.02108546691843005 178
1694623702421 0.022060920352010682 179
1694623702444 0.024273296441426395 180
1694623702475 0.028069367350071373 181
1694623702507 0.0285872037307211 182
1694623702534 0.0341013649278572 183
1694623702562 0.02639375860355142 184
1694623702593 0.028404616393788884 185
1694623702624 0.025555763042634405 186
1694623702650 0.028177659851730374 187
1694623702681 0.029266937698151696 188
1694623702710 0.03272811047294377 189
1694623702740 0.02887761740457062 190
1694623702769 0.026227625642810337 191
1694623702798 0.02211397269995541 192
1694623702824 0.03792090419330474 193
1694623702847 0.028371430461131775 194
1694623702871 0.03067518619488585 195
1694623702896 0.03706747083029904 196
1694623702921 0.03824991744664519 197
1694623702944 0.0383330034454723 198
1694623702973 0.032781057795769564 199
1694623703001 0.038859280379859196 200
1694623703029 0.030085105511667765 201
1694623703055 0.03305996697639124 202
1694623703082 0.036439695153680285 203
1694623703112 0.03946595883491144 204
1694623703142 0.03248044337585887 205
1694623703173 0.030868076519371734 206
1694623703206 0.034870619146368464 207
1694623703238 0.0372066623761067 208
1694623703266 0.03556217262665018 209
1694623703295 0.037109114285564515 210
1694623703321 0.038735358835856215 211
1694623703350 0.041407026735583274 212
1694623703380 0.03472030446575325 213
1694623703409 0.03568327404978744 214
1694623703437 0.03342068093571815 215
1694623703466 0.042304424702729326 216
1694623703495 0.0320944524100194 217
1694623703525 0.0345809282878865 218
1694623703554 0.041925200968620624 219
1694623703585 0.04877757949558137 220
1694623703619 0.03953515216509518 221
1694623703653 0.03307714464991718 222
1694623703692 0.04206801334265309 223
1694623703728 0.04669039812149378 224
1694623703760 0.04118163226400484 225
1694623703791 0.03715758178557227 226
1694623703820 0.04706475512911901 227
1694623703849 0.04269680330902659 228
1694623703878 0.038031132434642956 229
1694623703906 0.04770498404167067 230
1694623703933 0.044616232712827664 231
1694623703960 0.04164347726563433 232
1694623703989 0.04817449656075623 233
1694623704019 0.0422894725164894 234
1694623704045 0.04812846611692978 235
1694623704072 0.04979769903118325 236
1694623704104 0.042675508550221286 237
1694623704131 0.04963720346396738 238
1694623704158 0.04909940217427433 239
1694623704185 0.040139941779163135 240
1694623704210 0.0444784733432122 241
1694623704235 0.03783746283900158 242
1694623704260 0.04833882709217807 243
1694623704288 0.04604022316233414 244
1694623704316 0.04990623731110133 245
1694623704342 0.041601556395537975 246
1694623704377 0.04726015041263032 247
1694623704407 0.04120669799476684 248
1694623704436 0.0484780500092552 249
1694623704464 0.04075244777564779 250
1694623704494 0.04969751536184319 251
1694623704521 0.03991474405784112 252
1694623704544 0.048783132782021066 253
1694623704573 0.05083505219364404 254
1694623704602 0.03996768152569019 255
1694623704629 0.05578860544077513 256
1694623704653 0.04478544120147554 257
1694623704679 0.0393246582196799 258
1694623704704 0.05140541782903485 259
1694623704729 0.04591666628208413 260
1694623704753 0.04554771772964161 261
1694623704777 0.05008111552055294 262
1694623704803 0.045034473716394685 263
1694623704830 0.05320826353577013 264
1694623704860 0.049420418468387295 265
1694623704895 0.04522018802032357 266
1694623704930 0.04158061425219928 267
1694623704962 0.0508992955942662 268
1694623704992 0.04763756058879143 269
1694623705022 0.04580529225151708 270
1694623705050 0.04576774649798143 271
1694623705075 0.057274832944624876 272
1694623705101 0.055082804734785884 273
1694623705128 0.05548662623739975 274
1694623705153 0.041963731681457506 275
1694623705180 0.0555822035857535 276
1694623705207 0.04085849194044966 277
1694623705232 0.04215632982249895 278
1694623705258 0.05002831757249471 279
1694623705284 0.045127223267260375 280
1694623705312 0.047880288704096996 281
1694623705338 0.05634679936045228 282
1694623705369 0.06710155303844345 283
1694623705400 0.054424026077647736 284
1694623705427 0.05670695256369762 285
1694623705455 0.05344755130278578 286
1694623705483 0.06167791480207341 287
1694623705511 0.059240514544285916 288
1694623705536 0.05924429960201594 289
1694623705563 0.046223516543729026 290
1694623705596 0.05868551275130707 291
1694623705626 0.046313293697204605 292
1694623705655 0.06372344026783183 293
1694623705687 0.043312853507959215 294
1694623705722 0.03905854095342565 295
1694623705748 0.06333135612291341 296
1694623705777 0.04873467551398347 297
1694623705805 0.06174914461227443 298
1694623705831 0.07113767436698282 299
1694623705855 0.05118870329841818 300
1694623705879 0.039536381811829835 301
1694623705907 0.040844649709152026 302
1694623705932 0.05306205611938608 303
1694623705956 0.0656372468927734 304
1694623705981 0.05700637090125349 305
1694623706009 0.03867618258967387 306
1694623706034 0.0633588549851759 307
1694623706063 0.030399450782545356 308
1694623706097 0.0481948101149382 309
1694623706128 0.05454636738384222 310
1694623706162 0.05538544415703728 311
1694623706199 0.06053136905151124 312
1694623706231 0.06431749219495708 313
1694623706261 0.07523665404897706 314
1694623706291 0.04277231063588993 315
1694623706320 0.05231829556609513 316
1694623706347 0.05749685873873889 317
1694623706378 0.06514430620153766 318
1694623706407 0.06707774151211732 319
1694623706435 0.06315259317288668 320
1694623706463 0.05404108111670536 321
1694623706493 0.04481585176282776 322
1694623706526 0.039527179721750016 323
1694623706556 0.06195746509197231 324
1694623706592 0.05724623467982304 325
1694623706629 0.05107643585949062 326
1694623706657 0.05771198257219179 327
1694623706687 0.0625265436220015 328
1694623706718 0.06108147034035449 329
1694623706745 0.05324788348295595 330
1694623706774 0.07186198500165242 331
1694623706800 0.06050249766445148 332
1694623706829 0.059449965945923 333
1694623706856 0.056480110627673 334
1694623706883 0.045029429720144454 335
1694623706910 0.0657328058359774 336
1694623706938 0.05599310528475343 337
1694623706962 0.055341911443807845 338
1694623706986 0.07276980375936459 339
1694623707011 0.052159118429691564 340
1694623707036 0.06657924594497999 341
1694623707061 0.0626868860620432 342
1694623707086 0.06783750531918975 343
1694623707117 0.05298785537452544 344
1694623707143 0.06636986677657863 345
1694623707174 0.06836324511957637 346
1694623707205 0.05102554410267468 347
1694623707238 0.05915594030270199 348
1694623707270 0.06522894748276753 349
1694623707300 0.06308524579335373 350
1694623707329 0.04957062222010922 351
1694623707353 0.07156770993792505 352
1694623707380 0.05613217292178507 353
1694623707408 0.06885033720158962 354
1694623707435 0.058475974093624594 355
1694623707462 0.045065248177367234 356
1694623707490 0.05221237321876582 357
1694623707518 0.05768630394424035 358
1694623707544 0.05342429876848154 359
1694623707573 0.0644693829107742 360
1694623707600 0.07166882240625627 361
1694623707628 0.051879336618178784 362
1694623707658 0.05121271390759152 363
1694623707694 0.05749393481803544 364
1694623707733 0.056676689945040715 365
1694623707768 0.07571054944332434 366
1694623707798 0.050107647914606646 367
1694623707829 0.056747890713827465 368
1694623707853 0.05112296666425675 369
1694623707881 0.059798315015568315 370
1694623707907 0.049859518136041836 371
1694623707933 0.05826938647584401 372
1694623707960 0.05944980826557844 373
1694623707987 0.05644210090706936 374
1694623708017 0.05485498429083169 375
1694623708044 0.06313618006797606 376
1694623708073 0.04876653204774728 377
1694623708101 0.06729822801707497 378
1694623708131 0.06811776197453567 379
1694623708158 0.06700093595134848 380
1694623708186 0.057297282906356384 381
1694623708217 0.07112744332651488 382
1694623708243 0.07380542451856453 383
1694623708273 0.059632798174307666 384
1694623708303 0.04706147735335142 385
1694623708332 0.055271352115270345 386
1694623708359 0.04357390086375623 387
1694623708390 0.054246689241783 388
1694623708419 0.08546160872794684 389
1694623708448 0.04930686250396976 390
1694623708479 0.04804600531616465 391
1694623708511 0.05890446493237922 392
1694623708539 0.08081431823525065 393
1694623708565 0.07093096205483429 394
1694623708591 0.06228181941991895 395
1694623708617 0.05571317842441659 396
1694623708642 0.06696473634430444 397
1694623708670 0.04997400814983888 398
1694623708696 0.06304765887423602 399
1694623708724 0.06829185000471438 400
1694623708754 0.0639741009465099 401
1694623708780 0.06000814277825639 402
1694623708807 0.05636369448006373 403
1694623708833 0.0561149237593942 404
1694623708861 0.05492227235754554 405
1694623708891 0.052795290165403075 406
1694623708922 0.05954989302071434 407
1694623708951 0.050027264607728994 408
1694623708984 0.05738697484489774 409
1694623709014 0.06091665618794784 410
1694623709040 0.06910965088261845 411
1694623709066 0.0640152436938961 412
1694623709092 0.046807764748921454 413
1694623709119 0.061033301991125666 414
1694623709144 0.06089913630710653 415
1694623709171 0.06193029919642412 416
1694623709197 0.051705169433733045 417
1694623709223 0.07176342761676713 418
1694623709247 0.060409805915880965 419
1694623709274 0.06789068400854248 420
1694623709300 0.060140612438665975 421
1694623709329 0.07845538531825735 422
1694623709356 0.06845600268752161 423
1694623709385 0.05827517559392925 424
1694623709414 0.08358479504266603 425
1694623709441 0.06970279282231262 426
1694623709469 0.06356081774535272 427
1694623709497 0.059663375828022724 428
1694623709526 0.08226895706819581 429
1694623709550 0.0697595636730961 430
1694623709576 0.0626347695834445 431
1694623709602 0.066814172640694 432
1694623709638 0.04439102998926958 433
1694623709673 0.04918375053463353 434
1694623709708 0.05755657569434114 435
1694623709743 0.04235623916057518 436
1694623709772 0.058720899415666494 437
1694623709800 0.06201583082240636 438
1694623709827 0.07868852523203029 439
1694623709853 0.056231113082706896 440
1694623709880 0.059461618168372476 441
1694623709908 0.07284089708524033 442
1694623709935 0.06910968277443075 443
1694623709961 0.07622702155798944 444
1694623709985 0.06125130282578417 445
1694623710011 0.07545493236703005 446
1694623710041 0.054018098142305626 447
1694623710073 0.06082532366184756 448
1694623710103 0.06500549508701747 449
1694623710135 0.07136093720562342 450
1694623710163 0.06732482278953422 451
1694623710189 0.06479667135965728 452
1694623710215 0.05408397448227753 453
1694623710240 0.06565998278688767 454
1694623710267 0.06697437048574095 455
1694623710294 0.062191219229875916 456
1694623710320 0.06781134981979176 457
1694623710346 0.06124098190301852 458
1694623710373 0.048972755514580024 459
1694623710399 0.05504258955601804 460
1694623710433 0.05508394680333972 461
1694623710466 0.044219835166466326 462
1694623710497 0.059644926166555035 463
1694623710533 0.05838814779041557 464
1694623710566 0.0599849866426686 465
1694623710596 0.05430638599989279 466
1694623710624 0.07041842714016455 467
1694623710650 0.06317160658677101 468
1694623710677 0.06875851759588858 469
1694623710705 0.05807744706362761 470
1694623710734 0.0686833352102163 471
1694623710763 0.06235892916714447 472
1694623710791 0.0836396093186711 473
1694623710821 0.08727325722655166 474
1694623710849 0.07224957713731384 475
1694623710878 0.05268099958550654 476
1694623710906 0.06419086222786896 477
1694623710935 0.07326236463375435 478
1694623710965 0.060959199349203796 479
1694623710994 0.05912242975833748 480
1694623711025 0.05807045166610003 481
1694623711053 0.05642792026466148 482
1694623711085 0.055819019793096336 483
1694623711117 0.06430989125993747 484
1694623711150 0.06743917962532198 485
1694623711182 0.05914893058387449 486
1694623711214 0.0668460850924747 487
1694623711242 0.07525429851062526 488
1694623711269 0.05000585274851299 489
1694623711296 0.07968298943167795 490
1694623711324 0.058489358529049684 491
1694623711351 0.06839767403913843 492
1694623711382 0.06923769784695799 493
1694623711411 0.06844107371146024 494
1694623711438 0.06822913653662632 495
1694623711468 0.06664570016020976 496
1694623711499 0.06913597309182107 497
1694623711531 0.0595613586567747 498
1694623711560 0.05959782854309037 499
1694623711594 0.0714217741891594 500
1694623711627 0.07506439696724765 501
1694623711653 0.055125123684551025 502
1694623711679 0.06400894363385756 503
1694623711706 0.06461234085342693 504
1694623711735 0.06006365790696644 505
1694623711763 0.05966671074836405 506
1694623711792 0.07676581271440863 507
1694623711822 0.0711248100470242 508
1694623711851 0.0715915901672518 509
1694623711879 0.05059761152372766 510
1694623711908 0.062407459067708504 511
1694623711937 0.05637484884973276 512
1694623711965 0.0765125654647576 513
1694623711993 0.052981473804501134 514
1694623712024 0.06333530301164603 515
1694623712055 0.05592220209368548 516
1694623712084 0.06043727810702515 517
1694623712111 0.06967087644807779 518
1694623712140 0.0696936123453259 519
1694623712170 0.07224920821983294 520
1694623712197 0.06504483045885723 521
1694623712229 0.05225583463291483 522
1694623712261 0.051684301214493855 523
1694623712294 0.06669008899714812 524
1694623712325 0.058261385887434014 525
1694623712361 0.06257351718066795 526
1694623712390 0.06515254065088394 527
1694623712419 0.06287939780248253 528
1694623712448 0.06898890866930973 529
1694623712476 0.05741275785360611 530
1694623712506 0.07382037316355328 531
1694623712539 0.05713720321652582 532
1694623712570 0.05966102456576505 533
1694623712601 0.05774154542372367 534
1694623712636 0.06481252760290002 535
1694623712671 0.06989795491724116 536
1694623712703 0.06654079169617566 537
1694623712737 0.060104353937509236 538
1694623712769 0.06487532704004584 539
1694623712797 0.057610455513234626 540
1694623712826 0.05043975894884967 541
1694623712854 0.06103186008376882 542
1694623712883 0.06754443007637789 543
1694623712911 0.08647203193207365 544
1694623712937 0.05793474790285813 545
1694623712967 0.07141746615000344 546
1694623712991 0.07775416427108617 547
1694623713017 0.07865973147323657 548
1694623713043 0.07332930449960673 549
1694623713074 0.06964232781260649 550
1694623713103 0.059611563558567005 551
1694623713130 0.07212576558229822 552
1694623713158 0.06394672963324666 553
1694623713184 0.06326245194651514 554
1694623713209 0.06658401431167482 555
1694623713233 0.06557976449147185 556
1694623713258 0.06313186389431258 557
1694623713285 0.06903348458776626 558
1694623713312 0.0742277098343852 559
1694623713340 0.04160171581448813 560
1694623713372 0.0673332767733289 561
1694623713403 0.07340281688452732 562
1694623713434 0.04967617980557659 563
1694623713462 0.07335007975995766 564
1694623713488 0.07224359723800178 565
1694623713514 0.06767994958978363 566
1694623713540 0.06370187961399476 567
1694623713569 0.054182933800549726 568
1694623713598 0.05408735830919387 569
1694623713626 0.05808283752183008 570
1694623713653 0.06324621288609411 571
1694623713684 0.041581231998226054 572
1694623713712 0.07125982787097696 573
1694623713741 0.07078381865793693 574
1694623713777 0.05080354888374561 575
1694623713808 0.0535355653039824 576
1694623713844 0.044152053662418034 577
1694623713877 0.07378702784925562 578
1694623713911 0.0687311388008941 579
1694623713943 0.06436307122748797 580
1694623713973 0.052506998322447984 581
1694623714002 0.0563959976135715 582
1694623714029 0.08656306487674215 583
1694623714059 0.074926314489968 584
1694623714089 0.06371240805792688 585
1694623714118 0.05867204641764001 586
1694623714146 0.06272803649937397 587
1694623714174 0.06306081428224108 588
1694623714200 0.06790865977692107 589
1694623714226 0.046309035128618614 590
1694623714252 0.06598011740341114 591
1694623714279 0.06626332478755081 592
1694623714307 0.06416444046159331 593
1694623714334 0.05916723020574277 594
1694623714363 0.051634287362906095 595
1694623714392 0.05711050004385032 596
1694623714416 0.0697736545351415 597
1694623714442 0.05158736356514271 598
1694623714468 0.07081337753682482 599
1694623714491 0.06909895923394394 600
1694623714516 0.06598157109506497 601
1694623714541 0.057670613823222805 602
1694623714567 0.08717119548510577 603
1694623714592 0.058989285561323324 604
1694623714617 0.06256268721137226 605
1694623714642 0.07047271197397686 606
1694623714670 0.060487403543227236 607
1694623714698 0.06341784208910262 608
1694623714727 0.07149231202792328 609
1694623714755 0.06031242049378527 610
1694623714783 0.064582602717976 611
1694623714810 0.05006459859336665 612
1694623714837 0.06494562600643605 613
1694623714865 0.06682877971262313 614
1694623714894 0.07059164802016149 615
1694623714922 0.06482485246413472 616
1694623714952 0.06279068767424434 617
1694623714980 0.07816090032281808 618
1694623715009 0.06239151240766627 619
1694623715036 0.07362876953009179 620
1694623715065 0.0680649851138524 621
1694623715089 0.069077524598677 622
1694623715113 0.06851436394084875 623
1694623715138 0.08297212781798124 624
1694623715162 0.05959510959591041 625
1694623715190 0.06270287219459603 626
1694623715217 0.06341733646961267 627
1694623715245 0.05868351281827222 628
1694623715273 0.08695230798983178 629
1694623715301 0.06875289374113158 630
1694623715328 0.0642667719791048 631
1694623715361 0.06527136510297571 632
1694623715389 0.06942428484959706 633
1694623715417 0.0700776036700489 634
1694623715447 0.07728575540567939 635
1694623715475 0.06301819312248669 636
1694623715505 0.0648736462630497 637
1694623715533 0.05875072731131448 638
1694623715562 0.05900253864761773 639
1694623715591 0.05784332141549653 640
1694623715617 0.07013551179208677 641
1694623715643 0.0694072789392095 642
1694623715670 0.07041399117376423 643
1694623715694 0.06253079589625588 644
1694623715724 0.07881359732799409 645
1694623715752 0.07308195203019197 646
1694623715779 0.05198437290823077 647
1694623715805 0.05440125832994891 648
1694623715831 0.06207230038391942 649
1694623715859 0.06717621655096584 650
1694623715885 0.06020104571636009 651
1694623715910 0.07646483545486338 652
1694623715936 0.0697662156699399 653
1694623715962 0.06638624201841492 654
1694623715988 0.05678711921539592 655
1694623716014 0.08619906026435409 656
1694623716041 0.06864653399069431 657
1694623716068 0.0575558942563309 658
1694623716095 0.05668529660259214 659
1694623716125 0.05548286894780541 660
1694623716154 0.05526955176955772 661
1694623716184 0.06600091626305815 662
1694623716212 0.07530922810625473 663
1694623716241 0.0557924619282153 664
1694623716271 0.06937565548327684 665
1694623716303 0.0670517133645191 666
1694623716328 0.06439604069493254 667
1694623716354 0.07172031800295131 668
1694623716385 0.05565822626632744 669
1694623716411 0.039715956421393916 670
1694623716437 0.06264027815232676 671
1694623716465 0.06777922286812743 672
1694623716492 0.06329396245471719 673
1694623716521 0.06898274101950785 674
1694623716555 0.0761423959221661 675
1694623716586 0.058313346567330226 676
1694623716614 0.05616382651138163 677
1694623716643 0.06769379474948445 678
1694623716672 0.05853885017528726 679
1694623716702 0.061357819226965815 680
1694623716729 0.0739969720424678 681
1694623716758 0.07509832809107864 682
1694623716788 0.06974436489357971 683
1694623716816 0.08125159045970576 684
1694623716844 0.05731386585171161 685
1694623716873 0.0641652753613805 686
1694623716901 0.08091337961097678 687
1694623716929 0.05604114446671249 688
1694623716958 0.06349775408906899 689
1694623716988 0.06329063255951528 690
1694623717017 0.053767810830412155 691
1694623717046 0.05363193733501481 692
1694623717076 0.08638916274713826 693
1694623717106 0.05983827533603259 694
1694623717135 0.08861779659844338 695
1694623717166 0.06954484813684902 696
1694623717195 0.0793874410404064 697
1694623717224 0.0714338689867452 698
1694623717253 0.06248473210158567 699
1694623717283 0.045990481594959776 700
1694623717313 0.05383067673457076 701
1694623717342 0.06376167848370295 702
1694623717373 0.061887516303125834 703
1694623717401 0.06531542648607702 704
1694623717430 0.06922870209741405 705
1694623717459 0.06771899263703052 706
1694623717487 0.06914556754437773 707
1694623717518 0.07269141613936492 708
1694623717544 0.0639173682334756 709
