1694623632626 0.0009744215781352095 0
1694623632679 0.0017754546362646062 1
1694623632727 0.0025437995765221766 2
1694623632768 0.004071849581483655 3
1694623632801 0.003387026579712904 4
1694623632833 0.005995800089075187 5
1694623632861 0.007780012158859262 6
1694623632890 0.010520715164856309 7
1694623632919 0.012535927965790505 8
1694623632952 0.015529135455375154 9
1694623632980 0.014864691339255054 10
1694623633010 0.015455471614982952 11
1694623633040 0.02736156052720795 12
1694623633070 0.020615476134556276 13
1694623633100 0.02477834297165238 14
1694623633129 0.03223371714438816 15
1694623633160 0.03527309472851181 16
1694623633186 0.0384378088305688 17
1694623633211 0.04206758449442316 18
1694623633239 0.045290437502892855 19
1694623633263 0.03519771268398397 20
1694623633289 0.047625659805870635 21
1694623633314 0.04520006527818399 22
1694623633340 0.04900576291022529 23
1694623633370 0.04799081212083656 24
1694623633399 0.04674398176168437 25
1694623633431 0.06224859989821274 26
1694623633463 0.05447612467774199 27
1694623633494 0.07045453514242839 28
1694623633525 0.06360766289912934 29
1694623633557 0.05493566384459958 30
1694623633586 0.07282028373132732 31
1694623633617 0.0720211527788498 32
1694623633645 0.0613399508424608 33
1694623633674 0.05977904052690908 34
1694623633702 0.06690094688251824 35
1694623633728 0.05716060203203588 36
1694623633759 0.07891314631150537 37
1694623633787 0.05929908547003626 38
1694623633820 0.07687073545692857 39
1694623633855 0.08239210408000996 40
1694623633886 0.06346912391161696 41
1694623633920 0.07895622491387089 42
1694623633952 0.06554854705895219 43
1694623633983 0.07818987005523492 44
1694623634013 0.0757229613851117 45
1694623634043 0.07132041635228381 46
1694623634072 0.07150787806378722 47
1694623634101 0.05551689484817468 48
1694623634135 0.08712491980754278 49
1694623634168 0.06037938564695844 50
1694623634197 0.07004306717420683 51
1694623634230 0.07378679104755459 52
1694623634268 0.07631400384611708 53
1694623634298 0.08988623422174291 54
1694623634329 0.07007136101838518 55
1694623634360 0.07615697094011176 56
1694623634388 0.0673268171149144 57
1694623634417 0.05891292811477744 58
1694623634445 0.05488537449842479 59
1694623634471 0.08698188462960366 60
1694623634498 0.06802525448087637 61
1694623634525 0.06430743883582246 62
1694623634554 0.06448243206050941 63
1694623634583 0.06025167680650001 64
1694623634614 0.09671115630263194 65
1694623634649 0.059291842973586806 66
1694623634679 0.07244463205237228 67
1694623634710 0.0720394542683448 68
1694623634740 0.06733003560639206 69
1694623634771 0.08018735356506668 70
1694623634799 0.05624208416251775 71
1694623634826 0.06431249306231157 72
1694623634855 0.05824521034018737 73
1694623634882 0.06115262450425196 74
1694623634909 0.08502027333654594 75
1694623634939 0.05460663845831393 76
1694623634968 0.07193564631467197 77
1694623634997 0.0815567097126334 78
1694623635026 0.05544671993631245 79
1694623635055 0.0735150135650211 80
1694623635084 0.07479978959181843 81
1694623635115 0.07328124890962817 82
1694623635144 0.0762391766842151 83
1694623635174 0.05576615685455122 84
1694623635202 0.05619568744833159 85
1694623635228 0.07396327460261976 86
