1694636279018 0.0 0
1694636279597 0.0 1
1694636280233 0.0 2
1694636280834 0.0 3
1694636281449 0.0 4
1694636282009 0.0 5
1694636282647 0.0 6
1694636283344 0.0 7
1694636283809 0.0 8
1694636284339 0.0 9
1694636284950 0.0 10
1694636285595 0.0 11
1694636286196 0.0 12
1694636286820 0.0 13
1694636287438 0.0 14
1694636288065 0.0 15
1694636288650 0.0 16
1694636289247 0.0 17
1694636289891 0.0 18
1694636290523 0.0 19
1694636291145 0.0 20
1694636291751 0.0 21
1694636292567 0.0 22
1694636293146 0.0 23
1694636293731 0.0 24
1694636294325 0.0 25
1694636294896 0.0 26
1694636295491 0.0 27
1694636296078 0.0 28
1694636296661 0.0 29
1694636297236 0.0 30
1694636297871 0.0 31
1694636298464 0.0 32
1694636299059 0.0 33
1694636299643 0.0 34
1694636300255 0.0 35
1694636300818 0.0 36
1694636301406 0.0 37
1694636301963 0.0 38
1694636302623 0.0 39
1694636303101 0.0 40
1694636303674 0.0 41
1694636304269 0.0 42
1694636304830 0.0 43
1694636305446 0.0 44
1694636306067 0.0 45
1694636306665 0.0 46
1694636307244 0.0 47
1694636307831 0.0 48
1694636308375 0.0 49
1694636308946 0.0 50
1694636309522 0.0 51
1694636310089 0.0 52
1694636310678 0.0 53
1694636311237 0.0 54
1694636311816 0.0 55
1694636312391 0.0 56
1694636313066 0.0 57
1694636313676 0.0 58
1694636314329 0.0 59
1694636314809 0.0 60
1694636315310 0.0 61
1694636315955 0.0 62
1694636316560 0.0 63
1694636317049 0.0 64
1694636317606 0.0 65
1694636318165 0.0 66
1694636318769 0.0 67
1694636319346 0.0 68
1694636319926 0.0 69
1694636320553 0.0 70
1694636321096 0.0 71
1694636321729 0.0 72
1694636322325 0.0 73
1694636322935 0.0 74
1694636323531 0.0 75
1694636324141 0.0 76
1694636324753 0.0 77
1694636325301 0.0 78
1694636325896 0.0 79
1694636326460 0.0 80
1694636327055 0.0 81
1694636327699 0.0 82
1694636328410 0.0 83
1694636329007 0.0 84
1694636329598 0.0 85
1694636330200 0.0 86
1694636330863 0.0 87
1694636331499 0.0 88
1694636332091 0.0 89
1694636332704 0.0 90
1694636333310 0.0 91
1694636333892 0.0 92
1694636334490 0.0 93
1694636335072 0.0 94
1694636335671 0.0 95
1694636336163 0.0 96
1694636336718 0.0 97
1694636337301 0.0 98
1694636337901 0.0 99
1694636338508 0.0 100
1694636339160 0.0 101
1694636339772 0.0 102
1694636340366 0.0 103
1694636341001 0.0 104
1694636341581 0.0 105
1694636342145 0.0 106
1694636342739 0.0 107
1694636343393 0.0 108
1694636344016 0.0 109
1694636344621 0.0 110
1694636345203 0.0 111
1694636345794 0.0 112
1694636346390 0.0 113
1694636346964 0.0 114
1694636347636 0.0 115
1694636348207 0.0 116
1694636348803 0.0 117
1694636349376 0.0 118
1694636349957 0.0 119
1694636350548 0.0 120
1694636351193 0.0 121
1694636351797 0.0 122
1694636352403 0.0 123
1694636352951 0.0 124
1694636353497 0.0 125
1694636354092 0.0 126
1694636354668 0.0 127
1694636355233 0.0 128
1694636355887 0.0 129
1694636356468 0.0 130
1694636357056 0.0 131
1694636357650 0.0 132
1694636358247 0.0 133
1694636358858 0.0 134
1694636359438 0.0 135
1694636360028 0.0 136
1694636360659 0.0 137
1694636361291 0.0 138
1694636361854 0.0 139
1694636362455 0.0 140
1694636363058 0.0 141
1694636363813 0.0 142
1694636364411 0.0 143
1694636364982 0.0 144
1694636365628 0.0 145
1694636366228 0.0 146
1694636366871 0.0 147
1694636367462 0.0 148
1694636368063 0.0 149
1694636368650 0.0 150
1694636369218 0.0 151
1694636369809 0.0 152
1694636370392 0.0 153
1694636370957 0.0 154
1694636371548 0.0 155
1694636372045 0.0 156
1694636372601 0.0 157
1694636373199 0.0 158
1694636373821 0.0 159
1694636374405 0.0 160
1694636375017 0.0 161
1694636375581 0.0 162
1694636376181 0.0 163
1694636376791 0.0 164
1694636377376 0.0 165
1694636378031 0.0 166
1694636378603 0.0 167
1694636379178 0.0 168
1694636379780 0.0 169
1694636380386 0.0 170
1694636380921 0.0 171
1694636381570 0.0 172
1694636382129 0.0 173
1694636382729 0.0 174
1694636383318 0.0 175
1694636383913 0.0 176
1694636384477 0.0 177
1694636385045 0.0 178
1694636385642 0.0 179
1694636386221 0.0 180
1694636386800 0.0 181
1694636387384 0.0 182
1694636387978 0.0 183
1694636388580 0.0 184
1694636389191 0.0 185
1694636389811 0.0 186
1694636390399 0.0 187
1694636390978 0.0 188
1694636391608 0.0 189
1694636392208 0.0 190
1694636392815 0.0 191
1694636393403 0.0 192
1694636394052 0.0 193
1694636394699 0.0 194
1694636395398 0.0 195
1694636396015 0.0 196
1694636396609 0.0 197
1694636397268 0.0 198
1694636397817 0.0 199
1694636398424 0.0 200
1694636399034 0.0 201
1694636399589 0.0 202
1694636400189 0.0 203
1694636400786 0.0 204
1694636401414 0.0 205
1694636402046 0.0 206
1694636402609 0.0 207
1694636403207 0.0 208
1694636403826 0.0 209
1694636404506 0.0 210
1694636405084 0.0 211
1694636405723 0.0 212
1694636406340 0.0 213
1694636406926 0.0 214
1694636407536 0.0 215
1694636408242 0.0 216
1694636408826 0.0 217
1694636409439 0.0 218
1694636410033 0.0 219
1694636410621 0.0 220
1694636411202 0.0 221
1694636411793 0.0 222
1694636412424 0.0 223
1694636412972 0.0 224
1694636413614 0.0 225
1694636414238 0.0 226
1694636414818 0.0 227
1694636415410 0.0 228
1694636415994 0.0 229
1694636416558 0.0 230
1694636417138 0.0 231
1694636417727 0.0 232
1694636418293 0.0 233
1694636418891 0.0 234
1694636419468 0.0 235
1694636420044 0.0 236
1694636420591 0.0 237
1694636421138 0.0 238
1694636421711 0.0 239
1694636422364 0.0 240
1694636422933 0.0 241
1694636423526 0.0 242
1694636424088 0.0 243
1694636424723 0.0 244
1694636425300 0.0 245
1694636425896 0.0 246
1694636426453 0.0 247
1694636427022 0.0 248
1694636427611 0.0 249
1694636428188 0.0 250
1694636428777 0.0 251
1694636429409 0.0 252
1694636429992 0.0 253
1694636430636 0.0 254
1694636431207 0.0 255
1694636431784 0.0 256
1694636432421 0.0 257
1694636433018 0.0 258
1694636433597 0.0 259
1694636434163 0.0 260
1694636434761 0.0 261
1694636435315 0.0 262
1694636435889 0.0 263
1694636436493 0.0 264
1694636437076 0.0 265
1694636437692 0.0 266
1694636438387 0.0 267
1694636438979 0.0 268
1694636439566 0.0 269
1694636440125 0.0 270
1694636440706 0.0 271
1694636441263 0.0 272
1694636441838 0.0 273
1694636442422 0.0 274
1694636442964 0.0 275
1694636443560 0.0 276
1694636444134 0.0 277
1694636444762 0.0 278
1694636445335 0.0 279
1694636445912 0.0 280
1694636446495 0.0 281
1694636447125 0.0 282
1694636447741 0.0 283
1694636448302 0.0 284
1694636448894 0.0 285
1694636449476 0.0 286
1694636450153 0.0 287
1694636450877 0.0 288
1694636451469 0.0 289
1694636452078 0.0 290
1694636452684 0.0 291
1694636453253 0.0 292
1694636453843 0.0 293
1694636454404 0.0 294
1694636454964 0.0 295
1694636455573 0.0 296
1694636456145 0.0 297
1694636456731 0.0 298
1694636457318 0.0 299
1694636457880 0.0 300
1694636458474 0.0 301
1694636459128 0.0 302
1694636459767 0.0 303
1694636460480 0.0 304
1694636461066 0.0 305
1694636461693 0.0 306
1694636462298 0.0 307
1694636462959 0.0 308
1694636463631 0.0 309
1694636464252 0.0 310
1694636465013 0.0 311
1694636465630 0.0 312
1694636466273 0.0 313
1694636466893 0.0 314
1694636467414 0.0 315
1694636468015 0.0 316
1694636468623 0.0 317
1694636469240 0.0 318
1694636469848 0.0 319
1694636470465 0.0 320
1694636471053 0.0 321
1694636471726 0.0 322
1694636472417 0.0 323
1694636473010 0.0 324
1694636473593 0.0 325
1694636474148 0.0 326
1694636474732 0.0 327
1694636475431 0.0 328
1694636476021 0.0 329
1694636476627 0.0 330
1694636477224 0.0 331
1694636477840 0.0 332
1694636478433 0.0 333
1694636479036 0.0 334
1694636479628 0.0 335
1694636480197 0.0 336
1694636480799 0.0 337
1694636481389 0.0 338
1694636481970 0.0 339
1694636482580 0.0 340
1694636483187 0.0 341
1694636483694 0.0 342
1694636484291 0.0 343
1694636484908 0.0 344
1694636485587 0.0 345
1694636486193 0.0 346
1694636486810 0.0 347
1694636487422 0.0 348
1694636488030 0.0 349
1694636488694 0.0 350
1694636489283 0.0 351
1694636489910 0.0 352
1694636490519 0.0 353
1694636491128 0.0 354
1694636491774 0.0 355
1694636492391 0.0 356
1694636492995 0.0 357
1694636493666 0.0 358
1694636494235 0.0 359
1694636494838 0.0 360
1694636495482 0.0 361
1694636496093 0.0 362
1694636496719 0.0 363
1694636497286 0.0 364
1694636497934 0.0 365
1694636498557 0.0 366
1694636499149 0.0 367
1694636499767 0.0 368
1694636500405 0.0 369
1694636501016 0.0 370
1694636501618 0.0 371
1694636502234 0.0 372
1694636502899 0.0 373
1694636503437 0.0 374
1694636504045 0.0 375
1694636504676 0.0 376
1694636505254 0.0 377
1694636505893 0.0 378
1694636506515 0.0 379
1694636507133 0.0 380
1694636507767 0.0 381
1694636508377 0.0 382
1694636508968 0.0 383
1694636509566 0.0 384
1694636510166 0.0 385
1694636510785 0.0 386
1694636511553 0.0 387
1694636512109 0.0 388
1694636512701 0.0 389
1694636513284 0.0 390
1694636513932 0.0 391
1694636514531 0.0 392
1694636515141 0.0 393
1694636515955 0.0 394
1694636516557 0.0 395
1694636517179 0.0 396
1694636517781 0.0 397
1694636518418 0.0 398
1694636518997 0.0 399
1694636519610 0.0 400
1694636520233 0.0 401
1694636520830 0.0 402
1694636521468 0.0 403
1694636522057 0.0 404
1694636522663 0.0 405
1694636523243 0.0 406
1694636523848 0.0 407
1694636524433 0.0 408
1694636525052 0.0 409
1694636525725 0.0 410
1694636526439 0.0 411
1694636527074 0.0 412
1694636527724 0.0 413
1694636528345 0.0 414
1694636528930 0.0 415
1694636529577 0.0 416
1694636530151 0.0 417
1694636530766 0.0 418
1694636531398 0.0 419
1694636532017 0.0 420
1694636532640 0.0 421
1694636533236 0.0 422
1694636533901 0.0 423
1694636534475 0.0 424
1694636535073 0.0 425
1694636535677 0.0 426
1694636536355 0.0 427
1694636536979 0.0 428
1694636537563 0.0 429
1694636538168 0.0 430
1694636538794 0.0 431
1694636539410 0.0 432
1694636540011 0.0 433
1694636540633 0.0 434
1694636541230 0.0 435
1694636541861 0.0 436
1694636542480 0.0 437
1694636543113 0.0 438
1694636543731 0.0 439
1694636544362 0.0 440
1694636544902 0.0 441
1694636545537 0.0 442
1694636546187 0.0 443
1694636546777 0.0 444
1694636547379 0.0 445
1694636548019 0.0 446
1694636548621 0.0 447
1694636549236 0.0 448
1694636549851 0.0 449
1694636550414 0.0 450
1694636551023 0.0 451
1694636551618 0.0 452
1694636552218 0.0 453
1694636552822 0.0 454
1694636553450 0.0 455
1694636553994 0.0 456
1694636554686 0.0 457
1694636555267 0.0 458
1694636555891 0.0 459
1694636556493 0.0 460
1694636557092 0.0 461
1694636557711 0.0 462
1694636558307 0.0 463
1694636558914 0.0 464
1694636559539 0.0 465
1694636560129 0.0 466
1694636560791 0.0 467
1694636561475 0.0 468
1694636562127 0.0 469
1694636562747 0.0 470
1694636563418 0.0 471
1694636564102 0.0 472
1694636564776 0.0 473
1694636565378 0.0 474
1694636566030 0.0 475
1694636566602 0.0 476
1694636567111 0.0 477
1694636567709 0.0 478
1694636568336 0.0 479
1694636568826 0.0 480
1694636569447 0.0 481
1694636570042 0.0 482
1694636570656 0.0 483
1694636571322 0.0 484
1694636571945 0.0 485
1694636572645 0.0 486
1694636573216 0.0 487
1694636573834 0.0 488
1694636574413 0.0 489
1694636575052 0.0 490
1694636575666 0.0 491
1694636576288 0.0 492
1694636576899 0.0 493
1694636577485 0.0 494
1694636578096 0.0 495
1694636578725 0.0 496
1694636579387 0.0 497
1694636579982 0.0 498
1694636580625 0.0 499
1694636581248 0.0 500
1694636581797 0.0 501
1694636582390 0.0 502
1694636582999 0.0 503
1694636583627 0.0 504
1694636584229 0.0 505
1694636584864 0.0 506
1694636585470 0.0 507
1694636586041 0.0 508
1694636586733 0.0 509
1694636587334 0.0 510
1694636587873 0.0 511
1694636588454 0.0 512
1694636589063 0.0 513
1694636589686 0.0 514
1694636590326 0.0 515
1694636590921 0.0 516
1694636591614 0.0 517
1694636592207 0.0 518
1694636592858 0.0 519
1694636593483 0.0 520
1694636594127 0.0 521
1694636594729 0.0 522
1694636595348 0.0 523
1694636595957 0.0 524
1694636596676 0.0 525
1694636597278 0.0 526
1694636597925 0.0 527
1694636598525 0.0 528
1694636599122 0.0 529
1694636599743 0.0 530
1694636600329 0.0 531
1694636600936 0.0 532
1694636601549 0.0 533
1694636602129 0.0 534
1694636602715 0.0 535
1694636603314 0.0 536
1694636603945 0.0 537
1694636604569 0.0 538
1694636605195 0.0 539
1694636605747 0.0 540
1694636606386 0.0 541
1694636607111 0.0 542
1694636607729 0.0 543
1694636608335 0.0 544
1694636608945 0.0 545
1694636609553 0.0 546
1694636610112 0.0 547
1694636610740 0.0 548
1694636611301 0.0 549
1694636611875 0.0 550
1694636612506 0.0 551
1694636613068 0.0 552
1694636613686 0.0 553
1694636614285 0.0 554
1694636614885 0.0 555
1694636615533 0.0 556
1694636616106 0.0 557
1694636616725 0.0 558
1694636617312 0.0 559
1694636617937 0.0 560
1694636618537 0.0 561
1694636619133 0.0 562
1694636619736 0.0 563
1694636620326 0.0 564
1694636620935 0.0 565
1694636621537 0.0 566
1694636622105 0.0 567
1694636622715 0.0 568
1694636623296 0.0 569
1694636623888 0.0 570
1694636624473 0.0 571
1694636625068 0.0 572
1694636625709 0.0 573
1694636626261 0.0 574
1694636626869 0.0 575
1694636627584 0.0 576
1694636628154 0.0 577
1694636628767 0.0 578
1694636629345 0.0 579
1694636629943 0.0 580
1694636630545 0.0 581
1694636631119 0.0 582
1694636631721 0.0 583
1694636632291 0.0 584
1694636632876 0.0 585
1694636633599 0.0 586
1694636634214 0.0 587
1694636634829 0.0 588
1694636635446 0.0 589
1694636636075 0.0 590
1694636636601 0.0 591
1694636637214 0.0 592
1694636637826 0.0 593
1694636638415 0.0 594
1694636639011 0.0 595
1694636639608 0.0 596
1694636640210 0.0 597
1694636640810 0.0 598
1694636641394 0.0 599
1694636641980 0.0 600
1694636642570 0.0 601
1694636643154 0.0 602
1694636643773 0.0 603
1694636644346 0.0 604
1694636644945 0.0 605
1694636645555 0.0 606
1694636646181 0.0 607
1694636646764 0.0 608
1694636647371 0.0 609
1694636647977 0.0 610
1694636648569 0.0 611
1694636649142 0.0 612
1694636649741 0.0 613
1694636650313 0.0 614
1694636650915 0.0 615
1694636651510 0.0 616
1694636652099 0.0 617
1694636652687 0.0 618
1694636653305 0.0 619
1694636653899 0.0 620
1694636654468 0.0 621
1694636655068 0.0 622
1694636655643 0.0 623
1694636656262 0.0 624
1694636656705 0.0 625
1694636657335 0.0 626
1694636657975 0.0 627
1694636658497 0.0 628
1694636659049 0.0 629
1694636659673 0.0 630
1694636660259 0.0 631
1694636660869 0.0 632
1694636661478 0.0 633
1694636662061 0.0 634
1694636662618 0.0 635
1694636663172 0.0 636
1694636663806 0.0 637
1694636664369 0.0 638
1694636664940 0.0 639
1694636665607 0.0 640
1694636666141 0.0 641
1694636666797 0.0 642
1694636667378 0.0 643
1694636667966 0.0 644
1694636668550 0.0 645
1694636669126 0.0 646
1694636669729 0.0 647
1694636670355 0.0 648
1694636670905 0.0 649
1694636671398 0.0 650
1694636672003 0.0 651
1694636672580 0.0 652
1694636673144 0.0 653
1694636673746 0.0 654
1694636674355 0.0 655
1694636674946 0.0 656
1694636675527 0.0 657
1694636676087 0.0 658
1694636676711 0.0 659
1694636677277 0.0 660
1694636677933 0.0 661
1694636678575 0.0 662
1694636679145 0.0 663
1694636679744 0.0 664
1694636680334 0.0 665
1694636680958 0.0 666
1694636681514 0.0 667
1694636682017 0.0 668
1694636682555 0.0 669
1694636683118 0.0 670
1694636683712 0.0 671
1694636684302 0.0 672
1694636684901 0.0 673
1694636685458 0.0 674
1694636685962 0.0 675
1694636686585 0.0 676
1694636687164 0.0 677
1694636687799 0.0 678
1694636688432 0.0 679
1694636688950 0.0 680
1694636689283 0.0 681
1694636689511 0.0 682
1694636690036 0.0 683
1694636690609 0.0 684
1694636691159 0.0 685
1694636691735 0.0 686
1694636692325 0.0 687
1694636692902 0.0 688
1694636693452 0.0 689
1694636693946 0.0 690
1694636694580 0.0 691
1694636695361 0.0 692
1694636696004 0.0 693
1694636696607 0.0 694
1694636697211 0.0 695
1694636697888 0.0 696
1694636698471 0.0 697
1694636699046 0.0 698
1694636699631 0.0 699
1694636700238 0.0 700
1694636700840 0.0 701
1694636701412 0.0 702
1694636702016 0.0 703
1694636702611 0.0 704
1694636703206 0.0 705
1694636703800 0.0 706
1694636704354 0.0 707
1694636704957 0.0 708
1694636705555 0.0 709
1694636706149 0.0 710
1694636706740 0.0 711
1694636707291 0.0 712
1694636707891 0.0 713
1694636708498 0.0 714
1694636709078 0.0 715
1694636709690 0.0 716
1694636710281 0.0 717
1694636710853 0.0 718
1694636711425 0.0 719
1694636712004 0.0 720
1694636712585 0.0 721
1694636713181 0.0 722
1694636713770 0.0 723
1694636714358 0.0 724
1694636714933 0.0 725
1694636715514 0.0 726
1694636716119 0.0 727
1694636716722 0.0 728
1694636717305 0.0 729
1694636717831 0.0 730
1694636718414 0.0 731
1694636719085 0.0 732
1694636719705 0.0 733
1694636720301 0.0 734
1694636720881 0.0 735
1694636721420 0.0 736
1694636722000 0.0 737
1694636722586 0.0 738
1694636723168 0.0 739
1694636723765 0.0 740
1694636724419 0.0 741
1694636724979 0.0 742
1694636725629 0.0 743
1694636726229 0.0 744
1694636726781 0.0 745
1694636727406 0.0 746
1694636728103 0.0 747
1694636728698 0.0 748
1694636729265 0.0 749
1694636729858 0.0 750
1694636730407 0.0 751
1694636730999 0.0 752
1694636731595 0.0 753
1694636732145 0.0 754
1694636732695 0.0 755
1694636733302 0.0 756
1694636733913 0.0 757
1694636734474 0.0 758
1694636735056 0.0 759
1694636735662 0.0 760
1694636736230 0.0 761
1694636736867 0.0 762
1694636737470 0.0 763
1694636738079 0.0 764
1694636738711 0.0 765
1694636739289 0.0 766
1694636739891 0.0 767
1694636740459 0.0 768
1694636741055 0.0 769
1694636741644 0.0 770
1694636742202 0.0 771
1694636742797 0.0 772
1694636743406 0.0 773
1694636744003 0.0 774
1694636744625 0.0 775
1694636745219 0.0 776
1694636745802 0.0 777
1694636746372 0.0 778
1694636746950 0.0 779
1694636747571 0.0 780
1694636748158 0.0 781
1694636748746 0.0 782
1694636749337 0.0 783
1694636749938 0.0 784
1694636750550 0.0 785
1694636751146 0.0 786
1694636751719 0.0 787
1694636752284 0.0 788
1694636752922 0.0 789
1694636753497 0.0 790
1694636754089 0.0 791
1694636754689 0.0 792
1694636755273 0.0 793
1694636755935 0.0 794
1694636756533 0.0 795
1694636757069 0.0 796
1694636757569 0.0 797
1694636758135 0.0 798
1694636758763 0.0 799
1694636759359 0.0 800
1694636759954 0.0 801
1694636760586 0.0 802
1694636761205 0.0 803
1694636761771 0.0 804
1694636762344 0.0 805
1694636762922 0.0 806
1694636763527 0.0 807
1694636764088 0.0 808
1694636764676 0.0 809
1694636765252 0.0 810
1694636765834 0.0 811
1694636766417 0.0 812
1694636767031 0.0 813
1694636767659 0.0 814
1694636768315 0.0 815
1694636768913 0.0 816
1694636769541 0.0 817
1694636770135 0.0 818
1694636770729 0.0 819
1694636771318 0.0 820
1694636771906 0.0 821
1694636772483 0.0 822
1694636773062 0.0 823
1694636773645 0.0 824
1694636774210 0.0 825
1694636774807 0.0 826
1694636775371 0.0 827
1694636775965 0.0 828
1694636776554 0.0 829
1694636777149 0.0 830
1694636777786 0.0 831
1694636778482 0.0 832
1694636779091 0.0 833
1694636779686 0.0 834
1694636780243 0.0 835
1694636780837 0.0 836
1694636781410 0.0 837
1694636782025 0.0 838
1694636782626 0.0 839
1694636783218 0.0 840
1694636783816 0.0 841
1694636784550 0.0 842
1694636785137 0.0 843
1694636785761 0.0 844
1694636786353 0.0 845
1694636786931 0.0 846
1694636787531 0.0 847
1694636788119 0.0 848
1694636788925 0.0 849
1694636789592 0.0 850
1694636790212 0.0 851
1694636790817 0.0 852
1694636791413 0.0 853
1694636792006 0.0 854
1694636792661 0.0 855
1694636793193 0.0 856
1694636793881 0.0 857
1694636794454 0.0 858
1694636795067 0.0 859
1694636795707 0.0 860
1694636796331 0.0 861
1694636796916 0.0 862
1694636797447 0.0 863
1694636798050 0.0 864
1694636798735 0.0 865
1694636799402 0.0 866
1694636800004 0.0 867
1694636800601 0.0 868
1694636801122 0.0 869
1694636801741 0.0 870
1694636802258 0.0 871
1694636802910 0.0 872
1694636803527 0.0 873
1694636804132 0.0 874
1694636804741 0.0 875
1694636805323 0.0 876
1694636805935 0.0 877
1694636806559 0.0 878
1694636807171 0.0 879
1694636807769 0.0 880
1694636808347 0.0 881
1694636808956 0.0 882
1694636809586 0.0 883
1694636810189 0.0 884
1694636810858 0.0 885
1694636811502 0.0 886
1694636812110 0.0 887
1694636812727 0.0 888
1694636813318 0.0 889
1694636814012 0.0 890
1694636814525 0.0 891
1694636815133 0.0 892
1694636815745 0.0 893
1694636816295 0.0 894
1694636816895 0.0 895
1694636817555 0.0 896
1694636818134 0.0 897
1694636818741 0.0 898
1694636819365 0.0 899
1694636819996 0.0 900
1694636820622 0.0 901
1694636821236 0.0 902
1694636821862 0.0 903
1694636822442 0.0 904
1694636823053 0.0 905
1694636823638 0.0 906
1694636824270 0.0 907
1694636824845 0.0 908
1694636825445 0.0 909
1694636826049 0.0 910
1694636826680 0.0 911
1694636827335 0.0 912
1694636827917 0.0 913
1694636828687 0.0 914
1694636829203 0.0 915
1694636829815 0.0 916
1694636830402 0.0 917
1694636831006 0.0 918
1694636831619 0.0 919
1694636832242 0.0 920
1694636832833 0.0 921
1694636833401 0.0 922
1694636834025 0.0 923
1694636834643 0.0 924
1694636835226 0.0 925
1694636835844 0.0 926
1694636836440 0.0 927
1694636837022 0.0 928
1694636837617 0.0 929
1694636838228 0.0 930
1694636838820 0.0 931
1694636839478 0.0 932
1694636840039 0.0 933
1694636840676 0.0 934
1694636841305 0.0 935
1694636841938 0.0 936
1694636842557 0.0 937
1694636843141 0.0 938
1694636843750 0.0 939
1694636844447 0.0 940
1694636844968 0.0 941
1694636845563 0.0 942
1694636846156 0.0 943
1694636846756 0.0 944
1694636847337 0.0 945
1694636847905 0.0 946
1694636848550 0.0 947
1694636849144 0.0 948
1694636849807 0.0 949
1694636850449 0.0 950
1694636851065 0.0 951
1694636851686 0.0 952
1694636852350 0.0 953
1694636852981 0.0 954
1694636853587 0.0 955
1694636854231 0.0 956
1694636854863 0.0 957
1694636855412 0.0 958
1694636855927 0.0 959
1694636856429 0.0 960
1694636856671 0.0 961
1694636857235 0.0 962
1694636857839 0.0 963
1694636858512 0.0 964
1694636859101 0.0 965
1694636859755 0.0 966
1694636860351 0.0 967
1694636860972 0.0 968
1694636861601 0.0 969
1694636862207 0.0 970
1694636862818 0.0 971
1694636863405 0.0 972
1694636863996 0.0 973
1694636864609 0.0 974
1694636865208 0.0 975
1694636865743 0.0 976
1694636866334 0.0 977
1694636866941 0.0 978
1694636867541 0.0 979
1694636868132 0.0 980
1694636868762 0.0 981
1694636869321 0.0 982
1694636869966 0.0 983
1694636870591 0.0 984
1694636871175 0.0 985
1694636871793 0.0 986
1694636872402 0.0 987
1694636873050 0.0 988
1694636873666 0.0 989
1694636874281 0.0 990
1694636874903 0.0 991
1694636875691 0.0 992
1694636876306 0.0 993
1694636876838 0.0 994
1694636877408 0.0 995
1694636878190 0.0 996
1694636878889 0.0 997
1694636879495 0.0 998
1694636880129 0.0 999
