1694623644569 0.0012064139873686486 0
1694623644602 0.0012849082925374677 1
1694623644629 0.0012773681308370088 2
1694623644658 0.0010776285752993608 3
1694623644687 0.0030282631859607223 4
1694623644716 0.0035949080255340826 5
1694623644742 0.003950556640550995 6
1694623644770 0.0041108447163815676 7
1694623644795 0.007338123497541482 8
1694623644821 0.007793543659310731 9
1694623644845 0.010410072404287374 10
1694623644872 0.011557279520293395 11
1694623644900 0.01758902733398493 12
1694623644926 0.020820889222440075 13
1694623644952 0.014330396189502381 14
1694623644978 0.02101087927560974 15
1694623645005 0.020289290174795416 16
1694623645030 0.02121219410601527 17
1694623645055 0.026821317333485806 18
1694623645081 0.02513086966670164 19
1694623645113 0.03180739087572193 20
1694623645143 0.03624437948761472 21
1694623645174 0.04787371436819532 22
1694623645207 0.03733239019353407 23
1694623645237 0.041208932440035984 24
1694623645268 0.048293310441322346 25
1694623645301 0.05041961084652491 26
1694623645329 0.056524515176958334 27
1694623645357 0.059928948189465925 28
1694623645390 0.04653469914901942 29
1694623645420 0.06241902990824988 30
1694623645445 0.05876804759345611 31
1694623645472 0.06644491581253131 32
1694623645501 0.06815431654308657 33
1694623645528 0.056445712700288975 34
1694623645553 0.07009447268476654 35
1694623645580 0.051263850745574935 36
1694623645613 0.06326882767006303 37
1694623645644 0.06315772776585438 38
1694623645675 0.06908633964875621 39
1694623645709 0.061815190464900915 40
1694623645739 0.058584025969463105 41
1694623645775 0.05951518463176364 42
1694623645806 0.07244771246360915 43
1694623645834 0.07692598541934026 44
1694623645865 0.06257425607862954 45
1694623645896 0.06522988037522437 46
1694623645923 0.05534894758351716 47
1694623645948 0.06692491597753858 48
1694623645975 0.05728537955433122 49
1694623646003 0.06226324531815686 50
1694623646030 0.059034499864279444 51
1694623646055 0.062255340085889954 52
1694623646084 0.06392078615758079 53
1694623646115 0.08646079957712127 54
1694623646143 0.06872948731190864 55
1694623646173 0.0827908430111709 56
1694623646202 0.07040840230330514 57
1694623646230 0.05484374734206199 58
1694623646258 0.07379282727038894 59
1694623646287 0.05275709345011825 60
1694623646317 0.05836239438155877 61
1694623646346 0.07393418247132344 62
1694623646384 0.06087723417369206 63
1694623646428 0.07105510734554887 64
1694623646465 0.06557138494270032 65
1694623646501 0.06507946258722275 66
1694623646533 0.07516208263579605 67
1694623646566 0.055124040694706444 68
1694623646598 0.05865119630538762 69
1694623646630 0.07118622786770767 70
1694623646660 0.05859888219740439 71
1694623646689 0.07421312678821956 72
1694623646719 0.07046528792663931 73
1694623646747 0.054566900578239985 74
1694623646780 0.06586652237303325 75
1694623646813 0.0677098117137086 76
1694623646845 0.05586162855193044 77
1694623646878 0.05361864222274626 78
1694623646911 0.06508287398229029 79
1694623646941 0.05714565483399614 80
1694623646975 0.05340099209429128 81
1694623647014 0.06461724439968997 82
1694623647052 0.06284913359916222 83
1694623647085 0.06617094920734268 84
1694623647117 0.07545053491355558 85
1694623647149 0.06660567267388318 86
1694623647181 0.08449105840377902 87
1694623647207 0.0632813225326937 88
1694623647233 0.06976258718054451 89
1694623647258 0.07017323835705902 90
1694623647284 0.06601077673498545 91
1694623647312 0.051091046079002944 92
1694623647339 0.07525341433801269 93
1694623647366 0.059877655558327136 94
1694623647394 0.06530804501435528 95
1694623647426 0.05238806382392924 96
1694623647457 0.06311265401372157 97
1694623647487 0.05405077702800343 98
1694623647519 0.05387493063416415 99
1694623647557 0.061547057326631904 100
1694623647589 0.05111196793639361 101
