1694623644560 143.96036833894286 0
1694623644592 116.04501385027028 1
1694623644623 94.5025893842409 2
1694623644652 77.13865917185295 3
1694623644680 63.68201802614098 4
1694623644708 52.18929371816269 5
1694623644736 44.445064433073284 6
1694623644763 36.78357455580156 7
1694623644789 31.093026243617924 8
1694623644814 26.677636389415987 9
1694623644840 22.50408761774147 10
1694623644866 20.39628787845492 11
1694623644892 17.51617196407653 12
1694623644920 15.406083755485847 13
1694623644945 13.765035504850092 14
1694623644972 12.66442314660493 15
1694623644999 11.500290087125613 16
1694623645024 10.584992298531613 17
1694623645049 9.354752688072496 18
1694623645074 8.954977886533785 19
1694623645105 8.400159374477557 20
1694623645136 8.045658665060916 21
1694623645167 7.332665312179948 22
1694623645200 7.025492409271559 23
1694623645230 6.818252355216314 24
1694623645261 6.633265299248857 25
1694623645293 6.378869035062486 26
1694623645323 6.125870260374925 27
1694623645351 5.867534646370718 28
1694623645381 5.782239474690529 29
1694623645413 5.475080365352469 30
1694623645438 5.530399683931087 31
1694623645466 5.482507465862778 32
1694623645494 5.290315492405075 33
1694623645521 5.370686123227929 34
1694623645546 5.0784492763869125 35
1694623645575 5.2288212388417845 36
1694623645606 5.202172637420784 37
1694623645636 4.942814987897997 38
1694623645668 5.07829026403193 39
1694623645700 4.9928587239635664 40
1694623645731 5.206850127641558 41
1694623645767 5.0679188920556655 42
1694623645799 5.126826270917941 43
1694623645828 4.937108405724383 44
1694623645857 4.990571150249339 45
1694623645888 5.187321808073197 46
1694623645918 5.008661898315071 47
1694623645941 4.8453264552408255 48
1694623645969 5.049919965851558 49
1694623645997 4.990902105130124 50
1694623646024 4.794636847137761 51
1694623646049 4.999991080852009 52
1694623646076 4.901579284487567 53
1694623646107 4.914950213427309 54
1694623646137 4.792661321073186 55
1694623646167 4.699063807224882 56
1694623646194 4.909631651303482 57
1694623646223 4.813431520230852 58
1694623646252 4.787280767694018 59
1694623646280 5.081833395982695 60
1694623646310 4.978580356050019 61
1694623646340 4.837801225325167 62
1694623646376 4.822472386804909 63
1694623646419 4.95967202411944 64
1694623646455 4.8878721955038325 65
1694623646494 4.757993588689872 66
1694623646526 4.618546781728599 67
1694623646558 4.889097657908597 68
1694623646589 5.035249577963087 69
1694623646623 4.810012737319946 70
1694623646653 4.88815706563759 71
1694623646682 4.876069016958158 72
1694623646712 4.829656378122941 73
1694623646741 4.969711521810344 74
1694623646773 4.873809633334039 75
1694623646805 4.834682895331754 76
1694623646837 4.830251752063053 77
1694623646870 4.923213642264115 78
1694623646904 4.818816699545983 79
1694623646935 4.938302668633033 80
1694623646968 4.990822490615058 81
1694623647003 4.987806843531262 82
1694623647043 4.796980069252022 83
1694623647077 4.859376266993515 84
1694623647109 4.915244100144628 85
1694623647142 4.906122724565397 86
1694623647174 4.966973871275289 87
1694623647201 4.887443911086951 88
1694623647226 4.73165928178169 89
1694623647252 4.922779787277526 90
1694623647277 4.881431052847379 91
1694623647306 4.679818610585866 92
1694623647333 4.915104338469399 93
1694623647358 4.85359216357644 94
1694623647388 4.674540296071852 95
1694623647418 5.021890694660792 96
1694623647448 5.063540586996924 97
1694623647479 4.768703704369877 98
1694623647511 4.896011621271468 99
1694623647548 4.970511470708882 100
1694623647581 4.812756036668665 101
