1694636153780 168.7562695783534 0
1694636153830 168.7225439856995 1
1694636153878 168.6888251379604 2
1694636153927 168.655113033787 3
1694636153977 168.6214076718304 4
1694636154036 168.5877090507421 5
1694636154100 168.5540171691737 6
1694636154164 168.5203320257772 7
1694636154215 168.48665361920484 8
1694636154269 168.45298194810908 9
1694636154327 168.41931701114265 10
1694636154378 168.38565880695867 11
1694636154441 168.35200733421038 12
1694636154488 168.31836259155136 13
1694636154548 168.28472457763547 14
1694636154608 168.2510932911168 15
1694636154666 168.21746873064973 16
1694636154715 168.18385089488893 17
1694636154783 168.1502397824893 18
1694636154835 168.116635392106 19
1694636154886 168.08303772239452 20
1694636154946 168.04944677201058 21
1694636155010 168.0158625396102 22
1694636155067 167.98228502384958 23
1694636155119 167.94871422338528 24
1694636155169 167.91515013687416 25
1694636155245 167.88159276297318 26
1694636155311 167.84804210033977 27
1694636155368 167.81449814763147 28
1694636155419 167.78096090350618 29
1694636155460 167.74743036662204 30
1694636155525 167.7139065356375 31
1694636155584 167.6803894092112 32
1694636155643 167.64687898600206 33
1694636155717 167.61337526466937 34
1694636155775 167.57987824387254 35
1694636155839 167.54638792227138 36
1694636155885 167.51290429852588 37
1694636155942 167.47942737129634 38
1694636155997 167.44595713924332 39
1694636156053 167.41249360102768 40
1694636156110 167.37903675531038 41
1694636156170 167.34558660075294 42
1694636156224 167.3121431360169 43
1694636156291 167.27870635976421 44
1694636156357 167.24527627065697 45
1694636156411 167.21185286735766 46
1694636156463 167.17843614852896 47
1694636156534 167.14502611283385 48
1694636156600 167.11162275893554 49
1694636156658 167.07822608549753 50
1694636156705 167.0448360911836 51
1694636156745 167.01145277465784 52
1694636156793 166.97807613458448 53
1694636156842 166.94470616962812 54
1694636156887 166.91134287845358 55
1694636156933 166.877986259726 56
1694636156985 166.8446363121107 57
1694636157027 166.81129303427338 58
1694636157085 166.7779564248799 59
1694636157139 166.74462648259646 60
1694636157184 166.71130320608947 61
1694636157227 166.6779865940257 62
1694636157275 166.64467664507202 63
1694636157326 166.61137335789576 64
1694636157373 166.57807673116437 65
1694636157423 166.5447867635457 66
1694636157474 166.5115034537077 67
1694636157526 166.4782268003187 68
1694636157580 166.4449568020473 69
1694636157634 166.41169345756236 70
1694636157691 166.37843676553288 71
1694636157750 166.34518672462835 72
1694636157790 166.31194333351837 73
1694636157836 166.27870659087282 74
1694636157882 166.24547649536188 75
1694636157932 166.21225304565598 76
1694636157991 166.17903624042586 77
1694636158060 166.1458260783424 78
1694636158129 166.11262255807694 79
1694636158191 166.07942567830094 80
1694636158260 166.04623543768614 81
1694636158326 166.01305183490456 82
1694636158401 165.97987486862857 83
1694636158458 165.94670453753065 84
1694636158523 165.91354084028367 85
1694636158584 165.88038377556074 86
1694636158641 165.8472333420352 87
1694636158694 165.81408953838064 88
1694636158742 165.780952363271 89
1694636158791 165.7478218153804 90
1694636158843 165.71469789338332 91
1694636158901 165.68158059595436 92
1694636158955 165.6484699217685 93
1694636159011 165.615365869501 94
1694636159056 165.58226843782728 95
1694636159104 165.54917762542314 96
1694636159151 165.51609343096453 97
1694636159206 165.48301585312777 98
1694636159274 165.4499448905894 99
1694636159350 165.41688054202618 100
1694636159404 165.38382280611523 101
1694636159453 165.3507716815339 102
1694636159510 165.3177271669597 103
1694636159560 165.28468926107058 104
1694636159620 165.25165796254464 105
1694636159667 165.21863327006025 106
1694636159751 165.1856151822961 107
1694636159803 165.15260369793108 108
1694636159843 165.1195988156444 109
1694636159890 165.0866005341155 110
1694636159941 165.05360885202407 111
1694636160000 165.02062376805011 112
1694636160058 164.98764528087392 113
1694636160130 164.9546733891759 114
1694636160173 164.9217080916369 115
1694636160218 164.8887493869379 116
1694636160268 164.85579727376023 117
1694636160321 164.82285175078545 118
1694636160371 164.78991281669536 119
1694636160417 164.75698047017207 120
1694636160468 164.72405470989793 121
1694636160525 164.69113553455557 122
1694636160568 164.65822294282782 123
1694636160616 164.62531693339787 124
1694636160658 164.59241750494914 125
1694636160715 164.55952465616522 126
1694636160784 164.52663838573014 127
1694636160864 164.49375869232804 128
1694636160941 164.4608855746434 129
1694636161036 164.42801903136095 130
1694636161086 164.39515906116566 131
1694636161160 164.36230566274276 132
1694636161241 164.3294588347778 133
1694636161301 164.29661857595653 134
1694636161347 164.26378488496502 135
1694636161389 164.2309577604895 136
1694636161436 164.19813720121664 137
1694636161491 164.16532320583318 138
1694636161538 164.13251577302623 139
1694636161576 164.09971490148317 140
1694636161619 164.0669205898916 141
1694636161674 164.03413283693934 142
1694636161751 164.00135164131464 143
1694636161806 163.9685770017058 144
1694636161859 163.93580891680156 145
1694636161910 163.9030473852908 146
1694636161965 163.87029240586273 147
1694636162010 163.8375439772068 148
1694636162060 163.8048020980127 149
1694636162117 163.77206676697043 150
1694636162169 163.7393379827702 151
1694636162222 163.70661574410255 152
1694636162276 163.67390004965822 153
1694636162342 163.64119089812823 154
1694636162400 163.60848828820386 155
1694636162457 163.5757922185767 156
1694636162521 163.5431026879385 157
1694636162574 163.51041969498135 158
1694636162620 163.4777432383976 159
1694636162671 163.44507331687984 160
1694636162717 163.41240992912094 161
1694636162772 163.37975307381396 162
1694636162837 163.34710274965232 163
1694636162897 163.31445895532966 164
1694636162959 163.28182168953987 165
1694636163023 163.2491909509771 166
1694636163094 163.2165667383358 167
1694636163158 163.18394905031067 168
1694636163216 163.1513378855966 169
1694636163269 163.11873324288885 170
1694636163323 163.08613512088286 171
1694636163377 163.05354351827435 172
1694636163421 163.02095843375935 173
1694636163473 162.98837986603405 174
1694636163528 162.955807813795 175
1694636163594 162.923242275739 176
1694636163637 162.89068325056303 177
1694636163679 162.85813073696443 178
1694636163725 162.8255847336407 179
1694636163777 162.7930452392897 180
1694636163834 162.7605122526095 181
1694636163894 162.7279857722984 182
1694636163958 162.69546579705505 183
1694636164006 162.66295232557826 184
1694636164059 162.63044535656718 185
1694636164106 162.59794488872117 186
1694636164163 162.56545092073986 187
1694636164210 162.53296345132316 188
1694636164260 162.50048247917124 189
1694636164305 162.4680080029845 190
1694636164357 162.4355400214636 191
1694636164409 162.40307853330953 192
1694636164468 162.37062353722345 193
1694636164525 162.3381750319068 194
1694636164578 162.3057330160613 195
1694636164632 162.27329748838898 196
1694636164689 162.24086844759208 197
1694636164739 162.20844589237302 198
1694636164787 162.17602982143458 199
1694636164827 162.14362023347977 200
1694636164879 162.11121712721194 201
1694636164927 162.07882050133455 202
1694636164970 162.04643035455138 203
1694636165025 162.01404668556654 204
1694636165077 161.9816694930843 205
1694636165128 161.94929877580927 206
1694636165182 161.91693453244625 207
1694636165233 161.88457676170032 208
1694636165279 161.85222546227686 209
1694636165331 161.81988063288145 210
1694636165388 161.78754227221998 211
1694636165453 161.75521037899856 212
1694636165513 161.72288495192356 213
1694636165555 161.69056598970164 214
1694636165610 161.65825349103972 215
1694636165655 161.62594745464492 216
1694636165707 161.59364787922473 217
1694636165750 161.56135476348672 218
1694636165795 161.5290681061389 219
1694636165843 161.49678790588948 220
1694636165894 161.46451416144686 221
1694636165934 161.43224687151977 222
1694636165985 161.39998603481718 223
1694636166046 161.3677316500483 224
1694636166100 161.33548371592266 225
1694636166143 161.30324223114997 226
1694636166194 161.27100719444027 227
1694636166253 161.23877860450378 228
1694636166308 161.20655646005102 229
1694636166351 161.17434075979278 230
1694636166389 161.1421315024401 231
1694636166436 161.10992868670425 232
1694636166492 161.0777323112968 233
1694636166554 161.04554237492957 234
1694636166618 161.01335887631458 235
1694636166675 160.9811818141642 236
1694636166726 160.94901118719096 237
1694636166772 160.91684699410777 238
1694636166812 160.8846892336277 239
1694636166853 160.85253790446404 240
1694636166920 160.82039300533046 241
1694636166961 160.78825453494085 242
1694636167023 160.75612249200927 243
1694636167077 160.72399687525015 244
1694636167134 160.6918776833781 245
1694636167186 160.659764915108 246
1694636167241 160.62765856915507 247
1694636167304 160.5955586442347 248
1694636167356 160.56346513906254 249
1694636167403 160.5313780523545 250
1694636167457 160.4992973828268 251
1694636167500 160.46722312919587 252
1694636167550 160.43515529017836 253
1694636167602 160.40309386449127 254
1694636167644 160.37103885085176 255
1694636167690 160.3389902479774 256
1694636167738 160.30694805458577 257
1694636167791 160.27491226939497 258
1694636167838 160.24288289112317 259
1694636167884 160.2108599184889 260
1694636167937 160.17884335021083 261
1694636167985 160.14683318500806 262
1694636168029 160.1148294215998 263
1694636168076 160.08283205870558 264
1694636168126 160.05084109504514 265
1694636168168 160.01885652933856 266
1694636168242 159.98687836030612 267
1694636168339 159.9549065866683 268
1694636168427 159.92294120714595 269
1694636168484 159.89098222046013 270
1694636168554 159.85902962533214 271
1694636168635 159.8270834204835 272
1694636168697 159.79514360463605 273
1694636168753 159.76321017651193 274
1694636168820 159.7312831348334 275
1694636168889 159.69936247832305 276
1694636168959 159.66744820570375 277
1694636169051 159.63554031569862 278
1694636169119 159.60363880703093 279
1694636169181 159.57174367842438 280
1694636169256 159.53985492860278 281
1694636169333 159.50797255629027 282
1694636169403 159.47609656021123 283
1694636169469 159.44422693909024 284
1694636169556 159.41236369165227 285
1694636169624 159.3805068166224 286
1694636169704 159.34865631272604 287
1694636169800 159.31681217868882 288
1694636169870 159.28497441323668 289
1694636169942 159.2531430150958 290
1694636170006 159.2213179829925 291
1694636170069 159.18949931565353 292
1694636170135 159.15768701180582 293
1694636170226 159.12588107017652 294
1694636170319 159.09408148949302 295
1694636170393 159.06228826848312 296
1694636170458 159.03050140587465 297
1694636170541 158.99872090039588 298
1694636170622 158.9669467507752 299
1694636170718 158.9351789557414 300
1694636170807 158.9034175140234 301
1694636170876 158.87166242435035 302
1694636170951 158.83991368545182 303
1694636171022 158.80817129605748 304
1694636171091 158.7764352548973 305
1694636171156 158.74470556070156 306
1694636171220 158.71298221220073 307
1694636171298 158.68126520812547 308
1694636171373 158.64955454720686 309
1694636171435 158.61785022817614 310
1694636171512 158.58615224976478 311
1694636171590 158.55446061070455 312
1694636171655 158.52277530972745 313
1694636171727 158.49109634556575 314
1694636171799 158.459423716952 315
1694636171862 158.42775742261887 316
1694636171928 158.3960974612995 317
1694636171989 158.36444383172707 318
1694636172056 158.3327965326352 319
1694636172142 158.30115556275757 320
1694636172240 158.26952092082828 321
1694636172333 158.23789260558164 322
1694636172417 158.20627061575217 323
1694636172493 158.17465495007463 324
1694636172585 158.14304560728408 325
1694636172666 158.11144258611583 326
1694636172727 158.0798458853055 327
1694636172790 158.04825550358882 328
1694636172855 158.01667143970187 329
1694636172931 157.98509369238093 330
1694636173004 157.95352226036266 331
1694636173105 157.9219571423838 332
1694636173179 157.8903983371814 333
1694636173252 157.8588458434929 334
1694636173340 157.8272996600558 335
1694636173428 157.79575978560788 336
1694636173494 157.7642262188873 337
1694636173558 157.73269895863237 338
1694636173634 157.70117800358167 339
1694636173738 157.66966335247406 340
1694636173858 157.63815500404863 341
1694636173952 157.60665295704473 342
1694636174030 157.5751572102019 343
1694636174095 157.54366776226001 344
1694636174157 157.5121846119592 345
1694636174223 157.4807077580398 346
1694636174292 157.44923719924245 347
1694636174355 157.41777293430795 348
1694636174423 157.3863149619774 349
1694636174490 157.35486328099222 350
1694636174552 157.323417890094 351
1694636174624 157.29197878802455 352
1694636174688 157.26054597352606 353
1694636174755 157.22911944534087 354
1694636174820 157.1976992022116 355
1694636174882 157.1662852428811 356
1694636174946 157.13487756609248 357
1694636175041 157.10347617058918 358
1694636175116 157.07208105511478 359
1694636175187 157.04069221841314 360
1694636175258 157.00930965922842 361
1694636175330 156.97793337630497 362
1694636175395 156.94656336838744 363
1694636175461 156.9151996342207 364
1694636175544 156.88384217254992 365
1694636175641 156.85249098212043 366
1694636175720 156.82114606167787 367
1694636175792 156.78980740996815 368
1694636175859 156.75847502573737 369
1694636175923 156.72714890773196 370
1694636175996 156.6958290546985 371
1694636176063 156.66451546538397 372
1694636176129 156.63320813853545 373
1694636176199 156.60190707290027 374
1694636176271 156.5706122672262 375
1694636176346 156.53932372026102 376
1694636176449 156.5080414307529 377
1694636176519 156.47676539745027 378
1694636176592 156.44549561910176 379
1694636176658 156.41423209445622 380
1694636176749 156.3829748222628 381
1694636176844 156.35172380127096 382
1694636176948 156.32047903023027 383
1694636177038 156.28924050789064 384
1694636177148 156.25800823300222 385
1694636177224 156.22678220431538 386
1694636177294 156.19556242058084 387
1694636177376 156.1643488805494 388
1694636177457 156.13314158297226 389
1694636177539 156.10194052660077 390
1694636177606 156.0707457101866 391
1694636177669 156.03955713248163 392
1694636177732 156.00837479223802 393
1694636177821 155.97719868820818 394
1694636177885 155.94602881914466 395
1694636177979 155.91486518380043 396
1694636178042 155.88370778092863 397
1694636178111 155.85255660928263 398
1694636178196 155.82141166761602 399
1694636178270 155.79027295468282 400
1694636178335 155.75914046923702 401
1694636178415 155.7280142100331 402
1694636178492 155.69689417582563 403
1694636178609 155.66578036536956 404
1694636178709 155.63467277741998 405
1694636178775 155.60357141073231 406
1694636178860 155.57247626406215 407
1694636178934 155.5413873361654 408
1694636179002 155.51030462579817 409
1694636179062 155.47922813171687 410
1694636179133 155.4481578526781 411
1694636179202 155.4170937874387 412
1694636179311 155.38603593475588 413
1694636179394 155.35498429338696 414
1694636179459 155.32393886208956 415
1694636179528 155.29289963962157 416
1694636179598 155.26186662474115 417
1694636179677 155.23083981620655 418
1694636179751 155.1998192127765 419
1694636179841 155.1688048132098 420
1694636179929 155.1377966162656 421
1694636180020 155.10679462070323 422
1694636180101 155.07579882528233 423
1694636180174 155.0448092287627 424
1694636180249 155.01382582990456 425
1694636180312 154.98284862746812 426
1694636180376 154.95187762021405 427
1694636180445 154.9209128069032 428
1694636180535 154.88995418629673 429
1694636180598 154.85900175715588 430
1694636180662 154.82805551824228 431
1694636180725 154.79711546831777 432
1694636180789 154.76618160614444 433
1694636180850 154.73525393048465 434
1694636180919 154.70433244010093 435
1694636180996 154.67341713375617 436
1694636181059 154.64250801021342 437
1694636181139 154.61160506823597 438
1694636181217 154.5807083065875 439
1694636181306 154.5498177240317 440
1694636181375 154.51893331933272 441
1694636181458 154.48805509125484 442
1694636181554 154.45718303856265 443
1694636181615 154.42631716002091 444
1694636181692 154.39545745439474 445
1694636181769 154.3646039204494 446
1694636181837 154.3337565569505 447
1694636181917 154.30291536266375 448
1694636181977 154.27208033635526 449
1694636182051 154.2412514767913 450
1694636182126 154.21042878273838 451
1694636182192 154.17961225296335 452
1694636182253 154.14880188623317 453
1694636182329 154.1179976813152 454
1694636182414 154.08719963697686 455
1694636182491 154.05640775198597 456
1694636182591 154.0256220251106 457
1694636182678 153.99484245511897 458
1694636182762 153.9640690407796 459
1694636182826 153.9333017808612 460
1694636182887 153.9025406741328 461
1694636182964 153.87178571936371 462
1694636183039 153.84103691532337 463
1694636183111 153.81029426078152 464
1694636183173 153.77955775450815 465
1694636183238 153.7488273952735 466
1694636183319 153.71810318184805 467
1694636183388 153.68738511300253 468
1694636183458 153.65667318750792 469
1694636183542 153.62596740413542 470
1694636183623 153.59526776165652 471
1694636183685 153.56457425884292 472
1694636183752 153.53388689446652 473
1694636183826 153.5032056672996 474
1694636183895 153.47253057611456 475
1694636183953 153.44186161968412 476
1694636184023 153.41119879678124 477
1694636184081 153.380542106179 478
1694636184139 153.34989154665092 479
1694636184196 153.31924711697064 480
1694636184257 153.28860881591214 481
1694636184331 153.25797664224947 482
1694636184387 153.22735059475713 483
1694636184445 153.19673067220975 484
1694636184516 153.16611687338224 485
1694636184602 153.1355091970497 486
1694636184692 153.1049076419876 487
1694636184786 153.0743122069715 488
1694636184852 153.04372289077733 489
1694636184927 153.01313969218117 490
1694636185006 152.98256260995944 491
1694636185087 152.9519916428887 492
1694636185154 152.92142678974585 493
1694636185228 152.89086804930795 494
1694636185325 152.86031542035244 495
1694636185389 152.82976890165682 496
1694636185459 152.79922849199897 497
1694636185523 152.76869419015696 498
1694636185581 152.7381659949091 499
1694636185636 152.70764390503405 500
1694636185694 152.6771279193105 501
1694636185755 152.64661803651757 502
1694636185834 152.61611425543455 503
1694636185890 152.58561657484103 504
1694636185952 152.55512499351676 505
1694636186025 152.5246395102418 506
1694636186094 152.4941601237964 507
1694636186171 152.46368683296112 508
1694636186244 152.4332196365167 509
1694636186308 152.4027585332442 510
1694636186370 152.37230352192478 511
1694636186428 152.34185460134003 512
1694636186488 152.31141177027166 513
1694636186553 152.28097502750168 514
1694636186619 152.25054437181225 515
1694636186694 152.22011980198596 516
1694636186755 152.18970131680544 517
1694636186825 152.15928891505368 518
1694636186893 152.12888259551386 519
1694636186953 152.0984823569695 520
1694636187010 152.06808819820418 521
1694636187078 152.03770011800196 522
1694636187141 152.00731811514692 523
1694636187207 151.97694218842355 524
1694636187270 151.94657233661647 525
1694636187345 151.9162085585106 526
1694636187410 151.8858508528911 527
1694636187478 151.85549921854334 528
1694636187559 151.825153654253 529
1694636187644 151.79481415880593 530
1694636187745 151.76448073098825 531
1694636187822 151.73415336958635 532
1694636187895 151.70383207338682 533
1694636187954 151.67351684117654 534
1694636188023 151.64320767174254 535
1694636188096 151.6129045638722 536
1694636188168 151.5826075163531 537
1694636188253 151.5523165279731 538
1694636188322 151.52203159752017 539
1694636188379 151.49175272378267 540
1694636188472 151.4614799055492 541
1694636188574 151.43121314160845 542
1694636188672 151.40095243074953 543
1694636188740 151.3706977717617 544
1694636188807 151.34044916343444 545
1694636188870 151.31020660455755 546
1694636188928 151.279970093921 547
1694636188992 151.2497396303151 548
1694636189089 151.21951521253027 549
1694636189186 151.18929683935727 550
1694636189243 151.15908450958707 551
1694636189319 151.12887822201085 552
1694636189387 151.09867797542012 553
1694636189467 151.0684837686065 554
1694636189559 151.03829560036203 555
1694636189638 151.0081134694788 556
1694636189735 150.97793737474927 557
1694636189834 150.9477673149661 558
1694636189921 150.91760328892218 559
1694636189993 150.88744529541069 560
1694636190062 150.85729333322496 561
1694636190138 150.82714740115867 562
1694636190220 150.79700749800568 563
1694636190288 150.76687362256007 564
1694636190361 150.73674577361624 565
1694636190434 150.70662394996873 566
1694636190507 150.67650815041242 567
1694636190569 150.6463983737424 568
1694636190625 150.6162946187539 569
1694636190684 150.58619688424255 570
1694636190753 150.55610516900416 571
1694636190810 150.5260194718347 572
1694636190870 150.49593979153053 573
1694636190932 150.4658661268881 574
1694636190986 150.4357984767042 575
1694636191063 150.40573683977587 576
1694636191135 150.3756812149003 577
1694636191210 150.34563160087498 578
1694636191291 150.3155879964977 579
1694636191354 150.28555040056634 580
1694636191412 150.2555188118791 581
1694636191473 150.22549322923456 582
1694636191554 150.19547365143126 583
1694636191628 150.1654600772682 584
1694636191701 150.13545250554446 585
1694636191761 150.1054509350596 586
1694636191824 150.07545536461313 587
1694636191887 150.04546579300498 588
1694636192008 150.01548221903533 589
1694636192093 149.98550464150446 590
1694636192180 149.95553305921305 591
1694636192246 149.9255674709619 592
1694636192308 149.89560787555212 593
1694636192387 149.86565427178502 594
1694636192452 149.8357066584622 595
1694636192521 149.80576503438542 596
1694636192603 149.7758293983568 597
1694636192691 149.7458997491785 598
1694636192760 149.71597608565315 599
1694636192819 149.68605840658353 600
1694636192886 149.65614671077256 601
1694636192954 149.6262409970236 602
1694636193026 149.59634126414 603
1694636193102 149.5664475109255 604
1694636193162 149.5365597361842 605
1694636193217 149.50667793872014 606
1694636193272 149.47680211733785 607
1694636193326 149.446932270842 608
1694636193380 149.4170683980375 609
1694636193458 149.38721049772948 610
1694636193542 149.3573585687234 611
1694636193603 149.32751260982482 612
1694636193654 149.29767261983966 613
1694636193706 149.26783859757407 614
1694636193761 149.23801054183429 615
1694636193816 149.20818845142705 616
1694636193875 149.17837232515907 617
1694636193944 149.14856216183748 618
1694636193995 149.11875796026956 619
1694636194043 149.08895971926287 620
1694636194106 149.05916743762515 621
1694636194166 149.02938111416452 622
1694636194234 148.9996007476892 623
1694636194324 148.9698263370076 624
1694636194405 148.94005788092858 625
1694636194457 148.91029537826105 626
1694636194527 148.88053882781426 627
1694636194589 148.85078822839765 628
1694636194653 148.82104357882088 629
1694636194703 148.79130487789394 630
1694636194759 148.76157212442695 631
1694636194819 148.73184531723035 632
1694636194872 148.70212445511473 633
1694636194930 148.67240953689102 634
1694636194993 148.64270056137036 635
1694636195044 148.61299752736406 636
1694636195101 148.5833004336837 637
1694636195153 148.55360927914117 638
1694636195199 148.5239240625485 639
1694636195253 148.494244782718 640
1694636195324 148.46457143846223 641
1694636195376 148.434904028594 642
1694636195426 148.40524255192625 643
1694636195474 148.37558700727234 644
1694636195546 148.34593739344567 645
1694636195605 148.31629370926004 646
1694636195694 148.2866559535294 647
1694636195750 148.25702412506791 648
1694636195801 148.2273982226901 649
1694636195845 148.1977782452106 650
1694636195893 148.16816419144436 651
1694636195942 148.13855606020647 652
1694636196003 148.10895385031242 653
1694636196060 148.07935756057776 654
1694636196115 148.0497671898184 655
1694636196157 148.02018273685042 656
1694636196205 147.99060420049017 657
1694636196269 147.96103157955423 658
1694636196326 147.93146487285938 659
1694636196378 147.90190407922276 660
1694636196442 147.87234919746152 661
1694636196494 147.84280022639336 662
1694636196554 147.8132571648359 663
1694636196619 147.78372001160716 664
1694636196695 147.7541887655254 665
1694636196761 147.72466342540915 666
1694636196810 147.69514399007699 667
1694636196855 147.66563045834795 668
1694636196901 147.63612282904117 669
1694636196940 147.6066211009761 670
1694636196989 147.57712527297235 671
1694636197043 147.54763534384983 672
1694636197096 147.5181513124287 673
1694636197145 147.48867317752925 674
1694636197193 147.45920093797213 675
1694636197245 147.42973459257811 676
1694636197304 147.40027414016834 677
1694636197356 147.37081957956406 678
1694636197415 147.3413709095868 679
1694636197471 147.3119281290584 680
1694636197528 147.28249123680084 681
1694636197573 147.25306023163634 682
1694636197613 147.22363511238743 683
1694636197659 147.19421587787676 684
1694636197710 147.16480252692736 685
1694636197755 147.13539505836235 686
1694636197799 147.1059934710052 687
1694636197840 147.0765977636796 688
1694636197891 147.04720793520934 689
1694636197944 147.01782398441864 690
1694636198010 146.9884459101318 691
1694636198069 146.9590737111735 692
1694636198128 146.92970738636848 693
1694636198171 146.90034693454186 694
1694636198210 146.870992354519 695
1694636198254 146.84164364512534 696
1694636198311 146.8123008051867 697
1694636198361 146.78296383352912 698
1694636198427 146.7536327289788 699
1694636198488 146.72430749036224 700
1694636198571 146.69498811650615 701
1694636198630 146.66567460623747 702
1694636198713 146.6363669583834 703
1694636198763 146.60706517177135 704
1694636198821 146.577769245229 705
1694636198886 146.5484791775842 706
1694636198951 146.51919496766507 707
1694636199004 146.48991661430003 708
1694636199046 146.46064411631758 709
1694636199095 146.4313774725466 710
1694636199144 146.4021166818161 711
1694636199181 146.3728617429555 712
1694636199235 146.34361265479419 713
1694636199305 146.31436941616195 714
1694636199358 146.28513202588886 715
1694636199410 146.25590048280512 716
1694636199462 146.22667478574112 717
1694636199518 146.19745493352764 718
1694636199571 146.1682409249956 719
1694636199620 146.1390327589761 720
1694636199672 146.10983043430062 721
1694636199720 146.08063394980076 722
1694636199761 146.0514433043084 723
1694636199808 146.02225849665567 724
1694636199851 145.9930795256748 725
1694636199902 145.96390639019847 726
1694636199943 145.93473908905943 727
1694636200020 145.90557762109074 728
1694636200089 145.87642198512563 729
1694636200158 145.84727217999767 730
1694636200223 145.8181282045405 731
1694636200285 145.78899005758814 732
1694636200342 145.75985773797484 733
1694636200403 145.73073124453495 734
1694636200460 145.70161057610318 735
1694636200525 145.67249573151446 736
1694636200585 145.64338670960385 737
1694636200640 145.61428350920679 738
1694636200703 145.5851861291588 739
1694636200773 145.55609456829586 740
1694636200845 145.5270088254539 741
1694636200929 145.49792889946923 742
1694636201002 145.46885478917844 743
1694636201060 145.43978649341827 744
1694636201123 145.4107240110257 745
1694636201193 145.38166734083802 746
1694636201257 145.35261648169262 747
1694636201337 145.32357143242726 748
1694636201416 145.29453219187977 749
1694636201476 145.2654987588884 750
1694636201539 145.23647113229154 751
1694636201620 145.20744931092776 752
1694636201686 145.17843329363598 753
1694636201741 145.14942307925526 754
1694636201803 145.1204186666249 755
1694636201870 145.0914200545845 756
1694636201953 145.0624272419738 757
1694636202007 145.03344022763287 758
1694636202072 145.00445901040192 759
1694636202140 144.9754835891214 760
1694636202207 144.94651396263214 761
1694636202273 144.917550129775 762
1694636202339 144.88859208939115 763
1694636202408 144.85963984032202 764
1694636202473 144.8306933814093 765
1694636202542 144.80175271149477 766
1694636202619 144.77281782942063 767
1694636202677 144.74388873402916 768
1694636202743 144.71496542416293 769
1694636202804 144.68604789866475 770
1694636202870 144.65713615637767 771
1694636202926 144.6282301961449 772
1694636202996 144.59933001681003 773
1694636203056 144.5704356172167 774
1694636203120 144.5415469962089 775
1694636203178 144.51266415263078 776
1694636203246 144.4837870853268 777
1694636203324 144.45491579314165 778
1694636203384 144.42605027492013 779
1694636203446 144.39719052950738 780
1694636203569 144.36833655574875 781
1694636203639 144.33948835248984 782
1694636203702 144.3106459185764 783
1694636203766 144.28180925285454 784
1694636203830 144.25297835417047 785
1694636203897 144.2241532213707 786
1694636203970 144.19533385330195 787
1694636204053 144.16652024881122 788
1694636204124 144.1377124067457 789
1694636204209 144.10891032595273 790
1694636204297 144.08011400528005 791
1694636204359 144.05132344357548 792
1694636204423 144.0225386396872 793
1694636204495 143.9937595924635 794
1694636204589 143.964986300753 795
1694636204655 143.93621876340444 796
1694636204720 143.9074569792669 797
1694636204785 143.87870094718963 798
1694636204842 143.84995066602212 799
1694636204911 143.8212061346141 800
1694636204976 143.79246735181556 801
1694636205042 143.76373431647662 802
1694636205104 143.73500702744775 803
1694636205163 143.70628548357956 804
1694636205243 143.67756968372294 805
1694636205323 143.64885962672898 806
1694636205391 143.62015531144905 807
1694636205488 143.59145673673467 808
1694636205580 143.56276390143768 809
1694636205640 143.53407680441006 810
1694636205722 143.50539544450407 811
1694636205791 143.4767198205722 812
1694636205861 143.4480499314672 813
1694636205920 143.419385776042 814
1694636205987 143.39072735314969 815
1694636206073 143.3620746616438 816
1694636206133 143.33342770037785 817
1694636206203 143.30478646820578 818
1694636206289 143.2761509639816 819
1694636206379 143.24752118655968 820
1694636206453 143.21889713479456 821
1694636206537 143.19027880754103 822
1694636206612 143.16166620365408 823
1694636206694 143.13305932198892 824
1694636206761 143.10445816140108 825
1694636206828 143.0758627207462 826
1694636206893 143.04727299888017 827
1694636206974 143.01868899465924 828
1694636207033 142.9901107069397 829
1694636207093 142.9615381345782 830
1694636207155 142.93297127643154 831
1694636207224 142.90441013135685 832
1694636207290 142.87585469821138 833
1694636207355 142.84730497585267 834
1694636207429 142.81876096313843 835
1694636207503 142.7902226589267 836
1694636207577 142.76169006207564 837
1694636207662 142.73316317144372 838
1694636207741 142.7046419858896 839
1694636207828 142.6761265042722 840
1694636207912 142.64761672545052 841
1694636207979 142.61911264828404 842
1694636208045 142.59061427163232 843
1694636208112 142.5621215943551 844
1694636208187 142.53363461531245 845
1694636208245 142.50515333336466 846
1694636208306 142.47667774737218 847
1694636208372 142.44820785619575 848
1694636208440 142.41974365869632 849
1694636208502 142.39128515373505 850
1694636208585 142.36283234017336 851
1694636208643 142.33438521687285 852
1694636208703 142.3059437826954 853
1694636208763 142.27750803650312 854
1694636208839 142.24907797715827 855
1694636208902 142.22065360352337 856
1694636208959 142.19223491446127 857
1694636209031 142.16382190883493 858
1694636209120 142.13541458550756 859
1694636209193 142.10701294334262 860
1694636209278 142.07861698120377 861
1694636209362 142.05022669795494 862
1694636209445 142.02184209246028 863
1694636209518 141.99346316358407 864
1694636209595 141.96508991019098 865
1694636209666 141.9367223311458 866
1694636209729 141.90836042531356 867
1694636209782 141.88000419155955 868
1694636209854 141.85165362874918 869
1694636209921 141.82330873574827 870
1694636210004 141.79496951142272 871
1694636210094 141.7666359546388 872
1694636210178 141.73830806426275 873
1694636210245 141.7099858391613 874
1694636210302 141.68166927820133 875
1694636210357 141.65335838024984 876
1694636210415 141.6250531441742 877
1694636210473 141.5967535688419 878
1694636210541 141.56845965312075 879
1694636210614 141.54017139587867 880
1694636210691 141.511888795984 881
1694636210767 141.48361185230505 882
1694636210826 141.45534056371056 883
1694636210903 141.4270749290694 884
1694636210963 141.39881494725068 885
1694636211024 141.3705606171238 886
1694636211091 141.34231193755826 887
1694636211155 141.31406890742392 888
1694636211210 141.28583152559077 889
1694636211278 141.25759979092905 890
1694636211336 141.22937370230932 891
1694636211396 141.20115325860218 892
1694636211453 141.1729384586786 893
1694636211512 141.14472930140974 894
1694636211565 141.11652578566697 895
1694636211661 141.08832791032194 896
1694636211731 141.0601356742464 897
1694636211801 141.0319490763125 898
1694636211875 141.00376811539243 899
1694636211943 140.97559279035875 900
1694636212005 140.94742310008422 901
1694636212065 140.91925904344174 902
1694636212132 140.89110061930452 903
1694636212186 140.86294782654605 904
1694636212239 140.83480066403982 905
1694636212296 140.80665913065982 906
1694636212372 140.77852322528005 907
1694636212437 140.75039294677487 908
1694636212495 140.7222682940188 909
1694636212558 140.6941492658866 910
1694636212631 140.66603586125328 911
1694636212690 140.63792807899404 912
1694636212756 140.6098259179843 913
1694636212819 140.58172937709975 914
1694636212885 140.55363845521623 915
1694636212974 140.52555315120995 916
1694636213034 140.49747346395714 917
1694636213088 140.4693993923344 918
1694636213142 140.4413309352186 919
1694636213211 140.4132680914866 920
1694636213277 140.38521086001575 921
1694636213341 140.35715923968343 922
1694636213407 140.3291132293674 923
1694636213461 140.30107282794552 924
1694636213521 140.27303803429598 925
1694636213580 140.24500884729707 926
1694636213643 140.21698526582742 927
1694636213708 140.1889672887658 928
1694636213772 140.1609549149913 929
1694636213838 140.13294814338312 930
1694636213893 140.10494697282078 931
1694636213950 140.07695140218397 932
1694636214007 140.0489614303526 933
1694636214061 140.02097705620682 934
1694636214134 139.99299827862706 935
1694636214199 139.96502509649386 936
1694636214259 139.9370575086881 937
1694636214327 139.90909551409075 938
1694636214385 139.88113911158314 939
1694636214437 139.85318830004678 940
1694636214502 139.82524307836337 941
1694636214561 139.79730344541483 942
1694636214618 139.76936940008335 943
1694636214677 139.7414409412513 944
1694636214738 139.71351806780135 945
1694636214805 139.68560077861625 946
1694636214875 139.65768907257913 947
1694636214937 139.62978294857328 948
1694636215003 139.60188240548217 949
1694636215081 139.57398744218955 950
1694636215158 139.54609805757937 951
1694636215231 139.51821425053578 952
1694636215312 139.49033601994324 953
1694636215379 139.46246336468633 954
1694636215457 139.43459628364994 955
1694636215533 139.4067347757191 956
1694636215609 139.3788788397791 957
1694636215696 139.3510284747155 958
1694636215760 139.32318367941397 959
1694636215818 139.29534445276056 960
1694636215891 139.26751079364138 961
1694636215953 139.23968270094286 962
1694636216011 139.21186017355168 963
1694636216078 139.18404321035464 964
1694636216143 139.15623181023884 965
1694636216202 139.12842597209155 966
1694636216260 139.1006256948003 967
1694636216321 139.0728309772529 968
1694636216384 139.0450418183372 969
1694636216445 139.01725821694149 970
1694636216506 138.9894801719541 971
1694636216565 138.96170768226378 972
1694636216627 138.93394074675925 973
1694636216703 138.9061793643297 974
1694636216802 138.87842353386432 975
1694636216905 138.85067325425274 976
1694636217003 138.82292852438465 977
1694636217109 138.79518934315004 978
1694636217186 138.76745570943908 979
1694636217273 138.7397276221422 980
1694636217349 138.71200508015 981
1694636217408 138.68428808235336 982
1694636217470 138.65657662764337 983
1694636217527 138.62887071491133 984
1694636217579 138.60117034304872 985
1694636217635 138.5734755109473 986
1694636217701 138.54578621749903 987
1694636217770 138.51810246159616 988
1694636217823 138.49042424213098 989
1694636217877 138.46275155799623 990
1694636217938 138.43508440808466 991
1694636218002 138.40742279128943 992
1694636218057 138.3797667065038 993
1694636218123 138.3521161526213 994
1694636218182 138.3244711285356 995
1694636218247 138.29683163314073 996
1694636218324 138.26919766533086 997
1694636218389 138.24156922400036 998
1694636218469 138.21394630804386 999
