1694622629964 0.0 0
1694622630224 0.0 1
1694622630476 0.0 2
1694622630760 0.0 3
1694622631001 0.0 4
1694622631201 0.0 5
1694622631393 0.0 6
1694622631581 0.0 7
1694622631837 0.0 8
1694622632051 0.0 9
1694622632263 0.0 10
1694622632497 0.0 11
1694622632692 0.0 12
1694622632892 0.0 13
1694622633082 0.0 14
1694622633288 0.0 15
1694622633507 0.0 16
1694622633721 0.0 17
1694622633925 0.0 18
1694622634124 0.0 19
1694622634351 0.0 20
1694622634540 0.0 21
1694622634830 0.0 22
1694622635029 0.0 23
1694622635233 0.0 24
1694622635458 0.0 25
1694622635656 0.0 26
1694622635867 0.0 27
1694622636080 0.0 28
1694622636284 0.0 29
1694622636498 0.0 30
1694622636740 0.0 31
1694622636936 0.0 32
1694622637171 0.0 33
1694622637389 0.0 34
1694622637583 0.0 35
1694622637760 0.0 36
1694622637956 0.0 37
1694622638152 0.0 38
1694622638340 0.0 39
1694622638538 0.0 40
1694622638736 0.0 41
1694622638939 0.0 42
1694622639138 0.0 43
1694622639338 0.0 44
1694622639529 0.0 45
1694622639735 0.0 46
1694622639928 0.0 47
1694622640141 0.0 48
1694622640364 0.0 49
1694622640549 0.0 50
1694622640748 0.0 51
1694622640958 0.0 52
1694622641161 0.0 53
1694622641371 0.0 54
1694622641624 0.0 55
1694622641823 0.0 56
1694622642049 0.0 57
1694622642249 0.0 58
1694622642443 0.0 59
1694622642641 0.0 60
1694622642875 0.0 61
1694622643082 0.0 62
1694622643300 0.0 63
1694622643483 0.0 64
1694622643664 0.0 65
1694622643892 0.0 66
1694622644155 0.0 67
1694622644368 0.0 68
1694622644608 0.0 69
1694622644830 0.0 70
1694622645066 0.0 71
1694622645290 0.0 72
1694622645508 0.0 73
1694622645712 0.0 74
1694622645929 0.0 75
1694622646164 0.0 76
1694622646387 0.0 77
1694622646605 0.0 78
1694622646841 0.0 79
1694622647097 0.0 80
1694622647315 0.0 81
1694622647526 0.0 82
1694622647717 0.0 83
1694622647915 0.0 84
1694622648130 0.0 85
1694622648333 0.0 86
1694622648524 0.0 87
1694622648721 0.0 88
1694622648927 0.0 89
1694622649113 0.0 90
1694622649312 0.0 91
1694622649514 0.0 92
1694622649713 0.0 93
1694622649896 0.0 94
1694622650094 0.0 95
1694622650276 0.0 96
1694622650466 0.0 97
1694622650658 0.0 98
1694622650857 0.0 99
1694622651082 0.0 100
1694622651276 0.0 101
1694622651476 0.0 102
1694622651687 0.0 103
1694622651890 0.0 104
1694622652096 0.0 105
1694622652300 0.0 106
1694622652498 0.0 107
1694622652729 0.0 108
1694622652915 0.0 109
1694622653151 0.0 110
1694622653395 0.0 111
1694622653605 0.0 112
1694622653839 0.0 113
1694622654066 0.0 114
1694622654306 0.0 115
1694622654518 0.0 116
1694622654733 0.0 117
1694622654966 0.0 118
1694622655179 0.0 119
1694622655394 0.0 120
1694622655588 0.0 121
1694622655782 0.0 122
1694622655986 0.0 123
1694622656190 0.0 124
1694622656404 0.0 125
1694622656611 0.0 126
1694622656853 0.0 127
1694622657071 0.0 128
1694622657321 0.0 129
1694622657583 0.0 130
1694622657786 0.0 131
1694622657978 0.0 132
1694622658188 0.0 133
