1694626153521 0.0 0
1694626154004 0.0 1
1694626154541 0.0 2
1694626155017 0.0 3
1694626155469 0.0 4
1694626155932 0.0 5
1694626156392 0.0 6
1694626156878 0.0 7
1694626157373 0.0 8
1694626157842 0.0 9
1694626158288 0.0 10
1694626158759 0.0 11
1694626159204 0.0 12
1694626159705 0.0 13
1694626160181 0.0 14
1694626160683 0.0 15
1694626161184 0.0 16
1694626161640 0.0 17
1694626161882 0.0 18
1694626162138 0.0 19
1694626162533 0.0 20
1694626162989 0.0 21
1694626163447 0.0 22
1694626163898 0.0 23
1694626164344 0.0 24
1694626164778 0.0 25
1694626165197 0.0 26
1694626165646 0.0 27
1694626166061 0.0 28
1694626166539 0.0 29
1694626167010 0.0 30
1694626167478 0.0 31
1694626167912 0.0 32
1694626168354 0.0 33
1694626168774 0.0 34
1694626169234 0.0 35
1694626169665 0.0 36
1694626170119 0.0 37
1694626170612 0.0 38
1694626171063 0.0 39
1694626171500 0.0 40
1694626171934 0.0 41
1694626172336 0.0 42
1694626172799 0.0 43
1694626173171 0.0 44
1694626173584 0.0 45
1694626174044 0.0 46
1694626174477 0.0 47
1694626174950 0.0 48
1694626175383 0.0 49
1694626175791 0.0 50
1694626176229 0.0 51
1694626176659 0.0 52
1694626177108 0.0 53
1694626177545 0.0 54
1694626178003 0.0 55
1694626178460 0.0 56
1694626178851 0.0 57
1694626179245 0.0 58
1694626179597 0.0 59
1694626180003 0.0 60
1694626180450 0.0 61
1694626180951 0.0 62
1694626181390 0.0 63
1694626181834 0.0 64
1694626182296 0.0 65
1694626182695 0.0 66
1694626183129 0.0 67
1694626183612 0.0 68
1694626184109 0.0 69
1694626184529 0.0 70
1694626184996 0.0 71
1694626185386 0.0 72
1694626185792 0.0 73
1694626186150 0.0 74
1694626186620 0.0 75
1694626187042 0.0 76
1694626187477 0.0 77
1694626187941 0.0 78
1694626188451 0.0 79
1694626188964 0.0 80
1694626189475 0.0 81
1694626189949 0.0 82
1694626190402 0.0 83
1694626190862 0.0 84
1694626191284 0.0 85
1694626191796 0.0 86
1694626192274 0.0 87
1694626192719 0.0 88
1694626193197 0.0 89
1694626193670 0.0 90
1694626194064 0.0 91
1694626194540 0.0 92
1694626194981 0.0 93
1694626195428 0.0 94
1694626195892 0.0 95
1694626196337 0.0 96
1694626196812 0.0 97
1694626197253 0.0 98
1694626197685 0.0 99
1694626198130 0.0 100
1694626198585 0.0 101
1694626198983 0.0 102
1694626199474 0.0 103
1694626199910 0.0 104
1694626200420 0.0 105
1694626200873 0.0 106
1694626201342 0.0 107
1694626201798 0.0 108
1694626202280 0.0 109
1694626202732 0.0 110
1694626203203 0.0 111
1694626203665 0.0 112
1694626204149 0.0 113
1694626204659 0.0 114
1694626205152 0.0 115
1694626205614 0.0 116
1694626206095 0.0 117
1694626206589 0.0 118
1694626207073 0.0 119
1694626207538 0.0 120
1694626208016 0.0 121
1694626208470 0.0 122
1694626208927 0.0 123
1694626209469 0.0 124
1694626209921 0.0 125
1694626210358 0.0 126
1694626210787 0.0 127
1694626211250 0.0 128
1694626211709 0.0 129
1694626212203 0.0 130
1694626212658 0.0 131
1694626213111 0.0 132
1694626213564 0.0 133
1694626214047 0.0 134
1694626214441 0.0 135
1694626214737 0.0 136
1694626215183 0.0 137
1694626215503 0.0 138
1694626215952 0.0 139
1694626216405 0.0 140
1694626216866 0.0 141
1694626217253 0.0 142
1694626217642 0.0 143
1694626218069 0.0 144
1694626218462 0.0 145
1694626218815 0.0 146
1694626219243 0.0 147
1694626219709 0.0 148
1694626220121 0.0 149
1694626220571 0.0 150
1694626220970 0.0 151
1694626221390 0.0 152
1694626221815 0.0 153
1694626222232 0.0 154
1694626222652 0.0 155
1694626223059 0.0 156
1694626223454 0.0 157
1694626223839 0.0 158
1694626224241 0.0 159
1694626224658 0.0 160
1694626225094 0.0 161
1694626225511 0.0 162
1694626225903 0.0 163
1694626226294 0.0 164
1694626226699 0.0 165
1694626227137 0.0 166
1694626227551 0.0 167
1694626227965 0.0 168
1694626228387 0.0 169
1694626228782 0.0 170
1694626229214 0.0 171
1694626229635 0.0 172
1694626230028 0.0 173
1694626230447 0.0 174
1694626230911 0.0 175
1694626231391 0.0 176
1694626231843 0.0 177
1694626232295 0.0 178
1694626232747 0.0 179
1694626233229 0.0 180
1694626233658 0.0 181
1694626234101 0.0 182
1694626234554 0.0 183
1694626235018 0.0 184
1694626235471 0.0 185
1694626235953 0.0 186
1694626236358 0.0 187
1694626236803 0.0 188
1694626237286 0.0 189
1694626237720 0.0 190
1694626238191 0.0 191
1694626238582 0.0 192
1694626239026 0.0 193
1694626239472 0.0 194
1694626239933 0.0 195
1694626240393 0.0 196
1694626240867 0.0 197
1694626241326 0.0 198
1694626241775 0.0 199
1694626242256 0.0 200
1694626242715 0.0 201
1694626243187 0.0 202
1694626243619 0.0 203
1694626244042 0.0 204
1694626244518 0.0 205
1694626244971 0.0 206
1694626245435 0.0 207
1694626245900 0.0 208
1694626246359 0.0 209
1694626246795 0.0 210
1694626247257 0.0 211
1694626247732 0.0 212
1694626248197 0.0 213
1694626248670 0.0 214
1694626249139 0.0 215
1694626249593 0.0 216
1694626250088 0.0 217
1694626250564 0.0 218
1694626251073 0.0 219
1694626251542 0.0 220
1694626252034 0.0 221
1694626252474 0.0 222
1694626252858 0.0 223
1694626253243 0.0 224
1694626253633 0.0 225
1694626254000 0.0 226
1694626254391 0.0 227
1694626254781 0.0 228
1694626255243 0.0 229
1694626255732 0.0 230
1694626256201 0.0 231
1694626256633 0.0 232
1694626257056 0.0 233
1694626257530 0.0 234
1694626258000 0.0 235
1694626258466 0.0 236
1694626258941 0.0 237
1694626259446 0.0 238
1694626259954 0.0 239
1694626260425 0.0 240
1694626260908 0.0 241
1694626261402 0.0 242
1694626261895 0.0 243
1694626262382 0.0 244
1694626262828 0.0 245
1694626263335 0.0 246
1694626263820 0.0 247
1694626264293 0.0 248
1694626264763 0.0 249
1694626265258 0.0 250
1694626265746 0.0 251
1694626266237 0.0 252
1694626266710 0.0 253
1694626267153 0.0 254
1694626267598 0.0 255
1694626268096 0.0 256
1694626268590 0.0 257
1694626269062 0.0 258
1694626269511 0.0 259
1694626270065 0.0 260
1694626270493 0.0 261
1694626270958 0.0 262
1694626271441 0.0 263
1694626271922 0.0 264
1694626272416 0.0 265
1694626272872 0.0 266
1694626273336 0.0 267
1694626273757 0.0 268
1694626274178 0.0 269
1694626274649 0.0 270
1694626275117 0.0 271
1694626275572 0.0 272
1694626276007 0.0 273
1694626276462 0.0 274
1694626276894 0.0 275
1694626277330 0.0 276
1694626277775 0.0 277
1694626278202 0.0 278
1694626278672 0.0 279
1694626279142 0.0 280
1694626279581 0.0 281
1694626280060 0.0 282
1694626280500 0.0 283
