1694623642116 140.36487626066872 0
1694623642145 116.56319735607244 1
1694623642175 92.2442738221311 2
1694623642203 75.8987976998218 3
1694623642232 62.43098952916936 4
1694623642259 51.09257041958054 5
1694623642287 43.36996612201057 6
1694623642318 36.71999941781351 7
1694623642345 30.779269104357848 8
1694623642375 26.495047410752516 9
1694623642404 22.968655558483018 10
1694623642434 20.230781503620392 11
1694623642459 17.442624021840697 12
1694623642488 15.527229603631495 13
1694623642516 13.778749257337845 14
1694623642547 12.360882168113854 15
1694623642581 11.27998916073276 16
1694623642618 10.327213645666154 17
1694623642650 9.593459340603262 18
1694623642684 8.991251552611677 19
1694623642719 8.128209424785993 20
1694623642751 7.974587396387812 21
1694623642780 7.521244182513904 22
1694623642809 7.102149892554805 23
1694623642837 6.731509410677659 24
1694623642866 6.279283563670615 25
1694623642895 6.158810175485617 26
1694623642924 5.966373488507199 27
1694623642954 5.871962354637647 28
1694623642985 6.042882903393115 29
1694623643019 5.6918132515947075 30
1694623643048 5.560877188035558 31
1694623643079 5.495219169009052 32
1694623643116 5.385821315378853 33
1694623643145 5.396229801866074 34
1694623643175 5.228303014657963 35
1694623643203 5.531667859151839 36
1694623643231 5.257262578920617 37
1694623643260 5.1161305638274 38
1694623643289 5.1463834205488395 39
1694623643320 5.178564380902965 40
1694623643353 5.125854059414786 41
1694623643384 4.982475009097287 42
1694623643421 4.955840740383146 43
1694623643453 5.1081758985695584 44
1694623643483 5.002694438321565 45
1694623643519 5.172049881160124 46
1694623643551 4.85151773687419 47
1694623643582 4.907655654436133 48
1694623643643 4.949684856202825 49
1694623643695 5.013185442601296 50
1694623643728 4.794654153200197 51
1694623643758 5.059784844678581 52
1694623643787 4.901384222582031 53
1694623643817 4.898094786810744 54
1694623643844 4.896982194672784 55
1694623643875 4.891805111835113 56
1694623643905 4.748511059216341 57
1694623643933 4.971506595441195 58
1694623643960 4.847894097140565 59
1694623643992 4.781253713649768 60
1694623644023 4.983100321707037 61
1694623644054 4.841823524686212 62
1694623644090 4.808297976924092 63
1694623644131 4.8893835938261105 64
1694623644168 4.969847711051433 65
1694623644201 4.88011193747147 66
1694623644229 4.863043531600263 67
1694623644256 4.958484942652292 68
1694623644283 4.8703970814756214 69
1694623644312 4.947981595210435 70
1694623644338 4.807952445100413 71
1694623644365 4.932269745651345 72
1694623644393 5.087386298061513 73
1694623644421 4.922432615175289 74
1694623644451 4.815256444520112 75
1694623644485 4.794570096144026 76
