1694626971831 87.72189416690847 0
1694626972132 67.09850457395633 1
1694626972442 36.39564832306791 2
1694626972773 27.706163156587095 3
1694626973190 14.69419293251709 4
1694626973486 13.081908041892383 5
1694626973734 8.81775961316676 6
1694626974037 7.653752009515372 7
1694626974351 4.825162366346379 8
1694626974576 7.417354622525017 9
1694626974868 7.015406279954297 10
1694626975106 6.21522963627464 11
1694626975389 5.126824026685126 12
1694626975670 3.3028009854343385 13
1694626975957 7.4193459323273245 14
1694626976214 4.66607898064101 15
1694626976498 4.172994474267771 16
1694626976767 5.0564008102642735 17
1694626977036 4.037623365273394 18
1694626977335 3.2170882993029886 19
1694626977579 6.613565666861659 20
1694626977868 2.4666132990441563 21
1694626978127 4.726446097905191 22
1694626978414 6.973064153116619 23
1694626978734 3.902350311257957 24
1694626978989 5.492240457642004 25
1694626979321 4.257604101995259 26
1694626979627 4.099494270727878 27
1694626979888 6.339891634645774 28
1694626980255 7.594800395212999 29
1694626980619 5.404707757554915 30
1694626980960 4.505323644933942 31
1694626981269 3.278027271459808 32
1694626981510 3.8089969501187135 33
1694626981788 4.253440073923821 34
1694626982060 7.292778943953171 35
1694626982359 4.8499770662789965 36
1694626982643 5.39485953215461 37
1694626982920 3.7352056954188098 38
1694626983191 6.0120689424344365 39
1694626983491 5.659364199211804 40
1694626983732 5.974496582074455 41
1694626983959 6.553135883033481 42
1694626984261 7.229513691784084 43
1694626984573 1.5354063849301447 44
1694626984818 5.27061239326161 45
1694626985111 4.813586674576463 46
