1694622920084 0.6984362478375211 0
1694622920376 0.010227236901988407 1
1694622920652 0.04297059086867212 2
1694622920916 0.0052318559800602115 3
1694622921374 0.007381116128389791 4
1694622921744 0.0028509417146776396 5
1694622922102 0.04842881107336353 6
1694622922425 0.0005047519470985164 7
1694622922813 0.01226778021854953 8
1694622923129 0.011838912473279145 9
1694622923429 0.0057741371315668255 10
1694622923797 0.0792741636430803 11
1694622924206 0.22219822072747406 12
1694622924524 0.006615542807623579 13
1694622924832 0.009564150602914066 14
1694622925120 0.0023698294497732364 15
1694622925395 0.07685043442928909 16
1694622925680 0.022446981023808658 17
1694622925947 0.1172444263502319 18
1694622926220 0.060713984835499946 19
1694622926520 0.34649162155470525 20
1694622926772 0.004369653120029301 21
1694622927093 0.03597965492569425 22
1694622927411 0.03251947236401611 23
1694622927710 0.18081470082610526 24
1694622927953 0.03684697574236895 25
1694622928247 0.004123931854494156 26
1694622928526 0.08738848725468658 27
1694622928744 0.0014184422033420331 28
1694622929015 0.011962827097552548 29
1694622929342 0.07128015503611516 30
1694622929663 0.0047385206860029614 31
1694622929940 0.045846693066406034 32
1694622930186 0.001102353038943803 33
1694622930468 0.02866938916814875 34
1694622930711 0.018695854413203296 35
1694622930945 0.32727807501917194 36
1694622931181 0.1237160890514093 37
1694622931497 0.01198026099461817 38
1694622931895 0.3308332502516397 39
1694622932232 0.3654552546447293 40
1694622932606 0.0010765572079320393 41
1694622932898 0.3338210441672816 42
1694622933148 0.014450885077122045 43
1694622933407 0.0037791650117958977 44
1694622933757 0.0008536047665405402 45
1694622934125 0.025147159003317397 46
1694622934523 0.0005848413488487013 47
1694622934931 0.007434358724698899 48
1694622935268 0.009149314014840487 49
1694622935547 0.020920965018750567 50
1694622935976 0.00888465837811278 51
1694622936243 0.00886883719141691 52
1694622936485 0.002189757183533308 53
1694622936785 0.28428065907034256 54
1694622936991 0.036760046163127454 55
1694622937329 0.0010100314187454626 56
1694622937641 0.020548513905778762 57
1694622937879 0.15970483968859195 58
1694622938280 0.00840857810546942 59
1694622938578 0.011254529927385803 60
1694622938997 0.0011110466302071498 61
1694622939460 0.01690816637269196 62
1694622939958 0.02808043476821396 63
1694622940368 0.027626901128498717 64
1694622940807 0.01461616742559588 65
1694622941190 0.04633678852601261 66
1694622941528 0.003641641505763466 67
1694622941883 0.0015064789916964885 68
1694622942203 0.08958180204800158 69
1694622942437 0.008930695294099593 70
1694622942663 0.25103193957660735 71
1694622942910 0.06498795395678593 72
1694622943155 0.025129056698037642 73
1694622943390 0.008475415649879366 74
1694622943707 0.01892222648642809 75
1694622943926 0.04761618499431398 76
1694622944125 0.07851668316596379 77
1694622944330 6.504163156174975e-05 78
1694622944539 0.1473095689877424 79
1694622944761 0.06301821026920043 80
1694622945010 0.056655658460784804 81
1694622945229 0.07256147384597822 82
1694622945468 0.0174405706393114 83
1694622945674 0.001465673518519932 84
1694622945895 0.16135481361739074 85
1694622946153 0.0846093556799658 86
1694622946390 0.003339844914347621 87
1694622946646 0.01814367232243241 88
1694622946870 0.09785589754455874 89
1694622947132 0.1775887875155026 90
1694622947353 2.144724592036523 91
1694622947559 0.004331992753973491 92
1694622947790 0.0014284991265284522 93
1694622948028 0.005335694877267125 94
1694622948250 0.020435723169035254 95
1694622948594 0.00013777977960873562 96
1694622948872 0.002626779964589397 97
1694622949112 0.0015165378350994348 98
1694622949481 0.00142240377698365 99
1694622949774 0.002118669290164024 100
1694622950081 0.07261309793144669 101
1694622950421 0.005442800911340476 102
1694622950658 0.0018037080582363626 103
1694622950941 0.003828547336422537 104
1694622951184 0.0103536071246521 105
1694622951385 0.04680212403537709 106
1694622951749 0.00035691726158553643 107
1694622952020 0.10051861284231607 108
1694622952278 0.016201366568241813 109
1694622952502 0.05966555614834769 110
1694622952733 0.12127761936351505 111
1694622952933 0.3390416561337382 112
1694622953131 0.00026369266376402426 113
1694622953356 0.0243353872252678 114
1694622953584 8.510042138469663e-06 115
1694622953808 0.02370940998533816 116
1694622954143 0.13594227308315085 117
1694622954497 0.1310988330031756 118
1694622954787 0.06431958060195131 119
1694622955024 0.004726988896779669 120
1694622955301 0.21946304628794316 121
1694622955527 0.010125279595505556 122
1694622955760 0.001964052490505621 123
1694622956051 0.019373190804465597 124
1694622956294 0.006753350792896186 125
1694622956563 0.3287935759487801 126
1694622956796 0.11217671651675 127
1694622957082 0.05344132826201996 128
1694622957338 0.01950668701932355 129
1694622957547 0.276990125067568 130
1694622957774 0.08264494899067856 131
1694622957915 0.020065431615466967 132
1694622958232 0.02863134751312015 133
1694622958453 0.17599911006390864 134
1694622958708 0.05351429070737447 135
1694622958946 0.053491343152699045 136
1694622959210 0.0009132540836811557 137
1694622959407 0.5635092525758783 138
1694622959664 0.011363269481384376 139
1694622959855 0.24645148892343735 140
1694622960068 0.02329493821031998 141
1694622960308 0.0011074216854335677 142
1694622960539 0.006318983164937096 143
1694622960801 0.015658012144056606 144
1694622961012 0.001091416296536467 145
1694622961288 0.016568916473023238 146
1694622961542 0.02284964365715769 147
1694622961768 0.0007580314142798523 148
1694622961973 0.0267985414945762 149
1694622962175 0.059712745700785545 150
1694622962372 0.18007182457934234 151
1694622962548 0.02754467207339031 152
1694622962808 0.0010495048344794258 153
1694622963100 0.06308344732643296 154
1694622963373 0.014673248944759174 155
1694622963607 0.023529943160769298 156
1694622963861 0.5560193222074433 157
1694622964096 0.16742898744503434 158
1694622964334 0.26883363673049376 159
1694622964582 0.08796263267188839 160
1694622964911 0.007292553508400594 161
1694622965315 0.09055127149692148 162
1694622965592 0.001186339720403499 163
1694622966041 5.604261970384718e-05 164
1694622966415 0.0849186191779345 165
1694622966697 0.0008677058561364855 166
1694622966939 0.00043256093796356805 167
1694622967180 0.01967074799875975 168
1694622967460 0.04631115808045972 169
1694622967691 0.017731448339364866 170
1694622967939 0.17979926426622328 171
1694622968183 0.05166564621801304 172
1694622968365 0.04161380689574385 173
1694622968592 0.00564572715924139 174
1694622968805 0.011701016785259158 175
1694622969010 0.0013772384052666657 176
1694622969257 0.41975942778029307 177
1694622969484 0.1332394730304951 178
1694622969710 3.7419090303915254e-05 179
1694622969910 5.2417434524125065e-05 180
1694622970132 0.08182080794003899 181
1694622970318 0.005677087932782351 182
1694622970575 0.17488229793813867 183
1694622970777 0.0014084430165982014 184
1694622970983 0.0010334780545815736 185
1694622971233 0.00020032397248440442 186
1694622971515 0.06639472672037018 187
1694622971728 0.014667517790719889 188
1694622971938 1.8489665623840648 189
1694622972148 0.00051273249640006 190
1694622972386 0.009803232588590246 191
1694622972619 0.013305905364649337 192
1694622972881 0.04471848837178418 193
1694622973105 0.10591966827118786 194
1694622973369 0.08895503172278608 195
1694622973607 0.01038787059193063 196
1694622973824 0.0018469901790168788 197
1694622974004 0.011808723108332139 198
1694622974189 0.003129592251667075 199
1694622974408 0.08382251076040756 200
1694622974642 0.013871071427389883 201
1694622974916 0.00010253696993869511 202
1694622975146 0.10099177245792668 203
1694622975386 6.874781684526397e-05 204
1694622975570 0.019495926275941843 205
1694622975786 0.03263379528956971 206
1694622975976 0.002909248636379699 207
1694622976168 0.02389340343614944 208
1694622976359 0.059544448221403326 209
1694622976598 3.002513697903125e-06 210
1694622976799 0.030392902025100303 211
1694622977037 0.04618222254307238 212
1694622977293 0.11525080494399846 213
1694622977495 0.019270868289894327 214
1694622977691 0.00016108894413497353 215
1694622977905 0.1284593022268581 216
1694622978122 0.018821179730544896 217
1694622978399 0.0005698958345294904 218
1694622978647 0.006226787838895495 219
1694622978912 0.2645689230076983 220
1694622979129 0.10575153145722775 221
1694622979332 0.027750219751044868 222
1694622979515 0.060486185710156126 223
1694622979729 0.019289000926431595 224
1694622979922 0.0031665760780809986 225
1694622980103 0.019505609046461814 226
1694622980331 0.08940887190900755 227
1694622980512 0.0014305407806353536 228
1694622980718 0.06838546984180874 229
1694622980927 0.0024016399627274842 230
1694622981127 0.14690564963807531 231
1694622981347 0.48447579825864506 232
1694622981574 0.08611872026746077 233
1694622981809 0.004427207998639084 234
1694622981992 0.24862553580061825 235
1694622982170 0.012239748205725836 236
1694622982374 0.1052126595282456 237
1694622982566 0.12470642129111459 238
1694622982759 0.14516471511392318 239
1694622982930 0.017817565208763823 240
1694622983163 0.006403453091008463 241
1694622983339 0.07208578747659612 242
1694622983542 0.010106062269063397 243
1694622983726 0.26432421685899543 244
1694622983945 0.0973915426942488 245
1694622984124 0.1697094247980623 246
1694622984319 0.04289097812994775 247
1694622984514 0.019334217418406196 248
1694622984703 0.00760715845271728 249
1694622984891 0.0016651096528621863 250
1694622985107 0.012755861476357197 251
1694622985342 0.0017743140068270276 252
1694622985577 0.14702446475884084 253
1694622985798 0.02799963471976221 254
1694622986022 0.02728487615902497 255
1694622986269 0.026912623870602975 256
1694622986457 0.5885603459900585 257
1694622986688 0.0011218374352214865 258
1694622986915 0.09798198529637807 259
1694622987163 0.0009507410206436361 260
1694622987391 0.00010091740570445474 261
1694622987625 5.090604243584955e-05 262
1694622987876 0.3304632445395264 263
1694622988104 0.03614146273505233 264
1694622988357 0.03114253256033599 265
1694622988562 0.0004311595773511866 266
1694622988747 0.0026373413474675323 267
1694622989008 0.009817696214627296 268
1694622989263 0.03540301405542252 269
1694622989492 0.015112273407511485 270
1694622989746 0.09759570491282113 271
1694622989958 0.06907296082257881 272
1694622990159 0.03225597170249195 273
1694622990368 0.0001767811915919351 274
1694622990546 0.04996012172741868 275
1694622990762 0.0004234730550815837 276
1694622990994 0.03689302442181821 277
1694622991192 0.6254890552948303 278
1694622991377 0.01950457806170152 279
1694622991580 0.0058428726802947474 280
1694622991778 0.004312912883589503 281
1694622992015 0.11220144545686314 282
1694622992280 0.07596481800889374 283
1694622992476 0.11512498158423112 284
1694622992664 0.06243159139737419 285
1694622992880 0.034378595826028334 286
1694622993077 0.2110542324270364 287
1694622993300 0.051321482736617664 288
1694622993478 0.013762882718705174 289
1694622993671 0.0464143311072798 290
1694622993871 0.08385767813266423 291
1694622994010 0.017971467492803792 292
1694622994298 0.00019885961730533252 293
1694622994548 0.192747745447109 294
1694622994800 0.0006813913427060254 295
1694622995047 0.08301233528424688 296
1694622995264 0.6681621836018817 297
1694622995518 0.013946129251576487 298
1694622995742 0.01095042623477824 299
1694622995952 0.011035789799339963 300
1694622996209 0.004787137342870182 301
1694622996468 0.01527302547363281 302
1694622996722 0.08725430638258615 303
1694622997000 7.375406322865885e-05 304
1694622997291 0.03364650004627184 305
1694622997490 0.00024164995810859483 306
1694622997733 0.23911632205708644 307
1694622998032 0.009188660818896056 308
1694622998340 0.06477555211193253 309
1694622998688 0.0007219127370870415 310
1694622998921 0.6396964955292708 311
1694622999175 0.0003972690852367062 312
1694622999459 0.021902922356709455 313
1694622999727 0.002693075946343395 314
1694622999984 1.164395468573091 315
1694623000220 0.1818805622777119 316
1694623000455 0.020374051920637404 317
1694623000702 1.2913414780090147e-06 318
1694623000948 0.015126512885349002 319
1694623001179 0.005003648143058445 320
1694623001445 0.15321177998734434 321
1694623001670 0.0005933196572317223 322
1694623001890 0.023401525728903538 323
1694623002102 0.004380091080273913 324
1694623002313 0.12216460534754083 325
1694623002593 5.789039827015583e-07 326
1694623002842 0.0003480056003683707 327
1694623003092 0.008893558146975872 328
1694623003318 6.785988565486392e-07 329
1694623003528 0.19920004013227052 330
1694623003725 0.10384318291592809 331
1694623003944 0.0452096919036068 332
1694623004171 0.18195381350409964 333
1694623004413 0.07237076094656296 334
1694623004643 0.06183510008951678 335
1694623004861 0.0065412384002593105 336
1694623005070 0.02946046804610323 337
1694623005299 0.0073591164060916835 338
1694623005577 0.16250563337957138 339
1694623005745 0.2140159216219587 340
1694623006045 0.1801017099591665 341
1694623006283 0.12672283056944578 342
1694623006483 0.017335388479278832 343
1694623006719 0.03876392967758012 344
1694623006973 0.09543679937311379 345
1694623007196 0.04617042611914832 346
1694623007380 0.07629658234960618 347
1694623007600 0.0011299312403945552 348
1694623007807 0.2812479815844519 349
1694623008013 0.15801684466277438 350
1694623008226 0.02496438230920122 351
1694623008435 0.0010968242956596087 352
1694623008671 0.012451558467029052 353
1694623008868 0.7128401164992911 354
1694623009072 0.026491976409643986 355
1694623009294 0.029969045226694184 356
1694623009521 0.017294710903383356 357
1694623009736 0.019222091703119698 358
1694623009929 0.8478445259945369 359
1694623010130 0.13049729498967136 360
1694623010385 0.05473745775152482 361
1694623010626 4.1754290489305794e-05 362
1694623010847 0.0011242369406781652 363
1694623011025 0.040148278970516205 364
1694623011228 0.0009665176788384807 365
1694623011463 0.03505441267173679 366
1694623011669 0.0026110471645384237 367
1694623011896 0.011457504667712485 368
1694623012076 0.02887499702637852 369
1694623012257 0.010851609824246218 370
1694623012471 1.4122197150109717 371
1694623012690 0.038933320921542273 372
1694623012962 0.4932031071208772 373
1694623013164 0.005317743370521102 374
1694623013382 0.0025875873252135177 375
1694623013630 0.005902347439066872 376
1694623013899 0.12811920920524905 377
1694623014186 0.06522152612637316 378
1694623014395 0.008183591975645213 379
1694623014589 3.2036347655252e-05 380
1694623014773 0.09305710423891804 381
1694623014989 1.1510842328628246 382
1694623015182 0.3966432374631579 383
1694623015404 0.4322561052470963 384
1694623015627 0.21772940114742442 385
1694623015886 0.007922300579268054 386
1694623016161 0.022743447616569518 387
1694623016417 0.00029070268005837853 388
1694623016634 0.1733304933488174 389
1694623016861 0.01306759031160115 390
1694623017042 0.004553072405236873 391
1694623017257 0.08746213904892516 392
1694623017440 0.020041346803844052 393
1694623017643 0.04162314056755513 394
1694623017847 0.004305960008168391 395
1694623018034 0.001967431088076088 396
1694623018233 0.09748721421280543 397
1694623018437 0.035114724676035915 398
1694623018662 0.0030327790320258 399
1694623018902 0.011274358349266645 400
1694623019138 0.02074023759797242 401
1694623019393 0.05345358976715899 402
1694623019636 0.06635600283813466 403
1694623019852 0.05475311745817522 404
1694623020093 0.11263371545566249 405
1694623020364 0.00965366525840422 406
1694623020628 0.1639327066633419 407
1694623020959 0.2072023221655957 408
1694623021210 0.1233412974538707 409
1694623021440 7.496962405105337e-05 410
1694623021641 0.009303029561861735 411
1694623021882 0.508611429632799 412
1694623022332 0.18196641611280562 413
1694623022628 0.003375775472979495 414
1694623022938 0.06314960592168474 415
1694623023207 0.01347207413222821 416
1694623023456 0.04541869588630154 417
1694623023685 0.2760682987335439 418
1694623023899 0.25545563056649795 419
1694623024104 0.007580974373033879 420
1694623024338 0.007745845923201359 421
1694623024518 0.0031284651741858177 422
1694623024746 0.00027293542900031317 423
1694623024938 0.18596607187141959 424
1694623025143 0.2214290214849687 425
1694623025393 0.0014743643342755152 426
1694623025611 0.13979625363862078 427
1694623025877 0.029328898321075422 428
1694623026114 0.00013257389052033215 429
1694623026349 0.02707835490680014 430
1694623026557 0.1371980227919975 431
1694623026787 0.022938709337543786 432
1694623027022 1.6352212010651197e-05 433
1694623027232 0.0008337472195623789 434
1694623027445 0.06728387169104728 435
1694623027635 0.005396986045767328 436
1694623027853 0.014313278518516761 437
1694623028073 0.04161076880051726 438
1694623028272 0.069082754913967 439
1694623028458 0.018226181573640046 440
1694623028670 0.03589844542418314 441
1694623028925 0.052185084716889873 442
1694623029177 0.11188829602398405 443
1694623029412 0.023071302887552825 444
1694623029668 0.0008948413395701212 445
1694623029888 0.04056791985359054 446
1694623030081 0.026282210369730222 447
1694623030313 0.001123732359187735 448
1694623030546 0.06742746962666507 449
1694623030774 0.14208130126299165 450
1694623030978 0.0012128756366194464 451
1694623031223 0.03178917727522127 452
1694623031461 0.04110884830673123 453
1694623031709 0.0626019012749888 454
1694623031957 0.21240021588117294 455
1694623032201 0.4037132354969857 456
1694623032422 0.00952855933687902 457
1694623032599 0.016701537126391594 458
1694623032823 0.003150280887794712 459
1694623033056 0.03873419917437864 460
1694623033270 0.0007579249387076985 461
1694623033494 0.022923987248396446 462
1694623033752 0.13441464815892323 463
1694623033979 0.02013354491077752 464
1694623034220 0.7194546043126153 465
1694623034505 0.024504378544280676 466
1694623034729 0.30211120824895493 467
1694623034923 0.018554328863418113 468
1694623035141 0.03196180097699131 469
1694623035347 0.0008374379285572768 470
1694623035574 0.024128338388642312 471
1694623035811 0.041467252322438426 472
1694623036002 0.06890465985937642 473
1694623036216 0.12552645442371557 474
1694623036426 0.0010187188364513184 475
1694623036664 0.00938675871202057 476
1694623036890 0.22196417294438506 477
1694623037082 0.0002172195349062662 478
1694623037276 0.026899555136523458 479
1694623037489 0.056865189058052136 480
1694623037743 0.17110363390968064 481
1694623037949 0.20352901589700445 482
1694623038192 0.14294209478151076 483
1694623038393 0.005755710353117642 484
1694623038633 0.002011373347145866 485
1694623038865 0.06076467440970769 486
1694623039081 0.037918564459513575 487
1694623039287 0.05282075484342642 488
1694623039495 0.059728638565498184 489
1694623039712 0.12520694699825893 490
1694623039910 0.025021384673807025 491
1694623040122 0.1344297251677472 492
1694623040330 0.18697231719467286 493
1694623040551 0.006901093637310636 494
1694623040788 0.1507975746919493 495
1694623040976 0.04236312475686005 496
1694623041206 0.27520087756169126 497
1694623041432 0.6221228018301616 498
1694623041627 0.024130248684601053 499
1694623041850 0.013090023464967668 500
1694623042083 0.025154460599373096 501
1694623042275 0.005931571759678936 502
1694623042486 0.004969242307996445 503
1694623042678 0.006975975603469863 504
1694623042931 0.01888929621033625 505
1694623043133 0.00560302321155814 506
1694623043360 0.045861367735759155 507
1694623043537 0.008547315400038823 508
1694623043762 0.18817160506429284 509
1694623043977 0.2995639810142653 510
1694623044193 0.0013044974577898394 511
1694623044440 6.267599886309835e-07 512
1694623044669 0.00041596279978655786 513
1694623044906 0.002900333922656686 514
1694623045115 0.025118177378254253 515
1694623045325 0.12282676675007954 516
1694623045524 0.0020928262895587575 517
1694623045780 0.026784195346959864 518
1694623046013 0.24191896670318344 519
1694623046236 0.11775784775798959 520
1694623046472 0.0028532901388818987 521
1694623046715 0.44479995066647415 522
1694623046970 0.02022264380394568 523
1694623047154 0.028179396511244795 524
1694623047363 0.027688881445747854 525
1694623047553 0.14835215159229512 526
1694623047748 0.020266878339383607 527
1694623047982 0.06261547714943554 528
1694623048188 0.034081140578443574 529
1694623048393 0.11592849560261474 530
1694623048566 0.48741359945884566 531
1694623048816 0.04657225387139452 532
1694623049016 0.09874665856733177 533
1694623049199 0.03865993357908791 534
1694623049427 0.005417668277625302 535
1694623049616 0.061073278968074324 536
1694623049835 0.06415806738726165 537
1694623050023 0.2963806948477819 538
1694623050261 0.012652648628450905 539
1694623050529 0.204480736278767 540
1694623050763 0.0026430518056599736 541
1694623051005 0.033214077218900746 542
1694623051211 0.002867336308368651 543
1694623051407 0.0965094866167307 544
1694623051592 0.004183144310745579 545
1694623051777 0.15519959717493306 546
1694623051985 0.0032223267030148796 547
1694623052171 0.17729212269977454 548
1694623052341 0.7073604449023198 549
1694623052545 0.0975107811390994 550
1694623052725 0.04322685384451667 551
1694623052922 0.012167995146158808 552
1694623053150 0.11635980049458451 553
1694623053357 0.04401390512639935 554
1694623053601 4.892192975026783e-05 555
1694623053821 0.016851212628055265 556
1694623054040 0.008881981942356247 557
1694623054269 0.12118636819356046 558
1694623054464 0.18821936728395075 559
1694623054650 0.00032909182479296613 560
1694623054832 0.05252038463144375 561
1694623055045 0.0002907097625105643 562
1694623055239 0.008450191970036864 563
1694623055464 0.21363864881205438 564
1694623055686 0.0014435443131598608 565
1694623055921 0.0346094433156098 566
1694623056136 0.05344999156164804 567
1694623056316 0.11858728919080916 568
1694623056492 0.21664615479292576 569
1694623056665 0.0769582456073172 570
1694623056843 0.014618599081111055 571
1694623057047 0.015258035141915193 572
1694623057247 0.05361854384924641 573
1694623057466 0.02010558566703322 574
1694623057681 0.30471915245189957 575
1694623057913 0.20893625529110257 576
1694623058128 0.0013271639062570788 577
1694623058350 0.04318974163515545 578
1694623058559 8.265207738701954e-05 579
1694623058759 0.00067514072164801 580
1694623058937 0.1350413377784127 581
1694623059143 1.206096487768539e-06 582
1694623059365 0.05616379977373108 583
1694623059590 0.032314941376070064 584
1694623059796 0.014335662325948097 585
1694623060045 0.0006255572955157109 586
1694623060286 0.07420059501676772 587
1694623060521 1.3759346355434998 588
1694623060739 0.2873457924725566 589
1694623060920 0.016670457618311534 590
1694623061124 0.06310396254918588 591
1694623061390 0.0034367375374825776 592
1694623061605 0.022623925748631594 593
1694623061846 0.015658532754012376 594
1694623062036 0.0006141306332059195 595
1694623062274 0.015595343540952294 596
1694623062510 0.013034329664628011 597
1694623062754 0.015300903216373887 598
1694623062961 0.1813194056841292 599
1694623063200 0.0201655460437269 600
1694623063443 0.4104233729883024 601
1694623063647 0.02116066561811218 602
1694623063845 0.0004391846437416953 603
1694623064024 0.003374935586205051 604
1694623064193 0.11843081496462415 605
1694623064445 0.3657521364339063 606
1694623064652 0.32504969291109526 607
1694623064898 0.16538805578542962 608
1694623065108 0.00585857347174937 609
1694623065248 0.1834457264262512 610
1694623065514 0.02058497749079481 611
1694623065722 0.04591624260595917 612
1694623065931 0.002894099648010258 613
1694623066116 0.2102814184314843 614
1694623066267 0.002125788342238833 615
1694623066509 0.04396400056413552 616
1694623066704 0.0024937026506840123 617
1694623066906 0.07236529013686803 618
1694623067118 0.019288809776842934 619
1694623067324 0.0003662216966264892 620
1694623067575 0.09875182474596166 621
1694623067793 0.000862561790576752 622
1694623068021 0.0020679690928907726 623
1694623068249 0.017036536387861175 624
1694623068463 0.003433812519961216 625
1694623068684 0.132818454698203 626
1694623068891 3.146436827119123e-05 627
1694623069123 2.989862365027203e-05 628
1694623069373 0.005718804918302129 629
1694623069606 0.0026230252020425647 630
1694623069849 0.017350765145465893 631
1694623070068 0.00011676153810633524 632
1694623070272 0.005231821119109562 633
1694623070489 0.057239208816753026 634
1694623070728 2.3234765637111554 635
1694623070979 0.06679401297340018 636
1694623071300 0.05496393696430492 637
1694623071537 0.08307117304218999 638
1694623071758 0.14455348800650278 639
1694623071986 0.002896971852940936 640
1694623072193 0.0014775437481456325 641
1694623072391 0.1810738415465991 642
1694623072594 0.0009807682924351895 643
1694623072838 0.10430840398739522 644
1694623073068 0.008845512216566827 645
1694623073294 0.012317146323669963 646
1694623073530 0.0032031628973884967 647
1694623073713 0.4628040023332726 648
1694623073941 0.11949378193033632 649
1694623074144 0.00169411667418195 650
1694623074335 0.0036119641390265503 651
1694623074534 0.004818127285227416 652
1694623074730 0.06057955908232024 653
1694623074921 0.002902523039280612 654
1694623075133 0.07805317693026308 655
1694623075356 0.01635254263463281 656
1694623075579 0.32447166760250473 657
1694623075777 0.04467912252954816 658
1694623075964 0.04755069750918483 659
1694623076157 0.09861579519395998 660
1694623076373 0.22285053533080626 661
1694623076563 0.007202386053663393 662
1694623076791 0.0006924010375623122 663
1694623077043 0.06900074175429018 664
1694623077262 8.65741902620988e-05 665
1694623077516 0.018001446782236027 666
1694623077737 0.012026344388400707 667
1694623077976 0.20691846875008166 668
1694623078177 0.013334839126971292 669
1694623078383 0.009996274694439878 670
1694623078596 0.013439418322984124 671
1694623078825 0.002577552893971813 672
1694623079032 0.026427759555465818 673
1694623079229 0.036280939707102666 674
1694623079493 0.0788178188537639 675
1694623079715 0.006578716766891786 676
1694623079953 0.15751353622146672 677
1694623080202 0.04179676383674658 678
1694623080442 0.000521834525973031 679
1694623080632 0.06020153531122817 680
1694623080860 0.018898760580437067 681
1694623081082 0.046683937829808606 682
1694623081314 0.2283631357157138 683
1694623081522 0.019311912046901906 684
1694623081707 0.025867672950576043 685
1694623081927 0.03825543070331571 686
1694623082210 0.32675769076021977 687
1694623082413 0.043060679097957556 688
1694623082603 0.19932633877145145 689
1694623082813 0.05483447160522463 690
1694623082995 0.19428084877861176 691
1694623083181 0.00293103344947034 692
1694623083447 0.08869257536254266 693
1694623083664 0.10134113073835549 694
1694623083931 0.00012307276213901426 695
1694623084113 0.24408329866010905 696
1694623084322 0.010625244078745726 697
1694623084517 0.0008864780804571951 698
1694623084729 0.06257557542964988 699
1694623084949 0.005178445838467201 700
1694623085172 0.011466663225840688 701
1694623085387 0.43340602280582546 702
1694623085619 0.3971865053029376 703
1694623085818 0.18313727679893638 704
1694623086022 0.07087407222389303 705
1694623086242 0.02773190106744636 706
1694623086470 0.05119914399679953 707
1694623086696 0.1498048524341567 708
1694623086908 0.06124825628425099 709
1694623087101 0.011216766970396539 710
1694623087303 0.02338883050669601 711
1694623087507 0.11760147662537435 712
1694623087745 0.06009695988291212 713
1694623087956 1.592538590675935e-05 714
1694623088155 0.0003604374875658902 715
1694623088382 0.16047855815485726 716
1694623088597 0.016805803459560877 717
1694623088786 0.009265711330061882 718
1694623089020 0.07978490794738544 719
1694623089201 0.21658231849780182 720
1694623089384 0.08744510528108888 721
1694623089598 0.006896380666172773 722
1694623089786 0.023143720135932275 723
1694623090019 0.0024002422056705573 724
1694623090217 0.08421593481940956 725
1694623090445 0.320447361452806 726
1694623090676 0.018801245735116406 727
1694623090901 0.0009690063021095064 728
1694623091169 0.0016346469437163932 729
1694623091393 0.01002537368375825 730
1694623091643 2.346701277673064e-08 731
1694623091845 0.1513426850611903 732
1694623092107 0.06378608228267912 733
1694623092359 0.0038779209099729156 734
1694623092575 0.06234642752800893 735
1694623092822 0.007552879909358948 736
1694623093017 0.029281250948413422 737
1694623093232 0.0011716921644935767 738
1694623093422 0.08979743113720652 739
1694623093613 0.047684876161306226 740
1694623093825 0.16517696917987992 741
1694623094012 0.00018781461120924477 742
1694623094210 0.004955655670821333 743
1694623094451 0.0037466897176123763 744
1694623094679 0.06989000855242265 745
1694623094935 0.0035691654971189255 746
1694623095158 0.18326578527154844 747
1694623095398 0.005497770381849756 748
1694623095684 0.08109891234572737 749
1694623095966 0.0010614807244687537 750
1694623096195 0.10593204071767161 751
1694623096399 9.198742284172053e-05 752
1694623096652 0.11895208985075253 753
1694623096873 0.21819138604646546 754
1694623097121 0.09340970400977314 755
1694623097389 0.35847369689411646 756
1694623097620 0.0026424946620317467 757
1694623097813 0.0690330600931035 758
1694623098045 0.0037124593557202224 759
1694623098268 0.013838537136894447 760
1694623098490 2.342376114557303e-06 761
1694623098763 0.06957042720315616 762
1694623099009 0.008861667535234617 763
1694623099210 0.03484670045175966 764
1694623099472 0.13336493588185536 765
1694623099676 0.10524865971180225 766
1694623099884 6.944126695779902e-05 767
1694623100114 0.6806966356777174 768
1694623100422 0.06995849754942297 769
1694623100661 0.0030863335712656343 770
1694623100924 0.060012361730261074 771
1694623101234 0.013339383087391597 772
1694623101501 0.025380264900875513 773
1694623101850 0.005012840305047482 774
1694623102172 0.0015660691765033681 775
1694623102422 0.11741625271872423 776
1694623102698 0.006992740159395355 777
1694623102988 0.0004873024213492866 778
1694623103226 0.22217567152010378 779
1694623103481 0.015256037788883922 780
1694623103748 0.03008664134816793 781
1694623104030 0.00038566820034141797 782
1694623104311 0.002759147006685082 783
1694623104569 0.4058044706986105 784
1694623104819 0.015865699849368194 785
1694623105100 0.1301264453101202 786
1694623105345 0.00010117729817616582 787
1694623105600 0.25727753949370796 788
1694623105890 0.01927172149559864 789
1694623106143 0.01497611323524931 790
1694623106360 0.011440361804070516 791
1694623106579 0.005889547931672564 792
1694623106797 0.01561460482990445 793
1694623106978 0.1416475059776127 794
1694623107230 0.007655133454971378 795
1694623107456 0.8670947727946737 796
1694623107703 0.011286700887146924 797
1694623107934 0.022285226471663942 798
1694623108175 0.0004268177327657724 799
1694623108384 0.0002048360564229616 800
1694623108623 0.07427413036600253 801
1694623108944 0.02581701713789661 802
1694623109241 0.008336648351930522 803
1694623109481 0.1662530323056074 804
1694623109763 0.0006644740383431861 805
1694623110030 0.01246657173057538 806
1694623110279 0.0016682332505174849 807
1694623110511 0.1811126002725112 808
1694623110718 0.03184108635513442 809
1694623110960 0.019187288737336366 810
1694623111156 0.014632146409573887 811
1694623111361 0.02281971541065097 812
1694623111592 0.042832295929444555 813
1694623111785 0.002059439343455928 814
1694623112031 0.13584539539307125 815
1694623112316 0.01013352454426756 816
1694623112619 0.0027064113558760683 817
1694623112880 0.06762672378710081 818
1694623113137 0.009607673983484567 819
1694623113403 0.10080614144251315 820
1694623113662 0.01675754234928418 821
1694623113909 0.03754488971132247 822
1694623114178 0.0070479293733599815 823
1694623114419 0.48301065640853175 824
1694623114646 0.0041542978970085884 825
1694623114919 0.12220641911940316 826
1694623115161 0.014446945484889433 827
1694623115401 0.12017837447041056 828
1694623115652 0.025537898822863035 829
1694623115892 0.0038866387874786955 830
1694623116098 0.5058904558031527 831
1694623116335 7.604355253690327e-05 832
1694623116581 0.005055051967092691 833
1694623116888 0.009139255062032094 834
1694623117149 0.24656004820511002 835
1694623117481 0.0017308354434648605 836
1694623117800 0.004864640849832653 837
1694623118046 0.002029099239875895 838
1694623118230 0.03097159652525761 839
1694623118440 0.04592364137146779 840
1694623118632 0.3982186565136799 841
1694623118839 5.484065415563628e-05 842
1694623119034 0.011458281336742163 843
1694623119216 0.11100040858654246 844
1694623119423 0.0522302260062223 845
1694623119629 0.03001883754181509 846
1694623119840 0.03204507183769856 847
1694623120118 0.08631227036086192 848
1694623120423 0.011683184495916026 849
1694623120623 0.06684359682935165 850
1694623120868 0.003979065488861899 851
1694623121134 0.8742590973209685 852
1694623121433 0.07945459238078897 853
1694623121740 0.06381272168872217 854
1694623122029 0.026372118323268044 855
1694623122361 0.0006304820236853346 856
1694623122553 0.0456716720883623 857
1694623122747 0.05251566764023582 858
1694623122951 0.10377665221131377 859
1694623123149 0.12237261905693038 860
1694623123361 0.03526549945878797 861
1694623123548 0.019356484843402116 862
1694623123727 0.1537474593145066 863
1694623123902 0.30401114863290457 864
1694623124081 0.07109933897182377 865
1694623124261 0.00021335826196973518 866
1694623124462 0.004369099585671361 867
1694623124674 0.09511968943321888 868
1694623124879 0.008594458324528785 869
1694623125105 0.021756178641304677 870
1694623125348 0.27856865671799974 871
1694623125585 0.11320676917613832 872
1694623125826 0.1363550624761702 873
1694623126043 0.02355666293211401 874
1694623126297 6.294720564377692e-05 875
1694623126492 0.0615728358572555 876
1694623126714 0.01421208052199928 877
1694623126949 0.021450317676727497 878
1694623127151 0.003029236581454839 879
1694623127421 0.06643392537572039 880
1694623127676 0.08695665919808288 881
1694623127874 0.006184282965703005 882
1694623128055 0.0017387120755632624 883
1694623128235 0.0005424109382307908 884
1694623128451 0.0036488979647522394 885
1694623128690 0.00032393317665287824 886
1694623128934 0.10732679144936169 887
1694623129175 0.003530274364821977 888
1694623129392 0.03996199213217147 889
1694623129621 0.13715550555623723 890
1694623129816 0.006018648661365113 891
1694623130052 0.13449982806561125 892
1694623130296 0.27256752798910877 893
1694623130518 0.27109380141799516 894
1694623130781 0.19366587347269612 895
1694623131008 0.0195237523998331 896
1694623131203 0.14900343583489645 897
1694623131392 0.02139599986954535 898
1694623131562 0.01094352119952837 899
1694623131775 0.022229746008941446 900
1694623131957 0.05305321636897347 901
1694623132138 0.024424469559302466 902
1694623132326 0.013332931657943846 903
1694623132511 0.00026960325298437085 904
1694623132699 7.483462929463745e-06 905
1694623132985 0.026974188541113827 906
1694623133215 0.04420571203992649 907
1694623133437 0.0696493684646738 908
1694623133666 0.009387408492018735 909
1694623133868 0.0013440700444272635 910
1694623134113 0.26178511443290586 911
1694623134286 6.96234146328897e-05 912
1694623134492 0.08512415833655303 913
1694623134697 0.075126659621894 914
1694623134916 0.0005511221178038572 915
1694623135165 0.3139365995528102 916
1694623135424 0.014424008941710788 917
1694623135626 0.2814002125784179 918
1694623135847 0.048235333138239196 919
1694623136035 0.04885361942551872 920
1694623136277 0.06853110432916101 921
1694623136473 0.1535811734111079 922
1694623136692 0.0005009507444271414 923
1694623136940 0.03322805870453329 924
1694623137126 0.0011520113165115642 925
1694623137297 0.26863753916783395 926
1694623137485 0.13778422995763379 927
1694623137677 0.017408643685268947 928
1694623137852 0.0008521705983644423 929
1694623138055 0.03227446890546212 930
1694623138227 0.182673337240826 931
1694623138405 0.36796423755004126 932
1694623138623 0.07174731854057892 933
1694623138805 0.4893124398098763 934
1694623138988 0.029945913305083487 935
1694623139206 0.023596476826435394 936
1694623139410 0.11098899494903061 937
1694623139604 0.6746809111279691 938
1694623139793 0.055318591720189936 939
1694623140030 0.014145154208544067 940
1694623140273 0.1395953724893835 941
1694623140488 0.002982721160302334 942
1694623140738 0.0036427447410118563 943
1694623141004 0.02913764837257088 944
1694623141213 0.07889638326846549 945
1694623141432 0.10216099858822551 946
1694623141604 2.1230515272205314e-05 947
1694623141845 0.039749586083066016 948
1694623142034 0.040242361338806876 949
1694623142213 0.18439976268513605 950
1694623142387 0.026528358367378543 951
1694623142599 0.002933177875447811 952
1694623142822 0.1476244057004284 953
1694623143071 0.2100362460179208 954
1694623143292 0.000338443670649128 955
1694623143476 0.030654453448404735 956
1694623143693 0.007277982251577884 957
1694623143919 0.008256682236325323 958
1694623144173 0.0738839818117593 959
1694623144423 0.0785822540470018 960
1694623144649 0.3577105107819592 961
1694623144928 1.3497568398705562 962
1694623145135 0.1138882996927453 963
1694623145364 0.17941028104152973 964
1694623145609 0.0005724260249735268 965
1694623145849 0.0013955381351499461 966
1694623146085 1.9410455237201505 967
1694623146264 0.04136374029272314 968
1694623146471 0.027050374155974236 969
1694623146763 0.010769765459143155 970
1694623147025 0.12334032830283988 971
1694623147234 0.09826540655655876 972
1694623147447 0.0022725849221274796 973
1694623147716 0.1220282904165517 974
1694623147963 0.18550936823506883 975
1694623148176 0.025247550451458278 976
1694623148360 0.0008451023019319596 977
1694623148555 0.00025401710854885436 978
1694623148775 0.005421308516663493 979
1694623148995 0.6692662450586447 980
1694623149238 0.05633997966850633 981
1694623149478 0.0005349590316667065 982
1694623149693 0.026392138127932348 983
1694623149981 0.07175427539305163 984
1694623150285 0.04091707730169427 985
1694623150487 0.027415467830906662 986
1694623150680 0.07905088700728978 987
1694623150913 0.0059969637331292215 988
1694623151098 0.029006238426204124 989
1694623151289 0.17546291621420929 990
1694623151483 0.2925828191403863 991
1694623151733 0.03441101743428554 992
1694623152016 0.13814956538815615 993
1694623152219 0.5607608297387476 994
1694623152436 0.13827155788437936 995
1694623152693 0.8171716593280034 996
1694623152923 0.0010168232529483836 997
1694623153178 0.04600944654943546 998
1694623153392 0.48240271979375005 999
