1694626610523 7.380894570682007 0
1694626610782 4.680029491673864 1
1694626611095 7.3328374351803145 2
1694626611356 6.181104632823265 3
1694626611709 6.030277536065672 4
1694626612028 4.218762061234664 5
1694626612289 4.7236302816227775 6
1694626612568 4.484085911962127 7
1694626612836 5.545994456970049 8
1694626613130 3.5364809873229643 9
1694626613418 5.215492123644039 10
1694626613695 4.4887649232631714 11
1694626613990 4.916152469536237 12
1694626614261 4.61321987710206 13
1694626614544 4.1292226543368225 14
1694626614826 5.935061405738994 15
1694626615109 6.325706047638814 16
1694626615374 5.582712577687096 17
1694626615689 2.852403373162369 18
1694626615973 4.6684961389090756 19
1694626616234 5.107906959560077 20
1694626616493 7.029218511275194 21
1694626616804 4.7741948670725805 22
1694626617096 6.000714831578223 23
1694626617360 5.012241698940187 24
1694626617660 5.691190810125966 25
1694626617978 3.065737457130522 26
1694626618270 4.644063603798447 27
1694626618565 3.2970997279726486 28
1694626618861 7.441991250223001 29
1694626619141 3.9306056588453626 30
1694626619421 3.8503561311396814 31
1694626619724 4.789068598446189 32
1694626620085 5.510296677952356 33
1694626620362 7.07729612814552 34
1694626620662 3.4698752645157724 35
1694626620970 5.253279086384611 36
1694626621239 4.10364001751703 37
1694626621524 5.533405304051053 38
1694626621858 7.148778664809903 39
1694626622121 4.683026467972334 40
1694626622399 9.152231195019985 41
1694626622670 4.068381926582148 42
1694626622938 5.077482629809344 43
1694626623232 3.2830762340314945 44
1694626623577 3.640733534419991 45
1694626623980 6.729060146491281 46
1694626624274 4.656405202521244 47
1694626624563 4.648302915790909 48
1694626624820 4.07143923611876 49
1694626625117 12.468920607469846 50
1694626625389 4.46333184964875 51
1694626625673 3.138926069330181 52
1694626625971 5.804229171053728 53
1694626626269 5.271173729352628 54
1694626626519 3.7978942077422424 55
1694626626809 4.973359633798539 56
1694626627048 7.023418791411417 57
1694626627315 5.1721004162793625 58
1694626627549 3.1266144427277776 59
1694626627861 3.7807965644281447 60
1694626628198 3.078220743847114 61
1694626628458 6.7617485738501655 62
1694626628754 4.014621195109932 63
1694626629033 4.678929018460394 64
1694626629253 3.8070846419758704 65
1694626629542 5.150025212764363 66
1694626629798 2.7257717833859405 67
1694626630056 6.242340232606999 68
1694626630308 4.383475286785133 69
1694626630609 5.1386479437981665 70
1694626630896 4.17942496719873 71
1694626631179 4.88881967382769 72
1694626631461 2.4290005922830704 73
1694626631700 4.407732443313892 74
1694626632043 4.89841990621513 75
1694626632348 4.828568046899979 76
1694626632591 4.624503334699251 77
1694626632897 1.5864692050810676 78
1694626633172 8.089710728615454 79
1694626633460 4.1430346325990985 80
1694626633741 2.22391464638372 81
1694626634040 6.344446029610776 82
1694626634301 8.218471092421089 83
1694626634615 5.05338984212801 84
1694626634861 3.910999252271771 85
1694626635147 4.17767537885809 86
1694626635459 5.282865971552297 87
1694626635704 6.749931505743458 88
1694626635953 4.032832805210555 89
1694626636237 5.856614730896658 90
1694626636539 4.622090545415577 91
1694626636845 3.7962417242953266 92
1694626637131 4.548586080578613 93
1694626637388 3.1999920692647765 94
1694626637666 4.201266714340783 95
1694626637968 5.114541003473039 96
1694626638237 5.790393734963018 97
1694626638480 9.923859829731311 98
1694626638730 4.370874040660019 99
1694626639010 4.164499543745353 100
1694626639290 3.921275164221045 101
1694626639571 5.104611352803668 102
1694626639864 5.558340250062125 103
1694626640115 5.309278920690829 104
1694626640400 6.059425428702021 105
1694626640641 3.2760585160149938 106
1694626640934 6.022914179996563 107
1694626641243 6.127764045781454 108
1694626641474 5.385026302440347 109
1694626641763 6.814245098468756 110
1694626642012 4.730240725913258 111
1694626642330 3.779449397805623 112
1694626642642 4.286372476872627 113
1694626642898 4.823744557457977 114
1694626643197 4.005763980746926 115
1694626643460 3.40781682572759 116
1694626643757 4.0046197932426715 117
1694626644062 3.9693010832286375 118
1694626644335 4.040842515968859 119
1694626644603 4.896984443251354 120
1694626644884 2.099586799274968 121
1694626645111 3.9900090763315172 122
1694626645400 5.720123098876351 123
1694626645708 4.501323156735629 124
1694626645972 2.649088844372847 125
1694626646242 6.0569469621508985 126
1694626646473 6.03229203108662 127
1694626646720 2.976083922614952 128
1694626646994 5.112603708561311 129
1694626647263 3.1593133626078793 130
1694626647530 7.071831780443343 131
1694626647785 2.2646759089931687 132
1694626648055 5.804639145030289 133
1694626648314 4.171403398549923 134
1694626648578 4.01698907161836 135
1694626648833 4.897799142608747 136
1694626649096 4.777629103748288 137
1694626649333 6.794328208000599 138
1694626649620 5.652921703787428 139
1694626649870 4.8578315736330735 140
1694626650139 4.553389506040216 141
1694626650407 4.577278904357348 142
1694626650676 6.440982937246776 143
1694626650912 1.8661821679154504 144
1694626651168 3.5836671104436384 145
1694626651429 4.487609220887888 146
1694626651671 7.174943418698624 147
1694626651944 3.6545517572331336 148
1694626652227 5.427050191119535 149
1694626652532 4.917535151157769 150
1694626652776 8.723610264718092 151
1694626653054 4.2044441519740285 152
1694626653298 4.907889137322377 153
1694626653592 3.625422923886783 154
1694626653824 4.969115168504071 155
1694626654102 5.812208804857586 156
1694626654358 4.344956619247167 157
1694626654617 7.269603278258186 158
1694626654893 5.872194904706395 159
1694626655150 5.722032037974323 160
1694626655447 3.931240503896226 161
1694626655722 5.977973882300407 162
1694626656010 5.311505843778745 163
1694626656278 2.9116959946240812 164
1694626656539 4.471053216162288 165
1694626656833 5.978594819661992 166
1694626657132 3.9638720409405406 167
1694626657411 5.900375466895291 168
1694626657710 6.224904258302295 169
1694626658000 6.154079240620322 170
1694626658274 5.770547960097302 171
1694626658584 4.340246799190843 172
1694626658874 4.202152006722069 173
1694626659184 4.107472785171457 174
1694626659462 3.199051515316542 175
1694626659744 3.7394037716568036 176
1694626660017 9.188467453255907 177
1694626660298 7.179720654966113 178
1694626660557 8.553414747907398 179
1694626660870 6.241376898632072 180
1694626661169 5.412405101524439 181
1694626661480 4.2269833654758004 182
1694626661706 4.227353018581369 183
1694626662045 4.695749497205367 184
1694626662329 6.053016497114476 185
1694626662575 4.142007533078488 186
1694626662852 12.643787218950889 187
1694626663117 3.1342741459808114 188
1694626663390 4.691389816035824 189
1694626663660 4.555534399351166 190
1694626663895 7.015721224305375 191
1694626664187 4.311354478546185 192
1694626664485 2.8500315761369968 193
1694626664735 4.050210235861439 194
1694626665015 6.199386565408824 195
1694626665273 4.939026139357405 196
1694626665571 5.515489029555691 197
1694626665799 5.8039747557223755 198
1694626666071 4.181853976532391 199
1694626666332 8.236793359144082 200
1694626666592 3.6429570537503504 201
1694626666827 5.705541546338025 202
1694626667124 4.280752489795699 203
1694626667397 5.903503724384881 204
1694626667663 4.944316855552289 205
1694626667895 6.041641913173887 206
1694626668148 4.434518328883125 207
1694626668422 6.410001394050334 208
1694626668673 4.29043296966119 209
1694626668932 6.7921517577763675 210
1694626669180 5.419591961967337 211
1694626669423 4.565726780908079 212
1694626669663 5.241304661720851 213
1694626669899 3.5577408693323473 214
1694626670117 5.922326471371982 215
1694626670398 5.4021564751130375 216
1694626670614 5.500442024155557 217
1694626670844 5.0433982878174435 218
1694626671086 8.126706457761129 219
1694626671301 4.689311456703654 220
1694626671549 3.591558692348642 221
1694626671799 3.652537399392101 222
1694626672043 4.316436579838326 223
1694626672270 4.664672261777781 224
1694626672542 6.9454093766459275 225
1694626672767 7.216230653270798 226
1694626672992 4.799888757944303 227
1694626673271 4.83535176857835 228
1694626673529 3.248651901390169 229
1694626673783 5.076334989260169 230
1694626674055 3.3602771080084097 231
1694626674337 6.50998426342239 232
1694626674564 3.9470487765440625 233
1694626674824 4.602672827073889 234
1694626675073 7.216623612280697 235
1694626675349 4.344581592240937 236
1694626675595 4.790297084739283 237
1694626675890 4.256123367204724 238
1694626676166 4.093063292468624 239
1694626676423 4.563063570594827 240
1694626676686 3.8759710117992237 241
1694626676990 7.783862110523304 242
1694626677235 4.624855096000541 243
1694626677529 3.3349563065842287 244
1694626677760 4.617397296072039 245
1694626678073 3.5125081216623837 246
1694626678345 4.669377329688185 247
1694626678599 5.507059383337625 248
1694626678832 6.869466614609686 249
1694626679105 3.7801520726461706 250
1694626679373 6.389933322645715 251
1694626679617 4.521121742943387 252
1694626679862 5.963648690568863 253
1694626680157 4.764704999690531 254
1694626680444 4.594820610126155 255
1694626680669 4.008535986303495 256
1694626680918 8.42841537441269 257
1694626681163 1.676019697603346 258
1694626681452 4.830857023457925 259
1694626681691 6.0718407965863435 260
1694626681960 4.354995803882036 261
1694626682204 5.818482795603427 262
1694626682470 3.703334073132622 263
1694626682690 5.721428686451671 264
1694626682975 5.982278699481483 265
1694626683248 3.6960613918196676 266
1694626683494 5.5122445365827515 267
1694626683752 4.659972133647487 268
1694626684035 5.034805917032755 269
1694626684351 3.9170928146462236 270
1694626684651 2.8867121041314223 271
1694626684992 5.619841826076645 272
1694626685316 5.296469488930812 273
1694626685553 4.879853370304808 274
1694626685859 5.4008963260013765 275
1694626686126 1.456004463746388 276
1694626686419 4.255858182817829 277
1694626686685 7.150854330003941 278
1694626686918 3.154763785132077 279
1694626687237 1.154920128706687 280
1694626687506 3.7676405147455645 281
1694626687738 3.64336442717794 282
1694626688017 5.106131704413324 283
1694626688258 5.102176882707665 284
1694626688522 4.680749213027576 285
1694626688768 3.7657042463051402 286
1694626689044 4.205207066720547 287
1694626689275 6.371865143860086 288
1694626689555 3.9284883518417826 289
1694626689765 5.400726358111532 290
1694626690051 5.906388283113276 291
1694626690312 5.055198194372543 292
1694626690569 6.706778791670464 293
1694626690840 4.985641413515575 294
1694626691114 2.541915525764684 295
1694626691410 4.987501025885811 296
1694626691677 3.810078046334925 297
1694626691977 3.9297773628165253 298
1694626692244 4.275623771929691 299
1694626692500 6.336600839303495 300
1694626692782 5.183285130262957 301
1694626693100 5.582245776906919 302
1694626693389 6.295852490834915 303
1694626693675 4.8072095939654265 304
1694626693921 5.932100793801139 305
1694626694186 2.9444311689060445 306
1694626694425 5.792865442258067 307
1694626694696 6.281386698321513 308
1694626694896 4.8858582609994 309
1694626695186 4.497394034670653 310
1694626695473 5.148525478296756 311
1694626695744 5.32676386608994 312
1694626696026 5.805740318481948 313
1694626696318 4.59844616580846 314
1694626696554 3.563883624848186 315
1694626696841 4.33053686930783 316
1694626697102 7.704424357117338 317
1694626697372 4.721012356351249 318
1694626697590 4.835312224661811 319
1694626697882 6.03059102352869 320
1694626698182 3.566310507111901 321
1694626698424 6.4142060690272205 322
1694626698713 5.744338134474273 323
1694626698985 3.9322687177905675 324
1694626699234 5.080126675235611 325
1694626699512 8.990066786919765 326
1694626699794 6.556268451966593 327
1694626700053 5.751531900383032 328
1694626700318 6.525492426896118 329
1694626700585 3.907119633279096 330
1694626700868 3.3358819996670785 331
1694626701095 4.611323410308333 332
1694626701385 5.168606358252803 333
1694626701638 3.8890967712406384 334
1694626701932 4.582192136725075 335
1694626702270 5.0084750739682 336
1694626702513 5.046518269759238 337
1694626702815 2.300685197916494 338
1694626703112 6.3491422595955145 339
1694626703415 4.7229876089125975 340
1694626703681 4.649591287463826 341
1694626703904 6.128689585904916 342
1694626704185 4.075329658675342 343
1694626704444 4.337712066611681 344
1694626704689 3.543055689382277 345
1694626704950 4.197450596090834 346
1694626705212 1.9955966520917354 347
1694626705505 6.398705570729226 348
1694626705753 3.050239382397966 349
1694626706051 8.389764447762085 350
1694626706359 5.354297052952947 351
1694626706594 9.74441983336595 352
1694626706853 4.57909680792237 353
1694626707112 5.12771184082978 354
1694626707420 4.561762251929428 355
1694626707629 5.319678159792872 356
1694626707917 5.0813436725599175 357
1694626708171 5.981934318916486 358
1694626708461 7.5390892219910235 359
1694626708673 4.961160149661165 360
1694626708986 4.79076076094441 361
1694626709263 5.37422767313202 362
1694626709521 3.2059987152171034 363
1694626709810 5.648811591794993 364
1694626710094 3.4689013171193364 365
1694626710346 2.2237367984323617 366
1694626710585 5.3775292096361795 367
1694626710850 5.455530381981632 368
1694626711125 7.621223832569174 369
1694626711382 5.7709004059122115 370
1694626711679 5.219141274193585 371
1694626711928 4.666839845014265 372
1694626712156 6.238622210591043 373
1694626712473 5.181499091187459 374
1694626712753 5.616483972947796 375
1694626712988 1.138001644608735 376
1694626713261 3.346616793075704 377
1694626713521 4.817080956407649 378
1694626713762 3.687445365489008 379
1694626713988 7.582256783136717 380
1694626714295 4.980997623867954 381
1694626714575 2.2091176901032994 382
1694626714862 4.419241325600724 383
1694626715113 3.428908330587653 384
1694626715398 1.7688272424601645 385
1694626715643 4.341223194668486 386
1694626715911 6.293800883821686 387
1694626716182 3.8115881996621575 388
1694626716446 5.0880846299332925 389
1694626716721 4.67722252167469 390
1694626717018 8.699478192571453 391
1694626717293 5.84156241494486 392
1694626717534 6.1935661168804605 393
1694626717847 4.855275067274758 394
1694626718094 5.933524195327423 395
1694626718388 29.19334527486441 396
1694626718625 4.846814540775149 397
1694626718873 5.764173495042536 398
1694626719169 4.000749951268436 399
1694626719423 6.395369140532933 400
1694626719701 2.561058172506093 401
1694626719935 4.670909367229002 402
1694626720203 5.6284560789422615 403
1694626720462 3.72808029113776 404
1694626720729 4.131174100072517 405
1694626720987 3.7507773181363473 406
1694626721221 1.8226563582318471 407
1694626721508 3.633166886859026 408
1694626721773 3.154846025251772 409
1694626722028 1.416951195436244 410
1694626722346 4.759256987933691 411
1694626722580 5.824444798774967 412
1694626722873 6.772452407246829 413
1694626723151 6.319860326932295 414
1694626723402 4.564757812402469 415
1694626723678 5.06725078195454 416
1694626723968 4.526585919307468 417
1694626724287 3.4461834319345757 418
1694626724563 6.489206618036149 419
1694626724857 4.692802081310241 420
1694626725124 7.62371766163076 421
1694626725376 4.0484130254111985 422
1694626725680 5.667805935136471 423
1694626726014 5.393018123020616 424
1694626726295 7.804130176400697 425
1694626726548 4.821433549122871 426
1694626726799 4.514188605167946 427
1694626727115 5.752034691533848 428
1694626727392 7.36297014209357 429
1694626727626 7.0126804004386525 430
1694626727931 4.104027265111822 431
1694626728162 4.975648432459571 432
1694626728445 4.63231471422723 433
1694626728663 4.418533758898889 434
1694626728952 3.612779436851084 435
1694626729228 3.99268169826084 436
1694626729483 6.605633568991447 437
1694626729761 5.968045998838396 438
1694626729992 5.593575940438904 439
1694626730249 5.919857952628302 440
1694626730526 9.416779090194911 441
1694626730760 3.041419829646782 442
1694626731021 4.557103970686834 443
1694626731300 6.229931651394266 444
1694626731581 4.027152065008612 445
1694626731896 3.9435518928965427 446
1694626732140 5.313504805924974 447
1694626732472 5.539138258578853 448
1694626732673 4.719010408385953 449
1694626732902 5.132246542517232 450
1694626733157 5.354432659874448 451
1694626733395 6.467688864990487 452
1694626733613 4.231588349152032 453
1694626733854 5.984765952228581 454
1694626734117 4.053205441943129 455
1694626734352 8.231266071031461 456
1694626734585 6.34745556263254 457
1694626734889 4.190579547458433 458
1694626735138 4.382428889085017 459
1694626735369 3.7604185640937717 460
1694626735609 6.651777453078874 461
1694626735855 1.7194227698514757 462
1694626736110 4.638889467946655 463
1694626736370 5.904622925819533 464
1694626736577 4.981670280793344 465
1694626736848 3.3748011292681577 466
1694626737056 5.047907987372045 467
1694626737298 8.846256289179038 468
1694626737538 3.4249694100451227 469
1694626737782 5.37812292543621 470
1694626738005 5.379484572179279 471
1694626738266 3.9624795690376553 472
1694626738514 6.145341945701091 473
1694626738756 6.251390782259264 474
1694626739001 4.18088804623852 475
1694626739288 2.9179477594175474 476
1694626739528 8.949143931830621 477
1694626739762 5.530471263008341 478
1694626740028 3.3169061682200067 479
1694626740312 3.870769501196469 480
1694626740555 4.0818067408774 481
1694626740789 2.237850834010512 482
1694626741041 3.43108145319941 483
1694626741315 4.288274816028963 484
1694626741553 4.456363761577529 485
1694626741831 4.315752812076585 486
1694626742079 6.827618927375394 487
1694626742383 4.275853657612515 488
1694626742649 5.632622202940453 489
1694626742906 4.121159798001745 490
1694626743212 6.8327899223978195 491
1694626743451 5.201175182705368 492
1694626743698 4.56109078147198 493
1694626743966 3.8658846905550064 494
1694626744262 4.0785697459087284 495
1694626744485 4.895319988106877 496
1694626744726 2.1363819099183017 497
1694626744964 5.174162544458762 498
