1694640118975 1.6665647295867987 0
1694640119685 0.000194970912622918 1
1694640120405 0.4410451752013708 2
1694640121128 0.0388783358409263 3
1694640121776 0.12128154073811703 4
1694640122491 0.0321565317123158 5
1694640123375 0.02886007120426321 6
1694640124127 0.02366269761286407 7
1694640124706 0.016834299718314474 8
1694640125343 0.06675782734951456 9
1694640126038 0.558115155105412 10
1694640126831 0.020356548711922013 11
1694640127531 0.02031965190035308 12
1694640128189 0.0035243710849808363 13
1694640128889 0.0008359746405080394 14
1694640129518 0.5653252345161328 15
1694640130159 0.0009014826327404643 16
1694640130850 0.0007504368758358689 17
1694640131560 0.057913551253393 18
1694640132177 0.1295109869399202 19
1694640132852 0.005166351654285203 20
1694640133522 0.08149291638975538 21
1694640134194 0.17199791772371775 22
1694640134970 0.09780851356409453 23
1694640135703 0.36596946409609843 24
1694640136363 0.014031739569660034 25
1694640137139 0.0010071583718204726 26
1694640137794 0.036456522701221065 27
1694640138427 0.012566121681206507 28
1694640139100 0.02754221251659326 29
1694640139818 0.021565165563552462 30
1694640140425 0.2638621334938697 31
1694640141134 0.2051675554624725 32
1694640141839 0.06764839317548696 33
1694640142545 0.06856970971777807 34
1694640143275 0.36923845184285226 35
1694640144122 0.31410189558126356 36
1694640144774 0.08706936350432644 37
1694640145554 0.001155674914136534 38
1694640146191 0.04264339577868342 39
1694640146889 0.19716934040764147 40
1694640147644 0.16538842596267903 41
1694640148303 1.7972039176128147 42
1694640148964 0.008254313220221828 43
1694640149847 0.004533570486416644 44
1694640150490 0.10682575227435681 45
1694640151157 0.1520106775613954 46
1694640151826 0.00020484496306280347 47
1694640152451 0.005875862687099289 48
1694640153102 0.006554222538411502 49
1694640153828 0.45700072750682824 50
1694640154510 0.22733515823464445 51
1694640155171 0.2333713026623486 52
1694640155810 0.10338248201127534 53
1694640156458 0.0014787404672362762 54
1694640157162 0.045463155726993054 55
1694640157894 0.01733452017191484 56
1694640158583 0.08387739124081352 57
1694640159238 0.7317356663399625 58
1694640159905 0.15575786930392124 59
1694640160602 0.018137620363746974 60
1694640161250 0.07776212934316173 61
1694640161964 0.019245112787211967 62
1694640162691 0.18980663330347744 63
1694640163462 0.0775690449412068 64
1694640164135 0.008312536200471725 65
1694640164786 0.15535490115718986 66
1694640165393 0.1564263183458156 67
1694640166027 0.0008581125476598815 68
1694640166704 0.006282761043504762 69
1694640167344 0.06735057315000617 70
1694640168087 0.008115940377963428 71
1694640168647 0.009896489287046423 72
1694640169367 0.00011071864337627473 73
1694640170077 0.0288895128079909 74
1694640170798 0.021710340027764338 75
1694640171504 0.025379454640244277 76
1694640172220 0.07260276552112635 77
1694640172938 0.12209622319518741 78
1694640173654 0.0007166674881740251 79
1694640174365 0.12513024761225247 80
1694640175108 0.27634940582148454 81
1694640175908 0.012270616329098137 82
1694640176718 0.14102875538165374 83
1694640177453 0.041589915560858816 84
1694640178122 0.18825022055587506 85
1694640178844 0.0003583054142445604 86
1694640179468 0.06590195104579902 87
1694640180177 0.03828056377709431 88
1694640180855 0.023286806733363138 89
1694640181675 0.019056945942063586 90
1694640182373 0.1919456171985314 91
1694640183064 0.1980855053704331 92
1694640183766 0.0008931504204144489 93
1694640184502 0.8093139268782944 94
1694640185369 0.001956825650058956 95
1694640186123 0.01623174551813996 96
1694640186822 0.00751263413223051 97
1694640187568 0.00016909637685632193 98
1694640188259 0.010536369760428054 99
1694640188915 0.004735690179534157 100
1694640189501 0.008442387716593926 101
1694640190202 0.020240978714028208 102
1694640190859 0.00012229404049530864 103
1694640191544 0.531690545104182 104
1694640192195 0.14852324423392674 105
1694640192876 0.006089102755255939 106
1694640193526 0.868022086640256 107
1694640194216 0.0008182805907378484 108
1694640194895 0.001757135583833215 109
1694640195599 0.053776620183278265 110
1694640196264 0.006087959180375817 111
1694640196903 0.00031368080413595904 112
1694640197543 0.0709863466937018 113
1694640198193 1.7251758118241356 114
1694640198924 0.021711063537088945 115
1694640199546 0.06688058990335072 116
1694640200190 0.12194433982703062 117
1694640200887 0.04742953934708948 118
1694640201481 0.013994008190060664 119
1694640202103 0.020004989256929027 120
1694640202758 0.03241602749813222 121
1694640203438 0.03430356413394572 122
1694640204146 0.174018606898875 123
1694640204823 0.11925704888633439 124
1694640205627 0.017517769138942554 125
1694640206344 0.10731912483761955 126
1694640207155 0.05914462407164036 127
1694640207884 0.0007928177882886042 128
1694640208641 0.004020306052249199 129
1694640209463 0.01382344669930753 130
1694640210045 0.01410004141151607 131
1694640210581 0.009401568309332255 132
1694640211239 0.22913753893892397 133
1694640211971 0.15870362946739272 134
1694640212576 1.4435005189969499e-08 135
1694640213202 0.006243061797987875 136
1694640214036 0.04866423873596891 137
1694640214707 0.05068748500421039 138
1694640215409 0.1585352722323465 139
1694640216096 0.07107030545818352 140
1694640216828 0.004421811971724189 141
1694640217423 0.000750844711555063 142
1694640218135 0.4167000192627414 143
1694640218904 0.034625701333644135 144
1694640219451 0.0020738781060771374 145
1694640220189 0.06821573888069093 146
1694640220918 0.017828210562436237 147
1694640221619 0.01657027320439126 148
1694640222287 0.010941585816679474 149
1694640222860 0.09651530953206924 150
1694640223442 0.003276589070319048 151
1694640224170 0.009490592546651659 152
1694640224795 0.036558807585546645 153
1694640225358 0.04931303306332456 154
1694640226068 0.020639792343918176 155
1694640226756 0.2979552457882619 156
1694640227425 0.03415319355019864 157
1694640228113 0.06313062506017085 158
1694640228846 0.024740486698380797 159
1694640229534 0.173629496228124 160
1694640230187 0.02721130059396699 161
1694640230909 0.013091820998423187 162
1694640231536 0.005997638237760268 163
1694640232201 0.02551079049080867 164
1694640232913 0.06738877839577426 165
1694640233644 0.025116957611028553 166
1694640234387 0.08580722284357574 167
1694640235105 0.05988043804305416 168
1694640235797 0.04776333466070405 169
1694640236456 0.01967548678299798 170
1694640237225 0.17278989248156074 171
1694640237911 0.0012395444588296615 172
1694640238580 0.028888722060891533 173
1694640239321 0.031595890825245575 174
1694640239963 0.03574634368594998 175
1694640240674 0.015791135969945146 176
1694640241335 0.04680549677272469 177
1694640241958 0.06347021796135481 178
1694640242643 0.020338388299973146 179
1694640243283 0.24362297094668522 180
1694640243972 0.06415406138356944 181
1694640244735 0.06381038294659541 182
1694640245459 0.14919244147054178 183
1694640246191 0.013761413026240836 184
1694640247166 0.0007059923085013353 185
1694640247841 0.006261839081415149 186
1694640248511 0.01831607202832099 187
1694640249453 0.10539377168465519 188
1694640250118 0.27708356864008693 189
1694640250885 0.2737217859468126 190
1694640251541 3.9526144817911935e-05 191
1694640252196 0.01805023045216233 192
1694640252858 0.2449874450493398 193
1694640253528 0.03729513277740072 194
1694640254214 0.0650655730703055 195
1694640254891 0.0018423131374860069 196
1694640255524 0.010034503663594155 197
1694640256071 0.08371001359131902 198
1694640256713 0.08654089458968002 199
1694640257371 0.11372384013206523 200
1694640258022 0.0318832675683356 201
1694640258661 0.11305771750783795 202
1694640259263 0.003473637543018877 203
1694640259995 0.05186006093100806 204
1694640260735 0.35939573265771185 205
1694640261402 0.0028130500799193998 206
1694640262221 0.0016783530239852088 207
1694640262892 0.010133118701677133 208
1694640263615 0.08583514664166125 209
1694640264299 0.0307622547698367 210
1694640264981 0.003559066991376364 211
1694640265657 0.06652869693924031 212
1694640266296 0.33523129473262486 213
1694640266943 0.035168692643366466 214
1694640267667 0.15846534269368567 215
1694640268254 0.005669079180416172 216
1694640268922 0.006999576851498699 217
1694640269630 0.06810458365545258 218
1694640270479 0.005418227004922182 219
1694640271307 0.021171891592584653 220
1694640271997 0.019012882204672548 221
1694640272740 0.06877424938189686 222
1694640273493 0.04965636522221023 223
1694640274179 0.09521826751043061 224
1694640274931 0.008551148790152278 225
1694640275641 0.025904569431430303 226
1694640276276 0.0763460808564649 227
1694640276953 0.03853562813582409 228
1694640277632 1.4686542202197146e-06 229
1694640278241 0.020828384092007116 230
1694640278974 3.1245699342136626e-05 231
1694640279693 0.03871765795036572 232
1694640280403 0.019464799957112207 233
1694640281054 0.1291708225092709 234
1694640281908 0.21921464888128797 235
1694640282574 0.0065211470992567865 236
1694640283281 0.002921934413431803 237
1694640283976 0.012784095472256032 238
1694640284629 0.16360844743892677 239
1694640285296 8.995790723530852e-05 240
1694640285974 0.4137870944391356 241
1694640286589 0.025143649314601356 242
