1694635403538 -0.008408980028551616 0
1694635403581 -0.008402821155959916 1
1694635403632 -0.008395863211224652 2
1694635403680 -0.008388086132746109 3
1694635403731 -0.0083794694140924 4
1694635403821 -0.008369992094964473 5
1694635403892 -0.008359632751984591 6
1694635403954 -0.00834836948931783 7
1694635404008 -0.008336179929109733 8
1694635404057 -0.008323041201747206 9
1694635404097 -0.008308929935935572 10
1694635404159 -0.008293822248588656 11
1694635404207 -0.008277693734534797 12
1694635404268 -0.008260519456021687 13
1694635404329 -0.00824227393203758 14
1694635404393 -0.008222931127428001 15
1694635404445 -0.008202464441815494 16
1694635404483 -0.008180846698311539 17
1694635404554 -0.008158050132023753 18
1694635404606 -0.008134046378361237 19
1694635404705 -0.008108806461111229 20
1694635404775 -0.008082300780315466 21
1694635404841 -0.008054499099920287 22
1694635404917 -0.0080253705352058 23
1694635404965 -0.007994883539991005 24
1694635405022 -0.007963005893612873 25
1694635405086 -0.00792970468767007 26
1694635405140 -0.007894946312536177 27
1694635405188 -0.007858696443640234 28
1694635405252 -0.007820920027492573 29
1694635405325 -0.007781581267488402 30
1694635405372 -0.007740643609444042 31
1694635405414 -0.007698069726904011 32
1694635405455 -0.007653821506182101 33
1694635405501 -0.00760786003115177 34
1694635405546 -0.007560145567785392 35
1694635405583 -0.007510637548417964 36
1694635405628 -0.007459294555764773 37
1694635405668 -0.007406074306661958 38
1694635405729 -0.00735093363554018 39
1694635405781 -0.007293828477630049 40
1694635405830 -0.0072347138518891185 41
1694635405886 -0.007173543843655983 42
1694635405938 -0.007110271587021932 43
1694635405981 -0.007044849246924834 44
1694635406033 -0.006977228000955238 45
1694635406083 -0.006907358020883603 46
1694635406128 -0.006835188453884422 47
1694635406178 -0.006760667403490128 48
1694635406227 -0.006683741910237906 49
1694635406281 -0.006604357932032956 50
1694635406329 -0.006522460324202006 51
1694635406386 -0.006437992819268379 52
1694635406464 -0.006350898006415973 53
1694635406537 -0.006261117310657038 54
1694635406616 -0.006168590971701526 55
1694635406677 -0.006073258022521788 56
1694635406744 -0.005975056267617962 57
1694635406820 -0.005873922260979603 58
1694635406893 -0.005769791283744885 59
1694635406989 -0.005662597321555163 60
1694635407029 -0.005552273041614653 61
1694635407114 -0.005438749769430373 62
1694635407177 -0.005321957465273641 63
1694635407262 -0.005201824700325597 64
1694635407310 -0.005078278632524302 65
1694635407355 -0.004951244982122072 66
1694635407409 -0.0048206480069394875 67
1694635407454 -0.004686410477328984 68
1694635407502 -0.004548453650852435 69
1694635407545 -0.004406697246654101 70
1694635407582 -0.0042610594195706675 71
1694635407630 -0.004111456733950192 72
1694635407672 -0.003957804137184828 73
1694635407733 -0.003800014932989315 74
1694635407784 -0.0036380007544027926 75
1694635407841 -0.0034716715365263884 76
1694635407883 -0.0033009354890130016 77
1694635407937 -0.0031256990683032893 78
1694635407976 -0.002945866949622289 79
1694635408045 -0.0027613419987375654 80
1694635408097 -0.002572025243505305 81
1694635408159 -0.0023778158451761566 82
1694635408207 -0.0021786110695196648 83
1694635408251 -0.001974306257738201 84
1694635408293 -0.0017647947971950462 85
1694635408336 -0.0015499680919761616 86
1694635408374 -0.0013297155332829824 87
1694635408412 -0.001103924469683104 88
1694635408458 -0.0008724801772259649 89
1694635408514 -0.0006352658294368485 90
1694635408569 -0.00039216246721407444 91
1694635408621 -0.00014304896863315264 92
1694635408676 0.00011219798130390757 93
1694635408720 0.00037370392099289607 94
1694635408758 0.0006415966425482589 95
1694635408795 0.0009160062221601484 96
1694635408843 0.0011970650504208313 97
1694635408889 0.0014849078626225642 98
1694635408946 0.0017796717689907426 99
1694635409019 0.002081496284830342 100
1694635409076 0.0023905233605534537 101
1694635409146 0.0027068974115833644 102
1694635409218 0.003030765348058906 103
1694635409262 0.003362276604358394 104
1694635409307 0.00370158316838054 105
1694635409355 0.004048839610556798 106
1694635409396 0.004404203112561178 107
1694635409448 0.004767833495677665 108
1694635409506 0.0051398932487898286 109
1694635409546 0.005520547555951216 110
1694635409592 0.005909964323494332 111
1694635409644 0.006308314206626586 112
1694635409685 0.006715770635502327 113
1694635409721 0.0071325098406535 114
1694635409761 0.007558710877826447 115
1694635409795 0.007994555652075963 116
1694635409839 0.008440228941135719 117
1694635409893 0.00889591841797599 118
1694635409962 0.0093618146725023 119
1694635410012 0.009838111232327362 120
1694635410055 0.010325004582569242 121
1694635410097 0.010822694184601134 122
1694635410155 0.011331382493684039 123
1694635410195 0.011851274975436366 124
1694635410233 0.012382580121049425 125
1694635410271 0.012925509461171214 126
1694635410313 0.013480277578414745 127
1694635410360 0.014047102118378452 128
1694635410409 0.01462620379913282 129
1694635410455 0.015217806419067892 130
1694635410497 0.01582213686301348 131
1694635410538 0.0164394251065757 132
1694635410585 0.017069904218573573 133
1694635410633 0.017713810361493332 134
1694635410691 0.018371382789869828 135
1694635410785 0.019042863846494118 136
1694635410838 0.019728498956350538 137
1694635410884 0.020428536618184556 138
1694635410929 0.02114322839359506 139
1694635410973 0.021872828893545138 140
1694635411025 0.022617595762188136 141
1694635411070 0.023377789657891945 142
1694635411116 0.024153674231354616 143
1694635411167 0.02494551610069362 144
1694635411224 0.025753584823393738 145
1694635411267 0.026578152864993432 146
1694635411309 0.027419495564380836 147
1694635411354 0.02827789109561185 148
1694635411402 0.029153620426061178 149
1694635411462 0.030046967270845992 150
1694635411530 0.030958218043358188 151
1694635411581 0.03188766180178437 152
1694635411634 0.032835590191473085 153
1694635411677 0.03380229738306206 154
1694635411732 0.0347880800061523 155
1694635411812 0.03579323707847848 156
1694635411873 0.03681806993039227 157
1694635411920 0.03786288212454192 158
1694635411974 0.038927979370609433 159
1694635412024 0.04001366943497797 160
1694635412071 0.04112026204517494 161
1694635412138 0.04224806878901133 162
1694635412189 0.043397403008199054 163
1694635412247 0.044568579686404486 164
1694635412340 0.04576191533155283 165
1694635412406 0.04697772785227694 166
1694635412486 0.04821633642838574 167
1694635412551 0.04947806137522526 168
1694635412616 0.050763224001817986 169
1694635412678 0.05207214646266378 170
1694635412739 0.05340515160309167 171
1694635412798 0.05476256279805669 172
1694635412853 0.056144703784278605 173
1694635412905 0.05755189848562847 174
1694635412978 0.05898447083167002 175
1694635413054 0.06044274456927623 176
1694635413121 0.06192704306724006 177
1694635413178 0.06343768911381176 178
1694635413225 0.06497500470710427 179
1694635413276 0.06653931083830944 180
1694635413328 0.06813092726768766 181
1694635413397 0.06975017229329394 182
1694635413460 0.0713973625124189 183
1694635413529 0.07307281257573905 184
1694635413584 0.07477683493415299 185
1694635413673 0.07650973957838425 186
1694635413757 0.0782718337712538 187
1694635413845 0.08006342177282821 188
1694635413891 0.08188480455831482 189
1694635413955 0.08373627952896145 190
1694635414023 0.0856181402158741 191
1694635414086 0.08753067597698783 192
1694635414142 0.08947417168722183 193
1694635414205 0.09144890742203993 194
1694635414263 0.09345515813446581 195
1694635414313 0.09549319332583661 196
1694635414354 0.09756327671042198 197
1694635414399 0.09966566587413817 198
1694635414459 0.10180061192762058 199
1694635414504 0.10396835915388603 200
1694635414561 0.10616914465083183 201
1694635414611 0.1084031979689899 202
1694635414679 0.11067074074468863 203
1694635414719 0.11297198632914252 204
1694635414753 0.11530713941372783 205
1694635414792 0.11767639565185672 206
1694635414842 0.12007994127791455 207
1694635414906 0.12251795272365595 208
1694635414996 0.12499059623254283 209
1694635415065 0.12749802747251826 210
1694635415134 0.13004039114770372 211
1694635415210 0.1326178206096269 212
1694635415263 0.1352304374684289 213
1694635415342 0.13787835120474778 214
1694635415395 0.14056165878279792 215
1694635415493 0.143280444265366 216
1694635415570 0.1460347784312338 217
1694635415655 0.1488247183958844 218
1694635415740 0.15165030723599304 219
1694635415832 0.15451157361855672 220
1694635415874 0.15740853143531697 221
1694635415936 0.1603411794432208 222
1694635415999 0.16330950091174823 223
1694635416052 0.16631346327776197 224
1694635416090 0.16935301780876866 225
1694635416135 0.17242809927535885 226
1694635416186 0.175538625633614 227
1694635416237 0.17868449771828876 228
1694635416287 0.181865598947635 229
1694635416329 0.18508179504064304 230
1694635416368 0.1883329337475298 231
1694635416410 0.19161884459435308 232
1694635416451 0.19493933864245994 233
1694635416489 0.1982942082636997 234
1694635416538 0.20168322693213503 235
1694635416585 0.20510614903307212 236
1694635416628 0.20856270969018553 237
1694635416663 0.212052624611486 238
1694635416703 0.2155755899549452 239
1694635416753 0.21913128221438383 240
1694635416807 0.22271935812642818 241
1694635416868 0.22633945459917737 242
1694635416920 0.22999118866320667 243
1694635416976 0.23367415744551157 244
1694635417056 0.23738793816699477 245
1694635417108 0.24113208816405407 246
1694635417176 0.24490614493466867 247
1694635417216 0.24870962620954917 248
1694635417260 0.2525420300486897 249
1694635417306 0.2564028349636962 250
1694635417347 0.2602915000661985 251
1694635417413 0.2642074652426003 252
1694635417471 0.2681501513553558 253
1694635417533 0.27211896047092266 254
1694635417575 0.276113276114469 255
1694635417614 0.28013246355135246 256
1694635417662 0.2841758700953356 257
1694635417709 0.2882428254434295 258
1694635417761 0.29233264203719944 259
1694635417804 0.2964446154502802 260
1694635417856 0.3005780248018666 261
1694635417904 0.30473213319570147 262
1694635417958 0.30890618818424476 263
1694635418005 0.3130994222574581 264
1694635418057 0.31731105335566434 265
1694635418101 0.321540285405854 266
1694635418150 0.325786308880748 267
1694635418214 0.3300483013798592 268
1694635418280 0.3343254282317465 269
1694635418338 0.33861684311658036 270
1694635418386 0.3429216887080927 271
1694635418431 0.3472390973339108 272
1694635418481 0.35156819165328845 273
1694635418531 0.3559080853510481 274
1694635418581 0.360257883846697 275
1694635418629 0.3646166850174811 276
1694635418674 0.3689835799341533 277
1694635418711 0.3733576536082579 278
1694635418746 0.3777379857495127 279
1694635418786 0.3821236515321417 280
1694635418827 0.38651372236861703 281
1694635418873 0.39090726668962583 282
1694635418917 0.39530335072871003 283
1694635418972 0.399701039310297 284
1694635419017 0.40409939663963224 285
1694635419057 0.4084974870932715 286
1694635419122 0.412894376008619 287
1694635419209 0.4172891304711964 288
1694635419249 0.4216808200981721 289
1694635419287 0.42606851781678723 290
1694635419327 0.4304513006363 291
1694635419366 0.4348282504120814 292
1694635419402 0.4391984546005394 293
1694635419444 0.44356100700358136 294
1694635419495 0.44791500850133537 295
1694635419534 0.45225956777187504 296
1694635419570 0.456593801996807 297
1694635419603 0.460916837551527 298
1694635419637 0.4652278106790584 299
1694635419670 0.4695258681464167 300
1694635419702 0.4738101678824965 301
1694635419737 0.47807987959652265 302
1694635419772 0.4823341853762082 303
1694635419824 0.48657228026472 304
1694635419880 0.4907933728157444 305
1694635419933 0.4949966856259024 306
1694635419979 0.4991814558438692 307
1694635420038 0.5033469356556208 308
1694635420080 0.507492392745275 309
1694635420140 0.511617110731075 310
1694635420180 0.5157203895761208 311
1694635420226 0.5198015459735257 312
1694635420272 0.523859913705711 313
1694635420324 0.5278948439776898 314
1694635420390 0.5319057057241532 315
1694635420491 0.5358918858902955 316
1694635420580 0.5398527896863983 317
1694635420672 0.5437878408161878 318
1694635420760 0.5476964816790706 319
1694635420838 0.5515781735464553 320
1694635420910 0.5554323967123036 321
1694635421003 0.5592586506182485 322
1694635421080 0.5630564539535636 323
1694635421159 0.5668253447303623 324
1694635421247 0.5705648803344425 325
1694635421313 0.5742746375522367 326
1694635421394 0.5779542125743482 327
1694635421441 0.5816032209762649 328
1694635421489 0.5852212976767286 329
1694635421530 0.5888080968744874 330
1694635421594 0.5923632919639451 331
1694635421662 0.5958865754304803 332
1694635421716 0.5993776587260378 333
1694635421757 0.6028362721257582 334
1694635421813 0.6062621645663567 335
1694635421858 0.6096551034669959 336
1694635421914 0.6130148745334182 337
1694635421956 0.6163412815461145 338
1694635422006 0.6196341461333024 339
1694635422062 0.6228933075295127 340
1694635422137 0.6261186223205686 341
1694635422196 0.6293099641757589 342
1694635422290 0.6324672235679945 343
1694635422343 0.6355903074827511 344
1694635422398 0.6386791391165704 345
1694635422461 0.6417336575659214 346
1694635422534 0.6447538175071702 347
1694635422615 0.6477395888684687 348
1694635422665 0.6506909564942477 349
1694635422714 0.6536079198031151 350
1694635422775 0.6564904924398718 351
1694635422840 0.6593387019223227 352
1694635422892 0.6621525892836247 353
1694635422952 0.6649322087108182 354
1694635423026 0.6676776271802092 355
1694635423086 0.6703889240902468 356
1694635423143 0.6730661908924973 357
1694635423204 0.6757095307213481 358
1694635423247 0.6783190580229701 359
1694635423298 0.6808948981841367 360
1694635423340 0.6834371871614099 361
1694635423389 0.6859460711112098 362
1694635423438 0.6884217060212527 363
1694635423494 0.6908642573438326 364
1694635423541 0.6932738996313713 365
1694635423589 0.6956508161746751 366
1694635423636 0.697995198644285 367
1694635423689 0.7003072467352927 368
1694635423735 0.7025871678159843 369
1694635423798 0.7048351765806306 370
1694635423838 0.7070514947067416 371
1694635423894 0.7092363505170656 372
1694635423942 0.7113899786466018 373
1694635423995 0.713512619714872 374
1694635424041 0.7156045200036729 375
1694635424089 0.7176659311405217 376
1694635424136 0.7196971097879751 377
1694635424193 0.7216983173389867 378
1694635424252 0.7236698196184659 379
1694635424309 0.7256118865911538 380
1694635424357 0.7275247920759562 381
1694635424407 0.7294088134667966 382
1694635424473 0.7312642314601119 383
1694635424547 0.7330913297890371 384
1694635424608 0.7348903949643365 385
1694635424657 0.7366617160221303 386
1694635424706 0.7384055842784425 387
1694635424750 0.7401222930905772 388
1694635424805 0.7418121376253413 389
1694635424871 0.7434754146340954 390
1694635424938 0.7451124222346177 391
1694635424985 0.7467234596997632 392
1694635425040 0.7483088272528636 393
1694635425087 0.7498688258698386 394
1694635425137 0.7514037570879523 395
1694635425184 0.7529139228211691 396
1694635425232 0.7543996251820165 397
1694635425275 0.7558611663099022 398
1694635425321 0.7572988482057939 399
1694635425366 0.7587129725731746 400
1694635425412 0.7601038406651823 401
1694635425457 0.7614717531378405 402
1694635425514 0.7628170099092721 403
1694635425556 0.7641399100247985 404
1694635425600 0.7654407515278122 405
1694635425655 0.7667198313363095 406
1694635425708 0.7679774451249775 407
1694635425764 0.7692138872127066 408
1694635425825 0.7704294504554265 409
1694635425897 0.7716244261441267 410
1694635425936 0.7727991039079642 411
1694635425978 0.7739537716223082 412
1694635426025 0.7750887153216266 413
1694635426071 0.7762042191170708 414
1694635426119 0.7773005651186458 415
1694635426165 0.7783780333618371 416
1694635426211 0.7794369017385792 417
1694635426258 0.7804774459324264 418
1694635426301 0.7814999393578224 419
1694635426361 0.7825046531033356 420
1694635426412 0.7834918558787414 421
1694635426468 0.7844618139658346 422
1694635426526 0.7854147911728507 423
1694635426587 0.7863510487923819 424
1694635426648 0.7872708455626677 425
1694635426697 0.788174437632152 426
1694635426764 0.7890620785271893 427
1694635426807 0.7899340191227916 428
1694635426859 0.7907905076163111 429
1694635426901 0.7916317895039411 430
1694635426958 0.7924581075599406 431
1694635427003 0.7932697018184787 432
1694635427061 0.7940668095579902 433
1694635427125 0.794849665287952 434
1694635427164 0.7956185007379786 435
1694635427206 0.7963735448491467 436
1694635427247 0.797115023767452 437
1694635427289 0.7978431608393111 438
1694635427330 0.7985581766090162 439
1694635427374 0.799260288818068 440
1694635427423 0.7999497124062858 441
1694635427471 0.8006266595146337 442
1694635427527 0.8012913394896649 443
1694635427565 0.8019439588895203 444
1694635427607 0.8025847214913998 445
1694635427652 0.8032138283004401 446
1694635427699 0.8038314775599196 447
1694635427741 0.804437864762732 448
1694635427781 0.8050331826640502 449
1694635427830 0.805617621295134 450
1694635427873 0.8061913679782006 451
1694635427920 0.8067546073423083 452
1694635427961 0.8073075213401951 453
1694635428022 0.8078502892660149 454
1694635428068 0.8083830877739099 455
1694635428118 0.8089060908973825 456
1694635428171 0.809419470069399 457
1694635428225 0.8099233941431868 458
1694635428269 0.8104180294136756 459
1694635428318 0.81090353963954 460
1694635428370 0.8113800860657876 461
1694635428418 0.8118478274468716 462
1694635428459 0.8123069200702667 463
1694635428525 0.812757517780483 464
1694635428567 0.8131997720034763 465
1694635428620 0.8136338317714156 466
1694635428677 0.8140598437477814 467
1694635428731 0.8144779522527543 468
1694635428772 0.8148882992888649 469
1694635428834 0.8152910245668777 470
1694635428879 0.8156862655318743 471
1694635428932 0.8160741573895156 472
1694635428987 0.8164548331324468 473
1694635429040 0.816828423566833 474
1694635429083 0.8171950573389845 475
1694635429140 0.8175548609620675 476
1694635429193 0.8179079588428624 477
1694635429259 0.8182544733085579 478
1694635429314 0.8185945246335578 479
1694635429374 0.8189282310662815 480
1694635429412 0.8192557088559448 481
1694635429477 0.8195770722792928 482
1694635429570 0.8198924336672839 483
1694635429619 0.8202019034316952 484
1694635429679 0.8205055900916465 485
1694635429747 0.8208036003000201 486
1694635429819 0.8210960388697698 487
1694635429869 0.8213830088001025 488
1694635429912 0.8216646113025257 489
1694635429949 0.8219409458267435 490
1694635429996 0.8222121100863972 491
1694635430049 0.8224782000846378 492
1694635430098 0.8227393101395217 493
1694635430153 0.8229955329092214 494
1694635430197 0.8232469594170452 495
1694635430250 0.8234936790762554 496
1694635430292 0.8237357797146797 497
1694635430337 0.823973347599112 498
1694635430382 0.8242064674594906 499
1694635430421 0.8244352225128584 500
1694635430473 0.824659694487088 501
1694635430538 0.8248799636443785 502
1694635430589 0.8250961088045108 503
1694635430640 0.8253082073678661 504
1694635430686 0.8255163353381968 505
1694635430741 0.8257205673451509 506
1694635430794 0.8259209766665475 507
1694635430844 0.8261176352503995 508
1694635430889 0.8263106137366805 509
1694635430937 0.8264999814788379 510
1694635430986 0.8266858065650472 511
1694635431027 0.8268681558392084 512
1694635431071 0.8270470949216808 513
1694635431122 0.8272226882297599 514
1694635431170 0.8273949989978924 515
1694635431225 0.8275640892976288 516
1694635431281 0.8277300200573174 517
1694635431341 0.8278928510815348 518
1694635431403 0.828052641070256 519
1694635431453 0.8282094476377655 520
1694635431529 0.8283633273313072 521
1694635431572 0.8285143356494766 522
1694635431621 0.8286625270603528 523
1694635431663 0.8288079550193757 524
1694635431710 0.828950671986967 525
1694635431753 0.8290907294458961 526
1694635431796 0.8292281779183923 527
1694635431843 0.8293630669830081 528
1694635431885 0.8294954452912289 529
1694635431926 0.8296253605838378 530
1694635431984 0.8297528597070323 531
1694635432042 0.8298779886282968 532
1694635432090 0.8300007924520318 533
1694635432143 0.8301213154349458 534
1694635432206 0.8302396010012026 535
1694635432263 0.8303556917573397 536
1694635432312 0.8304696295069467 537
1694635432363 0.8305814552651158 538
1694635432409 0.8306912092726596 539
1694635432457 0.8307989310101047 540
1694635432518 0.8309046592114581 541
1694635432565 0.831008431877753 542
1694635432611 0.8311102862903732 543
1694635432649 0.8312102590241621 544
1694635432692 0.8313083859603132 545
1694635432730 0.8314047022990523 546
1694635432771 0.8314992425721067 547
1694635432814 0.8315920406549682 548
1694635432866 0.8316831297789515 549
1694635432915 0.8317725425430499 550
1694635432957 0.8318603109255905 551
1694635433003 0.8319464662956941 552
1694635433053 0.832031039424539 553
1694635433095 0.8321140604964338 554
1694635433151 0.8321955591196994 555
1694635433200 0.8322755643373666 556
1694635433251 0.8323541046376863 557
1694635433297 0.8324312079644614 558
1694635433352 0.8325069017271955 559
1694635433397 0.83258121281107 560
1694635433446 0.8326541675867425 561
1694635433504 0.8327257919199754 562
1694635433555 0.8327961111810971 563
1694635433602 0.8328651502542938 564
1694635433662 0.8329329335467386 565
1694635433697 0.832999484997559 566
1694635433736 0.8330648280866462 567
1694635433788 0.8331289858433041 568
1694635433834 0.8331919808547481 569
1694635433892 0.8332538352744498 570
1694635433956 0.8333145708303319 571
1694635433996 0.833374208832816 572
1694635434048 0.8334327701827273 573
1694635434097 0.8334902753790527 574
1694635434157 0.833546744526563 575
1694635434201 0.8336021973432928 576
1694635434254 0.8336566531678886 577
1694635434307 0.833710130966818 578
1694635434353 0.8337626493414536 579
1694635434398 0.8338142265350222 580
1694635434455 0.8338648804394293 581
1694635434512 0.8339146286019579 582
1694635434557 0.8339634882318441 583
1694635434607 0.834011476206733 584
1694635434653 0.8340586090790123 585
1694635434705 0.8341049030820329 586
1694635434746 0.8341503741362118 587
1694635434790 0.8341950378550226 588
1694635434834 0.8342389095508758 589
1694635434896 0.8342820042408882 590
1694635434958 0.8343243366525461 591
1694635435014 0.8343659212292636 592
1694635435093 0.8344067721358339 593
1694635435142 0.8344469032637845 594
1694635435207 0.8344863282366259 595
1694635435250 0.8345250604150072 596
1694635435288 0.8345631129017708 597
1694635435326 0.8346004985469158 598
1694635435373 0.8346372299524658 599
1694635435416 0.8346733194772453 600
1694635435464 0.8347087792415675 601
1694635435525 0.8347436211318319 602
1694635435569 0.8347778568050364 603
1694635435613 0.8348114976932032 604
1694635435676 0.8348445550077221 605
1694635435722 0.8348770397436103 606
1694635435760 0.8349089626836913 607
1694635435804 0.8349403344026969 608
1694635435837 0.8349711652712877 609
1694635435875 0.8350014654600006 610
1694635435917 0.835031244943118 611
1694635435952 0.8350605135024662 612
1694635435987 0.8350892807311394 613
1694635436029 0.8351175560371539 614
1694635436074 0.8351453486470315 615
1694635436123 0.8351726676093152 616
1694635436202 0.8351995217980177 617
1694635436266 0.8352259199160028 618
1694635436328 0.8352518704983038 619
1694635436398 0.8352773819153774 620
1694635436486 0.8353024623762944 621
1694635436542 0.8353271199318709 622
1694635436586 0.8353513624777376 623
1694635436631 0.8353751977573524 624
1694635436673 0.8353986333649518 625
1694635436717 0.8354216767484495 626
1694635436761 0.8354443352122758 627
1694635436812 0.8354666159201638 628
1694635436850 0.8354885258978826 629
1694635436903 0.8355100720359159 630
1694635436945 0.8355312610920911 631
1694635436988 0.8355520996941557 632
1694635437037 0.8355725943423056 633
1694635437092 0.8355927514116633 634
1694635437135 0.8356125771547093 635
1694635437186 0.835632077703665 636
1694635437235 0.8356512590728317 637
1694635437281 0.8356701271608814 638
1694635437325 0.8356886877531066 639
1694635437364 0.8357069465236238 640
1694635437406 0.8357249090375356 641
1694635437454 0.835742580753051 642
1694635437505 0.8357599670235629 643
1694635437549 0.8357770730996886 644
1694635437607 0.8357939041312672 645
1694635437653 0.8358104651693206 646
1694635437711 0.8358267611679744 647
1694635437776 0.835842796986344 648
1694635437834 0.8358585773903822 649
1694635437926 0.835874107054691 650
1694635437993 0.8358893905642989 651
1694635438037 0.8359044324164036 652
1694635438087 0.8359192370220797 653
1694635438131 0.8359338087079551 654
1694635438169 0.8359481517178522 655
1694635438213 0.8359622702144 656
1694635438258 0.8359761682806117 657
1694635438314 0.8359898499214358 658
1694635438375 0.8360033190652714 659
1694635438423 0.8360165795654597 660
1694635438455 0.8360296352017416 661
1694635438498 0.8360424896816907 662
1694635438544 0.8360551466421153 663
1694635438578 0.8360676096504356 664
1694635438619 0.8360798822060318 665
1694635438673 0.8360919677415677 666
1694635438726 0.8361038696242877 667
1694635438783 0.836115591157288 668
1694635438870 0.8361271355807638 669
1694635438936 0.836138506073232 670
1694635438993 0.8361497057527298 671
1694635439039 0.8361607376779894 672
1694635439123 0.8361716048495914 673
1694635439206 0.8361823102110941 674
1694635439267 0.8361928566501404 675
1694635439385 0.8362032469995451 676
1694635439445 0.8362134840383594 677
1694635439507 0.8362235704929146 678
1694635439574 0.8362335090378459 679
1694635439639 0.8362433022970968 680
1694635439687 0.8362529528449015 681
1694635439738 0.8362624632067513 682
1694635439783 0.8362718358603395 683
1694635439849 0.8362810732364895 684
1694635439968 0.8362901777200633 685
1694635440041 0.8362991516508539 686
1694635440122 0.8363079973244586 687
1694635440180 0.8363167169931366 688
1694635440225 0.8363253128666487 689
1694635440267 0.8363337871130812 690
1694635440314 0.8363421418596539 691
1694635440354 0.8363503791935116 692
1694635440402 0.8363585011625008 693
1694635440438 0.8363665097759305 694
1694635440492 0.8363744070053187 695
1694635440543 0.8363821947851243 696
1694635440590 0.836389875013464 697
1694635440662 0.8363974495528161 698
1694635440709 0.83640492023071 699
1694635440757 0.8364122888404022 700
1694635440806 0.8364195571415391 701
1694635440858 0.8364267268608073 702
1694635440901 0.83643379969257 703
1694635440957 0.8364407772994928 704
1694635441007 0.8364476613131553 705
1694635441059 0.8364544533346523 706
1694635441111 0.8364611549351821 707
1694635441173 0.8364677676566239 708
1694635441232 0.836474293012104 709
1694635441291 0.83648073248655 710
1694635441361 0.836487087537236 711
1694635441422 0.8364933595943153 712
1694635441474 0.8364995500613431 713
1694635441524 0.8365056603157899 714
1694635441580 0.8365116917095441 715
1694635441629 0.8365176455694046 716
1694635441693 0.8365235231975642 717
1694635441735 0.8365293258720831 718
1694635441780 0.8365350548473546 719
1694635441834 0.8365407113545592 720
1694635441884 0.8365462966021122 721
1694635441933 0.8365518117761007 722
1694635441987 0.8365572580407132 723
1694635442040 0.8365626365386614 724
1694635442078 0.8365679483915909 725
1694635442127 0.8365731947004883 726
1694635442173 0.8365783765460754 727
1694635442218 0.8365834949892004 728
1694635442263 0.8365885510712177 729
1694635442303 0.8365935458143621 730
1694635442353 0.8365984802221167 731
1694635442387 0.8366033552795703 732
1694635442434 0.8366081719537716 733
1694635442468 0.8366129311940738 734
1694635442521 0.8366176339324738 735
1694635442561 0.8366222810839443 736
1694635442596 0.8366268735467598 737
1694635442634 0.8366314122028151 738
1694635442670 0.8366358979179399 739
1694635442726 0.8366403315422044 740
1694635442770 0.8366447139102213 741
1694635442817 0.8366490458414406 742
1694635442856 0.836653328140439 743
1694635442901 0.8366575615972042 744
1694635442952 0.8366617469874122 745
1694635443006 0.836665885072701 746
1694635443055 0.836669976600938 747
1694635443110 0.8366740223064817 748
1694635443166 0.8366780229104396 749
1694635443223 0.8366819791209201 750
1694635443274 0.8366858916332798 751
1694635443322 0.8366897611303664 752
1694635443371 0.8366935882827553 753
1694635443425 0.8366973737489839 754
1694635443487 0.83670111817578 755
1694635443546 0.8367048221982851 756
1694635443590 0.8367084864402757 757
1694635443634 0.8367121115143771 758
1694635443679 0.8367156980222763 759
1694635443727 0.8367192465549275 760
1694635443773 0.8367227576927576 761
1694635443825 0.8367262320058629 762
1694635443875 0.8367296700542066 763
1694635443924 0.8367330723878095 764
1694635443969 0.8367364395469368 765
1694635444023 0.8367397720622844 766
1694635444072 0.8367430704551584 767
1694635444132 0.8367463352376523 768
1694635444176 0.8367495669128204 769
1694635444234 0.8367527659748493 770
1694635444282 0.8367559329092231 771
1694635444334 0.8367590681928893 772
1694635444387 0.8367621722944177 773
1694635444432 0.836765245674159 774
1694635444479 0.8367682887843984 775
1694635444539 0.8367713020695081 776
1694635444583 0.8367742859660947 777
1694635444632 0.8367772409031458 778
1694635444682 0.8367801673021722 779
1694635444741 0.8367830655773487 780
1694635444787 0.8367859361356504 781
1694635444838 0.836788779376989 782
1694635444880 0.8367915956943428 783
1694635444927 0.8367943854738884 784
1694635444982 0.8367971490951263 785
1694635445036 0.8367998869310063 786
1694635445087 0.8368025993480493 787
1694635445136 0.836805286706467 788
1694635445181 0.8368079493602805 789
1694635445223 0.8368105876574337 790
