1694635219064 -0.002134338431829974 0
1694635219100 -0.0020337311171014782 1
1694635219133 -0.0020695633096010635 2
1694635219165 -0.0023423998141349767 3
1694635219197 -0.002197703990253652 4
1694635219233 -0.002448641743579172 5
1694635219267 -0.00211670984960155 6
1694635219306 -0.002256634194071072 7
1694635219345 -0.0023349019848348807 8
1694635219376 -0.002172290519145692 9
1694635219407 -0.0017926535513514974 10
1694635219440 -0.002340017302396191 11
1694635219475 -0.0025679764256607562 12
1694635219509 -0.001915321406095849 13
1694635219544 -0.002145820101810747 14
1694635219578 -0.0021330642919141773 15
1694635219610 -0.0022756435655091334 16
1694635219643 -0.0024762596503218326 17
1694635219677 -0.001990694663026815 18
1694635219713 -0.0018706539752080253 19
1694635219746 -0.0019209503172499254 20
1694635219777 -0.001751435315716865 21
1694635219808 -0.002366811139393521 22
1694635219840 -0.0018358946694583267 23
1694635219873 -0.0022024560816700234 24
1694635219905 -0.0020514090211389835 25
1694635219937 -0.0018003252358018695 26
1694635219969 -0.0015178326594924574 27
1694635220001 -0.0016770575170372837 28
1694635220033 -0.002010409249004086 29
1694635220065 -0.001684254164858956 30
1694635220096 -0.002115228665711788 31
1694635220127 -0.0016756506285870998 32
1694635220159 -0.0018550645257451315 33
1694635220190 -0.001809022028253171 34
1694635220223 -0.0019018267246266873 35
1694635220259 -0.002026077832047557 36
1694635220294 -0.0022299502721645492 37
1694635220329 -0.0015827449584797648 38
1694635220365 -0.0017131980816573744 39
1694635220397 -0.0017112128740839339 40
1694635220427 -0.0017627132835140724 41
1694635220461 -0.001889380549695563 42
1694635220493 -0.0017070485006573932 43
1694635220525 -0.0019999002480803885 44
1694635220558 -0.0015325962363395007 45
1694635220590 -0.0015962356151080215 46
1694635220621 -0.0015734171176098322 47
1694635220653 -0.0016347763710951035 48
1694635220687 -0.0014653643266211436 49
1694635220721 -0.0016549914861099246 50
1694635220754 -0.001967080119438913 51
1694635220786 -0.0017677416791030964 52
1694635220820 -0.0015733382244706995 53
1694635220853 -0.0014795950360397825 54
1694635220888 -0.0018132302106166343 55
1694635220920 -0.0019770845114341906 56
1694635220952 -0.00155208327501688 57
1694635220983 -0.0018511599629267295 58
1694635221017 -0.001606703740491433 59
1694635221051 -0.002035206031863801 60
1694635221087 -0.002197705544429329 61
1694635221117 -0.0012606925716889261 62
1694635221150 -0.0017419966069955883 63
1694635221182 -0.0019949647935502135 64
1694635221214 -0.001819456695739019 65
1694635221247 -0.001487938788649723 66
1694635221279 -0.0017388419423394197 67
1694635221314 -0.001374286206914821 68
1694635221344 -0.0012706029848565947 69
1694635221378 -0.001838075987095955 70
1694635221410 -0.0017736799700520667 71
1694635221444 -0.00162051642736194 72
1694635221475 -0.0015963073238578485 73
1694635221509 -0.0018161207780400535 74
1694635221544 -0.0016951396720887857 75
1694635221578 -0.0015904067692513735 76
1694635221613 -0.0016922310842453214 77
1694635221647 -0.0019337012040008261 78
1694635221680 -0.0017148582918564692 79
1694635221713 -0.0013588941449305114 80
1694635221746 -0.0015406805563127346 81
1694635221777 -0.0018072629382672734 82
1694635221808 -0.0017719507314946092 83
1694635221840 -0.0016717954665372847 84
1694635221874 -0.0013673166524896807 85
1694635221906 -0.0011209811712011852 86
1694635221939 -0.0015413937887007734 87
1694635221971 -0.0012865881835781856 88
1694635222003 -0.0013656046417769296 89
1694635222036 -0.0015717180113627993 90
1694635222070 -0.0012117946754179876 91
1694635222104 -0.001952796540669155 92
1694635222137 -0.0017904317074757259 93
1694635222171 -0.001164591221350042 94
1694635222205 -0.0014946275549043708 95
1694635222235 -0.0020595838714998482 96
1694635222268 -0.0012886716744198168 97
1694635222301 -0.0016334817470422536 98
1694635222335 -0.0016727731324717166 99
1694635222369 -0.0014345227288690143 100
1694635222402 -0.0014253733876323782 101
1694635222436 -0.0014536861331611028 102
1694635222471 -0.0013690116879490066 103
1694635222505 -0.0014167448759405676 104
1694635222537 -0.001526212652864567 105
1694635222570 -0.0014292524705692422 106
1694635222601 -0.0014146710252509465 107
1694635222635 -0.0012663942235036085 108
1694635222669 -0.0011238869296783527 109
1694635222703 -0.0013857026239512127 110
1694635222735 -0.0020428005990820175 111
1694635222771 -0.0016774383523594505 112
1694635222805 -0.001533494403025637 113
1694635222838 -0.001426248727146362 114
1694635222871 -0.0016170712509440133 115
1694635222903 -0.0013984464500342852 116
1694635222936 -0.0012208347362254734 117
1694635222969 -0.0017706937459902594 118
1694635223001 -0.001271118746632549 119
1694635223033 -0.0012938898211736216 120
1694635223070 -0.0010690600973821685 121
1694635223102 -0.0012715675248029523 122
1694635223132 -0.0016990556110327848 123
1694635223164 -0.000783581648678755 124
1694635223195 -0.0013316168945185503 125
1694635223227 -0.0019963152984767696 126
1694635223260 -0.0011740044755670365 127
1694635223297 -0.0009664963554021355 128
1694635223328 -0.0017869446336395978 129
1694635223359 -0.0014184499775728998 130
1694635223392 -0.001095424670749967 131
1694635223424 -0.0011386089826332935 132
1694635223455 -0.001296063482269627 133
1694635223493 -0.0010410882513434139 134
1694635223526 -0.0009853490069302584 135
1694635223559 -0.0014554990966633152 136
1694635223590 -0.0006496647266596156 137
1694635223624 -0.001578752797641636 138
1694635223659 -0.0007980132446308019 139
1694635223693 -0.00120812877280696 140
1694635223725 -0.0011573493105307975 141
1694635223756 -0.001455959099524451 142
1694635223790 -0.0010134941632402583 143
1694635223821 -0.0014520336653223165 144
1694635223855 -0.0012766883140966634 145
1694635223889 -0.0009063380312845926 146
1694635223924 -0.0009846946756997266 147
1694635223956 -0.0008200291102222756 148
1694635223988 -0.0010784887509951435 149
1694635224021 -0.0013355647136406024 150
1694635224054 -0.000875325017844375 151
1694635224093 -0.0007409079857148004 152
1694635224125 -0.0009042313063494234 153
1694635224158 -0.0011068845024053697 154
1694635224189 -0.000782599224713687 155
1694635224221 -0.0006754916870219674 156
1694635224253 -0.0010501961635811519 157
1694635224286 -0.0008422880102425534 158
1694635224319 -0.001299273994014749 159
1694635224353 -0.0009470785519289926 160
1694635224385 -0.00032792721477070685 161
1694635224417 -0.0006827909085385109 162
1694635224450 -0.0007964682466277129 163
1694635224486 -0.0008093536139075486 164
1694635224517 -0.0009234749588760138 165
1694635224551 -0.0008316628290803152 166
1694635224582 -0.0008807689638048455 167
1694635224614 -0.0010111563859172001 168
1694635224650 -0.001157923909408387 169
1694635224686 -0.0008691456962410804 170
1694635224719 -0.0009514811265785017 171
1694635224751 -0.0009552576821620917 172
1694635224785 -0.0010207307844829483 173
1694635224817 -0.000625227658598515 174
1694635224848 -0.0010332057128321637 175
1694635224878 -0.001371716187390959 176
1694635224912 -0.0006212509284950762 177
1694635224946 -0.00044850052144718155 178
1694635224985 -0.0006703974676736113 179
1694635225017 -0.0009513422458311549 180
1694635225048 -0.000413445905932619 181
1694635225082 -0.0009818194724351414 182
1694635225113 -0.0007575749736454807 183
1694635225144 -0.0009767829736622158 184
1694635225177 -0.0010542498665306876 185
1694635225212 -0.0010851101467395097 186
1694635225243 -0.0013923077108985993 187
1694635225277 -0.0009373461938215755 188
1694635225311 -0.0004561706270638233 189
1694635225345 -0.0005273965373331357 190
1694635225377 -0.0009214345006607338 191
1694635225410 0.0002442862004973234 192
1694635225441 -0.0006481008878158612 193
1694635225474 -0.0001305678765808338 194
1694635225507 -0.0010307626636822942 195
1694635225541 -0.00046097526186783533 196
1694635225574 -0.00023846054642540082 197
1694635225607 -0.00029853251612732556 198
1694635225639 -0.0006605801847103798 199
1694635225672 -0.00031645880937336557 200
1694635225704 -0.00035250606851944255 201
1694635225737 -0.0006806279519337988 202
1694635225772 -0.0007620113672766049 203
1694635225806 -0.0008109238268705354 204
1694635225842 -0.00010164646956267731 205
1694635225875 -0.0005648845199031083 206
1694635225908 -0.0009997384214928129 207
1694635225944 -0.0007851143639674429 208
1694635225977 4.53502420703078e-05 209
1694635226011 -0.000618689052487964 210
1694635226045 -0.0005614778985487678 211
1694635226083 -0.00041472757576488384 212
1694635226118 -0.000810562417924432 213
1694635226150 -0.000848924997320033 214
1694635226182 -0.0005834625536902394 215
1694635226216 0.00038629120482391865 216
1694635226249 -0.0003454875663733148 217
1694635226282 -1.490828824701751e-05 218
1694635226317 -0.0005551230763740644 219
1694635226354 -0.0009359324441080563 220
1694635226390 -0.0006395158607617191 221
1694635226424 -0.0003988803836170174 222
1694635226456 -0.000525573036203042 223
1694635226490 -0.0006003632618385435 224
1694635226523 -0.0007066398347699288 225
1694635226555 1.4785767613267886e-05 226
1694635226588 -0.0005350411805054023 227
1694635226621 -0.00045776154524079793 228
1694635226654 -0.0006640220719902334 229
1694635226690 -0.00010771472561321715 230
1694635226723 -0.00018999420334697703 231
1694635226758 -0.00014558752417270782 232
1694635226792 -0.0008955588937160641 233
1694635226825 -0.000243212428400863 234
1694635226860 -2.6411684983740358e-05 235
1694635226892 0.00014019293582578918 236
1694635226925 -0.00039597070938657275 237
1694635226956 -0.0002766474102362526 238
1694635226988 -0.00017392665719007105 239
1694635227021 0.0004788108418718462 240
1694635227054 -0.00029402320244464875 241
1694635227087 0.00059539650012852 242
1694635227119 -0.0005929780827342856 243
1694635227151 0.00022195828279936158 244
1694635227189 0.00017453279134305166 245
1694635227228 -8.64617926135125e-05 246
1694635227261 -0.0006407549493252507 247
1694635227293 0.00010248407788104874 248
1694635227326 -0.0001694940153802449 249
1694635227358 0.0006858143277256312 250
1694635227392 0.00011883024549408372 251
1694635227427 0.00021170157052519123 252
1694635227462 -4.135710014852023e-05 253
1694635227495 0.0005073066354617239 254
1694635227526 0.00011689251359470187 255
1694635227559 -0.0002907924979220766 256
1694635227591 -0.0001855166909863204 257
1694635227627 -0.00031177350079047983 258
1694635227660 0.0005255704489455226 259
1694635227691 0.00013185435198270756 260
1694635227724 -0.0005123624730445364 261
1694635227757 0.0004035079483665216 262
1694635227790 0.0002578513830242546 263
1694635227822 -0.00024258035336632844 264
1694635227857 7.341755309331344e-05 265
1694635227890 0.0003241337944246414 266
1694635227944 -1.6034787098551107e-05 267
1694635227988 -2.4302118987407084e-05 268
1694635228022 -0.00015191581710061186 269
1694635228060 -4.568196550791548e-05 270
1694635228094 0.00023903869868446836 271
1694635228125 0.00044164117701639416 272
1694635228159 -0.00025842620265836835 273
1694635228192 -0.00024815463236804725 274
1694635228223 -0.0003011411855333712 275
1694635228256 0.0004472487922870805 276
1694635228289 6.187479266861473e-05 277
1694635228324 0.00013794215334972382 278
1694635228358 0.0001574689210366298 279
1694635228393 0.0007572991410786933 280
1694635228428 -0.00014557732356590414 281
1694635228460 0.0009505830865785825 282
1694635228496 0.0006630424700539983 283
1694635228528 0.0003469385767008726 284
1694635228560 0.0003159921119624265 285
1694635228593 0.000468201668507251 286
1694635228627 0.0012078624661504556 287
1694635228659 -0.00019173041185949202 288
1694635228693 0.00035544183914704153 289
1694635228725 0.0003633810716086039 290
1694635228757 0.00043671555603053136 291
1694635228788 8.39005074079191e-05 292
1694635228820 0.0006406759125732187 293
1694635228853 0.000909779452386239 294
1694635228885 0.0008941606145392855 295
1694635228918 0.0003638708424777981 296
1694635228949 -6.71676780881203e-05 297
1694635228981 0.00045928701913133807 298
1694635229013 0.0001288581377119069 299
1694635229044 -8.785050767823321e-05 300
1694635229078 0.0009320617123202979 301
1694635229109 0.0007622851339826875 302
1694635229140 0.00034297604431188233 303
1694635229175 3.350270066482253e-05 304
1694635229208 0.0006959172977918371 305
1694635229240 0.000515323846051019 306
1694635229275 8.849258493659473e-05 307
1694635229307 0.0006029599291530463 308
1694635229339 0.0008422858657913812 309
1694635229373 0.00039834752828171727 310
1694635229405 0.00041853346477538356 311
1694635229438 0.0009577466628171161 312
1694635229470 0.000966448709863843 313
1694635229505 0.0013817639621980238 314
1694635229539 0.0003315709845218562 315
1694635229572 0.0005765369077550542 316
1694635229605 0.0006293323232089421 317
1694635229638 0.0007846890794875883 318
1694635229672 0.0004209259793548359 319
1694635229705 0.0011441452266470753 320
1694635229737 0.0007044781756476715 321
1694635229769 0.00013575033434043426 322
1694635229800 0.0009506065493081195 323
1694635229834 0.0005529449195983416 324
1694635229868 0.0013621482753438663 325
1694635229902 0.0009649542687545365 326
1694635229936 0.001032612154817869 327
1694635229968 0.00033181140027416234 328
1694635230003 0.0013403896607352417 329
1694635230039 0.0002810669641127861 330
1694635230073 0.00094463511940579 331
1694635230106 0.0010232754531217525 332
1694635230139 0.0007294121256389285 333
1694635230172 0.000643610206987999 334
1694635230205 0.0008812078079413199 335
1694635230237 0.000533637837614731 336
1694635230267 -7.155672923508938e-05 337
1694635230300 0.0019304478752155685 338
1694635230332 0.0006897345257474985 339
1694635230364 0.0008580542345258957 340
1694635230397 0.0010847788413856918 341
1694635230431 0.0004662904825096792 342
1694635230463 0.0010389737105647168 343
1694635230496 -0.000293040917835663 344
1694635230529 0.0005949180512953012 345
1694635230560 0.0015537043546967055 346
1694635230592 0.000802795332881745 347
1694635230626 0.00036676992984607804 348
1694635230660 0.0007773943073385858 349
1694635230693 0.0012987915207641754 350
1694635230725 0.00160495332751176 351
1694635230758 0.0012866086451420733 352
1694635230792 0.0012713522514595788 353
1694635230827 0.0009569373140149162 354
1694635230860 0.0010051487325409836 355
1694635230892 0.00026796280655549953 356
1694635230926 0.0012400928262293887 357
1694635230963 0.0015699250347220861 358
1694635230993 0.0015843073078189995 359
1694635231028 0.0007021706855024901 360
1694635231063 0.0011366730314991136 361
1694635231095 0.0016486649334852554 362
1694635231127 0.0008776130232341917 363
1694635231161 0.001239379816349473 364
1694635231195 0.0016056818964352848 365
1694635231228 0.0011690641511108435 366
1694635231261 0.0009705741149917957 367
1694635231296 0.0018002075533656292 368
1694635231329 0.0014633918396752543 369
1694635231361 0.0017125382261946598 370
1694635231393 0.001417765153815309 371
1694635231425 0.0016077122423397983 372
1694635231456 0.0018298256080212516 373
1694635231493 0.0015677680055249388 374
1694635231527 0.0016787460048630631 375
1694635231560 0.0010887575365823299 376
1694635231592 0.00041569325033108395 377
1694635231625 0.0019287428072223278 378
1694635231658 0.0008151963857593314 379
1694635231691 0.0005343405553897007 380
1694635231722 0.001840919187751644 381
1694635231756 0.001929268957446828 382
1694635231791 0.0011363128161917535 383
1694635231825 0.0008611380580764161 384
1694635231857 0.0009766315957213667 385
1694635231891 0.003686137165011427 386
1694635231926 0.002208690992330342 387
1694635231959 0.002152050050362009 388
1694635231994 0.0014243877571895602 389
1694635232027 0.0013197351162957949 390
1694635232063 0.003171773579760173 391
1694635232097 0.0012332109481738573 392
1694635232129 0.0022101061880935857 393
1694635232163 0.0011733020936121052 394
1694635232198 0.001725023241786361 395
1694635232230 0.002894293888448307 396
1694635232263 0.0031207092883115406 397
1694635232294 0.0025163572331291517 398
1694635232324 0.0013412275477371338 399
1694635232357 0.0028073135366663005 400
1694635232389 0.0009246303302943293 401
1694635232423 0.0024376853367593654 402
1694635232455 0.0011346579636467569 403
1694635232490 0.0023450035929573065 404
1694635232525 0.0021305577112663565 405
1694635232561 0.0009762301281249774 406
1694635232594 0.002350655678344915 407
1694635232627 0.00179260096696221 408
1694635232659 0.0017985742235713253 409
1694635232694 0.0023315151861734718 410
1694635232727 0.0011714010726714408 411
1694635232761 0.002146630178625819 412
1694635232794 0.0030398871144677875 413
1694635232825 0.0019127148837976282 414
1694635232858 0.001424700620061281 415
1694635232891 0.0020380716589250003 416
1694635232925 0.0017154391843153816 417
1694635232959 0.0026589908649857774 418
1694635232992 0.0017883065451564928 419
1694635233026 0.0024407397365530104 420
1694635233061 0.0019014325778363705 421
1694635233094 0.003230662467545553 422
1694635233127 0.002511418569220547 423
1694635233161 0.0026920489888110355 424
1694635233194 0.002564591591109444 425
1694635233226 0.0026797106304252694 426
1694635233258 0.0022499636439232695 427
1694635233288 0.0012616614916379776 428
1694635233322 0.003667537493464934 429
1694635233356 0.0017581078479773637 430
1694635233388 0.002995127962965749 431
1694635233421 0.0029110382367418808 432
1694635233456 0.002705857126463318 433
1694635233488 0.0026131390284265255 434
1694635233522 0.0023768580964935726 435
1694635233554 0.0024240801793191658 436
1694635233585 0.0027374899666838814 437
1694635233618 0.002258169385554676 438
1694635233653 0.0015639680915786602 439
1694635233685 0.002966119622614505 440
1694635233721 0.0025450950075378564 441
1694635233756 0.0018383846272989057 442
1694635233794 0.001588955331710884 443
1694635233831 0.0026711059378785595 444
1694635233869 0.0019122977107850492 445
1694635233905 0.0024967578609406127 446
1694635233939 0.00224845451418354 447
1694635233976 0.0037694611826276647 448
1694635234011 0.001955177246247275 449
1694635234046 0.003245935354226459 450
1694635234082 0.0038567200785186717 451
1694635234115 0.0029554578436001844 452
1694635234148 0.0026242823371905866 453
1694635234180 0.0011895771329030191 454
1694635234215 0.0031670150491563964 455
1694635234250 0.003665278321205667 456
1694635234282 0.0038986145321030508 457
1694635234314 0.0033037692258941487 458
1694635234347 0.002707152379978428 459
1694635234378 0.00233665755309731 460
1694635234414 0.002602194015956405 461
1694635234453 0.0038441282601427984 462
1694635234493 0.002773723940635908 463
1694635234528 0.0027954366864900715 464
1694635234561 0.002210563438366564 465
1694635234594 0.0031850313135984853 466
1694635234626 0.0028092735538591818 467
1694635234658 0.0033502232893767303 468
1694635234690 0.0029009482701617406 469
1694635234725 0.00336996756922614 470
1694635234756 0.0022154710721137283 471
1694635234788 0.0035235321066019454 472
1694635234822 0.004143542317641358 473
1694635234854 0.0032098479193777285 474
1694635234886 0.003865976854330544 475
1694635234919 0.0019331408656344529 476
1694635234952 0.002711978864016751 477
1694635234987 0.002141534331192796 478
1694635235023 0.0036403058905500885 479
1694635235056 0.0026475596185291383 480
1694635235088 0.00346688466129097 481
1694635235120 0.002067621816220888 482
1694635235153 0.0020558021698170448 483
1694635235185 0.0034579610289894314 484
1694635235217 0.0038565495530814564 485
1694635235248 0.004267209775377756 486
1694635235283 0.003988162566853526 487
1694635235314 0.00405667025509715 488
1694635235347 0.0025127925765040526 489
1694635235381 0.0033476571851723813 490
1694635235415 0.002151928367240319 491
1694635235449 0.0031269428059058635 492
1694635235481 0.004277113079610428 493
1694635235515 0.004208356798628965 494
1694635235546 0.003125764902056516 495
1694635235581 0.0024628852132578816 496
1694635235613 0.003340841708347808 497
1694635235646 0.0026562214607400714 498
1694635235678 0.003614816500991269 499
1694635235711 0.0031669445833075738 500
1694635235744 0.004038687903959226 501
1694635235776 0.004685224309447067 502
1694635235810 0.0034629051114242193 503
1694635235843 0.004850015681991615 504
1694635235877 0.003923107533756132 505
1694635235911 0.004033657025222515 506
1694635235943 0.003823820019391966 507
1694635235976 0.004379393493701089 508
1694635236009 0.0038522837985150993 509
1694635236040 0.006374494935122765 510
1694635236075 0.0036044690590230077 511
1694635236108 0.005838587373571236 512
1694635236143 0.0033255974709178737 513
1694635236180 0.0055017467911206985 514
1694635236224 0.005350494496694225 515
1694635236262 0.005481283350634025 516
1694635236299 0.0025275330501520754 517
1694635236331 0.0037383101842423105 518
1694635236365 0.0057164156000107935 519
1694635236397 0.004437245125419764 520
1694635236429 0.003602675034743763 521
1694635236460 0.0035630651546549874 522
1694635236494 0.004804471844426117 523
1694635236527 0.0034221296217993302 524
1694635236561 0.0037370413421665694 525
1694635236651 0.004694986332822393 526
1694635236684 0.004907335887819997 527
1694635236715 0.0037974000914354766 528
1694635236748 0.003104139842605713 529
1694635236780 0.004340361268276416 530
1694635236812 0.0041609051632146565 531
1694635236846 0.0034334783271569025 532
1694635236880 0.0034378676534454478 533
1694635236911 0.006347684398078535 534
1694635236943 0.0025657585738045885 535
1694635236977 0.0036603681647952024 536
1694635237009 0.004001013884420868 537
1694635237042 0.0035718312527346363 538
1694635237077 0.003483346193226433 539
1694635237109 0.003727422632685218 540
1694635237142 0.004002500532008346 541
1694635237174 0.003436680639583356 542
1694635237209 0.0036278005808891844 543
1694635237243 0.0029538264876951548 544
1694635237281 0.004782904507633301 545
1694635237317 0.004705956427479396 546
1694635237350 0.003409678201992117 547
1694635237386 0.004145287925504837 548
1694635237419 0.004688987773441733 549
1694635237451 0.004310846224275355 550
1694635237486 0.004255687914616169 551
1694635237517 0.00436631939637977 552
1694635237552 0.00529125496075733 553
1694635237585 0.005071419023640056 554
1694635237618 0.003468066532508196 555
1694635237650 0.004464180346862245 556
1694635237683 0.00549646047955088 557
1694635237715 0.005110073605834153 558
1694635237748 0.005683069903669291 559
1694635237780 0.005774257207545208 560
1694635237813 0.004430183771204743 561
1694635237845 0.0047467209349707495 562
1694635237877 0.00587407305606269 563
1694635237910 0.005932395026099102 564
1694635237942 0.006423558802099327 565
1694635237977 0.005845370213164558 566
1694635238009 0.006076046855267636 567
1694635238041 0.004802539904423253 568
1694635238077 0.0077147735542906215 569
1694635238109 0.006810018161987119 570
1694635238141 0.004637055667270462 571
1694635238171 0.004133326856325836 572
1694635238204 0.005187844789598106 573
1694635238235 0.0047228331168572835 574
1694635238268 0.006874806304181247 575
1694635238303 0.003231800375772198 576
1694635238336 0.0037287162960071285 577
1694635238369 0.003761255323293411 578
1694635238406 0.005649743256306072 579
1694635238438 0.006638603959070788 580
1694635238475 0.00453274197564113 581
1694635238509 0.005969182876837786 582
1694635238541 0.006479626924919102 583
1694635238574 0.006810034628796147 584
1694635238606 0.004602523250065271 585
1694635238637 0.0060597527247198135 586
1694635238670 0.005808350636039017 587
1694635238701 0.005390263582827015 588
1694635238732 0.0063136602644370265 589
1694635238765 0.004252304431115461 590
1694635238797 0.005835284194003365 591
1694635238826 0.006398151882269776 592
1694635238858 0.006752073806570169 593
1694635238891 0.005620417424616719 594
1694635238924 0.0077921715711769535 595
1694635238955 0.007731315928106497 596
1694635238989 0.004700258122105949 597
1694635239023 0.007006327881846741 598
1694635239059 0.004696251504253013 599
1694635239094 0.00578928770409437 600
1694635239130 0.0067022049359942715 601
1694635239164 0.00604694096121372 602
1694635239194 0.006861220650571598 603
1694635239227 0.005782224670126124 604
1694635239261 0.005094570319814529 605
1694635239296 0.0061286393237244274 606
1694635239328 0.005376550736174379 607
1694635239364 0.00639211742344592 608
1694635239398 0.005340275967460895 609
1694635239431 0.008121322987122426 610
1694635239462 0.006440881326998715 611
1694635239497 0.0068295472302770666 612
1694635239528 0.006564011677185344 613
1694635239562 0.005293937513294211 614
1694635239595 0.006629438778567254 615
1694635239626 0.004746119952721117 616
1694635239658 0.006663054807200863 617
1694635239691 0.008817885736947528 618
1694635239724 0.005294035348708759 619
1694635239758 0.006985469255173404 620
1694635239793 0.006836639503504327 621
1694635239825 0.004522071381055759 622
1694635239858 0.005693160636912276 623
1694635239891 0.0064592783797680076 624
1694635239926 0.006202556647153634 625
1694635239963 0.003652057000319453 626
1694635239996 0.006237324928114574 627
1694635240027 0.004241767932543938 628
1694635240061 0.008862241428765683 629
1694635240096 0.007933980971973842 630
1694635240128 0.008839032708405359 631
1694635240160 0.007174841236061935 632
1694635240191 0.008744757775829948 633
1694635240222 0.006119197692855183 634
1694635240254 0.01125914659251015 635
1694635240287 0.007041894209972255 636
1694635240317 0.006528004948862853 637
1694635240351 0.00700186224163879 638
1694635240385 0.005731713930355986 639
1694635240419 0.007075299220961839 640
1694635240451 0.008749526266677687 641
1694635240488 0.007760044356406426 642
1694635240521 0.006405640368558285 643
1694635240553 0.005249344190559335 644
1694635240585 0.006577172758088334 645
1694635240617 0.00631385770083337 646
1694635240651 0.00811801871884188 647
1694635240686 0.007462787391477321 648
1694635240717 0.009050985712169113 649
1694635240750 0.006924890859604127 650
1694635240785 0.00649176592548939 651
1694635240820 0.004997427939880339 652
1694635240853 0.005675509603296436 653
1694635240885 0.007880696802245013 654
1694635240919 0.005125784190187388 655
1694635240954 0.0065351429906340686 656
1694635240987 0.008010480864253267 657
1694635241018 0.005589387960157621 658
1694635241053 0.009441105543921857 659
1694635241087 0.006959808985611882 660
1694635241119 0.007732780947502849 661
1694635241151 0.0065691370127105575 662
1694635241185 0.007152331281817581 663
1694635241217 0.008454024669571347 664
1694635241249 0.008418637403875051 665
1694635241282 0.007369710393913875 666
1694635241314 0.006915489981946243 667
1694635241344 0.010298466789137373 668
1694635241377 0.009598579772695515 669
1694635241409 0.005618852725667867 670
1694635241442 0.009806992705192696 671
1694635241477 0.007518755688957657 672
1694635241511 0.007460860962509974 673
1694635241543 0.008334321119362942 674
1694635241576 0.010291586464984404 675
1694635241609 0.008274110984182625 676
1694635241643 0.006355944300334593 677
1694635241675 0.008968179419719169 678
1694635241708 0.007473302701530793 679
1694635241739 0.009279344341781903 680
1694635241775 0.006750121406271403 681
1694635241809 0.009765015489412443 682
1694635241841 0.008042121108529754 683
1694635241875 0.008430708156355826 684
1694635241907 0.0071554153757869 685
1694635241939 0.007879504008735272 686
1694635241972 0.006543156200243372 687
1694635242010 0.006663549015333059 688
1694635242041 0.007888548717964627 689
1694635242078 0.009828756674499117 690
1694635242114 0.007833767372458111 691
1694635242145 0.009462384983581207 692
1694635242178 0.009230976410219638 693
1694635242211 0.008401336428198403 694
1694635242243 0.0057157903733877635 695
1694635242277 0.006762993549529139 696
1694635242310 0.010219387663524482 697
1694635242342 0.00960424632593071 698
1694635242374 0.015125569890293122 699
1694635242407 0.009383610443393753 700
1694635242439 0.008249392122851584 701
1694635242472 0.005889517895682039 702
1694635242506 0.009298454934532407 703
1694635242539 0.006465612078712768 704
1694635242575 0.008640022919581214 705
1694635242611 0.010253509296387575 706
1694635242646 0.006068635236457509 707
1694635242681 0.008054180708931158 708
1694635242712 0.008649401039239835 709
1694635242744 0.012606432486991448 710
1694635242776 0.00898768780440129 711
1694635242810 0.0075432928908963914 712
1694635242840 0.010256997366622 713
1694635242873 0.008339896343897535 714
1694635242909 0.00934649404196386 715
1694635242940 0.009867563441801841 716
1694635242973 0.007918735432995594 717
1694635243005 0.010096244118319553 718
1694635243036 0.010088717587704243 719
1694635243069 0.009353730719905307 720
1694635243103 0.008506330455621214 721
1694635243134 0.008571343362655748 722
1694635243168 0.009346106189944803 723
1694635243204 0.008970266431214236 724
1694635243237 0.009798866860213584 725
1694635243270 0.007161486414211993 726
1694635243304 0.010656091080198937 727
1694635243337 0.010376035619029556 728
1694635243369 0.00835547900162592 729
1694635243402 0.007251570899772353 730
1694635243433 0.009158448263928087 731
1694635243467 0.01013503322115572 732
1694635243500 0.008679752174228894 733
1694635243532 0.009056434169601557 734
1694635243567 0.008355052114526251 735
1694635243601 0.006591636083356223 736
1694635243636 0.008752293906311714 737
1694635243669 0.009425452236447862 738
1694635243703 0.009287394659955095 739
1694635243735 0.011115930245661376 740
1694635243768 0.007251172002097461 741
1694635243801 0.007364048912934629 742
1694635243834 0.011398834145250447 743
1694635243865 0.01022927319491529 744
1694635243898 0.011849493667378863 745
1694635243933 0.00986846992686441 746
1694635243967 0.010395037933024653 747
1694635244001 0.014459558279284912 748
1694635244033 0.006961746947070968 749
1694635244066 0.010274927644928433 750
1694635244096 0.011962815211291833 751
1694635244129 0.010562793219614841 752
1694635244161 0.010721092898090645 753
1694635244192 0.011486913779611752 754
1694635244223 0.01147216324494671 755
1694635244255 0.011701471177047673 756
1694635244290 0.0109453789569679 757
1694635244323 0.011541347007373415 758
1694635244359 0.00910769069808548 759
1694635244389 0.010578491766673137 760
1694635244424 0.01004987904342336 761
1694635244457 0.012248877427272431 762
1694635244495 0.009676917955899644 763
1694635244530 0.008836172232333905 764
1694635244565 0.014071638428543642 765
1694635244598 0.009203311221515853 766
1694635244630 0.010550596846590876 767
1694635244666 0.009158267332055825 768
1694635244702 0.013655395335430032 769
1694635244733 0.01241743971920628 770
1694635244766 0.008587846691995527 771
1694635244799 0.011123635915290087 772
1694635244831 0.009336589082337365 773
1694635244861 0.009410458041521741 774
1694635244894 0.011067865586286252 775
1694635244926 0.011930904580432333 776
1694635244960 0.013451239583894492 777
1694635244993 0.007842082929266359 778
1694635245026 0.012404144185706012 779
1694635245056 0.011089934658382483 780
1694635245091 0.011901661997875346 781
1694635245123 0.010926177389667169 782
1694635245155 0.011391436425904344 783
1694635245187 0.01084011954515296 784
1694635245220 0.013019461859388182 785
1694635245252 0.013498865592149412 786
1694635245284 0.014181053261523413 787
1694635245319 0.011756679088828936 788
1694635245350 0.011144883922812099 789
1694635245384 0.013859259623914433 790
1694635245416 0.011260250422246099 791
1694635245448 0.016154405476041522 792
1694635245477 0.010738334128447824 793
1694635245515 0.009217568179994418 794
1694635245548 0.009702623158691415 795
1694635245582 0.012380317726468082 796
1694635245614 0.01114274335396892 797
1694635245645 0.012815049430475511 798
1694635245679 0.01220663139396827 799
1694635245713 0.012453638998522365 800
1694635245743 0.01207512280283285 801
1694635245775 0.009635035621877064 802
1694635245810 0.012351425402051253 803
1694635245843 0.01513437395081374 804
1694635245878 0.011260304811669286 805
1694635245912 0.01138300186439134 806
1694635245944 0.010311892325991945 807
1694635245979 0.011761302664880291 808
1694635246015 0.010011301155767205 809
1694635246048 0.009490577883644713 810
1694635246081 0.01172894202171093 811
1694635246114 0.012791269396249083 812
1694635246145 0.013465859807038072 813
1694635246177 0.010956345380650157 814
1694635246211 0.014715144602090002 815
1694635246243 0.012365272954834694 816
1694635246275 0.015043738289627573 817
1694635246311 0.013366829051867923 818
1694635246345 0.012600532903997541 819
1694635246378 0.013095515740563779 820
1694635246411 0.013763585522760358 821
1694635246442 0.015540192459433277 822
1694635246475 0.012258689591514438 823
1694635246508 0.0161084374109125 824
1694635246539 0.01598748775893377 825
1694635246574 0.017306478419824467 826
1694635246607 0.01098190348937278 827
1694635246640 0.012630981861667001 828
1694635246675 0.014144685559101755 829
1694635246710 0.01437940142933869 830
1694635246742 0.013090103731799863 831
1694635246776 0.017004105709981676 832
1694635246809 0.011627621501826613 833
1694635246841 0.011174843552696712 834
1694635246874 0.01452749311683399 835
1694635246905 0.015946770740722038 836
1694635246941 0.015156175908489056 837
1694635246974 0.017114445980245363 838
1694635247007 0.011145085725599246 839
1694635247038 0.012340129216920737 840
1694635247071 0.017228042728069548 841
1694635247104 0.012192001449005896 842
1694635247138 0.013944573447429054 843
1694635247171 0.01506660143893268 844
1694635247205 0.014850616946839312 845
1694635247239 0.010350001271861808 846
1694635247272 0.01392076804273612 847
1694635247305 0.009995646172094586 848
1694635247338 0.012120144352304352 849
1694635247379 0.012675466346005582 850
1694635247418 0.013387750958338218 851
1694635247450 0.01423203339618706 852
1694635247482 0.01031165465981665 853
1694635247517 0.013736657170949629 854
1694635247549 0.01714790303257263 855
1694635247581 0.011623292687224063 856
1694635247613 0.019549349805606075 857
1694635247647 0.017153546951293452 858
1694635247678 0.010336989771402072 859
1694635247711 0.016486140744697897 860
1694635247745 0.01391394616266739 861
1694635247775 0.014613473639047525 862
1694635247809 0.016436075826217977 863
1694635247843 0.01366536621142711 864
1694635247876 0.01616225491133627 865
1694635247912 0.015779663411746414 866
1694635247945 0.016450023508832068 867
1694635247982 0.017186107576962928 868
1694635248015 0.017777123835783448 869
1694635248049 0.018162975785418367 870
1694635248082 0.013225216163677334 871
1694635248115 0.016477661745542327 872
1694635248146 0.013031896281517241 873
1694635248178 0.01945335004825599 874
1694635248211 0.018050169683805017 875
1694635248243 0.016206899865271573 876
1694635248277 0.017374392067347033 877
1694635248310 0.014884758314902657 878
1694635248343 0.013283376440522798 879
1694635248376 0.01499820735779056 880
1694635248410 0.01581059018748654 881
1694635248447 0.01696885377767776 882
1694635248479 0.01491781957840066 883
1694635248515 0.01465389776032655 884
1694635248548 0.01245192551275498 885
1694635248581 0.015568938757020478 886
1694635248616 0.018342076469654023 887
1694635248650 0.013618198274070403 888
1694635248684 0.01566851696924121 889
1694635248717 0.015513315253415705 890
1694635248749 0.015079376097585362 891
1694635248780 0.016962006135719077 892
1694635248812 0.019434928701113408 893
1694635248844 0.019737947081289398 894
1694635248875 0.01955246535035271 895
1694635248907 0.018266993372410445 896
1694635248940 0.014139810914095885 897
1694635248972 0.01751619796515347 898
1694635249005 0.018764459518249565 899
1694635249038 0.011738172871017749 900
1694635249071 0.020144424624096047 901
1694635249104 0.01771792531710681 902
1694635249137 0.01424052397296327 903
1694635249167 0.014618667644008543 904
1694635249198 0.014335014614719088 905
1694635249230 0.018927568401886585 906
1694635249260 0.021733936013566546 907
1694635249292 0.01736923265285506 908
1694635249326 0.01802720447391981 909
1694635249360 0.019394086071471195 910
1694635249393 0.013521508640016666 911
1694635249423 0.02162852574158025 912
1694635249455 0.021743467804560268 913
1694635249488 0.014102606213306057 914
1694635249519 0.02041710322780743 915
1694635249550 0.016115607927451925 916
1694635249582 0.016821068801328165 917
1694635249614 0.020220841389230637 918
1694635249648 0.02376625962709844 919
1694635249679 0.01414767892132629 920
1694635249712 0.01838295286540903 921
1694635249746 0.018784759658776795 922
1694635249778 0.02058671074292151 923
1694635249810 0.01600016654688341 924
1694635249840 0.017147610839455152 925
1694635249873 0.016770523933809067 926
1694635249906 0.018597948001583098 927
1694635249939 0.014394276686697904 928
1694635249971 0.022417381660217672 929
1694635250005 0.018480630594148617 930
1694635250035 0.019228074250267513 931
1694635250070 0.021731082585765504 932
1694635250105 0.013150662392833024 933
1694635250139 0.020629806109877857 934
1694635250170 0.018062651611027936 935
1694635250205 0.02049284988168021 936
1694635250240 0.01311218889970478 937
1694635250269 0.01733113468304537 938
1694635250301 0.01604924223453741 939
1694635250334 0.020584457389715594 940
1694635250366 0.02224177689054363 941
1694635250398 0.014549908892822594 942
1694635250431 0.02561134127491338 943
1694635250466 0.018277365189252492 944
1694635250501 0.01446643037581019 945
1694635250534 0.024505219613033535 946
1694635250567 0.018569021415360876 947
1694635250602 0.013543110385058066 948
1694635250636 0.020563910581201106 949
1694635250673 0.016326056606571937 950
1694635250707 0.02006387578858171 951
1694635250743 0.019386597358569957 952
1694635250779 0.016095188656919057 953
1694635250811 0.016658042335906842 954
1694635250846 0.017488816254939366 955
1694635250878 0.020502890040582478 956
1694635250912 0.022094225611714813 957
1694635250945 0.017422956791676047 958
1694635250976 0.0169015278240352 959
1694635251008 0.02095149797747542 960
1694635251039 0.020788559453056688 961
1694635251073 0.01589168486329351 962
1694635251105 0.020075246373382538 963
1694635251136 0.018445169759010005 964
1694635251168 0.022529073374090713 965
1694635251200 0.019198394523452067 966
1694635251232 0.02023408803216964 967
1694635251264 0.01767468678297679 968
1694635251301 0.015314224534845877 969
1694635251332 0.01859472709816945 970
1694635251363 0.019381617780551252 971
1694635251395 0.018020194252006627 972
1694635251429 0.023981031211370518 973
1694635251460 0.021610495882484426 974
1694635251492 0.015480909493560957 975
1694635251528 0.017192014659677013 976
1694635251560 0.02249215909383595 977
1694635251593 0.019249407453138412 978
1694635251627 0.017310561902623256 979
1694635251662 0.020395632357583127 980
1694635251694 0.019662671830710354 981
1694635251729 0.023163581514710763 982
1694635251764 0.022459435978311904 983
1694635251801 0.01863089921921135 984
1694635251836 0.018198559547439874 985
1694635251869 0.026427683658227008 986
1694635251902 0.02458319161675715 987
1694635251937 0.019570458120908518 988
1694635251968 0.01620071399246159 989
1694635252000 0.020338257615652444 990
1694635252032 0.023724060082332632 991
1694635252066 0.022799199492279265 992
1694635252097 0.023319821342021152 993
1694635252130 0.02185743118852035 994
1694635252166 0.016342292490850507 995
1694635252202 0.021207658751051794 996
1694635252235 0.022544394909736365 997
1694635252266 0.02177952334702371 998
1694635252301 0.0163495790884155 999
