1694623957134 -0.004602187896163512 0
1694623957165 -0.005482570718515101 1
1694623957193 -0.0038716142714183555 2
1694623957224 -0.00446701362211277 3
1694623957255 -0.004453199145748821 4
1694623957284 -0.003968178482030682 5
1694623957318 -0.004505652679803296 6
1694623957348 -0.004928113600727313 7
1694623957378 -0.004546204148428101 8
1694623957411 -0.0035402958098962323 9
1694623957448 -0.005106916740556855 10
1694623957490 -0.004097957516115303 11
1694623957531 -0.003515899045113402 12
1694623957572 -0.004373668946284548 13
1694623957609 -0.0037471622714844166 14
1694623957646 -0.0047281333640174505 15
1694623957681 -0.0039036182657543606 16
1694623957715 -0.004225406424039679 17
1694623957749 -0.003642291716757784 18
1694623957782 -0.004153246531790167 19
1694623957815 -0.003816258690382268 20
1694623957849 -0.0042229929194443905 21
1694623957879 -0.004415945588125192 22
1694623957912 -0.0038900319094701263 23
1694623957943 -0.0038280000661627955 24
1694623957974 -0.003721193639860454 25
1694623958002 -0.004770785845602754 26
1694623958032 -0.004706956605265544 27
1694623958061 -0.004686357511585415 28
1694623958086 -0.004251949569183733 29
1694623958113 -0.004888431070149801 30
1694623958141 -0.003443241121491525 31
1694623958168 -0.004364670779262836 32
1694623958195 -0.004438316806278486 33
1694623958224 -0.004245319386412261 34
1694623958250 -0.003365394057970761 35
1694623958277 -0.00439254132283029 36
1694623958307 -0.00459416668837398 37
1694623958343 -0.0034109895874294693 38
1694623958381 -0.004417047650835171 39
1694623958412 -0.003654824140357782 40
1694623958441 -0.0037095355441627564 41
1694623958469 -0.004361364340658813 42
1694623958499 -0.005083970698795515 43
1694623958533 -0.004563709869896071 44
1694623958565 -0.003552069045616113 45
1694623958596 -0.003278474277090826 46
1694623958632 -0.003592947820264758 47
1694623958661 -0.004686301135010451 48
1694623958689 -0.004298065954969621 49
1694623958719 -0.004276780664785651 50
1694623958748 -0.004537187675629495 51
1694623958777 -0.00414107896242788 52
1694623958805 -0.005276908814496606 53
1694623958835 -0.0038205314401216217 54
1694623958864 -0.0031496033923672506 55
1694623958894 -0.0043471921367654875 56
1694623958927 -0.00397914483574735 57
1694623958956 -0.004377778621183603 58
1694623958982 -0.004213980141960505 59
1694623959014 -0.004116508374937489 60
1694623959045 -0.004193075155382697 61
1694623959072 -0.004759872984760438 62
1694623959102 -0.0039391772453449825 63
1694623959131 -0.004032626915133397 64
1694623959158 -0.0035621041007904974 65
1694623959183 -0.0031908479946123336 66
1694623959211 -0.004736977583026825 67
1694623959243 -0.004432901751739493 68
1694623959271 -0.004484741298745432 69
1694623959300 -0.003740822475522654 70
1694623959330 -0.0039210979716466365 71
1694623959361 -0.00445050038071404 72
1694623959389 -0.004431446210205303 73
1694623959419 -0.005014961337424406 74
1694623959454 -0.004160180670519598 75
1694623959485 -0.003545281627751473 76
1694623959515 -0.004004337579456507 77
1694623959546 -0.003969878550555528 78
1694623959580 -0.0037893892941853746 79
1694623959613 -0.004135096979262398 80
1694623959649 -0.004057264509063074 81
1694623959681 -0.0039023823886834563 82
1694623959714 -0.005157793874786432 83
1694623959742 -0.00394657171633761 84
1694623959771 -0.0033264311008960323 85
1694623959797 -0.00411139899036761 86
1694623959823 -0.004503604421814966 87
1694623959851 -0.004709602429357362 88
1694623959878 -0.004055659024927216 89
1694623959907 -0.005232095104471313 90
1694623959936 -0.0034188478805001754 91
1694623959968 -0.003959622929377682 92
1694623959999 -0.005007164576707801 93
1694623960032 -0.003894342547828167 94
1694623960064 -0.0041807176380392885 95
1694623960098 -0.003738681108959474 96
1694623960130 -0.004624453556505204 97
1694623960161 -0.0040864699476472754 98
1694623960187 -0.003401904583491655 99
1694623960214 -0.0039355250585006996 100
1694623960246 -0.004390912314493622 101
1694623960275 -0.003890888557400274 102
1694623960305 -0.004804025922382271 103
1694623960335 -0.0032321279617160137 104
1694623960366 -0.004982307522418461 105
1694623960395 -0.003832684970119793 106
1694623960424 -0.004138399735683196 107
1694623960462 -0.0036109209105250617 108
1694623960504 -0.003494278921606364 109
1694623960553 -0.0038497676574129613 110
1694623960589 -0.0036324729272319 111
1694623960625 -0.0038278859210363336 112
1694623960663 -0.0040197770068017835 113
1694623960695 -0.0045213688199154944 114
1694623960731 -0.004098291353124228 115
1694623960765 -0.003467796236590326 116
1694623960795 -0.003753680475374166 117
1694623960826 -0.004184718337207238 118
1694623960860 -0.0045047027748796875 119
1694623960892 -0.0034038563923839416 120
1694623960921 -0.004388114018750056 121
1694623960951 -0.003477223993173295 122
1694623960980 -0.004474327363830799 123
1694623961010 -0.0034044735997760256 124
1694623961040 -0.003420423206738521 125
1694623961068 -0.0038184057843486663 126
1694623961099 -0.0045098774417182685 127
1694623961131 -0.003488564407506889 128
1694623961161 -0.003507134745172724 129
1694623961189 -0.00401403925295285 130
1694623961213 -0.004023676072334448 131
1694623961239 -0.004929726926082623 132
1694623961263 -0.004584297402860704 133
1694623961289 -0.003956922350125902 134
1694623961314 -0.003757874944641193 135
1694623961342 -0.0038739992805187917 136
1694623961373 -0.003430652971790238 137
1694623961403 -0.003485783135700249 138
1694623961437 -0.003446213909967577 139
1694623961468 -0.0030986821053848868 140
1694623961499 -0.0041571768970996015 141
1694623961530 -0.0036287543017579083 142
1694623961559 -0.00411519185758813 143
1694623961588 -0.0032252196957167634 144
1694623961617 -0.0046268015907464655 145
1694623961646 -0.003244939268264746 146
1694623961674 -0.003826158161006177 147
1694623961707 -0.004837528977320371 148
1694623961741 -0.004299686723729268 149
1694623961777 -0.0037313598053900776 150
1694623961812 -0.004658349841054399 151
1694623961847 -0.003261947114524988 152
1694623961881 -0.0027480150184233665 153
1694623961915 -0.004099085033025585 154
1694623961946 -0.004144164817490248 155
1694623961975 -0.0031710998530098955 156
1694623962004 -0.003389794173499716 157
1694623962034 -0.002797020704859099 158
1694623962064 -0.0033505076628703723 159
1694623962091 -0.003506125846949981 160
1694623962120 -0.0038535419236263024 161
1694623962152 -0.003592088964522455 162
1694623962190 -0.0033889040263821446 163
1694623962231 -0.0030938052428943763 164
1694623962273 -0.004069025856835218 165
1694623962315 -0.003323002567821254 166
1694623962350 -0.003744392405768515 167
1694623962381 -0.00259468144550401 168
1694623962418 -0.0031001181244891818 169
1694623962451 -0.0032431031023281154 170
1694623962485 -0.004651429116120376 171
1694623962533 -0.0036947051886493387 172
1694623962577 -0.0036632468463082546 173
1694623962620 -0.0029023848326108492 174
1694623962659 -0.002527787361535694 175
1694623962691 -0.0040896417470344115 176
1694623962727 -0.0042878369939016725 177
1694623962772 -0.003439028214219375 178
1694623962806 -0.0034827562403367818 179
1694623962834 -0.0029906958218595125 180
1694623962864 -0.00403146268684651 181
1694623962895 -0.0036481876153182657 182
1694623962930 -0.0035609022039615468 183
1694623962962 -0.0036969715003833947 184
1694623962997 -0.00309292907205716 185
1694623963038 -0.0034228954148864954 186
1694623963077 -0.00359892754019131 187
1694623963111 -0.003641313064997931 188
1694623963143 -0.0034751794606020514 189
1694623963176 -0.003300087096944404 190
1694623963205 -0.003565299075392714 191
1694623963232 -0.004057289610673198 192
1694623963263 -0.0037109756963962237 193
1694623963294 -0.0036790110452888936 194
1694623963326 -0.0036911571201339033 195
1694623963357 -0.002703291181247014 196
1694623963384 -0.003969512621501137 197
1694623963410 -0.0030042507849552536 198
1694623963437 -0.0032638006675460574 199
1694623963467 -0.003597994794374948 200
1694623963493 -0.0030462064085536866 201
1694623963522 -0.0028287348183220207 202
1694623963550 -0.0037970623770828826 203
1694623963582 -0.003357756622519359 204
1694623963611 -0.0032970455811491828 205
1694623963642 -0.004143526002579945 206
1694623963676 -0.002736036842536871 207
1694623963709 -0.003012947968117574 208
1694623963740 -0.003093452980972078 209
1694623963773 -0.002872899452770028 210
1694623963803 -0.003071300647680797 211
1694623963829 -0.00419421744337356 212
1694623963855 -0.003169779148330276 213
1694623963879 -0.0031359303479521206 214
1694623963906 -0.0029350371840404232 215
1694623963932 -0.0032436794431649485 216
1694623963960 -0.003555084375818529 217
1694623963983 -0.0033153984694123118 218
1694623964009 -0.0034635274760710377 219
1694623964035 -0.004342443907958682 220
1694623964066 -0.0036459047983663506 221
1694623964091 -0.0032001288414620355 222
1694623964118 -0.0034143168933911117 223
1694623964149 -0.003197305760711977 224
1694623964177 -0.002524144273204465 225
1694623964207 -0.002807383072797265 226
1694623964237 -0.0030608580468323154 227
1694623964268 -0.0026336238322328676 228
1694623964298 -0.003390541661880464 229
1694623964326 -0.004109564367288154 230
1694623964353 -0.0030392970954808973 231
1694623964382 -0.0034391358623984125 232
1694623964411 -0.0028400261098053825 233
1694623964437 -0.0034771132869493293 234
1694623964467 -0.003335679399311564 235
1694623964497 -0.002567045661940215 236
1694623964527 -0.0034396577810289486 237
1694623964561 -0.0030218513739956876 238
1694623964593 -0.0028149221736240015 239
1694623964628 -0.0037419376094611767 240
1694623964659 -0.0027746038230258563 241
1694623964686 -0.0030880383991056526 242
1694623964715 -0.0033740105563091483 243
1694623964748 -0.002861728058469959 244
1694623964777 -0.0037901947610665676 245
1694623964810 -0.003302735785531752 246
1694623964846 -0.0029294037107006066 247
1694623964881 -0.0029235234251845377 248
1694623964916 -0.0028903355265803565 249
1694623964946 -0.002390096900776406 250
1694623964976 -0.0030586533557634965 251
1694623965008 -0.002959093227195897 252
1694623965039 -0.0029647658717983916 253
1694623965072 -0.002529974661504175 254
1694623965106 -0.0025764046366711923 255
1694623965137 -0.003084469360613573 256
1694623965167 -0.002560103210126119 257
1694623965197 -0.0027990787797975702 258
1694623965225 -0.0034400221866068836 259
1694623965257 -0.0034524127991721887 260
1694623965285 -0.0027645289532722828 261
1694623965318 -0.002961127378373618 262
1694623965350 -0.0031224564260525778 263
1694623965378 -0.0027943299631849605 264
1694623965406 -0.003318654079864425 265
1694623965434 -0.0033643742070765814 266
1694623965464 -0.0033835255371381656 267
1694623965491 -0.002396257849134553 268
1694623965519 -0.002607502750830548 269
1694623965549 -0.002818841485314305 270
1694623965576 -0.002992826421766681 271
1694623965606 -0.0019702031294557276 272
1694623965637 -0.0032413608877805977 273
1694623965664 -0.002552783756628374 274
1694623965690 -0.0036774976290669947 275
1694623965716 -0.0025036075365936217 276
1694623965747 -0.002388186090358957 277
1694623965779 -0.0026480861922584253 278
1694623965811 -0.00356214319456849 279
1694623965843 -0.002629453105477575 280
1694623965876 -0.0026986509034916395 281
1694623965906 -0.003793819518873587 282
1694623965934 -0.0027662302174593645 283
1694623965964 -0.0025357564788139886 284
1694623965990 -0.0025638344317240325 285
1694623966017 -0.00196882843602042 286
1694623966046 -0.00322838154544125 287
1694623966076 -0.00298508797840058 288
1694623966105 -0.0029248071954199872 289
1694623966135 -0.003121940514998034 290
1694623966166 -0.002933394592447902 291
1694623966195 -0.0028660121405676975 292
1694623966227 -0.003421159447969613 293
1694623966261 -0.002427746996819913 294
1694623966293 -0.0023084137089492973 295
1694623966325 -0.0031977705938870393 296
1694623966359 -0.002989795501801007 297
1694623966391 -0.0026404962659900555 298
1694623966421 -0.0032591311390206545 299
1694623966449 -0.0027382512990596908 300
1694623966483 -0.0028210093404104075 301
1694623966513 -0.002393578447117406 302
1694623966542 -0.0027594524417076105 303
1694623966571 -0.002616507843258953 304
1694623966600 -0.0028361597992854204 305
1694623966636 -0.0028506808551409524 306
1694623966672 -0.0026434001672674956 307
1694623966707 -0.002310522849297225 308
1694623966741 -0.0022795900406080705 309
1694623966776 -0.0028056617401210904 310
1694623966806 -0.002049288666075899 311
1694623966836 -0.0025603743000253143 312
1694623966865 -0.0029136063280787994 313
1694623966892 -0.002581485154774965 314
1694623966922 -0.0022499862478226884 315
1694623966951 -0.0027860765844027746 316
1694623966980 -0.0026067007118366625 317
1694623967009 -0.00266665577446612 318
1694623967034 -0.002128048347408873 319
1694623967062 -0.002922504944043336 320
1694623967086 -0.0026521757025497195 321
1694623967113 -0.002629100663417372 322
1694623967140 -0.0024059473917152907 323
1694623967168 -0.0028037924797188474 324
1694623967194 -0.002590918453555746 325
1694623967226 -0.002826504918131967 326
1694623967257 -0.0020050725570304184 327
1694623967286 -0.0029728665331780757 328
1694623967317 -0.002375581025514384 329
1694623967347 -0.0029388573495681136 330
1694623967377 -0.0030247672990282304 331
1694623967403 -0.0027319571757602468 332
1694623967429 -0.0021831888596768323 333
1694623967454 -0.001528906709097333 334
1694623967481 -0.002363712440045518 335
1694623967509 -0.0022758613028890373 336
1694623967535 -0.0028107308585954005 337
1694623967563 -0.002072484402932284 338
1694623967590 -0.0020086732088067105 339
1694623967621 -0.002203177869358308 340
1694623967651 -0.0023778908544873634 341
1694623967679 -0.002205042803449686 342
1694623967709 -0.0021209953594563125 343
1694623967739 -0.0021307227784721494 344
1694623967769 -0.002332792121568339 345
1694623967795 -0.002376880241332202 346
1694623967824 -0.0022713322368403954 347
1694623967850 -0.0017801463083286784 348
1694623967877 -0.001666206835983175 349
1694623967902 -0.0028923396861397777 350
1694623967929 -0.0026148175976228316 351
1694623967955 -0.0023687849293394514 352
1694623967981 -0.002054231554176944 353
1694623968014 -0.0023491533477491 354
1694623968045 -0.0027267463912299394 355
1694623968073 -0.0018661226566503153 356
1694623968110 -0.0023089974236618627 357
1694623968146 -0.0015173732959654629 358
1694623968177 -0.002076164057298824 359
1694623968206 -0.001975648218166537 360
1694623968236 -0.00170505014172595 361
1694623968266 -0.002638658211802536 362
1694623968298 -0.002237690944909332 363
1694623968329 -0.002449374059988685 364
1694623968361 -0.002381250876350549 365
1694623968395 -0.0016758295972696402 366
1694623968425 -0.002734892054884641 367
1694623968453 -0.0020918738596000797 368
1694623968482 -0.0022236850016554843 369
1694623968512 -0.002032153671549297 370
1694623968540 -0.0019270602831220618 371
1694623968568 -0.001934503886834582 372
1694623968596 -0.0024322455794063558 373
1694623968625 -0.002029258523806199 374
1694623968653 -0.0021713291897251796 375
1694623968681 -0.0019314578313334163 376
1694623968711 -0.00211929702443836 377
1694623968742 -0.002047358039843239 378
1694623968773 -0.0020712794826485137 379
1694623968805 -0.002381275734232746 380
1694623968831 -0.0020531156204661727 381
1694623968861 -0.001859466408824284 382
1694623968887 -0.0018767569021864716 383
1694623968912 -0.0019388976186527351 384
1694623968940 -0.001592273077695383 385
1694623968966 -0.0016969169954215158 386
1694623968995 -0.0015671409139317305 387
1694623969023 -0.001524841138063504 388
1694623969057 -0.0018706123408585018 389
1694623969085 -0.0021899050951004195 390
1694623969113 -0.0016755238184862353 391
1694623969143 -0.0016398483018544852 392
1694623969173 -0.002085707968524364 393
1694623969203 -0.0025385456672153417 394
1694623969232 -0.0011740294531117357 395
1694623969257 -0.0016411454911586798 396
1694623969283 -0.002393674051546668 397
1694623969310 -0.0017231623412046204 398
1694623969334 -0.0020951020042783153 399
1694623969361 -0.001968149691705001 400
1694623969388 -0.0015846173591504975 401
1694623969415 -0.00123434587155824 402
1694623969443 -0.002269623340137805 403
1694623969472 -0.001369772148707371 404
1694623969502 -0.0016643977292984946 405
1694623969533 -0.002035647602997681 406
1694623969561 -0.0018468158090410025 407
1694623969589 -0.0008190429287184831 408
1694623969613 -0.002090161292874315 409
1694623969643 -0.0016037505544663766 410
1694623969671 -0.0013460536555214286 411
1694623969699 -0.0017815241556919936 412
1694623969729 -0.001800908073077423 413
1694623969759 -0.002029351980654681 414
1694623969787 -0.0022934694835843317 415
1694623969816 -0.0014838558146528236 416
1694623969850 -0.0015055586973788948 417
1694623969886 -0.0017902179728026546 418
1694623969924 -0.0015762423162763994 419
1694623969960 -0.0015898772921603133 420
1694623969992 -0.001981900279542037 421
1694623970022 -0.0013420175183025407 422
1694623970051 -0.0012095922899961753 423
1694623970080 -0.0015719359244885656 424
1694623970110 -0.0010882038296948782 425
1694623970138 -0.0016076323573024354 426
1694623970165 -0.0008813553628612691 427
1694623970195 -0.001549506903179232 428
1694623970230 -0.001825400042004599 429
1694623970260 -0.0019360079402734875 430
1694623970293 -0.0018704820194428429 431
1694623970325 -0.0013152775861182686 432
1694623970353 -0.0014176740184377312 433
1694623970382 -0.001494175472445347 434
1694623970408 -0.0010178424356013238 435
1694623970435 -0.0016249391544587155 436
1694623970463 -0.002487273529804934 437
1694623970491 -0.0020996996635356258 438
1694623970518 -0.0018362290025197847 439
1694623970546 -0.0016465219717212154 440
1694623970589 -0.001167499598013988 441
1694623970622 -0.0009103796517060392 442
1694623970666 -0.0020489921284074786 443
1694623970698 -0.001517831762110733 444
1694623970734 -0.00108655738359964 445
1694623970766 -0.001247460519865573 446
1694623970801 -0.0009287208027048965 447
1694623970830 -0.001526659266213759 448
1694623970861 -0.0012790738398495982 449
1694623970891 -0.0020159637519034934 450
1694623970918 -0.0014307328528384566 451
1694623970946 -0.0014879689121347628 452
1694623970973 -0.0015476208401863367 453
1694623971001 -0.0010662112020858316 454
1694623971031 -0.0015865414001181577 455
1694623971064 -0.0009157716839398589 456
1694623971098 -0.0009036975005560777 457
1694623971131 -0.0006760813334314442 458
1694623971166 -0.0012402152323658377 459
1694623971199 -0.0007191361056673173 460
1694623971229 -0.0010231590845122263 461
1694623971258 -0.0010292669251201758 462
1694623971287 -0.0009714148362289787 463
1694623971317 -0.0012002878331061062 464
1694623971345 -0.0012549061746824908 465
1694623971375 -0.0013193724103985893 466
1694623971404 -0.0020367953897815205 467
1694623971432 -0.0007165519666960662 468
1694623971463 -0.0008691422333435561 469
1694623971493 -0.0006574342269853872 470
1694623971522 -0.0012306624590026072 471
1694623971550 -0.001324905746436178 472
1694623971586 -0.000710194256642982 473
1694623971616 -0.0014027991709049115 474
1694623971647 -0.0018923631003275876 475
1694623971676 -0.000873317087538128 476
1694623971709 -0.0007100711638807766 477
1694623971739 -0.0009954872770079337 478
1694623971770 -0.00042784211384283566 479
1694623971803 -0.0008690291433919306 480
1694623971834 -0.0011219141811866784 481
1694623971865 -0.001839935349856603 482
1694623971894 -0.001299544888136106 483
1694623971923 -0.0006603582008586351 484
1694623971951 -0.0012556958485661074 485
1694623971980 -0.0012928015223485634 486
1694623972008 -0.000620622216523925 487
1694623972037 -0.0004712685925702953 488
1694623972065 -0.00021360085331978418 489
1694623972094 -0.0008772450672098753 490
1694623972126 -0.0012547421923556623 491
1694623972157 -0.0012524614332338757 492
1694623972185 -0.0008242379243601494 493
1694623972215 -0.0004284878973488393 494
1694623972245 -0.0013590190049348472 495
1694623972273 -0.0008133173209712297 496
1694623972297 -0.0003346246111630702 497
1694623972325 -0.0004148671449997199 498
1694623972356 -0.0011954752060037155 499
1694623972386 -0.0007188860450570989 500
1694623972416 -0.0007530980754746341 501
1694623972450 -0.00024688607665046547 502
1694623972482 -0.0006433235867135956 503
1694623972516 -0.0010441184169041051 504
1694623972544 -0.0007994830894952898 505
1694623972574 -0.0013679158714841044 506
1694623972603 -0.0008283822774552974 507
1694623972632 0.0002472415449336074 508
1694623972659 -0.000862982734472606 509
1694623972686 -0.0006939330775128649 510
1694623972716 -0.0003914194514182956 511
1694623972744 -0.001257089695186897 512
1694623972772 -0.0008099627628110895 513
1694623972800 -0.0002985582987773405 514
1694623972829 -0.00038888958372651494 515
1694623972860 3.2744037683274385e-05 516
1694623972889 -0.0010896028731672835 517
1694623972925 -0.000516527404467837 518
1694623972957 -0.00023510384618630198 519
1694623972987 -5.8552768703590274e-05 520
1694623973022 -0.0006209951636655386 521
1694623973053 -0.0001979611922446889 522
1694623973082 -0.00020196964409779916 523
1694623973112 2.0702582710030448e-05 524
1694623973141 -0.00022499203428894 525
1694623973168 -0.00010803320551544537 526
1694623973195 0.0005805240926926025 527
1694623973222 -0.0006228053076891005 528
1694623973249 -0.0004023822353740325 529
1694623973276 0.0007882024814001021 530
1694623973304 -0.0008208616481368836 531
1694623973330 -0.0005065352134614454 532
1694623973358 5.397037132648386e-06 533
1694623973383 -0.0007671767903802973 534
1694623973408 -0.0006965028448837618 535
1694623973433 0.0002564458263192293 536
1694623973459 -0.0003191532872743874 537
1694623973484 -0.0007733723046168262 538
1694623973511 -0.0004381439293126288 539
1694623973538 -0.000622608681465131 540
1694623973565 -0.00019111223695955637 541
1694623973592 0.0001662064698688681 542
1694623973625 0.0003394768152716887 543
1694623973660 -7.77678980610208e-05 544
1694623973689 -0.00041905454897728234 545
1694623973724 -0.0008275140602311826 546
1694623973754 -0.0005213254952520785 547
1694623973781 -3.9826475826343355e-05 548
1694623973809 -0.00029144984385398587 549
1694623973835 -0.0004787055103068205 550
1694623973862 0.00025627142376694056 551
1694623973889 -0.0007087935662106748 552
1694623973918 -0.0005181701460654775 553
1694623973946 8.177389421848424e-05 554
1694623973976 -2.371943559698053e-05 555
1694623974009 -0.0004597776996622116 556
1694623974040 -0.00028581578235242766 557
1694623974070 -0.00024940672868289937 558
1694623974101 -0.0009016186017476446 559
1694623974133 0.00045982014896450707 560
1694623974165 -0.0004259001272435281 561
1694623974193 -6.14833146974636e-05 562
1694623974223 -0.00046919976788695195 563
1694623974250 -0.00045143178909623494 564
1694623974279 0.0001451508195179363 565
1694623974309 -0.00046822703965254675 566
1694623974336 0.00019274285734782737 567
1694623974365 0.00017263020489188818 568
1694623974393 0.0004022443143139043 569
1694623974418 0.0003863345913694971 570
1694623974445 0.0009305495468049374 571
1694623974471 0.0007200546025224464 572
1694623974499 0.0003517824758614285 573
1694623974527 -0.0006333935127169621 574
1694623974556 0.00025880567193015125 575
1694623974581 0.00030928874007396523 576
1694623974609 0.00026044854345708135 577
1694623974641 0.0004176997520869419 578
1694623974670 -0.00010639202406048653 579
1694623974699 0.00039713923665829487 580
1694623974731 2.387160620731521e-06 581
1694623974759 6.026237661638234e-05 582
1694623974787 0.0005170172884451096 583
1694623974816 -0.0004899994762959103 584
1694623974844 0.0007338887439324315 585
1694623974870 0.000417262978031796 586
1694623974896 -0.00047915727061376145 587
1694623974925 0.0002542084048595683 588
1694623974950 0.0006168631273856251 589
1694623974975 0.000718367342577908 590
1694623975000 0.0009438060770883272 591
1694623975026 -0.0005362632758196817 592
1694623975054 0.0005410671121851562 593
1694623975080 0.0015863601982167852 594
1694623975105 0.0007914124108773235 595
1694623975132 0.0013258135200706622 596
1694623975158 0.0007696313783593922 597
1694623975181 0.0006135991238022109 598
1694623975205 0.00018972057607002935 599
1694623975230 0.0006987589535931704 600
1694623975256 0.0013515112867531487 601
1694623975283 2.060406367165868e-05 602
1694623975313 0.0009269536014371305 603
1694623975342 0.0005234302777750166 604
1694623975371 0.00045277151469924615 605
1694623975399 0.0010111936830826673 606
1694623975426 0.0005074002217502205 607
1694623975453 -8.543246839409768e-05 608
1694623975480 0.000526916318880688 609
1694623975504 -0.00020992507468697852 610
1694623975530 -2.794547395001956e-05 611
1694623975555 0.00014272531014003498 612
1694623975579 0.0013558343120604333 613
1694623975604 0.0006493489893383275 614
1694623975634 0.0011489661191819156 615
1694623975661 0.0006494189624174362 616
1694623975688 0.0011365095659567892 617
1694623975716 0.0005430943829279888 618
1694623975747 6.292083224779255e-05 619
1694623975776 0.0004912685614788526 620
1694623975807 0.0011813580382952216 621
1694623975835 0.0004783572055202523 622
1694623975862 0.0005226215239165777 623
1694623975887 0.00046144833011463326 624
1694623975912 0.00022293803983108873 625
1694623975940 0.0015613195904856658 626
1694623975965 0.0010513366781198519 627
1694623975992 0.0012334871571247907 628
1694623976019 0.0010263360313499392 629
1694623976045 0.0010494863891098438 630
1694623976070 0.0015980930635135504 631
1694623976093 0.0010636235379418713 632
1694623976122 0.0016818864933662026 633
1694623976150 0.0008063904349848716 634
1694623976178 0.0005416631396598648 635
1694623976205 0.0012828482151425735 636
1694623976230 0.0006165695098020452 637
1694623976255 0.000932340010399102 638
1694623976278 0.0010375763542803673 639
1694623976306 0.001571465555425311 640
1694623976334 0.0006729430705867401 641
1694623976364 0.0012861896200631051 642
1694623976391 0.0017947287972276404 643
1694623976421 0.0014126695377248977 644
1694623976448 0.0009964660526394775 645
1694623976473 0.0008015603733088073 646
1694623976499 0.000919625337025165 647
1694623976527 0.0012029492989870105 648
1694623976554 0.0012456919991788995 649
1694623976579 0.001389748694136328 650
1694623976605 0.0012657918903480336 651
1694623976634 0.0017637739822438103 652
1694623976662 0.0013670945450108274 653
1694623976688 0.002415110290923228 654
1694623976717 0.0013522074960067298 655
1694623976745 0.0026440510256006133 656
1694623976771 0.000637706488232137 657
1694623976796 0.002040128175258782 658
1694623976822 0.0015629185500027898 659
1694623976846 0.0015522210381957446 660
1694623976869 0.0021736818997988294 661
1694623976893 0.0011678634844224378 662
1694623976919 0.0009754522314384673 663
1694623976947 0.00059535664048882 664
1694623976972 0.0013500941970856495 665
1694623976997 0.0013691534415852802 666
1694623977024 0.001370972555697847 667
1694623977052 0.002864525432508258 668
1694623977081 0.001605298499648522 669
1694623977110 0.002250118659838818 670
1694623977137 4.400175639462933e-05 671
1694623977170 0.0014697309556245264 672
1694623977199 0.001094212304874831 673
1694623977230 0.0012502837339986028 674
1694623977258 0.0013321348390420429 675
1694623977285 0.0024650505238820175 676
1694623977315 0.00204144614379298 677
1694623977341 0.0021182148905003473 678
1694623977369 0.002015818588661622 679
1694623977396 0.002584457484275382 680
1694623977425 0.0022657327938238048 681
1694623977452 0.001334578201905856 682
1694623977479 0.0019345066343459116 683
1694623977509 0.0017116408618815804 684
1694623977538 0.0023473186121748535 685
1694623977568 0.002115375535837294 686
1694623977596 0.0010569631972884297 687
1694623977625 0.0008032202887192641 688
1694623977656 0.0013756927363098859 689
1694623977683 0.0011084346721516036 690
1694623977714 0.0021039236893244384 691
1694623977742 0.0019242303032412922 692
1694623977771 0.0018159294265764903 693
1694623977799 0.001730161812729003 694
1694623977827 0.0023804462096200796 695
1694623977852 0.0033509570414859136 696
1694623977878 0.0022387116396361817 697
1694623977906 0.001127599774996213 698
1694623977934 0.000981748585261677 699
1694623977967 0.002844844706813343 700
1694623977994 0.002135789631114715 701
1694623978025 0.0016102553191297275 702
1694623978055 0.0026145073212526793 703
1694623978081 0.0024155100400454765 704
1694623978105 0.001378203437557124 705
1694623978132 0.0015453169057800809 706
1694623978160 0.0036072296111412383 707
1694623978185 0.0011773854827489272 708
1694623978212 0.0018281188906147383 709
1694623978240 0.0022170973792343673 710
1694623978267 0.0016342805539137917 711
1694623978293 0.0026388174375338025 712
1694623978319 0.0016657691984210965 713
1694623978351 0.0030263202157910785 714
1694623978382 0.003161411033696937 715
1694623978414 0.0023329454307566833 716
1694623978446 0.003280026694796212 717
1694623978473 0.0018210227069560547 718
1694623978499 0.0020441663640008434 719
1694623978524 0.0018287185324811217 720
1694623978550 0.002829163329457818 721
1694623978576 0.0024323139842316044 722
1694623978600 0.0020624295723814523 723
1694623978629 0.0027680418457817213 724
1694623978655 0.003020545037121347 725
1694623978680 0.0021124205184365197 726
1694623978705 0.0022238330320071276 727
1694623978731 0.0027856141256039635 728
1694623978759 0.0030422942520464957 729
1694623978782 0.0017294263574150204 730
1694623978808 0.0033132901045350716 731
1694623978833 0.002396747002064159 732
1694623978859 0.0029722737612118966 733
1694623978885 0.0019302640755107792 734
1694623978913 0.001974263432129475 735
1694623978943 0.0024045295631580643 736
1694623978969 0.0013230542559673486 737
1694623978993 0.0022788798821966605 738
1694623979021 0.002296453303737067 739
1694623979047 0.0018761391477227773 740
1694623979072 0.0016316641351030725 741
1694623979098 0.0008620048195895347 742
1694623979128 0.003638323863748627 743
1694623979153 0.0030532948199478716 744
1694623979178 0.0021939482451276415 745
1694623979209 0.0033695363988107685 746
1694623979238 0.0028642621396139933 747
1694623979264 0.0023183207436574538 748
1694623979290 0.003812872805233347 749
1694623979318 0.002595331749573937 750
1694623979347 0.0030572808030221443 751
1694623979376 0.0023853848490932306 752
1694623979401 0.0031029040877130765 753
1694623979432 0.003776449517046143 754
1694623979458 0.0031794163689244925 755
1694623979483 0.003944637847566712 756
1694623979511 0.0024550677704097135 757
1694623979540 0.001653646096433481 758
1694623979568 0.003207871259428008 759
1694623979596 0.0034502743096375132 760
1694623979625 0.003445230897639484 761
1694623979658 0.004696433740815187 762
1694623979683 0.0025181942291788717 763
1694623979712 0.0022441409327909057 764
1694623979743 0.003388858547126894 765
1694623979772 0.002898311824694577 766
1694623979801 0.0023016796805248596 767
1694623979830 0.0026589480199140647 768
1694623979856 0.0019461634923177984 769
1694623979880 0.003359519731318983 770
1694623979907 0.002656033380682543 771
1694623979934 0.002966483136270792 772
1694623979964 0.0030643713219354884 773
1694623979992 0.0027531552533651693 774
1694623980029 0.0032695125203404674 775
1694623980061 0.0023589327705417773 776
1694623980090 0.0028648989955107895 777
1694623980119 0.003868271127363432 778
1694623980146 0.003931702328663911 779
1694623980171 0.0031204300272741348 780
1694623980196 0.0031374342127165056 781
1694623980220 0.00398255218923238 782
1694623980247 0.001891994084345372 783
1694623980271 0.003876905698613986 784
1694623980299 0.003228446289550546 785
1694623980327 0.003176038979755713 786
1694623980356 0.002407978899151786 787
1694623980381 0.0033111780927589374 788
1694623980407 0.002601097752650494 789
1694623980434 0.003196392341789367 790
1694623980463 0.00406984441738012 791
1694623980491 0.0027044620800031893 792
1694623980518 0.003406126399515097 793
1694623980543 0.003054250052552887 794
1694623980568 0.004378493760009983 795
1694623980595 0.0030532830824665513 796
1694623980623 0.003754572808103429 797
1694623980655 0.004390964208183634 798
1694623980684 0.004330376376017964 799
1694623980717 0.00393224196717612 800
1694623980760 0.0036723752457666903 801
1694623980798 0.0031295441043011074 802
1694623980830 0.00442357547492489 803
1694623980864 0.003613154442239641 804
1694623980895 0.003912497691277328 805
1694623980926 0.003802747770814463 806
1694623980965 0.0029187494823386118 807
1694623980993 0.004203125717470613 808
1694623981023 0.004206333790864769 809
1694623981052 0.003176581882200491 810
1694623981078 0.004440915874970086 811
1694623981106 0.0034939817493334635 812
1694623981136 0.005220710955927577 813
1694623981168 0.002238186242361495 814
1694623981199 0.0034298626245092834 815
1694623981231 0.003483292257954629 816
1694623981267 0.0027739152430527048 817
1694623981299 0.0033054883374999955 818
1694623981332 0.004705972736032793 819
1694623981363 0.0042922822159314755 820
1694623981392 0.002498928604690809 821
1694623981421 0.003138565497906143 822
1694623981450 0.0037389613801902533 823
1694623981480 0.0041241577549447905 824
1694623981513 0.0030739186681341124 825
1694623981545 0.003656225258193868 826
1694623981578 0.003948210766224647 827
1694623981612 0.004307462418964625 828
1694623981650 0.0033688059105426715 829
1694623981681 0.0038074935557401712 830
1694623981714 0.0034630338529834104 831
1694623981745 0.004365697209772534 832
1694623981776 0.004796806549005939 833
1694623981806 0.0031062164743527187 834
1694623981835 0.005258611238814215 835
1694623981864 0.0038840223911181804 836
1694623981894 0.00576889723358609 837
1694623981923 0.005635268051136344 838
1694623981953 0.003975452389890721 839
1694623981983 0.004015226796241778 840
1694623982014 0.004517997007635111 841
1694623982049 0.003103015172600032 842
1694623982087 0.004132520474431134 843
1694623982119 0.003894282734033805 844
1694623982150 0.0037103964253829558 845
1694623982177 0.005290156535477042 846
1694623982204 0.004745719063307119 847
1694623982231 0.00458549147755527 848
1694623982259 0.0029952611605587043 849
1694623982285 0.004123520775642708 850
1694623982312 0.004849005856472188 851
1694623982337 0.005904363477679531 852
1694623982366 0.004638270380215137 853
1694623982391 0.004055621562227163 854
1694623982416 0.0033444679794130128 855
1694623982444 0.004461474721565328 856
1694623982471 0.004476572306918003 857
1694623982496 0.004932514967164958 858
1694623982526 0.0043885911676659894 859
1694623982554 0.003995248371208349 860
1694623982582 0.00662858452064552 861
1694623982607 0.00296089674279576 862
1694623982632 0.005418263892601138 863
1694623982658 0.007016604118521896 864
1694623982681 0.004734873430216502 865
1694623982707 0.0040485078844269 866
1694623982733 0.007261735821815218 867
1694623982766 0.00411681880871495 868
1694623982795 0.005694375136281682 869
1694623982828 0.004794570076791627 870
1694623982863 0.005574475944618684 871
1694623982900 0.004557823144196171 872
1694623982945 0.005841606781092912 873
1694623982991 0.005677099123019502 874
1694623983034 0.0037330480905919394 875
1694623983077 0.0035695194490557025 876
1694623983116 0.004175434244931608 877
1694623983171 0.004962675097876956 878
1694623983207 0.004990548125730188 879
1694623983239 0.004195686809484012 880
1694623983272 0.005054760101684819 881
1694623983300 0.005568713939705927 882
1694623983329 0.005003868874807416 883
1694623983359 0.0052769363272935355 884
1694623983392 0.00601410423807236 885
1694623983427 0.004839739518943897 886
1694623983461 0.00504554995969797 887
1694623983497 0.00481044619283133 888
1694623983534 0.004555032726379804 889
1694623983566 0.00489734905820538 890
1694623983596 0.006310851721241906 891
1694623983629 0.0045190901604351685 892
1694623983661 0.005200245946191617 893
1694623983690 0.004415695104315165 894
1694623983725 0.004549837293647552 895
1694623983757 0.004450796915832722 896
1694623983791 0.006166780102719871 897
1694623983833 0.004416742695511844 898
1694623983897 0.004480924315258705 899
1694623983953 0.0060131051504981325 900
1694623984009 0.0055783023073135984 901
1694623984062 0.00417423592067212 902
1694623984110 0.005558956654052594 903
1694623984157 0.0033412451916233765 904
1694623984209 0.005307346956268999 905
1694623984266 0.006399093824771884 906
1694623984329 0.004349808086040685 907
1694623984379 0.006817162665004539 908
1694623984425 0.005494822838485014 909
1694623984474 0.005203524638518253 910
1694623984514 0.007127130932735426 911
1694623984562 0.00419895649256774 912
1694623984612 0.004504367255590225 913
1694623984665 0.006031975569551817 914
1694623984714 0.006966167761490838 915
1694623984758 0.007137337872722638 916
1694623984799 0.007765028696567811 917
1694623984845 0.008718682430507108 918
1694623984885 0.006873612800147089 919
1694623984941 0.007500049243670204 920
1694623984985 0.006842592673818926 921
1694623985038 0.006583746968039539 922
1694623985094 0.004006515091647511 923
1694623985133 0.007202022539812614 924
1694623985180 0.008272273497426985 925
1694623985231 0.005669226627003754 926
1694623985279 0.007097293305896146 927
1694623985331 0.006587142916140154 928
1694623985384 0.0066192584187728665 929
1694623985437 0.0038676345772302723 930
1694623985500 0.00663490123373478 931
1694623985557 0.005405643441230956 932
1694623985612 0.004548101453042075 933
1694623985658 0.006374406263742638 934
1694623985708 0.0071710821856094675 935
1694623985750 0.00620619687745716 936
1694623985801 0.009340062515429626 937
1694623985855 0.005061163417945491 938
1694623985907 0.004417565852715688 939
1694623985952 0.005112200249785204 940
1694623985997 0.006715181289296601 941
1694623986041 0.007643907648793746 942
1694623986101 0.006503354357385027 943
1694623986150 0.006525490923628752 944
1694623986209 0.004919874703735561 945
1694623986257 0.00611082846090949 946
1694623986316 0.006087906337721272 947
1694623986373 0.006882099064728697 948
1694623986426 0.00805674631712927 949
1694623986472 0.006529497417373742 950
1694623986514 0.005473564492138094 951
1694623986557 0.004447444321862726 952
1694623986606 0.005171620747291605 953
1694623986667 0.007121235961075167 954
1694623986723 0.007109005382794242 955
1694623986759 0.005842160031970578 956
1694623986800 0.0054574612761200125 957
1694623986834 0.005301693506949423 958
1694623986869 0.007349602248085341 959
1694623986903 0.003651583326560681 960
1694623986933 0.006073338164210518 961
1694623986967 0.007820078545682563 962
1694623986998 0.006423894663048824 963
1694623987031 0.00795008998737523 964
1694623987063 0.006216711773407213 965
1694623987096 0.00695220813174946 966
1694623987136 0.005914637068342388 967
1694623987184 0.007911643437444549 968
1694623987234 0.007822908183214294 969
1694623987267 0.007219541688188169 970
1694623987300 0.0049842075387033224 971
1694623987329 0.0069035214021897495 972
1694623987366 0.008732189240116206 973
1694623987399 0.008496782180965945 974
1694623987431 0.006539335344899255 975
1694623987461 0.005729612734715728 976
1694623987490 0.0056876023646167395 977
1694623987519 0.006546296699182941 978
1694623987550 0.008526601093247987 979
1694623987579 0.007490008156834538 980
1694623987611 0.00860860584535772 981
1694623987642 0.007066177422425546 982
1694623987675 0.007998162001176978 983
1694623987711 0.005696940810393292 984
1694623987753 0.006549243226057766 985
1694623987787 0.008319140742138575 986
1694623987830 0.004079014520449897 987
1694623987878 0.006929018693341726 988
1694623987919 0.008135410271589372 989
1694623987959 0.007776721342099835 990
1694623987990 0.006899131740122466 991
1694623988028 0.006030826888455798 992
1694623988063 0.0067107396263851316 993
1694623988093 0.006282619209287521 994
1694623988127 0.00819582171222577 995
1694623988161 0.005891615301745201 996
1694623988194 0.006364264279677512 997
1694623988234 0.010338238460328997 998
1694623988282 0.008358436052289808 999
