1694627019874 150.19835998233873 0
1694627019938 121.8233280111743 1
1694627019996 98.39564781054014 2
1694627020051 78.27427704896478 3
1694627020106 63.17543918957158 4
1694627020164 51.24218698306114 5
1694627020219 40.9434550459265 6
1694627020279 32.925411163863686 7
1694627020333 26.224289782742503 8
1694627020384 21.570056583306943 9
1694627020434 17.22205792105805 10
1694627020481 13.828016503800647 11
1694627020521 10.856859790244737 12
1694627020559 8.897763606811072 13
1694627020603 7.409576131721962 14
1694627020652 5.942013381685193 15
1694627020698 4.804520706684709 16
1694627020755 3.886283551750532 17
1694627020818 3.312787947945156 18
1694627020874 2.608137894756461 19
1694627020927 2.2400752759986875 20
1694627020978 1.9027299101067068 21
1694627021036 1.4418853218951382 22
1694627021097 1.2112865648210047 23
1694627021152 1.0816241997683798 24
1694627021194 0.9296444954780079 25
1694627021246 0.7521565816710967 26
1694627021297 0.6278090812397522 27
1694627021349 0.5292063492741261 28
1694627021403 0.5020164920634739 29
1694627021456 0.40516205048912696 30
1694627021510 0.3231732170439464 31
1694627021561 0.30059605152063745 32
1694627021610 0.2966529674267653 33
1694627021655 0.25292652976117763 34
1694627021697 0.23261038678077733 35
1694627021743 0.2524943454208352 36
1694627021792 0.20175501830931142 37
1694627021844 0.24306304797598355 38
1694627021900 0.19357693213480637 39
1694627021953 0.17982501928366953 40
1694627021997 0.17579069976012524 41
1694627022040 0.14567856336243695 42
1694627022076 0.1637802990922932 43
1694627022120 0.17315244391635956 44
1694627022161 0.1468926447465324 45
1694627022203 0.14104839338052275 46
1694627022245 0.17216213850889905 47
1694627022292 0.1510502188177492 48
1694627022348 0.1438943285399257 49
1694627022397 0.1426758417694119 50
1694627022445 0.13834313525807684 51
1694627022487 0.13735721479315538 52
1694627022535 0.12212384043644821 53
1694627022575 0.11665237514894672 54
1694627022617 0.16942328851507613 55
1694627022655 0.12301287140489507 56
1694627022695 0.12980551334842846 57
1694627022739 0.12133033512275064 58
1694627022779 0.1254531164930913 59
1694627022833 0.1387712151199355 60
1694627022880 0.14205487392686017 61
1694627022930 0.13268491135509236 62
1694627022973 0.13291337240299816 63
1694627023025 0.10097585283874581 64
1694627023076 0.14230917928737835 65
1694627023130 0.12715010840655025 66
1694627023174 0.11710560110705795 67
1694627023228 0.1250189797408986 68
1694627023274 0.1309903778206434 69
1694627023324 0.14722440442077264 70
1694627023367 0.12741728963736737 71
1694627023412 0.13856749698575782 72
1694627023458 0.11563044931150637 73
1694627023499 0.1405762590785085 74
1694627023548 0.1334971851895247 75
