1694627881343 166.76725196626717 0
1694627881386 163.46286904797097 1
1694627881423 160.22442274044215 2
1694627881455 157.05058842576554 3
1694627881488 153.94006835070383 4
1694627881534 150.89159107354428 5
1694627881579 147.90391092261754 6
1694627881620 144.9758074662335 7
1694627881655 142.1060849937843 8
1694627881689 139.29357200776943 9
1694627881722 136.53712072650518 10
1694627881774 133.8356065972846 11
1694627881811 131.18792781976083 12
1694627881856 128.59300487933083 13
1694627881904 126.04978009030253 14
1694627881939 123.55721714863235 15
1694627881975 121.1143006940264 16
1694627882008 118.72003588120191 17
1694627882037 116.37344796011054 18
1694627882076 114.07358186493066 19
1694627882117 111.81950181163864 20
1694627882152 109.61029090397416 21
1694627882187 107.44505074761929 22
1694627882224 105.32290107241396 23
1694627882262 103.24297936243548 24
1694627882301 101.20444049377329 25
1694627882332 99.20645637983347 26
1694627882364 97.24821562401233 27
1694627882394 95.32892317958097 28
1694627882425 93.44780001662633 29
1694627882463 91.60408279589892 30
1694627882502 89.79702354941878 31
1694627882553 88.02764709270924 32
1694627882644 86.29339280128242 33
1694627882703 84.59356048325948 34
1694627882757 82.92746396969574 35
1694627882820 81.29443083190621 36
1694627882859 79.69380210454983 37
1694627882899 78.12493201435257 38
1694627882943 76.58718771435282 39
1694627883002 75.0799490235548 40
1694627883043 73.60260817187778 41
1694627883087 72.15674649753737 42
1694627883154 70.7395292218323 43
1694627883218 69.35038636815177 44
1694627883252 67.9887593457408 45
1694627883285 66.65410072113106 46
1694627883323 65.34587399419563 47
1694627883359 64.06355337873275 48
1694627883401 62.80662358748602 49
1694627883452 61.57457962150987 50
1694627883492 60.366926563791836 51
1694627883555 59.18317937704432 52
1694627883595 58.02286270558058 53
1694627883642 56.885510681191604 54
1694627883685 55.77066673294203 55
1694627883725 54.67788340080522 56
1694627883762 53.60672215305897 57
1694627883796 52.55675320736525 58
1694627883837 51.52755535545881 59
1694627883885 50.51871579137102 60
1694627883918 49.52982994311694 61
1694627883955 48.56050130777511 62
1694627883990 47.61034128989094 63
1694627884023 46.678969043135936 64
1694627884060 45.76601131515661 65
1694627884096 44.87110229554831 66
1694627884135 43.993883466890104 67
1694627884172 43.13400345877877 68
1694627884224 42.29111790480083 69
1694627884259 41.464889302382865 70
1694627884317 40.654986875461944 71
1694627884355 39.861086439918424 72
1694627884391 39.08287027171563 73
1694627884429 38.32002697769095 74
1694627884464 37.57225136894502 75
1694627884508 36.839244336776 76
1694627884542 36.12071273110746 77
1694627884581 35.41636924135943 78
1694627884613 34.72593227971291 79
1694627884646 34.04912586671958 80
1694627884685 33.38567951920907 81
1694627884726 32.73532814044737 82
1694627884774 32.09781191250075 83
1694627884808 31.47287619076066 84
1694627884844 30.86027140058576 85
1694627884881 30.259752936018486 86
1694627884922 29.671081060533957 87
1694627884959 29.09402080978038 88
1694627884996 28.52834189627049 89
1694627885030 27.973818615984857 90
1694627885073 27.430229756848217 91
1694627885111 26.897358509041183 92
1694627885145 26.374992377110154 93
1694627885178 25.862923093839246 94
1694627885207 25.36094653584858 95
1694627885244 24.868862640884167 96
1694627885286 24.38647532676538 97
1694627885334 23.913592411956266 98
1694627885377 23.45002553772831 99
1694627885409 22.995590091882445 100
1694627885443 22.550105133998745 101
1694627885494 22.11339332218333 102
1694627885529 21.685280841281987 103
1694627885563 21.26559733253123 104
1694627885608 20.8541758246177 105
1694627885652 20.450852666117648 106
1694627885694 20.055467459288675 107
1694627885741 19.667862995186454 108
1694627885787 19.28788519007997 109
1694627885822 18.91538302313893 110
1694627885862 18.550208475367928 111
1694627885901 18.19221646976217 112
1694627885938 17.841264812660263 113
1694627885977 17.49721413627006 114
1694627886013 17.1599278423438 115
1694627886053 16.829272046979693 116
1694627886096 16.505115526527067 117
1694627886140 16.187329664573156 118
1694627886187 15.87578839998956 119
1694627886226 15.570368176017299 120
1694627886276 15.270947890369479 121
1694627886318 14.977408846331173 122
1694627886359 14.689634704836557 123
1694627886393 14.407511437503612 124
1694627886425 14.130927280607134 125
1694627886459 13.85977268997146 126
1694627886496 13.59394029676409 127
1694627886534 13.333324864172504 128
1694627886571 13.077823244946188 129
1694627886606 12.827334339786656 130
1694627886644 12.581759056568448 131
1694627886679 12.341000270374396 132
1694627886718 12.104962784328901 133
1694627886760 11.873553291213147 134
1694627886802 11.646680335846678 135
1694627886837 11.424254278219879 136
1694627886878 11.206187257362396 137
1694627886908 10.992393155932737 138
1694627886941 10.782787565514546 139
1694627886975 10.577287752605498 140
1694627887007 10.375812625284823 141
1694627887037 10.178282700546033 142
1694627887084 9.984620072281322 143
1694627887127 9.79474837990482 144
1694627887159 9.608592777601684 145
1694627887193 9.426079904190745 146
1694627887227 9.24713785358819 147
1694627887275 9.071696145860432 148
1694627887317 8.899685698854286 149
1694627887351 8.731038800392922 150
1694627887396 8.565689081026301 151
1694627887427 8.403571487324962 152
1694627887456 8.24462225570633 153
1694627887487 8.088778886782865 154
1694627887521 7.9359801202216 155
1694627887551 7.786165910104955 156
1694627887589 7.639277400782632 157
1694627887621 7.495256903204896 158
1694627887654 7.354047871727619 159
1694627887691 7.2155948813795625 160
1694627887725 7.079843605582741 161
1694627887773 6.94674079431684 162
1694627887845 6.816234252718695 163
1694627887886 6.688272820108241 164
1694627887935 6.562806349432384 165
1694627887975 6.439785687118429 166
1694627888024 6.319162653328925 167
1694627888067 6.200890022609833 168
1694627888109 6.084921504924218 169
1694627888156 5.9712117270637775 170
1694627888193 5.859716214430641 171
1694627888238 5.75039137318198 172
1694627888277 5.643194472730318 173
1694627888318 5.538083628592334 174
1694627888357 5.435017785579238 175
1694627888391 5.333956701321885 176
1694627888420 5.234860930123971 177
1694627888455 5.137691807136765 178
1694627888492 5.042411432848883 179
1694627888522 4.948982657884946 180
1694627888559 4.857369068106832 181
1694627888591 4.767534970011576 182
1694627888626 4.6794453764199275 183
1694627888660 4.593065992449833 184
1694627888695 4.508363201769093 185
1694627888729 4.4253040531216925 186
1694627888766 4.343856247122274 187
1694627888802 4.263988123313458 188
1694627888835 4.185668647480752 189
1694627888873 4.108867399219894 190
1694627888925 4.033554559751613 191
1694627888969 3.9597008999788916 192
1694627889032 3.8872777687818214 193
1694627889106 3.816257081545423 194
1694627889158 3.746611308915677 195
1694627889208 3.678313465779298 196
1694627889257 3.6113371004627326 197
1694627889301 3.5456562841460473 198
1694627889352 3.481245600487419 199
1694627889396 3.418080135454006 200
1694627889441 3.3561354673550965 201
1694627889487 3.2953876570735305 202
1694627889534 3.235813238491391 203
1694627889578 3.177389209106156 204
1694627889630 3.120093020833436 205
1694627889679 3.06390257099267 206
1694627889723 3.0087961934720497 207
1694627889780 2.9547526500691617 208
1694627889835 2.901751122003805 209
1694627889885 2.8497712015995975 210
1694627889923 2.7987928841309464 211
1694627889961 2.748796559832149 212
1694627890000 2.6997630060653717 213
1694627890029 2.651673379644312 214
1694627890061 2.6045092093105042 215
1694627890091 2.558252388359161 216
1694627890126 2.5128851674116297 217
1694627890159 2.4683901473314975 218
1694627890193 2.4247502722815204 219
1694627890238 2.3819488229185604 220
1694627890273 2.3399694097237442 221
1694627890318 2.298795966465236 222
1694627890360 2.258412743790882 223
1694627890414 2.2188043029482247 224
1694627890452 2.1799555096293015 225
1694627890496 2.1418515279377557 226
1694627890548 2.10447781447584 227
1694627890600 2.067820112548905 228
1694627890639 2.0318644464850393 229
1694627890673 1.9965971160675602 230
1694627890711 1.9620046910781512 231
1694627890755 1.9280740059483759 232
1694627890801 1.8947921545174684 233
1694627890840 1.8621464848942637 234
1694627890879 1.830124594421172 235
1694627890919 1.7987143247382131 236
1694627890961 1.7679037569450828 237
1694627891005 1.73768120685932 238
1694627891046 1.7080352203686375 239
1694627891090 1.6789545688755816 240
1694627891139 1.650428244832646 241
1694627891184 1.6224454573660614 242
1694627891228 1.5949956279864825 243
1694627891270 1.568068386384857 244
1694627891313 1.5416535663117779 245
1694627891355 1.5157412015386444 246
1694627891411 1.4903215218990316 247
1694627891446 1.4653849494086404 248
1694627891493 1.4409220944622867 249
1694627891528 1.4169237521063973 250
1694627891567 1.3933808983854954 251
1694627891611 1.3702846867612144 252
1694627891646 1.3476264446024069 253
1694627891685 1.3253976697449004 254
1694627891727 1.3035900271195597 255
1694627891763 1.282195345447267 256
1694627891811 1.2612056139994976 257
1694627891854 1.2406129794231846 258
1694627891893 1.2204097426285958 259
1694627891938 1.2005883557389743 260
1694627891977 1.1811414191007006 261
1694627892011 1.1620616783527902 262
1694627892054 1.143342021554539 263
1694627892095 1.1249754763701463 264
1694627892145 1.106955207309222 265
1694627892191 1.0892745130220083 266
1694627892253 1.0719268236482862 267
1694627892320 1.054905698218868 268
1694627892369 1.038204822108621 269
1694627892413 1.0218180045400314 270
1694627892470 1.0057391761362864 271
1694627892519 0.9899623865228675 272
1694627892555 0.9744818019767372 273
1694627892618 0.959291703122135 274
1694627892659 0.9443864826720715 275
1694627892693 0.9297606432146066 276
1694627892728 0.915408795043036 277
1694627892762 0.9013256540290907 278
1694627892792 0.8875060395383125 279
1694627892823 0.8739448723867675 280
1694627892854 0.8606371728382521 281
1694627892884 0.8475780586412179 282
1694627892917 0.8347627431046183 283
1694627892951 0.8221865332118807 284
1694627892991 0.8098448277722781 285
1694627893025 0.7977331156089357 286
1694627893059 0.7858469737827573 287
1694627893094 0.7741820658515487 288
1694627893130 0.7627341401636375 289
1694627893169 0.7514990281853242 290
1694627893209 0.740472642861453 291
1694627893245 0.7296509770084986 292
1694627893280 0.7190301017394665 293
1694627893318 0.7086061649200119 294
1694627893353 0.6983753896551511 295
1694627893390 0.688334072805946 296
1694627893434 0.6784785835355697 297
1694627893469 0.6688053618841893 298
1694627893521 0.6593109173720592 299
1694627893554 0.649991827630294 300
1694627893589 0.6408447370587566 301
1694627893625 0.6318663555105264 302
1694627893661 0.6230534570024254 303
1694627893697 0.6144028784510676 304
1694627893773 0.6059115184339507 305
1694627893828 0.5975763359750638 306
1694627893873 0.589394349354556 307
1694627893910 0.5813626349419564 308
1694627893952 0.5734783260525005 309
1694627893992 0.5657386118260974 310
1694627894026 0.5581407361284799 311
1694627894060 0.5506819964741189 312
1694627894095 0.5433597429704372 313
1694627894130 0.5361713772829387 314
1694627894162 0.5291143516207955 315
1694627894192 0.5221861677425311 316
1694627894225 0.5153843759813629 317
1694627894255 0.5087065742898356 318
1694627894288 0.5021504073033616 319
1694627894325 0.4957135654222739 320
1694627894354 0.4893937839120551 321
1694627894385 0.48318884202134865 322
1694627894428 0.4770965621174303 323
1694627894463 0.47111480883877205 324
1694627894505 0.46524148826436434 325
1694627894546 0.45947454709947194 326
1694627894583 0.4538119718774799 327
1694627894626 0.44825178817753897 328
1694627894662 0.442792059857665 329
1694627894702 0.4374308883030053 330
1694627894742 0.43216641168896563 331
1694627894780 0.42699680425890946 332
1694627894831 0.42192027561612605 333
1694627894864 0.41693507002979346 334
1694627894896 0.4120394657546705 335
1694627894934 0.4072317743642147 336
1694627894969 0.4025103400968925 337
1694627895006 0.39787353921540125 338
1694627895052 0.3933197793785449 339
1694627895086 0.3888474990255377 340
1694627895133 0.38445516677244446 341
1694627895174 0.3801412808205712 342
1694627895213 0.3759043683765169 343
1694627895263 0.3717429850836942 344
1694627895304 0.36765571446507417 345
1694627895342 0.3636411673769309 346
1694627895387 0.35969798147337617 347
1694627895421 0.3558248206814646 348
1694627895459 0.3520203746866624 349
1694627895503 0.3482833584284713 350
1694627895537 0.3446125116060129 351
1694627895569 0.3410065981933664 352
1694627895602 0.33746440596447463 353
1694627895643 0.3339847460274245 354
1694627895679 0.3305664523679153 355
1694627895719 0.32720838140174047 356
1694627895769 0.32390941153609243 357
1694627895809 0.3206684427395234 358
1694627895844 0.31748439612039026 359
1694627895877 0.3143562135136114 360
1694627895953 0.31128285707557896 361
1694627896007 0.30826330888705017 362
1694627896045 0.30529657056387777 363
1694627896086 0.3023816628754122 364
1694627896123 0.2995176253704219 365
1694627896163 0.29670351601039946 366
1694627896197 0.29393841081007954 367
1694627896230 0.29122140348505987 368
1694627896265 0.288551605106348 369
1694627896303 0.28592814376173015 370
1694627896337 0.2833501642238045 371
1694627896378 0.28081682762455484 372
1694627896420 0.2783273111363369 373
1694627896460 0.27588080765914724 374
1694627896502 0.27347652551405105 375
1694627896540 0.2711136881426467 376
1694627896576 0.2687915338124519 377
1694627896605 0.26650931532808114 378
1694627896639 0.2642662997481219 379
1694627896677 0.2620617681075715 380
1694627896711 0.2598950151457455 381
1694627896746 0.25776534903953663 382
1694627896787 0.25567209114192485 383
1694627896824 0.25361457572562934 384
1694627896855 0.2515921497318069 385
1694627896892 0.2496041725236917 386
1694627896935 0.2476500156450809 387
1694627896993 0.24572906258357088 388
1694627897096 0.24384070853844786 389
1694627897193 0.2419843601931442 390
1694627897254 0.24015943549216343 391
1694627897308 0.23836536342239634 392
1694627897352 0.2366015837987314 393
1694627897404 0.23486754705387736 394
1694627897441 0.23316271403232186 395
1694627897509 0.23148655578832752 396
1694627897553 0.22983855338790732 397
1694627897595 0.2282181977146837 398
1694627897640 0.22662498927956076 399
1694627897679 0.22505843803413375 400
1694627897718 0.22351806318776463 401
1694627897753 0.2220033930282461 402
1694627897790 0.22051396474598745 403
1694627897825 0.2190493242616481 404
1694627897862 0.21760902605715884 405
1694627897897 0.21619263301005354 406
1694627897928 0.21479971623105198 407
1694627897963 0.21342985490483005 408
1694627898006 0.21208263613391187 409
1694627898039 0.2107576547856239 410
1694627898074 0.20945451334204804 411
1694627898110 0.20817282175291832 412
1694627898144 0.20691219729139848 413
1694627898177 0.20567226441268835 414
1694627898214 0.20445265461539958 415
1694627898253 0.20325300630564797 416
1694627898296 0.20207296466380537 417
1694627898338 0.20091218151386656 418
1694627898377 0.19977031519537033 419
1694627898407 0.19864703043782664 420
1694627898439 0.19754199823760896 421
1694627898473 0.19645489573724875 422
1694627898517 0.19538540610709546 423
1694627898555 0.19433321842929266 424
1694627898593 0.19329802758402345 425
1694627898629 0.1922795341379795 426
1694627898671 0.19127744423501333 427
1694627898708 0.19029146948892728 428
1694627898745 0.18932132687835881 429
1694627898797 0.18836673864372105 430
1694627898838 0.18742743218615704 431
1694627898889 0.18650313996846693 432
1694627898923 0.18559359941797537 433
1694627898956 0.1846985528312883 434
1694627898992 0.18381774728091865 435
1694627899027 0.1829509345237266 436
1694627899067 0.1820978709111552 437
1694627899119 0.1812583173012123 438
1694627899157 0.1804320389721728 439
1694627899191 0.179618805537963 440
1694627899228 0.1788183908651972 441
1694627899276 0.17803057299183078 442
1694627899314 0.1772551340474026 443
1694627899347 0.1764918601748248 444
1694627899379 0.17574054145370863 445
1694627899418 0.17500097182517252 446
1694627899451 0.17427294901812354 447
1694627899488 0.17355627447696995 448
1694627899523 0.17285075329074442 449
1694627899560 0.17215619412360736 450
1694627899611 0.17147240914670034 451
1694627899660 0.17079921397132708 452
1694627899727 0.17013642758343647 453
1694627899770 0.16948387227937997 454
1694627899825 0.16884137360291285 455
1694627899868 0.16820876028342954 456
1694627899919 0.16758586417539262 457
1694627899952 0.1669725201989436 458
1694627899987 0.16636856628166224 459
1694627900029 0.16577384330146439 460
1694627900061 0.16518819503060317 461
1694627900091 0.16461146808076252 462
1694627900161 0.16404351184920993 463
1694627900208 0.16348417846600113 464
1694627900256 0.16293332274220573 465
1694627900297 0.16239080211913856 466
1694627900339 0.16185647661857366 467
1694627900379 0.161330208793926 468
1694627900419 0.1608118636823784 469
1694627900453 0.1603013087579361 470
1694627900489 0.15979841388539082 471
1694627900529 0.1593030512751786 472
1694627900569 0.1588150954391084 473
1694627900614 0.15833442314694957 474
1694627900647 0.15786091338385944 475
1694627900684 0.15739444730863625 476
1694627900726 0.15693490821277595 477
1694627900765 0.156482181480325 478
1694627900802 0.15603615454850503 479
1694627900843 0.15559671686910173 480
1694627900889 0.15516375987060055 481
1694627900924 0.15473717692104874 482
1694627900962 0.15431686329164115 483
1694627901005 0.1539027161210042 484
1694627901045 0.15349463438017083 485
1694627901090 0.1530925188382319 486
1694627901169 0.15269627202864974 487
1694627901231 0.152305798216219 488
1694627901273 0.15192100336466943 489
1694627901310 0.15154179510488794 490
1694627901355 0.15116808270375529 491
1694627901393 0.1507997770335827 492
1694627901430 0.1504367905421367 493
1694627901470 0.15007903722324098 494
1694627901519 0.14972643258794385 495
1694627901552 0.14937889363624063 496
1694627901580 0.14903633882933984 497
1694627901618 0.14869868806246037 498
1694627901655 0.14836586263815513 499
1694627901687 0.14803778524014413 500
1694627901721 0.1477143799076506 501
1694627901754 0.14739557201023057 502
1694627901789 0.1470812882230861 503
1694627901820 0.14677145650284915 504
1694627901853 0.14646600606383237 505
1694627901885 0.1461648673547357 506
1694627901917 0.14586797203579585 507
1694627901951 0.14557525295637755 508
1694627901979 0.1452866441329906 509
1694627902012 0.1450020807277311 510
1694627902061 0.14472149902713016 511
1694627902097 0.14444483642141415 512
1694627902142 0.14417203138415421 513
1694627902178 0.14390302345230946 514
1694627902208 0.143637753206651 515
1694627902243 0.14337616225255737 516
1694627902283 0.143118193201179 517
1694627902332 0.1428637896509605 518
1694627902370 0.14261289616951722 519
1694627902406 0.14236545827585553 520
1694627902444 0.1421214224229327 521
1694627902477 0.14188073598054995 522
1694627902517 0.1416433472185697 523
1694627902551 0.141409205290453 524
1694627902590 0.14117826021711063 525
1694627902625 0.14095046287106078 526
1694627902669 0.14072576496088823 527
1694627902725 0.1405041190159994 528
1694627902766 0.14028547837166463 529
1694627902820 0.14006979715434711 530
1694627902868 0.13985703026731133 531
1694627902909 0.13964713337649803 532
1694627902945 0.13944006289667654 533
1694627902985 0.13923577597785047 534
1694627903020 0.13903423049192715 535
1694627903066 0.1388353850196374 536
1694627903134 0.13863919883770062 537
1694627903171 0.1384456319062382 538
1694627903210 0.13825464485641897 539
1694627903249 0.13806619897834188 540
1694627903292 0.13788025620914626 541
1694627903345 0.1376967791213472 542
1694627903392 0.13751573091139027 543
1694627903437 0.13733707538842174 544
1694627903495 0.137160776963273 545
1694627903535 0.13698680063764992 546
1694627903574 0.13681511199352728 547
1694627903643 0.13664567718274148 548
1694627903698 0.13647846291678084 549
1694627903740 0.13631343645676589 550
1694627903777 0.13615056560362113 551
1694627903814 0.1359898186884273 552
1694627903850 0.13583116456295757 553
1694627903893 0.13567457259039073 554
1694627903930 0.13552001263619903 555
1694627903968 0.13536745505920475 556
1694627904002 0.13521687070280747 557
1694627904038 0.135068230886373 558
1694627904078 0.13492150739678468 559
1694627904128 0.13477667248015146 560
1694627904176 0.1346336988336739 561
1694627904228 0.13449255959765932 562
1694627904269 0.1343532283476852 563
1694627904313 0.1342156790869129 564
1694627904362 0.13407988623854145 565
1694627904405 0.13394582463840177 566
1694627904452 0.13381346952769144 567
1694627904495 0.1336827965458428 568
1694627904558 0.13355378172352367 569
1694627904592 0.1334264014757679 570
1694627904638 0.13330063259523658 571
1694627904672 0.13317645224559982 572
1694627904712 0.13305383795504494 573
1694627904746 0.13293276760990336 574
1694627904786 0.13281321944839522 575
1694627904831 0.1326951720544921 576
1694627904889 0.1325786043518913 577
1694627904930 0.13246349559810094 578
1694627904969 0.13234982537863813 579
1694627905011 0.13223757360132937 580
1694627905041 0.13212672049071975 581
1694627905070 0.1320172465825838 582
1694627905112 0.13190913271853835 583
1694627905146 0.13180236004075377 584
1694627905196 0.1316969099867632 585
1694627905268 0.13159276428436664 586
1694627905324 0.13148990494662918 587
1694627905364 0.1313883142669718 588
1694627905408 0.1312879748143512 589
1694627905462 0.1311888694285281 590
1694627905522 0.13109098121542248 591
1694627905562 0.13099429354255415 592
1694627905637 0.13089879003456797 593
1694627905688 0.130804454568837 594
1694627905737 0.1307112712711514 595
1694627905783 0.1306192245114811 596
1694627905829 0.13052829889981965 597
1694627905870 0.13043847928210087 598
1694627905903 0.13034975073619204 599
1694627905937 0.1302620985679586 600
1694627905973 0.13017550830740182 601
1694627906026 0.1300899657048653 602
1694627906084 0.13000545672731217 603
1694627906144 0.12992196755466648 604
1694627906200 0.12983948457622546 605
1694627906264 0.12975799438713348 606
1694627906340 0.1296774837849209 607
1694627906404 0.12959793976610506 608
1694627906463 0.12951934952285482 609
1694627906530 0.12944170043971157 610
1694627906623 0.12936498009037267 611
1694627906699 0.12928917623453143 612
1694627906756 0.12921427681477504 613
1694627906797 0.129140269953536 614
1694627906844 0.12906714395010194 615
1694627906880 0.12899488727767577 616
1694627906971 0.12892348858049063 617
1694627907024 0.12885293667097564 618
1694627907072 0.12878322052697314 619
1694627907108 0.12871432928900534 620
1694627907143 0.12864625225759016 621
1694627907177 0.12857897889060457 622
1694627907219 0.12851249880069435 623
1694627907259 0.1284468017527331 624
1694627907294 0.12838187766132234 625
1694627907328 0.12831771658833882 626
1694627907363 0.1282543087405254 627
1694627907403 0.1281916444671237 628
1694627907446 0.12812971425754877 629
1694627907491 0.12806850873910636 630
1694627907539 0.12800801867474887 631
1694627907590 0.12794823496087274 632
1694627907623 0.12788914862515313 633
1694627907657 0.12783075082441855 634
1694627907692 0.1277730328425611 635
1694627907730 0.12771598608848564 636
1694627907768 0.1276596020940927 637
1694627907806 0.12760387251229988 638
1694627907843 0.12754878911509562 639
1694627907877 0.12749434379162658 640
1694627907910 0.12744052854632235 641
1694627907945 0.1273873354970482 642
1694627907984 0.1273347568732946 643
1694627908023 0.12728278501439472 644
1694627908061 0.1272314123677752 645
1694627908102 0.1271806314872372 646
1694627908163 0.12713043503126648 647
1694627908217 0.1270808157613745 648
1694627908263 0.12703176654046616 649
1694627908302 0.12698328033123865 650
1694627908343 0.12693535019460522 651
1694627908384 0.12688796928814794 652
1694627908422 0.1268411308645977 653
1694627908460 0.12679482827033953 654
1694627908501 0.12674905494394278 655
1694627908544 0.12670380441471943 656
1694627908575 0.12665907030130488 657
1694627908608 0.12661484631026407 658
1694627908645 0.12657112623472144 659
1694627908679 0.12652790395301505 660
1694627908711 0.1264851734273719 661
1694627908745 0.1264429287026081 662
1694627908779 0.1264011639048505 663
1694627908813 0.1263598732402804 664
1694627908845 0.12631905099389742 665
1694627908878 0.1262786915283059 666
1694627908910 0.12623878928252194 667
1694627908945 0.1261993387707997 668
1694627908977 0.12616033458147913 669
1694627909007 0.12612177137585098 670
1694627909044 0.12608364388704438 671
1694627909074 0.1260459469189289 672
1694627909109 0.12600867534504043 673
1694627909152 0.12597182410751964 674
1694627909185 0.1259353882160727 675
1694627909221 0.1258993627469483 676
1694627909269 0.12586374284192933 677
1694627909307 0.12582852370734612 678
1694627909340 0.12579370061310163 679
1694627909374 0.1257592688917171 680
1694627909408 0.1257252239373901 681
1694627909445 0.12569156120507013 682
1694627909479 0.1256582762095502 683
1694627909520 0.12562536452457163 684
1694627909557 0.12559282178194617 685
1694627909593 0.1255606436706903 686
1694627909630 0.1255288259361756 687
1694627909669 0.1254973643792923 688
1694627909705 0.12546625485562754 689
1694627909745 0.1254354932746558 690
1694627909790 0.12540507559894476 691
1694627909826 0.12537499784337203 692
1694627909863 0.12534525607435604 693
1694627909903 0.1253158464090996 694
1694627909941 0.12528676501484604 695
1694627909987 0.125258008108146 696
1694627910022 0.1252295719541386 697
1694627910068 0.12520145286584222 698
1694627910102 0.12517364720345803 699
1694627910142 0.12514615137368482 700
1694627910185 0.1251189618290449 701
1694627910223 0.12509207506722 702
1694627910272 0.1250654876303998 703
1694627910303 0.12503919610463923 704
1694627910343 0.12501319711922707 705
1694627910388 0.12498748734606582 706
1694627910420 0.12496206349905803 707
1694627910459 0.12493692233350748 708
1694627910501 0.12491206064552515 709
1694627910543 0.1248874752714488 710
1694627910586 0.12486316308726804 711
1694627910621 0.12483912100806284 712
1694627910677 0.12481534598744728 713
1694627910725 0.12479183501702357 714
1694627910777 0.1247685851258465 715
1694627910810 0.12474559337989231 716
1694627910861 0.1247228568815411 717
1694627910910 0.12470037276906264 718
1694627910960 0.12467813821611423 719
1694627910994 0.12465615043124334 720
1694627911025 0.12463440665740111 721
1694627911060 0.1246129041714602 722
1694627911095 0.12459164028374412 723
1694627911135 0.12457061233755984 724
1694627911169 0.12454981770874125 725
1694627911203 0.12452925380519735 726
1694627911238 0.12450891806646851 727
1694627911276 0.1244888079632904 728
1694627911317 0.12446892099716295 729
1694627911369 0.12444925469992751 730
1694627911408 0.12442980663335003 731
1694627911461 0.12441057438871085 732
1694627911509 0.12439155558639996 733
1694627911559 0.12437274787552048 734
1694627911595 0.1243541489334957 735
1694627911635 0.12433575646568523 736
1694627911671 0.1243175682050041 737
1694627911702 0.12429958191154891 738
1694627911741 0.124281795372231 739
1694627911778 0.12426420640041307 740
1694627911810 0.1242468128355525 741
1694627911843 0.1242296125428503 742
1694627911880 0.12421260341290483 743
1694627911912 0.12419578336137081 744
1694627911943 0.12417915032862384 745
1694627911984 0.12416270227943041 746
1694627912019 0.12414643720262199 747
1694627912048 0.1241303531107739 748
1694627912085 0.12411444803989045 749
1694627912130 0.12409872004909382 750
1694627912179 0.12408316722031729 751
1694627912219 0.12406778765800316 752
1694627912259 0.12405257948880752 753
1694627912296 0.12403754086130518 754
1694627912330 0.12402266994570195 755
1694627912359 0.12400796493355198 756
1694627912396 0.12399342403747604 757
1694627912435 0.12397904549088667 758
1694627912470 0.1239648275477166 759
1694627912506 0.12395076848215118 760
1694627912537 0.1239368665883648 761
1694627912592 0.12392312018026043 762
1694627912629 0.12390952759121465 763
1694627912684 0.12389608717382579 764
1694627912719 0.12388279729966359 765
1694627912757 0.12386965635902658 766
1694627912788 0.12385666276069987 767
1694627912823 0.12384381493171755 768
1694627912858 0.12383111131712807 769
1694627912892 0.12381855037976384 770
1694627912926 0.12380613060001454 771
1694627912959 0.12379385047560064 772
1694627912992 0.12378170852135531 773
1694627913024 0.12376970326900476 774
1694627913056 0.12375783326695432 775
1694627913087 0.12374609708007633 776
1694627913127 0.1237344932895032 777
1694627913176 0.12372302049241994 778
1694627913213 0.12371167730186264 779
1694627913253 0.12370046234651985 780
1694627913291 0.12368937427053338 781
1694627913324 0.12367841173330625 782
1694627913378 0.12366757340931088 783
1694627913425 0.1236568579879007 784
1694627913462 0.12364626417312367 785
1694627913502 0.12363579068354019 786
1694627913540 0.12362543625204139 787
1694627913575 0.12361519962567155 788
1694627913608 0.12360507956545283 789
1694627913641 0.12359507484621154 790
1694627913676 0.12358518425640794 791
1694627913710 0.12357540659796741 792
1694627913741 0.12356574068611499 793
1694627913775 0.12355618534921145 794
1694627913805 0.12354673942859236 795
1694627913839 0.12353740177840876 796
1694627913873 0.12352817126546939 797
1694627913909 0.12351904676908781 798
1694627913947 0.12351002718092856 799
1694627913991 0.12350111140485594 800
1694627914024 0.1234922983567875 801
1694627914054 0.1234835869645463 802
1694627914085 0.1234749761677171 803
1694627914119 0.12346646491750313 804
1694627914155 0.123458052176587 805
1694627914192 0.12344973691899132 806
1694627914230 0.12344151812994196 807
1694627914280 0.12343339480573393 808
1694627914325 0.123425365953597 809
1694627914368 0.12341743059156705 810
1694627914408 0.12340958774835385 811
1694627914457 0.1234018364632156 812
1694627914520 0.12339417578583182 813
1694627914572 0.1233866047761792 814
1694627914605 0.12337912250440987 815
1694627914643 0.12337172805072956 816
1694627914681 0.12336442050527896 817
1694627914720 0.1233571989680158 818
1694627914758 0.12335006254859837 819
1694627914797 0.12334301036627174 820
1694627914835 0.12333604154975314 821
1694627914869 0.12332915523712315 822
1694627914909 0.12332235057571246 823
1694627914941 0.12331562672199568 824
1694627914975 0.12330898284148258 825
1694627915025 0.12330241810861321 826
1694627915069 0.12329593170665275 827
1694627915124 0.12328952282758988 828
1694627915160 0.12328319067203343 829
1694627915209 0.12327693444911264 830
1694627915255 0.12327075337637902 831
1694627915294 0.12326464667970737 832
1694627915335 0.1232586135931998 833
1694627915374 0.12325265335909057 834
1694627915420 0.12324676522765202 835
1694627915458 0.1232409484571017 836
1694627915494 0.12323520231351125 837
1694627915529 0.12322952607071581 838
1694627915568 0.1232239190102238 839
1694627915601 0.12321838042113063 840
1694627915638 0.1232129096000306 841
1694627915671 0.12320750585093126 842
1694627915704 0.1232021684851685 843
1694627915732 0.12319689682132362 844
1694627915771 0.12319169018513972 845
1694627915805 0.12318654790944124 846
1694627915836 0.12318146933405262 847
1694627915868 0.12317645380571877 848
1694627915900 0.12317150067802728 849
1694627915934 0.12316660931133086 850
1694627915963 0.12316177907267019 851
1694627915994 0.1231570093356991 852
1694627916022 0.1231522994806094 853
1694627916051 0.12314764889405715 854
1694627916079 0.12314305696909073 855
1694627916112 0.12313852310507865 856
1694627916151 0.12313404670763813 857
1694627916193 0.12312962718856553 858
1694627916240 0.12312526396576697 859
1694627916276 0.12312095646319045 860
1694627916325 0.12311670411075791 861
1694627916362 0.1231125063442988 862
1694627916402 0.12310836260548441 863
1694627916440 0.12310427234176256 864
1694627916473 0.12310023500629347 865
1694627916510 0.12309625005788713 866
1694627916546 0.12309231696093903 867
1694627916591 0.12308843518536991 868
1694627916624 0.12308460420656435 869
1694627916659 0.12308082350530931 870
1694627916694 0.12307709256773632 871
1694627916742 0.12307341088526089 872
1694627916791 0.12306977795452564 873
1694627916822 0.12306619327734186 874
1694627916855 0.12306265636063328 875
1694627916903 0.12305916671638027 876
1694627916942 0.12305572386156353 877
1694627916972 0.12305232731811085 878
1694627917005 0.12304897661284124 879
1694627917036 0.12304567127741253 880
1694627917068 0.1230424108482686 881
1694627917117 0.12303919486658732 882
1694627917152 0.12303602287822843 883
1694627917194 0.12303289443368351 884
1694627917229 0.12302980908802495 885
1694627917275 0.12302676640085695 886
1694627917312 0.12302376593626528 887
1694627917352 0.12302080726276991 888
1694627917393 0.12301788995327675 889
1694627917435 0.12301501358502995 890
1694627917473 0.12301217773956571 891
1694627917523 0.12300938200266535 892
1694627917561 0.12300662596431032 893
1694627917605 0.12300390921863626 894
1694627917637 0.12300123136388878 895
1694627917670 0.12299859200237964 896
1694627917705 0.12299599074044255 897
1694627917741 0.12299342718839006 898
1694627917781 0.12299090096047217 899
1694627917821 0.12298841167483268 900
1694627917856 0.12298595895346844 901
1694627917895 0.12298354242218856 902
1694627917934 0.12298116171057283 903
1694627917972 0.12297881645193226 904
1694627918011 0.1229765062832691 905
1694627918052 0.12297423084523804 906
1694627918091 0.12297198978210667 907
1694627918141 0.12296978274171805 908
1694627918176 0.12296760937545227 909
1694627918218 0.12296546933818923 910
1694627918261 0.12296336228827104 911
1694627918305 0.12296128788746674 912
1694627918341 0.12295924580093474 913
1694627918385 0.122957235697188 914
1694627918428 0.12295525724805802 915
1694627918469 0.12295331012866002 916
1694627918520 0.12295139401735973 917
1694627918555 0.12294950859573685 918
1694627918611 0.12294765354855339 919
1694627918652 0.12294582856371891 920
1694627918687 0.12294403333225849 921
1694627918723 0.12294226754827996 922
1694627918759 0.12294053090894048 923
1694627918795 0.12293882311441671 924
1694627918836 0.12293714386787143 925
1694627918877 0.12293549287542362 926
1694627918925 0.12293386984611654 927
1694627918964 0.12293227449188827 928
1694627919003 0.12293070652754154 929
1694627919040 0.12292916567071278 930
1694627919075 0.12292765164184404 931
1694627919113 0.12292616416415295 932
1694627919153 0.12292470296360489 933
1694627919191 0.12292326776888318 934
1694627919229 0.1229218583113621 935
1694627919271 0.12292047432507848 936
1694627919312 0.12291911554670427 937
1694627919346 0.12291778171551962 938
1694627919385 0.12291647257338492 939
1694627919415 0.12291518786471604 940
1694627919447 0.12291392733645608 941
1694627919475 0.12291269073805036 942
1694627919513 0.12291147782142035 943
1694627919556 0.12291028834093871 944
1694627919592 0.12290912205340374 945
1694627919646 0.12290797871801393 946
1694627919687 0.12290685809634383 947
1694627919724 0.12290575995232034 948
1694627919761 0.12290468405219786 949
1694627919813 0.12290363016453437 950
1694627919878 0.12290259806016783 951
1694627919946 0.12290158751219399 952
1694627919993 0.12290059829594167 953
1694627920035 0.12289963018895093 954
1694627920073 0.1228986829709509 955
1694627920126 0.12289775642383612 956
1694627920161 0.12289685033164588 957
1694627920198 0.12289596448054171 958
1694627920237 0.12289509865878606 959
1694627920273 0.12289425265672095 960
1694627920310 0.12289342626674542 961
