1694635056614 182.06204607020607 0
1694635056648 175.9029990761933 1
1694635056680 172.18655190793902 2
1694635056706 172.52445503123008 3
1694635056738 165.48103227406833 4
1694635056773 163.18537250619974 5
1694635056809 160.1652511309315 6
1694635056843 156.12752089225572 7
1694635056884 150.31954868115005 8
1694635056920 149.54273358927978 9
1694635056952 143.63114988192953 10
1694635056984 141.3291398451252 11
1694635057016 138.1324060177206 12
1694635057050 134.59872688942667 13
1694635057083 129.73932012146508 14
1694635057114 131.99679683114957 15
1694635057147 127.51764854942475 16
1694635057178 124.20238280286753 17
1694635057212 120.54001160969602 18
1694635057244 118.72396569878751 19
1694635057277 116.87235938010677 20
1694635057308 112.529256752417 21
1694635057338 110.82265403934085 22
1694635057370 109.93658042021681 23
1694635057402 106.24160111066004 24
1694635057434 103.34968080925343 25
1694635057468 102.01709979561785 26
1694635057503 98.51364360170274 27
1694635057535 97.67975859619314 28
1694635057568 96.9572647287372 29
1694635057598 93.84492820299837 30
1694635057628 91.57195933499544 31
1694635057661 91.15867346287028 32
1694635057696 88.74572694379265 33
1694635057730 85.67733421456812 34
1694635057766 83.47065877722669 35
1694635057798 82.09495012969847 36
1694635057839 80.17399794220646 37
1694635057870 78.31516947228175 38
1694635057901 75.79832875316013 39
1694635057934 76.11684788999817 40
1694635057966 72.87611367222965 41
1694635057998 71.47090446149375 42
1694635058030 70.47920312760242 43
1694635058066 70.51218795271639 44
1694635058099 67.37407884402498 45
1694635058134 65.16030330098643 46
1694635058169 63.34316928643456 47
1694635058202 63.75730797656169 48
1694635058236 63.073956468318855 49
1694635058268 60.99876842137793 50
1694635058300 58.903919985300455 51
1694635058331 57.08061051708949 52
1694635058363 55.8833599524757 53
1694635058397 54.72598356352996 54
1694635058430 54.271018157163084 55
1694635058464 53.29598065724838 56
1694635058503 51.01748118665964 57
1694635058535 50.69716275333426 58
1694635058568 49.16488139076412 59
1694635058601 49.606221132549784 60
1694635058635 47.97982846362203 61
1694635058669 46.96904988756195 62
1694635058704 45.63252639299749 63
1694635058736 44.00434271546654 64
1694635058771 43.22621889697215 65
1694635058805 42.76890172439 66
1694635058837 41.680403400050054 67
1694635058868 40.67883093581222 68
1694635058903 39.414474203812674 69
1694635058937 38.89818899922493 70
1694635058973 38.06563393515129 71
1694635059006 36.96845946591723 72
1694635059040 36.51797046152471 73
1694635059073 35.30330691088238 74
1694635059105 34.76526123988927 75
1694635059137 34.232021519689255 76
1694635059172 32.84831376513121 77
1694635059206 32.87292361144204 78
1694635059238 31.766170130808515 79
1694635059271 31.22697065369983 80
1694635059303 30.581618271523624 81
1694635059333 29.93623752851322 82
1694635059367 29.414537819458562 83
1694635059399 28.071520849338157 84
1694635059429 28.05854829914383 85
1694635059461 27.532022909393227 86
1694635059494 27.50377094304333 87
1694635059528 26.51929452561661 88
1694635059563 25.425294410581746 89
1694635059596 25.2230276322139 90
1694635059629 24.62896694766057 91
1694635059662 24.07610415867775 92
1694635059694 23.542292433463867 93
1694635059728 23.045430759161295 94
1694635059763 22.677962708975485 95
1694635059799 21.970565758014185 96
1694635059833 21.589680635017444 97
1694635059866 21.419945758419342 98
1694635059899 20.202252800995186 99
1694635059933 19.831305178642385 100
1694635059967 19.544648160335534 101
1694635059999 19.23966047164414 102
1694635060030 18.842896285941446 103
1694635060063 18.608866257925357 104
1694635060094 18.1110403500691 105
1694635060127 17.93156205238139 106
1694635060162 17.15092947528244 107
1694635060194 16.739685085637124 108
1694635060226 16.839141972550426 109
1694635060258 16.182104030409995 110
1694635060292 16.076739154448013 111
1694635060328 15.67814658817538 112
1694635060360 15.249264995717828 113
1694635060394 14.739513381565 114
1694635060429 14.599634064930422 115
1694635060461 13.84981032152025 116
1694635060497 13.863797100376559 117
1694635060529 13.579557585629768 118
1694635060560 12.935213014817556 119
1694635060592 12.699224250215892 120
1694635060622 12.849213041021619 121
1694635060656 12.236790581241488 122
1694635060689 12.246342950525397 123
1694635060722 11.894606642235392 124
1694635060758 11.76117825257851 125
1694635060789 11.438635686801456 126
1694635060822 11.271945272775309 127
1694635060856 11.000598208403797 128
1694635060889 10.942035803306096 129
1694635060927 10.469999852379953 130
1694635060960 9.876206367596765 131
1694635060993 10.029946003746062 132
1694635061029 9.925650597088362 133
1694635061062 9.615350508278196 134
1694635061097 9.364748967870248 135
1694635061130 9.168145437193532 136
1694635061165 8.947589838790263 137
1694635061200 8.778291831386145 138
1694635061233 8.692580964483684 139
1694635061266 8.268830645287949 140
1694635061298 8.003566856424102 141
1694635061331 8.142010293899276 142
1694635061364 8.063911179063663 143
1694635061397 7.860851131391098 144
1694635061429 7.399525370012576 145
1694635061458 7.403988061948692 146
1694635061490 7.195418411965559 147
1694635061525 7.029044588356676 148
1694635061556 7.017736078498438 149
1694635061587 6.798434423202623 150
1694635061621 6.5249209566717905 151
1694635061652 6.341130515739346 152
1694635061687 6.488989845902737 153
1694635061719 6.181121006484831 154
1694635061752 5.984530819326362 155
1694635061787 5.935298753357606 156
1694635061822 5.801827075207609 157
1694635061855 5.73881807229798 158
1694635061886 5.553865810420558 159
1694635061921 5.445255290915633 160
1694635061950 5.1948822167962785 161
1694635061983 5.214947944262353 162
1694635062016 5.153313229812831 163
1694635062050 4.857552341700515 164
1694635062083 4.855179108829143 165
1694635062115 4.691805082225664 166
1694635062148 4.672498289707159 167
1694635062182 4.567803955245604 168
1694635062213 4.532697082523506 169
1694635062244 4.343639037729071 170
1694635062276 4.362412717654468 171
1694635062307 4.175207199287076 172
1694635062338 4.1838730644801085 173
1694635062373 4.084649849256224 174
1694635062406 4.044471534531319 175
1694635062440 3.8796251917434295 176
1694635062473 3.7190835919629404 177
1694635062506 3.653956420674425 178
1694635062539 3.5286700987151804 179
1694635062571 3.5113625193871836 180
1694635062603 3.5229840704938 181
1694635062640 3.4591652413665597 182
1694635062675 3.3614496361561708 183
1694635062709 3.2102707532975483 184
1694635062743 3.2351070646487297 185
1694635062776 3.1893318337485796 186
1694635062806 3.0206827394946765 187
1694635062839 3.0009224723892856 188
1694635062870 3.050210238078465 189
1694635062904 2.8220719133163543 190
1694635062936 2.8446958093938193 191
1694635062971 2.8160379982054584 192
1694635063005 2.7285488148554786 193
1694635063040 2.5432018716116613 194
1694635063074 2.580972411566797 195
1694635063106 2.5503720897370905 196
1694635063137 2.500083354968303 197
1694635063171 2.399007448910885 198
1694635063204 2.353029003018264 199
1694635063237 2.310465774158965 200
1694635063270 2.2619410533704545 201
1694635063306 2.360308196495751 202
1694635063337 2.1249440186726676 203
1694635063369 2.2211751247420213 204
1694635063400 2.140451996830644 205
1694635063431 2.0383542676011026 206
1694635063464 1.9873400718423013 207
1694635063497 1.9565511687494106 208
1694635063530 1.9698051933417022 209
1694635063564 1.8749735469781124 210
1694635063596 1.877426370218608 211
1694635063630 1.852726457415506 212
1694635063664 1.8402568347247106 213
1694635063698 1.7259872558356408 214
1694635063729 1.6995037298595352 215
1694635063762 1.6003300911779537 216
1694635063796 1.6115311030470805 217
1694635063828 1.5723231688575237 218
1694635063859 1.5002917398185756 219
1694635063894 1.558045234053562 220
1694635063928 1.4820244475094821 221
1694635063960 1.4692669902032442 222
1694635063993 1.4889119556749117 223
1694635064030 1.3599212746011684 224
1694635064066 1.3756049894003328 225
1694635064102 1.3035101894864978 226
1694635064139 1.3143704873155695 227
1694635064175 1.2002238208934755 228
1694635064209 1.2890856242455886 229
1694635064241 1.2304149216015545 230
1694635064275 1.1783151894787784 231
1694635064310 1.188282986540239 232
1694635064345 1.1829135411001457 233
1694635064381 1.0995960251901127 234
1694635064415 1.1156880317196258 235
1694635064449 1.0967514114837085 236
1694635064482 1.1338072799583563 237
1694635064515 1.1102707640805016 238
1694635064548 0.9867359634102515 239
1694635064579 0.930709873586758 240
1694635064611 1.0649679342691711 241
1694635064646 0.9428370421854931 242
1694635064679 0.9833739854294555 243
1694635064713 0.9265228003947317 244
1694635064747 0.908068873583521 245
1694635064780 0.8235828809640796 246
1694635064814 0.9119331961466361 247
1694635064849 0.8774654752428795 248
1694635064881 0.833831137922257 249
1694635064916 0.823555932806173 250
1694635064949 0.7999688906291968 251
1694635064982 0.7726721107280223 252
1694635065016 0.7773102559837588 253
1694635065049 0.8199935663252715 254
1694635065081 0.7946961738604117 255
1694635065113 0.7767438994406686 256
1694635065148 0.7777173500435292 257
1694635065182 0.7002425062577448 258
1694635065216 0.7220553507641355 259
1694635065249 0.654047409875843 260
1694635065282 0.649964938553936 261
1694635065315 0.6552544344134728 262
1694635065346 0.666157388265466 263
1694635065379 0.6280218188206517 264
1694635065412 0.6272468436006235 265
1694635065444 0.5944248570258301 266
1694635065476 0.6003437302712794 267
1694635065514 0.6100884323113221 268
1694635065550 0.5628714299784592 269
1694635065582 0.6225907431497002 270
1694635065614 0.560158467400533 271
1694635065646 0.5601137894817191 272
1694635065680 0.5466143326037997 273
1694635065710 0.5341804475144705 274
1694635065742 0.5501412639509481 275
1694635065778 0.4930028352062381 276
1694635065819 0.5260061793641773 277
1694635065852 0.4762400244456879 278
1694635065886 0.4754224811695872 279
1694635065921 0.4597450907839569 280
1694635065953 0.447415211400548 281
1694635065986 0.4457533152381851 282
1694635066019 0.4608198181307021 283
1694635066054 0.4557616045174293 284
1694635066086 0.4488298151004496 285
1694635066118 0.4329321999562575 286
1694635066154 0.4225620181277098 287
1694635066187 0.41839186019309926 288
1694635066220 0.39031647884681636 289
1694635066254 0.3889120114536203 290
1694635066287 0.37684060473557385 291
1694635066320 0.4126794203564798 292
1694635066351 0.41730754231618705 293
1694635066384 0.3926874916803409 294
1694635066416 0.3578217617191044 295
1694635066448 0.3782021203342381 296
1694635066484 0.3456195837794852 297
1694635066518 0.33899277399155325 298
1694635066551 0.33024979446934644 299
1694635066581 0.3341093700928591 300
1694635066613 0.35929868067519927 301
1694635066646 0.3059903580916142 302
1694635066680 0.34579144755575336 303
1694635066717 0.3019021686262903 304
1694635066751 0.296504014814005 305
1694635066783 0.30427633757749745 306
1694635066817 0.32509928229246715 307
1694635066852 0.3105022152877681 308
1694635066885 0.2740065662601766 309
1694635066917 0.2872037835882059 310
1694635066948 0.30520022784140294 311
1694635066980 0.28745323914140164 312
1694635067012 0.26787264770108044 313
1694635067047 0.30559493270748733 314
1694635067080 0.27818312911287923 315
1694635067113 0.30000405333164026 316
1694635067147 0.26712962471978835 317
1694635067180 0.2513943201124183 318
1694635067215 0.26398414446814167 319
1694635067247 0.25645501441358465 320
1694635067278 0.25448842468639216 321
1694635067309 0.25846278445595944 322
1694635067341 0.2677952831737063 323
1694635067373 0.2433360482064971 324
1694635067408 0.24929368510785385 325
1694635067442 0.21639887157242393 326
1694635067474 0.20920289584786048 327
1694635067506 0.2508814707580823 328
1694635067538 0.24470376719503795 329
1694635067570 0.23179097639847812 330
1694635067603 0.23762347730135472 331
1694635067636 0.24405049614711663 332
1694635067672 0.2502174167180444 333
1694635067707 0.2126591572915287 334
1694635067742 0.2351805427878363 335
1694635067778 0.19759341227278512 336
1694635067812 0.19508976160497735 337
1694635067846 0.19724471203158359 338
1694635067879 0.21646606608255434 339
1694635067913 0.1778988143657807 340
1694635067950 0.20655068821358835 341
1694635067981 0.21761210519498564 342
1694635068015 0.1993971227552895 343
1694635068049 0.20637425660825323 344
1694635068080 0.1857368870758623 345
1694635068113 0.2013926232630047 346
1694635068144 0.20037590338848218 347
1694635068175 0.19238169121599696 348
1694635068207 0.16454208462074474 349
1694635068240 0.18660722200311364 350
1694635068272 0.15256044152970025 351
1694635068309 0.1975983164514067 352
1694635068342 0.18130846373425868 353
1694635068373 0.18054170716471604 354
1694635068406 0.1726192982695773 355
1694635068439 0.15372201291297471 356
1694635068473 0.1550269481254029 357
1694635068507 0.15396802176348165 358
1694635068539 0.15459077233509175 359
1694635068574 0.14421576356411833 360
1694635068609 0.16898745503332133 361
1694635068644 0.13102342015830343 362
1694635068679 0.17253450028781694 363
1694635068713 0.15433460253801753 364
1694635068744 0.15860383143091195 365
1694635068777 0.13849854435307435 366
1694635068812 0.15484589144520414 367
1694635068844 0.14184726087561464 368
1694635068880 0.16937650798144643 369
1694635068914 0.16337804632918104 370
1694635068946 0.1490904708517396 371
1694635068978 0.17615473272458892 372
1694635069011 0.1680330993248294 373
1694635069042 0.15823913743337523 374
1694635069074 0.13697536523860898 375
1694635069107 0.13361921424092374 376
1694635069140 0.17379733451475818 377
1694635069173 0.15870923927253036 378
1694635069206 0.15969589218567118 379
1694635069238 0.16322767794584914 380
1694635069272 0.13152954229131406 381
1694635069306 0.13746435583551853 382
1694635069341 0.132609685933888 383
1694635069375 0.13794184754065292 384
1694635069407 0.1254800016259779 385
1694635069438 0.13468613171780416 386
1694635069471 0.12222178550749664 387
1694635069505 0.13331943731150858 388
1694635069537 0.13586857574844635 389
1694635069572 0.1647029017899126 390
1694635069602 0.13581807270042454 391
1694635069634 0.12187002236873731 392
1694635069667 0.1339895821362581 393
1694635069701 0.15455437977053987 394
1694635069733 0.1260871683522265 395
1694635069766 0.12598404933327592 396
1694635069797 0.1754582728307463 397
1694635069828 0.13798267487961768 398
1694635069862 0.13874382310954803 399
1694635069895 0.13567145879700512 400
1694635069924 0.13000131072192528 401
1694635069957 0.1582473027558526 402
1694635069988 0.13288006166022331 403
1694635070015 0.13416161978338784 404
1694635070047 0.12933351637796084 405
1694635070079 0.13284244423123578 406
1694635070107 0.10292292217806487 407
1694635070141 0.12250745025638538 408
1694635070175 0.11977362745380092 409
1694635070207 0.1269269552002759 410
1694635070240 0.12047676265493323 411
1694635070271 0.11754647247969527 412
1694635070304 0.11159464998270711 413
1694635070335 0.12012509869454897 414
1694635070369 0.12147189480220315 415
1694635070401 0.10798590671312443 416
1694635070432 0.1369416207461829 417
1694635070467 0.11544529145528519 418
1694635070500 0.12523248005416973 419
1694635070533 0.09508183948509363 420
1694635070566 0.1341773512701647 421
1694635070599 0.10513702007458087 422
1694635070630 0.1014582249500892 423
1694635070662 0.09713016208771233 424
1694635070694 0.1246303873955572 425
1694635070725 0.09981557807866627 426
1694635070757 0.11104350601984392 427
1694635070789 0.10631122851777122 428
1694635070820 0.08803038466939782 429
1694635070851 0.12097855186226641 430
1694635070884 0.13045024997805818 431
1694635070915 0.09208927218394461 432
1694635070947 0.11775683834278335 433
1694635070979 0.1000631845242069 434
1694635071010 0.13987262326499464 435
1694635071043 0.11302070027430038 436
1694635071075 0.09937673264681045 437
1694635071104 0.12325871110168947 438
1694635071134 0.1356036178537301 439
1694635071166 0.0995702790127509 440
1694635071200 0.09507134873660007 441
1694635071231 0.12650313993443016 442
1694635071260 0.10243335538947812 443
1694635071292 0.11216025272035814 444
1694635071323 0.11011348555437027 445
1694635071354 0.11685176576969263 446
1694635071389 0.10083558562453533 447
1694635071417 0.11311919151001512 448
1694635071447 0.12789187209757097 449
1694635071481 0.097195677700186 450
1694635071511 0.10349668560171703 451
1694635071543 0.12668431743314884 452
1694635071577 0.12937046194227192 453
1694635071608 0.11159551372195872 454
1694635071642 0.10270608759474152 455
1694635071677 0.11766214202067966 456
1694635071708 0.10190618674090365 457
1694635071740 0.10379374623247586 458
1694635071773 0.10033820473614563 459
1694635071804 0.11668739142976779 460
1694635071834 0.12653431769714613 461
1694635071868 0.10145185146884195 462
1694635071899 0.10340577149937634 463
1694635071929 0.10752044373698742 464
1694635071965 0.11357121932719001 465
1694635071997 0.09461866028828482 466
1694635072029 0.11918984805727895 467
1694635072062 0.10424568748910032 468
1694635072095 0.12194967303013189 469
1694635072128 0.11877442833708077 470
1694635072163 0.0943761666816973 471
1694635072198 0.09102744898748977 472
1694635072234 0.12056859570770398 473
1694635072266 0.12163997211255595 474
1694635072298 0.11446908448592735 475
1694635072331 0.09792591514131961 476
1694635072362 0.09899952767766698 477
1694635072395 0.09623286924689421 478
1694635072426 0.12546536499556607 479
1694635072457 0.11476448735387292 480
1694635072490 0.08648044112583685 481
1694635072521 0.11319829249651 482
1694635072554 0.08304471767083688 483
1694635072587 0.11137413944932942 484
1694635072617 0.11809411111357845 485
1694635072646 0.07728403544929145 486
1694635072681 0.10094904066715125 487
1694635072707 0.09361116034928726 488
1694635072740 0.13157206036610386 489
1694635072770 0.10434753741748834 490
1694635072799 0.11907361840984572 491
1694635072830 0.07983351532442891 492
1694635072861 0.09415358958927025 493
1694635072893 0.0935074000026635 494
1694635072925 0.12435428154796295 495
1694635072959 0.11670983191667833 496
1694635072992 0.11147771618826466 497
1694635073023 0.10266563444439354 498
1694635073057 0.11299495246352056 499
1694635073090 0.11853913930704249 500
1694635073122 0.10975914762832316 501
1694635073156 0.11282248609381804 502
1694635073189 0.09246776247605762 503
1694635073219 0.10539659025698973 504
1694635073251 0.09679694746581254 505
1694635073285 0.10583070054832444 506
1694635073312 0.09080283882402217 507
1694635073343 0.0978854496377183 508
1694635073377 0.10104585847576472 509
1694635073407 0.10619516455269501 510
1694635073439 0.09344638610849065 511
1694635073471 0.10686841099539632 512
1694635073506 0.10599318036763115 513
1694635073538 0.10789252963370104 514
1694635073571 0.11394733524168232 515
1694635073603 0.09816884528772005 516
1694635073632 0.092741917191346 517
1694635073665 0.0885285550746471 518
1694635073696 0.11205818179965214 519
1694635073723 0.10074742961983116 520
1694635073759 0.09711046849348422 521
1694635073791 0.0924127061461728 522
1694635073820 0.10229751870438633 523
1694635073852 0.08647547892907588 524
1694635073884 0.11542763236691228 525
1694635073914 0.10155173330738677 526
1694635073947 0.10804495146650572 527
1694635073979 0.10922014712694858 528
1694635074009 0.0848198391082926 529
1694635074043 0.08810839748444939 530
1694635074078 0.09302882639015869 531
1694635074108 0.10180788452575992 532
1694635074141 0.09010453539808323 533
1694635074174 0.09256343014395399 534
1694635074205 0.1047792076096547 535
1694635074238 0.09944866940814207 536
1694635074271 0.11971542404449895 537
1694635074301 0.10731691494001473 538
1694635074331 0.10362554004764395 539
1694635074364 0.08581816591005514 540
1694635074396 0.10898706874602103 541
1694635074429 0.10207846860602623 542
1694635074463 0.12555691386590676 543
1694635074498 0.10237627018175743 544
1694635074532 0.11630921657997363 545
1694635074569 0.11705540735632236 546
1694635074602 0.10379174289711832 547
1694635074635 0.08141200363780646 548
1694635074669 0.08488852426527198 549
1694635074701 0.0773109235825125 550
1694635074734 0.09825354835187172 551
1694635074766 0.09830286799650846 552
1694635074798 0.09882420013827956 553
1694635074829 0.10725037234800504 554
1694635074862 0.0963086927286216 555
1694635074894 0.08590076393892956 556
1694635074925 0.0910965521822369 557
1694635074960 0.0970010063316882 558
1694635074992 0.08683512420867603 559
1694635075025 0.09206044652775486 560
1694635075058 0.10262252673984092 561
1694635075092 0.08484799696460553 562
1694635075121 0.09115000447563114 563
1694635075155 0.10791770835887736 564
1694635075189 0.1131789811071059 565
1694635075218 0.11349210830219998 566
1694635075248 0.1003231256404431 567
1694635075281 0.11086256835690725 568
1694635075312 0.07642089067970143 569
1694635075343 0.08595128040433148 570
1694635075377 0.09480468985870723 571
1694635075408 0.0987349650862649 572
1694635075438 0.09785405364195728 573
1694635075472 0.10249269598633781 574
1694635075509 0.09271822806327136 575
1694635075540 0.09928922089601881 576
1694635075574 0.12435765807076309 577
1694635075608 0.10987275407185887 578
1694635075644 0.09151937973979513 579
1694635075679 0.1043572401095798 580
1694635075714 0.09715276409911992 581
1694635075754 0.09690457046856722 582
1694635075789 0.10867377576747769 583
1694635075822 0.09922276100410764 584
1694635075861 0.07998949904408945 585
1694635075901 0.10100193528029605 586
1694635075935 0.10641074191944053 587
1694635075970 0.08000061416912727 588
1694635076003 0.12420453470941108 589
1694635076037 0.09469043675876167 590
1694635076073 0.10763280460289736 591
1694635076107 0.11968082315385088 592
1694635076139 0.11695247643112407 593
1694635076173 0.08596616214838912 594
1694635076207 0.10939473445096039 595
1694635076241 0.09040700102452316 596
1694635076274 0.10360627971409253 597
1694635076308 0.0898828354070677 598
1694635076344 0.07711072203661211 599
1694635076383 0.1040842459550695 600
1694635076420 0.09327553379942695 601
1694635076456 0.09659517897956987 602
1694635076500 0.10072686303783658 603
1694635076533 0.08284959747622135 604
1694635076566 0.10374613552321703 605
1694635076601 0.10991979152358508 606
1694635076632 0.10679584876579234 607
1694635076664 0.07908036837723915 608
1694635076699 0.09732951150715126 609
1694635076733 0.08468434646461427 610
1694635076769 0.10296578004930741 611
1694635076805 0.08243895840663137 612
1694635076842 0.09734948027230843 613
1694635076881 0.08724964936664258 614
1694635076916 0.0865730341812808 615
1694635076946 0.0947636623415881 616
1694635076979 0.09519487978351113 617
1694635077011 0.11791551822215386 618
1694635077046 0.11089827319568911 619
1694635077079 0.10430412256165185 620
1694635077113 0.12577094654891716 621
1694635077145 0.09895822560044354 622
1694635077178 0.08777699213430186 623
1694635077209 0.10285023843979663 624
1694635077239 0.12067208976768087 625
1694635077271 0.09098353630944486 626
1694635077303 0.11120670761726618 627
1694635077333 0.1039141288265059 628
1694635077366 0.09857616626843664 629
1694635077397 0.09516571687750153 630
1694635077432 0.08740104480196105 631
1694635077469 0.11100339256685454 632
1694635077513 0.11358969470209289 633
1694635077547 0.10436813237983023 634
1694635077581 0.1050544429241005 635
1694635077614 0.0993875234951602 636
1694635077646 0.08527901713495728 637
1694635077680 0.08161552743210682 638
1694635077712 0.11050985500649707 639
1694635077742 0.09811996422348171 640
1694635077778 0.0871524467703766 641
1694635077812 0.09725450483981761 642
1694635077844 0.10033395182246074 643
1694635077875 0.09522468729410785 644
1694635077907 0.11630936517814013 645
1694635077941 0.09509132066265527 646
1694635077977 0.09203980350435638 647
1694635078008 0.10815311048490843 648
1694635078041 0.08383495003931024 649
1694635078074 0.09231463074616211 650
1694635078109 0.09598948264278137 651
1694635078141 0.0928693612295156 652
1694635078178 0.1189881397553445 653
1694635078211 0.09161275642095507 654
1694635078250 0.09558989158602439 655
1694635078288 0.10716164133440507 656
1694635078325 0.0950373960313099 657
1694635078359 0.08962096701356591 658
1694635078396 0.09245118568199384 659
1694635078428 0.0904384236815868 660
1694635078461 0.10731444683453577 661
1694635078498 0.0847122831534564 662
1694635078529 0.09931392973224588 663
1694635078562 0.10510008731715553 664
1694635078593 0.08746437885761513 665
1694635078623 0.08908550512056004 666
1694635078658 0.09823526496893414 667
1694635078701 0.09828341622353803 668
1694635078737 0.09874559239434422 669
1694635078774 0.10028953710623063 670
1694635078813 0.0904296850585743 671
1694635078847 0.09986963556408351 672
1694635078880 0.09713887021407672 673
1694635078914 0.09243292504954087 674
1694635078945 0.09410728854531179 675
1694635078976 0.09385032815684782 676
1694635079007 0.0881992612336186 677
1694635079040 0.09846552056278368 678
1694635079072 0.12045900636516237 679
1694635079104 0.08617157871515149 680
1694635079134 0.0981881937116591 681
1694635079165 0.08702707570960579 682
