1694620683202 -0.005539469665058361 0
1694620683227 -0.005510126321852216 1
1694620683254 -0.0054808732716975506 2
1694620683280 -0.0054517101211204455 3
1694620683309 -0.00542263647747987 4
1694620683336 -0.00539365194897945 5
1694620683361 -0.005364756144667471 6
1694620683392 -0.0053359486744417595 7
1694620683420 -0.005307229149061676 8
1694620683446 -0.0052785971801427856 9
1694620683471 -0.0052500523801719545 10
1694620683497 -0.005221594362505133 11
1694620683524 -0.005193222741373571 12
1694620683550 -0.005164937131890257 13
1694620683575 -0.005136737150052362 14
1694620683601 -0.005108622412743902 15
1694620683626 -0.0050805925377448435 16
1694620683652 -0.0050526471437293274 17
1694620683679 -0.005024785850272329 18
1694620683705 -0.004997008277853432 19
1694620683734 -0.004969314047859497 20
1694620683764 -0.0049417027825873205 21
1694620683790 -0.004914174105249858 22
1694620683815 -0.004886727639975552 23
1694620683844 -0.004859363011813667 24
1694620683870 -0.0048320798467373915 25
1694620683895 -0.004804877771645399 26
1694620683920 -0.004777756414365841 27
1694620683946 -0.004750715403657013 28
1694620683972 -0.004723754369213351 29
1694620683998 -0.004696872941661656 30
1694620684026 -0.0046700707525726415 31
1694620684051 -0.004643347434452494 32
1694620684076 -0.004616702620754198 33
1694620684101 -0.004590135945873319 34
1694620684125 -0.0045636470451531075 35
1694620684150 -0.004537235554884944 36
1694620684175 -0.004510901112310561 37
1694620684200 -0.004484643355622708 38
1694620684225 -0.004458461923968704 39
1694620684250 -0.004432356457449771 40
1694620684275 -0.0044063265971237 41
1694620684301 -0.0043803719850050715 42
1694620684326 -0.004354492264067478 43
1694620684352 -0.004328687078243965 44
1694620684377 -0.0043029560724283655 45
1694620684401 -0.004277298892474413 46
1694620684427 -0.00425171518520151 47
1694620684451 -0.004226204598389183 48
1694620684476 -0.004200766780782184 49
1694620684504 -0.004175401382089605 50
1694620684536 -0.004150108052986212 51
1694620684563 -0.0041248864451091105 52
1694620684591 -0.004099736211066185 53
1694620684618 -0.004074657004428106 54
1694620684642 -0.004049648479732992 55
1694620684668 -0.004024710292485967 56
1694620684700 -0.0039998420991587125 57
1694620684724 -0.003975043557189695 58
1694620684751 -0.003950314324984161 59
1694620684776 -0.003925654061914807 60
1694620684802 -0.0039010624283211115 61
1694620684829 -0.0038765390855073356 62
1694620684854 -0.0038520836957478544 63
1694620684880 -0.0038276959222776075 64
1694620684907 -0.003803375429303202 65
1694620684932 -0.0037791218819918093 66
1694620684958 -0.003754934946477828 67
1694620684984 -0.003730814289859996 68
1694620685014 -0.0037067595801985043 69
1694620685044 -0.003682770486519882 70
1694620685070 -0.0036588466788107787 71
1694620685097 -0.003634987828019076 72
1694620685124 -0.003611193606056995 73
1694620685149 -0.003587463685792436 74
1694620685174 -0.003563797741055863 75
1694620685198 -0.003540195446635197 76
1694620685224 -0.0035166564782735943 77
1694620685249 -0.00349318051267411 78
1694620685275 -0.003469767227493259 79
1694620685301 -0.0034464163013414595 80
1694620685328 -0.0034231274137823675 81
1694620685353 -0.0033999002453322102 82
1694620685377 -0.003376734477457788 83
1694620685405 -0.0033536297925749192 84
1694620685434 -0.0033305858740482197 85
1694620685460 -0.0033076024061871045 86
1694620685485 -0.0032846790742497856 87
1694620685515 -0.0032618155644357216 88
1694620685542 -0.0032390115638893935 89
1694620685568 -0.003216266760692532 90
1694620685595 -0.0031935808438716684 91
1694620685619 -0.0031709535033859204 92
1694620685645 -0.0031483844301365416 93
1694620685670 -0.00312587331595493 94
1694620685696 -0.0031034198536084023 95
1694620685723 -0.0030810237367946414 96
1694620685752 -0.0030586846601419193 97
1694620685777 -0.0030364023192059886 98
1694620685806 -0.003014176410470526 99
1694620685834 -0.0029920066313402494 100
1694620685861 -0.002969892680147135 101
1694620685889 -0.002947834256141091 102
1694620685917 -0.002925831059492623 103
1694620685946 -0.002903882791286616 104
1694620685972 -0.0028819891535281084 105
1694620685998 -0.002860149849130078 106
1694620686028 -0.0028383645819205494 107
1694620686053 -0.002816633056635931 108
1694620686078 -0.0027949549789181294 109
1694620686103 -0.0027733300553181017 110
1694620686127 -0.0027517579932847536 111
1694620686153 -0.0027302385011729324 112
1694620686181 -0.002708771288234324 113
1694620686207 -0.002687356064617452 114
1694620686232 -0.0026659925413659025 115
1694620686258 -0.00264468043041588 116
1694620686284 -0.002623419444592656 117
1694620686312 -0.0026022092976121236 118
1694620686341 -0.0025810497040743563 119
1694620686367 -0.002559940379462944 120
1694620686393 -0.002538881040144547 121
1694620686418 -0.0025178714033633476 122
1694620686443 -0.0024969111872410465 123
1694620686469 -0.0024760001107739793 124
1694620686494 -0.002455137893830228 125
1694620686521 -0.0024343242571485124 126
1694620686547 -0.0024135589223346354 127
1694620686572 -0.0023928416118592644 128
1694620686597 -0.00237217204905682 129
1694620686626 -0.0023515499581214794 130
1694620686652 -0.0023309750641049565 131
1694620686680 -0.002310447092915391 132
1694620686707 -0.0022899657713144617 133
1694620686732 -0.0022695308269116143 134
1694620686761 -0.0022491419881682795 135
1694620686786 -0.0022287989843912115 136
1694620686813 -0.0022085015457262713 137
1694620686840 -0.002188249403165532 138
1694620686866 -0.00216804228853662 139
1694620686892 -0.0021478799345018285 140
1694620686921 -0.002127762074559447 141
1694620686950 -0.0021076884430371035 142
1694620686977 -0.0020876587750904285 143
1694620687007 -0.002067672806701726 144
1694620687033 -0.0020477302746735315 145
1694620687060 -0.0020278309166328334 146
1694620687084 -0.002007974471022189 147
1694620687110 -0.001988160677099726 148
1694620687135 -0.0019683892749375875 149
1694620687160 -0.0019486600054148262 150
1694620687185 -0.0019289726102229565 151
1694620687210 -0.0019093268318541856 152
1694620687235 -0.0018897224136060764 153
1694620687260 -0.001870159099573332 154
1694620687286 -0.0018506366346495717 155
1694620687314 -0.001831154764522669 156
1694620687345 -0.0018117132356720855 157
1694620687371 -0.001792311795365098 158
1694620687399 -0.0017729501916581292 159
1694620687429 -0.001753628173389643 160
1694620687456 -0.0017343454901803668 161
1694620687481 -0.0017151018924295158 162
1694620687509 -0.0016958971313099092 163
1694620687534 -0.0016767309587715218 164
1694620687562 -0.0016576031275332692 165
1694620687589 -0.0016385133910794547 166
1694620687618 -0.001619461503663322 167
1694620687645 -0.0016004472202997277 168
1694620687675 -0.001581470296761811 169
1694620687701 -0.0015625304895814374 170
1694620687727 -0.0015436275560449797 171
1694620687756 -0.0015247612541884337 172
1694620687782 -0.001505931342800526 173
1694620687807 -0.0014871375814140553 174
1694620687833 -0.0014683797303047808 175
1694620687858 -0.0014496575504927556 176
1694620687883 -0.0014309708037334445 177
1694620687907 -0.0014123192525186123 178
1694620687932 -0.0013937026600747693 179
1694620687956 -0.0013751207903549556 180
1694620687981 -0.0013565734080438485 181
1694620688013 -0.0013380602785486584 182
1694620688045 -0.0013195811679997949 183
1694620688073 -0.001301135843246426 184
1694620688098 -0.0012827240718544797 185
1694620688122 -0.0012643456221046456 186
1694620688147 -0.0012460002629886002 187
1694620688172 -0.0012276877642070083 188
1694620688197 -0.0012094078961653043 189
1694620688223 -0.0011911604299748024 190
1694620688249 -0.001172945137444037 191
1694620688274 -0.001154761791082759 192
1694620688301 -0.001136610164093721 193
1694620688326 -0.0011184900303728984 194
1694620688354 -0.0011004011645068257 195
1694620688380 -0.0010823433417668227 196
1694620688405 -0.0010643163381125476 197
1694620688430 -0.0010463199301824488 198
1694620688454 -0.0010283538952957638 199
1694620688478 -0.001010418011445191 200
1694620688506 -0.0009925120573024415 201
1694620688534 -0.0009746358122044718 202
1694620688559 -0.0009567890561616998 203
1694620688584 -0.0009389715698460144 204
1694620688610 -0.0009211831345965482 205
1694620688635 -0.0009034235324099082 206
1694620688662 -0.0008856925459410636 207
1694620688688 -0.0008679899585009032 208
1694620688713 -0.000850315554052461 209
1694620688741 -0.0008326691172084733 210
1694620688766 -0.0008150504332271602 211
1694620688791 -0.0007974592880155562 212
1694620688817 -0.0007798954681168535 213
1694620688844 -0.000762358760719728 214
1694620688870 -0.0007448489536434622 215
1694620688895 -0.000727365835346383 216
1694620688921 -0.0007099091949147596 217
1694620688948 -0.0006924788220656897 218
1694620688975 -0.0006750745071411046 219
1694620689001 -0.0006576960411053268 220
1694620689028 -0.000640343215547956 221
1694620689055 -0.0006230158226709914 222
1694620689083 -0.0006057136552970466 223
1694620689115 -0.0005884365068600239 224
1694620689142 -0.0005711841714033383 225
1694620689168 -0.0005539564435803612 226
1694620689197 -0.000536753118646871 227
1694620689224 -0.0005195739924643838 228
1694620689250 -0.000502418861493048 229
1694620689276 -0.0004852875227909781 230
1694620689302 -0.00046817977401203414 231
1694620689329 -0.00045109541340049297 232
1694620689355 -0.00043403423979260225 233
1694620689380 -0.00041699605261147354 234
1694620689407 -0.0003999806518639737 235
1694620689440 -0.0003829878381407248 236
1694620689465 -0.0003660174126114413 237
1694620689490 -0.0003490691770233756 238
1694620689516 -0.0003321429336973214 239
1694620689541 -0.00031523848552739153 240
1694620689565 -0.0002983556359774653 241
1694620689590 -0.0002814941890778577 242
1694620689615 -0.00026465394942443154 243
1694620689640 -0.0002478347221730459 244
1694620689666 -0.00023103631304222105 245
1694620689693 -0.00021425852830603276 246
1694620689718 -0.00019750117479211404 247
1694620689745 -0.00018076405988276534 248
1694620689770 -0.0001640469915085152 249
1694620689794 -0.00014734977814812034 250
1694620689820 -0.0001306722288219042 251
1694620689845 -0.00011401415309775231 252
1694620689872 -9.737536107934375e-05 253
1694620689896 -8.075566340992602e-05 254
1694620689922 -6.415487126698594e-05 255
1694620689946 -4.757279635958511e-05 256
1694620689972 -3.100925092813789e-05 257
1694620689996 -1.4464047742634989e-05 258
1694620690025 2.0629999072374616e-06 259
1694620690049 1.8572078201217757e-05 260
1694620690076 3.506337280589911e-05 261
1694620690101 5.1537068865292746e-05 262
1694620690129 6.799335100948767e-05 263
1694620690156 8.443240335376245e-05 264
1694620690185 0.00010085440950380331 265
1694620690210 0.00011725955255614817 266
1694620690234 0.0001336480151017394 267
1694620690264 0.0001500199792273671 268
1694620690290 0.0001663756265173344 269
1694620690315 0.00018271513805967476 270
1694620690345 0.00019903869444171107 271
1694620690371 0.00021534647575771615 272
1694620690397 0.00023163866161390878 273
1694620690423 0.00024791543111968295 274
1694620690449 0.0002641769629022628 275
1694620690474 0.00028042343510137346 276
1694620690503 0.00029665502537457034 277
1694620690531 0.0003128719108993483 278
1694620690557 0.0003290742683730308 279
1694620690582 0.0003452622740205413 280
1694620690610 0.0003614361035888525 281
1694620690635 0.0003775959323553124 282
1694620690673 0.0003937419351307536 283
1694620690711 0.00040987428625594013 284
1694620690750 0.00042599315960634154 285
1694620690783 0.0004420987285979061 286
1694620690810 0.00045819116618484035 287
1694620690838 0.0004742706448630507 288
1694620690866 0.0004903373366755837 289
1694620690895 0.0005063914132081848 290
1694620690922 0.0005224330455972925 291
1694620690948 0.0005384624045310371 292
1694620690974 0.0005544796602494628 293
1694620691001 0.0005704849825487468 294
1694620691032 0.0005864785407827533 295
1694620691056 0.0006024605038646991 296
1694620691082 0.0006184310402697069 297
1694620691108 0.000634390318037914 298
1694620691135 0.0006503385047746946 299
1694620691160 0.000666275767654767 300
1694620691186 0.0006822022734230826 301
1694620691216 0.0006981181883974896 302
1694620691248 0.0007140236784709542 303
1694620691277 0.0007299189091131142 304
1694620691307 0.0007458040453728332 305
1694620691333 0.0007616792518813087 306
1694620691359 0.0007775446928517393 307
1694620691386 0.0007934005320838766 308
1694620691412 0.0008092469329649132 309
1694620691439 0.0008250840584707042 310
1694620691465 0.0008409120711727613 311
1694620691490 0.0008567311332312588 312
1694620691517 0.0008725414064048032 313
1694620691545 0.0008883430520529867 314
1694620691570 0.0009041362311308365 315
1694620691596 0.0009199211041979183 316
1694620691624 0.0009356978314168929 317
1694620691649 0.000951466572561066 318
1694620691675 0.0009672274870049513 319
1694620691700 0.0009829807337401464 320
1694620691726 0.0009987264713668953 321
1694620691757 0.0010144648581010829 322
1694620691783 0.001030196051775678 323
1694620691808 0.0010459202098406228 324
1694620691834 0.001061637489367162 325
1694620691860 0.001077348047049953 326
1694620691885 0.0010930520392068432 327
1694620691911 0.0011087496217822013 328
1694620691936 0.0011244409503520236 329
1694620691960 0.0011401261801176066 330
1694620691985 0.0011558054659162043 331
1694620692012 0.0011714789622186972 332
1694620692041 0.0011871468231319238 333
1694620692068 0.0012028092024013448 334
1694620692095 0.001218466253413042 335
1694620692123 0.0012341181291942727 336
1694620692151 0.0012497649824174673 337
1694620692178 0.0012654069654000066 338
1694620692205 0.0012810442301091074 339
1694620692230 0.0012966769281610446 340
1694620692258 0.001312305210821707 341
1694620692288 0.0013279292290135913 342
1694620692322 0.0013435491333133598 343
1694620692349 0.001359165073955837 344
1694620692377 0.001374777200834676 345
1694620692404 0.0013903856635052447 346
1694620692429 0.0014059906111857368 347
1694620692459 0.001421592192759169 348
1694620692487 0.0014371905567752696 349
1694620692515 0.0014527858514540304 350
1694620692543 0.0014683782246851518 351
1694620692571 0.001483967824028265 352
1694620692597 0.0014995547967205924 353
1694620692624 0.0015151392896746163 354
1694620692655 0.0015307214494791888 355
1694620692688 0.00154630142240475 356
1694620692721 0.001561879354402107 357
1694620692754 0.0015774553911063194 358
1694620692781 0.0015930296778361441 359
1694620692806 0.0016086023595982546 360
1694620692834 0.0016241735810892388 361
1694620692859 0.001639743486693157 362
1694620692884 0.0016553122204893134 363
1694620692910 0.0016708799262485918 364
1694620692935 0.001686446747440118 365
1694620692960 0.001702012827228816 366
1694620692987 0.001717578308479295 367
1694620693015 0.001733143333757181 368
1694620693040 0.0017487080453326698 369
1694620693066 0.001764272585178861 370
1694620693092 0.0017798370949738684 371
1694620693117 0.0017954017161054825 372
1694620693143 0.0018109665896727245 373
1694620693168 0.0018265318564845145 374
1694620693194 0.0018420976570607817 375
1694620693219 0.0018576641316397913 376
1694620693245 0.0018732314201742595 377
1694620693273 0.0018887996623380143 378
1694620693298 0.0019043689975208888 379
1694620693324 0.0019199395648364925 380
1694620693359 0.0019355115031219894 381
1694620693389 0.0019510849509382089 382
1694620693415 0.0019666600465758632 383
1694620693447 0.001982236928048553 384
1694620693475 0.0019978157331059787 385
1694620693500 0.00201339659922406 386
1694620693527 0.002028979663614483 387
1694620693554 0.0020445650632263668 388
1694620693580 0.002060152934740156 389
1694620693606 0.002075743414576836 390
1694620693631 0.00209133663889971 391
1694620693657 0.002106932743609846 392
1694620693688 0.002122531864351518 393
1694620693715 0.002138134136516867 394
1694620693744 0.0021537396952425736 395
1694620693773 0.0021693486754099656 396
1694620693799 0.0021849612116557893 397
1694620693825 0.00220057743836255 398
1694620693852 0.00221619748966817 399
1694620693880 0.002231821499464104 400
1694620693907 0.0022474496013970002 401
1694620693933 0.002263081928872146 402
1694620693960 0.002278718615051911 403
1694620693987 0.002294359792860745 404
1694620694016 0.0023100055949828446 405
1694620694043 0.0023256561538707032 406
1694620694070 0.002341311601735452 407
1694620694096 0.0023569720705590713 408
1694620694121 0.002372637692090507 409
1694620694149 0.002388308597848443 410
1694620694175 0.002403984919122748 411
1694620694200 0.0024196667869746946 412
1694620694226 0.002435354332243733 413
1694620694254 0.002451047685539942 414
1694620694280 0.0024667469772536865 415
1694620694308 0.002482452337552843 416
1694620694334 0.0024981638963864627 417
1694620694359 0.0025138817834833294 418
1694620694383 0.0025296061283596183 419
1694620694409 0.0025453370603095715 420
1694620694440 0.0025610747084202634 421
1694620694471 0.0025768192015618308 422
1694620694497 0.0025925706683962435 423
1694620694527 0.002608329237372531 424
1694620694555 0.0026240950367343308 425
1694620694580 0.0026398681945194458 426
1694620694606 0.0026556488385578447 427
1694620694631 0.0026714370964762146 428
1694620694656 0.0026872330957020685 429
1694620694681 0.0027030369634591933 430
1694620694706 0.0027188488267698707 431
1694620694732 0.0027346688124640917 432
1694620694758 0.002750497047171674 433
1694620694784 0.0027663336573260366 434
1694620694809 0.002782178769169419 435
1694620694834 0.0027980325087492153 436
1694620694860 0.002813895001926303 437
1694620694885 0.0028297663743662715 438
1694620694910 0.0028456467515498574 439
1694620694935 0.0028615362587699478 440
1694620694960 0.002877435021134578 441
1694620694985 0.0028933431635660423 442
1694620695014 0.002909260810807446 443
1694620695038 0.002925188087417374 444
1694620695064 0.0029411251177744457 445
1694620695089 0.0029570720260800876 446
1694620695114 0.0029730289363574247 447
1694620695140 0.0029889959724545 448
1694620695165 0.0030049732580432753 449
1694620695191 0.00302096091662607 450
1694620695217 0.0030369590715277894 451
1694620695243 0.0030529678459068066 452
1694620695268 0.0030689873627509634 453
1694620695294 0.003085017744879237 454
1694620695320 0.003101059114947513 455
1694620695346 0.0031171115954404804 456
1694620695384 0.0031331753086855096 457
1694620695422 0.003149250376839996 458
1694620695453 0.00316533692190768 459
1694620695487 0.0031814350657253243 460
1694620695520 0.003197544929974927 461
1694620695549 0.003213666636179835 462
1694620695575 0.0032298003057060765 463
1694620695600 0.0032459460597683565 464
1694620695627 0.003262104019422396 465
1694620695659 0.0032782743055753683 466
1694620695694 0.0032944570389817907 467
1694620695722 0.0033106523402464116 468
1694620695765 0.003326860329825765 469
1694620695805 0.0033430811280287243 470
1694620695846 0.0033593148550176144 471
1694620695883 0.003375561630810764 472
1694620695925 0.0033918215752819503 473
1694620695964 0.0034080948081623985 474
1694620696002 0.0034243814490447777 475
1694620696051 0.003440681617377761 476
1694620696093 0.0034569954324739083 477
1694620696134 0.0034733230135073345 478
1694620696172 0.0034896644795165965 479
1694620696217 0.00350601994940436 480
1694620696267 0.003522389541939952 481
1694620696318 0.0035387733757606954 482
1694620696362 0.0035551715693707964 483
1694620696404 0.0035715842411456755 484
1694620696444 0.0035880115093310794 485
1694620696484 0.003604453492044968 486
1694620696523 0.003620910307278624 487
1694620696571 0.003637382072898099 488
1694620696617 0.003653868906645097 489
1694620696670 0.00367037092613709 490
1694620696710 0.00368688824887331 491
1694620696746 0.003703420992226869 492
1694620696775 0.0037199692734541934 493
1694620696802 0.0037365332096941373 494
1694620696828 0.003753112917966206 495
1694620696856 0.0037697085151748855 496
1694620696883 0.003786320118109865 497
1694620696911 0.003802947843446036 498
1694620696937 0.003819591807746603 499
1694620696962 0.003836252127462636 500
1694620696991 0.0038529289189349614 501
1694620697021 0.003869622298395381 502
1694620697047 0.00388633238196634 503
1694620697076 0.003903059285666588 504
1694620697101 0.00391980312540452 505
1694620697129 0.003936564016986166 506
1694620697157 0.003953342076114308 507
1694620697184 0.003970137418387587 508
1694620697218 0.003986950159304947 509
1694620697244 0.004003780414263969 510
1694620697277 0.004020628298562756 511
1694620697315 0.004037493927402269 512
1694620697359 0.004054377415884991 513
1694620697395 0.004071278879019813 514
1694620697424 0.004088198431719592 515
1694620697454 0.004105136188801706 516
1694620697481 0.004122092264992605 517
1694620697510 0.004139066774927036 518
1694620697539 0.0041560598331493726 519
1694620697570 0.004173071554114172 520
1694620697601 0.004190102052187505 521
1694620697631 0.004207151441648294 522
1694620697661 0.004224219836688414 523
1694620697698 0.0042413073514177 524
1694620697735 0.004258414099857499 525
1694620697781 0.004275540195947336 526
1694620697829 0.004292685753548797 527
1694620697871 0.004309850886435984 528
1694620697900 0.004327035708306615 529
1694620697926 0.004344240332780025 530
1694620697952 0.004361464873396503 531
1694620697978 0.004378709443619622 532
1694620698009 0.0043959741568369015 533
1694620698034 0.004413259126362368 534
1694620698066 0.004430564465434661 535
1694620698092 0.004447890287219924 536
1694620698118 0.004465236704814357 537
1694620698144 0.004482603831243548 538
1694620698169 0.004499991779458479 539
1694620698199 0.004517400662347959 540
1694620698227 0.004534830592728745 541
1694620698254 0.0045522816833520885 542
1694620698279 0.004569754046906738 543
1694620698307 0.004587247796011273 544
1694620698339 0.00460476304322377 545
1694620698376 0.004622299901041127 546
1694620698411 0.00463985848189441 547
1694620698441 0.0046574388981569514 548
1694620698469 0.004675041262141799 549
1694620698494 0.004692665686103048 550
1694620698520 0.004710312282237505 551
1694620698545 0.004727981162684469 552
1694620698571 0.004745672439528059 553
1694620698596 0.004763386224796884 554
1694620698622 0.004781122630466261 555
1694620698648 0.004798881768458663 556
1694620698673 0.004816663750644046 557
1694620698699 0.004834468688842075 558
1694620698725 0.004852296694821789 559
1694620698761 0.004870147880302267 560
1694620698793 0.004888022356958621 561
1694620698824 0.00490592023641212 562
1694620698854 0.004923841630244841 563
1694620698882 0.004941786649986457 564
1694620698909 0.0049597554071297845 565
1694620698934 0.004977748013117456 566
1694620698961 0.0049957645793525796 567
1694620698990 0.005013805217199296 568
1694620699018 0.005031870037974895 569
1694620699044 0.005049959152964467 570
1694620699071 0.005068072673407031 571
1694620699097 0.005086210710508077 572
1694620699122 0.005104373375435678 573
1694620699148 0.005122560779319829 574
1694620699173 0.005140773033260326 575
1694620699199 0.005159010248315776 576
1694620699224 0.005177272535515476 577
1694620699252 0.005195560005858302 578
1694620699280 0.005213872770307271 579
1694620699308 0.005232210939796755 580
1694620699335 0.005250574625231597 581
1694620699362 0.0052689639374878805 582
1694620699393 0.005287378987413938 583
1694620699422 0.005305819885829455 584
1694620699448 0.005324286743529694 585
1694620699474 0.005342779671284381 586
1694620699498 0.005361298779838819 587
1694620699525 0.005379844179913995 588
1694620699551 0.005398415982209026 589
1694620699577 0.005417014297401379 590
1694620699603 0.005435639236147649 591
1694620699630 0.005454290909083115 592
1694620699655 0.005472969426825847 593
1694620699682 0.00549167489997493 594
1694620699708 0.005510407439111242 595
1694620699735 0.005529167154800119 596
1694620699763 0.005547954157590684 597
1694620699791 0.00556676855801741 598
1694620699824 0.005585610466600777 599
1694620699860 0.005604479993848277 600
1694620699887 0.005623377250254635 601
1694620699916 0.005642302346303363 602
1694620699942 0.0056612553924669795 603
1694620699967 0.005680236499211011 604
1694620699993 0.005699245776986772 605
1694620700020 0.005718283336241248 606
1694620700046 0.0057373492874157606 607
1694620700072 0.005756443740940198 608
1694620700098 0.005775566807242116 609
1694620700127 0.005794718596744519 610
1694620700152 0.005813899219865082 611
1694620700178 0.005833108787019037 612
1694620700203 0.005852347408618286 613
1694620700229 0.0058716151950777284 614
1694620700258 0.0058909122568047145 615
1694620700285 0.005910238704210924 616
1694620700312 0.0059295946477087025 617
1694620700340 0.005948980197712173 618
1694620700366 0.005968395464636789 619
1694620700391 0.0059878405589030015 620
1694620700416 0.006007315590933149 621
1694620700443 0.0060268206711586725 622
1694620700468 0.006046355910014234 623
1694620700494 0.006065921417938602 624
1694620700521 0.006085517305382315 625
1694620700547 0.0061051436828007954 626
1694620700573 0.006124800660663454 627
1694620700599 0.0061444883494425895 628
1694620700625 0.006164206859625376 629
1694620700652 0.006183956301709981 630
1694620700679 0.006203736786204672 631
1694620700705 0.006223548423635372 632
1694620700734 0.006243391324534331 633
1694620700773 0.00626326559945567 634
1694620700815 0.006283171358964057 635
1694620700861 0.006303108713642924 636
1694620700907 0.006323077774088692 637
1694620700939 0.0063430786509193204 638
1694620700968 0.006363111454769421 639
1694620700994 0.006383176296292703 640
1694620701022 0.006403273286163191 641
1694620701048 0.006423402535075007 642
1694620701074 0.006443564153743808 643
1694620701100 0.006463758252907459 644
1694620701126 0.006483984943326915 645
1694620701154 0.0065042443357863355 646
1694620701179 0.00652453654109475 647
1694620701206 0.006544861670084612 648
1694620701233 0.00656521983361924 649
1694620701260 0.006585611142581604 650
1694620701284 0.006606035707887092 651
1694620701312 0.006626493640476516 652
1694620701342 0.006646985051322218 653
1694620701369 0.006667510051425185 654
1694620701395 0.006688068751814158 655
1694620701422 0.00670866126355163 656
1694620701447 0.006729287697731401 657
1694620701472 0.006749948165479913 658
1694620701497 0.00677064277795647 659
1694620701524 0.0067913716463547935 660
1694620701551 0.006812134881902687 661
1694620701577 0.006832932595864261 662
1694620701604 0.006853764899538928 663
1694620701633 0.006874631904262851 664
1694620701659 0.006895533721413161 665
1694620701689 0.0069164704623996265 666
1694620701715 0.006937442238673763 667
1694620701743 0.006958449161729385 668
1694620701771 0.006979491343098276 669
1694620701796 0.007000568894351522 670
1694620701821 0.007021681927105505 671
1694620701849 0.007042830553017576 672
1694620701874 0.007064014883787717 673
1694620701900 0.007085235031162984 674
1694620701935 0.007106491106931956 675
1694620701984 0.00712778322293095 676
1694620702029 0.0071491114910390285 677
1694620702062 0.007170476023184769 678
1694620702094 0.0071918769313448205 679
1694620702121 0.007213314327541465 680
1694620702151 0.0072347883238482735 681
1694620702188 0.007256299032387004 682
1694620702221 0.007277846565330814 683
1694620702252 0.0072994310349019376 684
1694620702293 0.007321052553376117 685
1694620702329 0.007342711233080834 686
1694620702362 0.0073644071863961935 687
1694620702392 0.007386140525756368 688
1694620702426 0.007407911363649711 689
1694620702464 0.0074297198126194175 690
1694620702502 0.007451565985265418 691
1694620702541 0.007473449994242709 692
1694620702572 0.00749537195226424 693
1694620702600 0.007517331972100361 694
1694620702628 0.007539330166579816 695
1694620702657 0.0075613666485906394 696
1694620702689 0.007583441531079038 697
1694620702719 0.0076055549270568346 698
1694620702768 0.0076277069495893635 699
1694620702815 0.007649897711809239 700
1694620702891 0.007672127326909028 701
1694620702938 0.007694395908145468 702
1694620702991 0.007716703568838579 703
1694620703050 0.007739050422372884 704
1694620703102 0.007761436582197301 705
1694620703147 0.007783862161826249 706
1694620703186 0.007806327274844316 707
1694620703219 0.007828832034897037 708
1694620703254 0.007851376555700895 709
1694620703292 0.007873960951040981 710
1694620703333 0.007896585334770001 711
1694620703376 0.007919249820810714 712
1694620703417 0.00794195452315527 713
1694620703454 0.007964699555871424 714
1694620703491 0.007987485033090436 715
1694620703531 0.008010311069020282 716
1694620703569 0.008033177777944323 717
1694620703598 0.008056085274211977 718
1694620703627 0.008079033672255598 719
1694620703655 0.008102023086573928 720
1694620703682 0.008125053631744983 721
1694620703708 0.008148125422424823 722
1694620703738 0.00817123857334301 723
1694620703764 0.00819439319930515 724
1694620703793 0.008217589415198012 725
1694620703818 0.008240827335984746 726
1694620703844 0.008264107076708438 727
1694620703870 0.008287428752491333 728
1694620703899 0.008310792478536166 729
1694620703928 0.008334198370126167 730
1694620703957 0.00835764654262805 731
1694620703997 0.0083811371114898 732
1694620704038 0.008404670192239005 733
1694620704071 0.008428245900490738 734
1694620704098 0.00845186435194134 735
1694620704127 0.008475525662376526 736
1694620704161 0.008499229947659281 737
1694620704206 0.008522977323747516 738
1694620704259 0.008546767906677522 739
1694620704314 0.008570601812576406 740
1694620704355 0.00859447915766165 741
1694620704391 0.00861840005823189 742
1694620704428 0.008642364630683352 743
1694620704467 0.008666372991493754 744
1694620704505 0.008690425257234069 745
1694620704541 0.008714521544568532 746
1694620704588 0.008738661970250639 747
1694620704634 0.008762846651122702 748
1694620704682 0.008787075704122627 749
1694620704733 0.008811349246283018 750
1694620704782 0.008835667394727742 751
1694620704832 0.008860030266674035 752
1694620704879 0.008884437979435278 753
1694620704929 0.008908890650420553 754
1694620704972 0.008933388397134534 755
1694620705021 0.008957931337177705 756
1694620705081 0.008982519588251359 757
1694620705142 0.009007153268148715 758
1694620705201 0.009031832494764691 759
1694620705242 0.009056557386095454 760
1694620705278 0.00908132806023032 761
1694620705313 0.009106144635366409 762
1694620705344 0.00913100722979343 763
1694620705381 0.009155915961910788 764
1694620705426 0.009180870950211806 765
1694620705465 0.009205872313295949 766
1694620705502 0.009230920169869483 767
1694620705542 0.009256014638732823 768
1694620705584 0.009281155838800736 769
1694620705635 0.009306343889084578 770
1694620705697 0.009331578908705396 771
1694620705755 0.009356861016888707 772
1694620705808 0.009382190332966722 773
1694620705852 0.009407566976378678 774
1694620705888 0.009432991066670837 775
1694620705924 0.009458462723498151 776
1694620705960 0.009483982066624153 777
1694620705993 0.009509549215920843 778
1694620706029 0.009535164291370912 779
1694620706073 0.009560827413066852 780
1694620706127 0.00958653870121251 781
1694620706182 0.009612298276122533 782
1694620706238 0.009638106258224144 783
1694620706289 0.009663962768057033 784
1694620706334 0.009689867926273243 785
1694620706381 0.009715821853639506 786
1694620706425 0.00974182467103546 787
1694620706467 0.009767876499459538 788
1694620706505 0.009793977460018866 789
1694620706542 0.009820127673941359 790
1694620706579 0.009846327262568622 791
1694620706618 0.00987257634736416 792
1694620706655 0.009898875049901945 793
1694620706691 0.009925223491877855 794
1694620706728 0.009951621795106558 795
1694620706762 0.009978070081521184 796
1694620706800 0.010004568473174213 797
1694620706838 0.010031117092238917 798
1694620706877 0.010057716061008914 799
1694620706919 0.010084365501899617 800
1694620706969 0.010111065537446229 801
1694620707020 0.01013781629031174 802
1694620707049 0.010164617883275162 803
1694620707077 0.010191470439242734 804
1694620707105 0.010218374081244375 805
1694620707130 0.010245328932434128 806
1694620707156 0.010272335116090714 807
1694620707181 0.010299392755619086 808
1694620707207 0.010326501974549984 809
1694620707232 0.010353662896540716 810
1694620707259 0.010380875645375376 811
1694620707292 0.01040814034496651 812
1694620707329 0.010435457119354785 813
1694620707370 0.010462826092708433 814
1694620707425 0.010490247389326468 815
1694620707480 0.010517721133635138 816
1694620707523 0.010545247450195916 817
1694620707564 0.01057282646369706 818
1694620707599 0.010600458298957394 819
1694620707638 0.010628143080930075 820
1694620707677 0.010655880934699602 821
1694620707717 0.010683671985483922 822
1694620707760 0.0107115163586331 823
1694620707798 0.010739414179633089 824
1694620707835 0.010767365574101184 825
1694620707873 0.010795370667795123 826
1694620707910 0.010823429586601097 827
1694620707946 0.010851542456544294 828
1694620707981 0.010879709403789573 829
1694620708021 0.010907930554634238 830
1694620708057 0.010936206035516594 831
1694620708094 0.010964535973006284 832
1694620708138 0.010992920493822167 833
1694620708175 0.011021359724811775 834
1694620708211 0.01104985379296819 835
1694620708245 0.011078402825422051 836
1694620708278 0.011107006949445553 837
1694620708312 0.011135666292451774 838
1694620708338 0.01116438098199457 839
1694620708367 0.011193151145770908 840
1694620708392 0.011221976911618192 841
1694620708417 0.011250858407521158 842
1694620708442 0.011279795761602651 843
1694620708468 0.01130878910213251 844
1694620708497 0.011337838557524682 845
1694620708523 0.011366944256337774 846
1694620708550 0.011396106327274724 847
1694620708584 0.01142532489918946 848
1694620708614 0.01145460010107513 849
1694620708642 0.01148393206207643 850
1694620708669 0.011513320911482716 851
1694620708695 0.011542766778735891 852
1694620708721 0.011572269793423073 853
1694620708750 0.011601830085277931 854
1694620708777 0.011631447784187232 855
1694620708804 0.011661123020186404 856
1694620708830 0.011690855923461196 857
1694620708856 0.011720646624348019 858
1694620708883 0.011750495253335269 859
1694620708911 0.011780401941062224 860
1694620708943 0.011810366818321372 861
1694620708974 0.011840390016056412 862
1694620709001 0.011870471665366145 863
1694620709040 0.0119006118975018 864
1694620709066 0.011930810843869155 865
1694620709092 0.01196106863602775 866
1694620709118 0.011991385405696664 867
1694620709146 0.012021761284743526 868
1694620709173 0.012052196405196725 869
1694620709199 0.012082690899240411 870
1694620709226 0.012113244899215059 871
1694620709253 0.012143858537617458 872
1694620709278 0.012174531947108602 873
1694620709309 0.012205265260498033 874
1694620709337 0.012236058610763267 875
1694620709365 0.012266912131035368 876
1694620709394 0.012297825954607045 877
1694620709421 0.012328800214930768 878
1694620709446 0.012359835045624212 879
1694620709471 0.012390930580458703 880
1694620709496 0.012422086953372102 881
1694620709522 0.012453304298462808 882
1694620709547 0.012484582749995643 883
1694620709571 0.012515922442391636 884
1694620709596 0.012547323510240349 885
1694620709620 0.012578786088293992 886
1694620709654 0.012610310311469197 887
1694620709683 0.012641896314846468 888
1694620709710 0.01267354423367606 889
1694620709740 0.012705254203367544 890
1694620709766 0.012737026359500359 891
1694620709792 0.012768860837821805 892
1694620709818 0.012800757774243499 893
1694620709844 0.012832717304846919 894
1694620709870 0.012864739565879857 895
1694620709895 0.012896824693758524 896
1694620709920 0.012928972825072327 897
1694620709945 0.012961184096574874 898
1694620709970 0.012993458645193856 899
1694620709995 0.013025796608021611 900
1694620710025 0.01305819812232667 901
1694620710052 0.01309066332554476 902
1694620710076 0.013123192355288804 903
1694620710101 0.01315578534933981 904
1694620710128 0.013188442445652093 905
1694620710153 0.013221163782350609 906
1694620710177 0.01325394949773695 907
1694620710202 0.013286799730286014 908
1694620710227 0.013319714618646561 909
1694620710254 0.01335269430164221 910
1694620710278 0.013385738918271994 911
1694620710304 0.01341884860770981 912
1694620710329 0.013452023509306521 913
1694620710354 0.01348526376258885 914
1694620710379 0.013518569507261047 915
1694620710404 0.013551940883203883 916
1694620710428 0.013585378030477102 917
1694620710452 0.013618881089317303 918
1694620710481 0.013652450200141386 919
1694620710508 0.01368608550354422 920
1694620710535 0.013719787140298645 921
1694620710562 0.01375355525136368 922
1694620710589 0.013787389977870212 923
1694620710616 0.01382129146113531 924
1694620710643 0.013855259842656786 925
1694620710668 0.013889295264111978 926
1694620710692 0.013923397867363074 927
1694620710719 0.013957567794452452 928
1694620710751 0.013991805187607342 929
1694620710778 0.014026110189235164 930
1694620710804 0.014060482941933738 931
1694620710831 0.01409492358847575 932
1694620710857 0.014129432271827058 933
1694620710882 0.014164009135134936 934
1694620710911 0.01419865432172951 935
1694620710939 0.014233367975130196 936
1694620710968 0.014268150239043487 937
1694620711005 0.014303001257362058 938
1694620711036 0.014337921174161883 939
1694620711064 0.014372910133709893 940
1694620711092 0.014407968280460093 941
1694620711118 0.014443095759059 942
1694620711145 0.014478292714333874 943
1694620711172 0.01451355929130671 944
1694620711201 0.014548895635186576 945
1694620711232 0.014584301891378049 946
1694620711262 0.014619778205467782 947
1694620711302 0.014655324723238605 948
1694620711331 0.014690941590663309 949
1694620711358 0.014726628953906196 950
1694620711389 0.014762386959324525 951
1694620711419 0.014798215753466848 952
1694620711449 0.014834115483074672 953
1694620711479 0.01487008629508213 954
1694620711508 0.014906128336622415 955
1694620711540 0.014942241755013908 956
1694620711572 0.014978426697775493 957
1694620711599 0.015014683312619348 958
1694620711627 0.015051011747452825 959
1694620711653 0.01508741215037901 960
1694620711682 0.015123884669697496 961
1694620711713 0.015160429453903723 962
1694620711744 0.015197046651690083 963
1694620711771 0.015233736411945586 964
1694620711800 0.01527049888376042 965
1694620711831 0.015307334216417723 966
1694620711859 0.015344242559402144 967
1694620711887 0.015381224062394172 968
1694620711914 0.01541827887527969 969
1694620711942 0.015455407148139644 970
1694620711966 0.015492609031253601 971
1694620711994 0.01552988467510319 972
1694620712022 0.015567234230373095 973
1694620712047 0.015604657847945624 974
1694620712072 0.015642155678907255 975
1694620712097 0.015679727874543636 976
1694620712128 0.015717374586348365 977
1694620712155 0.01575509596600988 978
1694620712183 0.015792892165424788 979
1694620712211 0.01583076333669231 980
1694620712240 0.015868709632115063 981
1694620712268 0.015906731204198388 982
1694620712297 0.015944828205658346 983
1694620712323 0.015983000789407287 984
1694620712350 0.01602124910856828 985
1694620712379 0.0160595733164689 986
1694620712406 0.016097973566643553 987
1694620712432 0.016136450012830372 988
1694620712462 0.016175002808979433 989
1694620712487 0.016213632109245535 990
1694620712513 0.016252338067987204 991
1694620712538 0.01629112083977602 992
1694620712564 0.016329980579390058 993
1694620712591 0.016368917441816566 994
1694620712618 0.016407931582251956 995
1694620712648 0.016447023156101026 996
1694620712679 0.016486192318979298 997
1694620712708 0.016525439226711458 998
1694620712741 0.01656476403533691 999
