1694620683196 165.4087001972198 0
1694620683221 165.07170130856892 1
1694620683247 164.7354562992868 2
1694620683274 164.39996268909587 3
1694620683303 164.06521801447022 4
1694620683330 163.7312198284592 5
1694620683356 163.3979657005131 6
1694620683385 163.06545321631106 7
1694620683413 162.73367997759073 8
1694620683440 162.40264360198006 9
1694620683466 162.07234172283128 10
1694620683491 161.74277198905648 11
1694620683517 161.4139320649654 12
1694620683543 161.08581963010496 13
1694620683569 160.75843237910098 14
1694620683594 160.43176802150123 15
1694620683621 160.10582428162087 16
1694620683646 159.7805988983894 17
1694620683673 159.45608962519952 18
1694620683698 159.13229422975783 19
1694620683727 158.80921049393703 20
1694620683757 158.48683621363014 21
1694620683783 158.16516919860646 22
1694620683809 157.8442072723688 23
1694620683838 157.52394827201292 24
1694620683863 157.20439004808833 25
1694620683889 156.88553046446066 26
1694620683914 156.56736739817606 27
1694620683940 156.24989873932645 28
1694620683965 155.93312239091728 29
1694620683991 155.617036268736 30
1694620684020 155.30163830122262 31
1694620684045 154.98692642934154 32
1694620684070 154.67289860645502 33
1694620684095 154.35955279819783 34
1694620684119 154.046886982354 35
1694620684145 153.73489914873417 36
1694620684169 153.42358729905516 37
1694620684194 153.11294944682027 38
1694620684219 152.80298361720176 39
1694620684244 152.49368784692382 40
1694620684269 152.18506018414766 41
1694620684295 151.87709868835734 42
1694620684321 151.56980143024757 43
1694620684346 151.26316649161214 44
1694620684371 150.95719196523427 45
1694620684395 150.65187595477772 46
1694620684421 150.3472165746796 47
1694620684445 150.0432119500441 48
1694620684471 149.73986021653758 49
1694620684495 149.4371595202851 50
1694620684529 149.1351080177677 51
1694620684557 148.83370387572128 52
1694620684584 148.53294527103648 53
1694620684612 148.23283039065976 54
1694620684637 147.9333574314955 55
1694620684662 147.63452460030956 56
1694620684692 147.33633011363358 57
1694620684718 147.03877219767068 58
1694620684745 146.74184908820212 59
1694620684770 146.44555903049496 60
1694620684796 146.14990027921112 61
1694620684823 145.85487109831715 62
1694620684849 145.56046976099503 63
1694620684874 145.2666945495544 64
1694620684900 144.97354375534536 65
1694620684926 144.68101567867257 66
1694620684951 144.38910862871023 67
1694620684978 144.09782092341803 68
1694620685007 143.807150889458 69
1694620685038 143.51709686211268 70
1694620685064 143.22765718520364 71
1694620685091 142.93883021101152 72
1694620685118 142.65061430019674 73
1694620685143 142.36300782172088 74
1694620685168 142.0760091527695 75
1694620685192 141.78961667867543 76
1694620685217 141.50382879284308 77
1694620685242 141.21864389667374 78
1694620685269 140.9340603994913 79
1694620685295 140.6500767184695 80
1694620685321 140.36669127855959 81
1694620685347 140.08390251241858 82
1694620685371 139.801708860339 83
1694620685398 139.52010877017895 84
1694620685427 139.23910069729303 85
1694620685454 138.95868310446414 86
1694620685479 138.67885446183615 87
1694620685508 138.39961324684703 88
1694620685535 138.12095794416317 89
1694620685562 137.84288704561408 90
1694620685589 137.5653990501281 91
1694620685613 137.28849246366846 92
1694620685639 137.01216579917084 93
1694620685664 136.7364175764806 94
1694620685690 136.46124632229154 95
1694620685715 136.18665057008513 96
1694620685745 135.91262886007027 97
1694620685771 135.63917973912385 98
1694620685799 135.36630176073209 99
1694620685827 135.09399348493227 100
1694620685854 134.82225347825553 101
1694620685882 134.5510803136699 102
1694620685910 134.2804725705242 103
1694620685939 134.0104288344926 104
1694620685966 133.74094769751972 105
1694620685991 133.4720277577663 106
1694620686021 133.20366761955566 107
1694620686046 132.93586589332065 108
1694620686072 132.66862119555122 109
1694620686096 132.40193214874253 110
1694620686121 132.1357973813437 111
1694620686147 131.87021552770722 112
1694620686174 131.60518522803872 113
1694620686200 131.34070512834757 114
1694620686226 131.07677388039775 115
1694620686251 130.81339014165943 116
1694620686278 130.55055257526132 117
1694620686306 130.288259849943 118
1694620686334 130.02651064000815 119
1694620686361 129.76530362527848 120
1694620686387 129.50463749104784 121
1694620686412 129.2445109280368 122
1694620686437 128.98492263234797 123
1694620686462 128.72587130542203 124
1694620686488 128.46735565399348 125
1694620686514 128.20937439004774 126
1694620686541 127.95192623077817 127
1694620686566 127.69500989854386 128
1694620686591 127.43862412082768 129
1694620686620 127.18276763019504 130
1694620686645 126.92743916425282 131
1694620686674 126.67263746560896 132
1694620686700 126.41836128183256 133
1694620686726 126.1646093654141 134
1694620686755 125.91138047372644 135
1694620686780 125.65867336898616 136
1694620686807 125.40648681821516 137
1694620686833 125.15481959320286 138
1694620686860 124.90367047046881 139
1694620686886 124.65303823122566 140
1694620686914 124.40292166134252 141
1694620686943 124.15331955130868 142
1694620686971 123.90423069619803 143
1694620686998 123.65565389563336 144
1694620687027 123.40758795375159 145
1694620687053 123.1600316791689 146
1694620687078 122.91298388494664 147
1694620687103 122.66644338855737 148
1694620687129 122.42040901185132 149
1694620687154 122.17487958102329 150
1694620687179 121.92985392657987 151
1694620687204 121.68533088330688 152
1694620687229 121.44130929023747 153
1694620687254 121.1977879906203 154
1694620687279 120.95476583188812 155
1694620687308 120.71224166562682 156
1694620687337 120.47021434754468 157
1694620687365 120.22868273744191 158
1694620687393 119.98764569918079 159
1694620687421 119.74710210065574 160
1694620687449 119.50705081376411 161
1694620687475 119.26749071437699 162
1694620687500 119.02842068231045 163
1694620687528 118.78983960129712 164
1694620687556 118.55174635895801 165
1694620687582 118.31413984677464 166
1694620687612 118.07701896006151 167
1694620687638 117.84038259793894 168
1694620687668 117.60422966330593 169
1694620687695 117.3685590628136 170
1694620687721 117.13336970683872 171
1694620687750 116.89866050945776 172
1694620687775 116.66443038842088 173
1694620687800 116.4306782651264 174
1694620687826 116.19740306459572 175
1694620687852 115.96460371544796 176
1694620687877 115.73227914987558 177
1694620687901 115.50042830361951 178
1694620687926 115.26905011594532 179
1694620687950 115.03814352961894 180
1694620687975 114.80770749088306 181
1694620688004 114.57774094943366 182
1694620688038 114.3482428583968 183
1694620688067 114.11921217430564 184
1694620688092 113.8906478570776 185
1694620688116 113.66254886999201 186
1694620688141 113.43491417966777 187
1694620688166 113.20774275604134 188
1694620688191 112.9810335723449 189
1694620688216 112.75478560508485 190
1694620688242 112.52899783402036 191
1694620688268 112.30366924214242 192
1694620688295 112.07879881565269 193
1694620688320 111.85438554394298 194
1694620688346 111.63042841957477 195
1694620688374 111.4069264382589 196
1694620688399 111.18387859883549 197
1694620688424 110.96128390325414 198
1694620688448 110.73914135655428 199
1694620688472 110.51744996684575 200
1694620688499 110.29620874528946 201
1694620688528 110.07541670607847 202
1694620688553 109.85507286641904 203
1694620688578 109.63517624651205 204
1694620688604 109.41572586953453 205
1694620688629 109.1967207616213 206
1694620688655 108.97815995184693 207
1694620688682 108.76004247220784 208
1694620688707 108.54236735760465 209
1694620688734 108.32513364582437 210
1694620688760 108.1083403775233 211
1694620688785 107.89198659620979 212
1694620688811 107.67607134822704 213
1694620688837 107.46059368273652 214
1694620688863 107.245552651701 215
1694620688890 107.03094730986832 216
1694620688915 106.81677671475474 217
1694620688942 106.60303992662908 218
1694620688968 106.3897360084964 219
1694620688994 106.1768640260823 220
1694620689022 105.96442304781722 221
1694620689048 105.75241214482077 222
1694620689077 105.54083039088644 223
1694620689109 105.3296768624664 224
1694620689135 105.11895063865617 225
1694620689162 104.90865080117995 226
1694620689190 104.69877643437565 227
1694620689217 104.48932662518024 228
1694620689243 104.2803004631154 229
1694620689269 104.07169704027297 230
1694620689296 103.86351545130078 231
1694620689322 103.65575479338855 232
1694620689349 103.44841416625401 233
1694620689374 103.24149267212903 234
1694620689401 103.0349894157458 235
1694620689427 102.82890350432358 236
1694620689459 102.62323404755502 237
1694620689484 102.41798015759302 238
1694620689510 102.21314094903738 239
1694620689535 102.008715538922 240
1694620689559 101.80470304670182 241
1694620689584 101.60110259424007 242
1694620689608 101.39791330579557 243
1694620689634 101.19513430801024 244
1694620689659 100.9927647298966 245
1694620689687 100.79080370282556 246
1694620689712 100.58925036051409 247
1694620689739 100.38810383901327 248
1694620689764 100.18736327669623 249
1694620689788 99.98702781424635 250
1694620689814 99.78709659464555 251
1694620689838 99.58756876316257 252
1694620689866 99.38844346734143 253
1694620689890 99.18971985699021 254
1694620689916 98.99139708416946 255
1694620689940 98.79347430318121 256
1694620689966 98.59595067055783 257
1694620689990 98.3988253450509 258
1694620690019 98.20209748762042 259
1694620690043 98.00576626142409 260
1694620690069 97.80983083180635 261
1694620690095 97.61429036628813 262
1694620690121 97.41914403455606 263
1694620690150 97.22439100845216 264
1694620690178 97.03003046196353 265
1694620690203 96.83606157121214 266
1694620690228 96.64248351444469 267
1694620690256 96.44929547202254 268
1694620690283 96.25649662641176 269
1694620690309 96.06408616217342 270
1694620690337 95.87206326595357 271
1694620690365 95.68042712647379 272
1694620690391 95.48917693452135 273
1694620690416 95.29831188293998 274
1694620690443 95.10783116662027 275
1694620690468 94.91773398249026 276
1694620690496 94.72801952950638 277
1694620690525 94.5386870086441 278
1694620690550 94.34973562288894 279
1694620690576 94.16116457722737 280
1694620690602 93.9729730786379 281
1694620690629 93.78516033608224 282
1694620690665 93.59772556049643 283
1694620690701 93.41066796478225 284
1694620690739 93.22398676379851 285
1694620690777 93.03768117435244 286
1694620690804 92.85175041519133 287
1694620690831 92.66619370699402 288
1694620690860 92.48101027236255 289
1694620690889 92.29619933581397 290
1694620690915 92.11176012377203 291
1694620690941 91.92769186455915 292
1694620690967 91.74399378838824 293
1694620690993 91.56066512735484 294
1694620691026 91.37770511542902 295
1694620691050 91.19511298844776 296
1694620691077 91.01288798410688 297
1694620691101 90.83102934195348 298
1694620691128 90.64953630337821 299
1694620691154 90.4684081116077 300
1694620691180 90.287644011697 301
1694620691209 90.10724325052202 302
1694620691241 89.92720507677227 303
1694620691269 89.74752874094338 304
1694620691300 89.5682134953299 305
1694620691326 89.38925859401783 306
1694620691353 89.2106632928778 307
1694620691378 89.03242684955762 308
1694620691406 88.8545485234754 309
1694620691431 88.67702757581249 310
1694620691459 88.49986326950649 311
1694620691483 88.32305486924444 312
1694620691511 88.14660164145589 313
1694620691538 87.9705028543061 314
1694620691565 87.79475777768943 315
1694620691590 87.61936568322253 316
1694620691617 87.4443258442378 317
1694620691643 87.2696375357767 318
1694620691668 87.09530003458336 319
1694620691694 86.92131261909799 320
1694620691719 86.74767456945055 321
1694620691750 86.57438516745428 322
1694620691777 86.40144369659947 323
1694620691801 86.22884944204706 324
1694620691828 86.05660169062256 325
1694620691854 85.88469973080973 326
1694620691879 85.71314285274453 327
1694620691905 85.541930348209 328
1694620691930 85.3710615106252 329
1694620691954 85.20053563504928 330
1694620691979 85.0303520181654 331
1694620692006 84.86050995827998 332
1694620692034 84.6910087553157 333
1694620692062 84.52184771080577 334
1694620692088 84.35302612788807 335
1694620692116 84.18454331129954 336
1694620692145 84.01639856737029 337
1694620692172 83.84859120401815 338
1694620692198 83.68112053074297 339
1694620692224 83.513985858621 340
1694620692251 83.34718650029947 341
1694620692280 83.18072176999102 342
1694620692314 83.01459098346828 343
1694620692342 82.84879345805844 344
1694620692370 82.68332851263789 345
1694620692397 82.5181954676269 346
1694620692423 82.3533936449843 347
1694620692451 82.18892236820223 348
1694620692480 82.02478096230088 349
1694620692509 81.86096875382344 350
1694620692536 81.69748507083074 351
1694620692565 81.5343292428963 352
1694620692591 81.37150060110119 353
1694620692618 81.20899847802896 354
1694620692648 81.04682220776078 355
1694620692680 80.88497112587021 356
1694620692713 80.72344456941848 357
1694620692747 80.56224187694949 358
1694620692775 80.40136238848496 359
1694620692800 80.24080544551953 360
1694620692828 80.08057039101607 361
1694620692853 79.9206565694008 362
1694620692878 79.76106332655857 363
1694620692904 79.6017900098282 364
1694620692929 79.4428359679977 365
1694620692954 79.28420055129972 366
1694620692980 79.1258831114069 367
1694620693009 78.96788300142723 368
1694620693034 78.8101995758995 369
1694620693060 78.65283219078887 370
1694620693085 78.49578020348225 371
1694620693110 78.33904297278389 372
1694620693136 78.18261985891088 373
1694620693161 78.02651022348881 374
1694620693188 77.8707134295474 375
1694620693213 77.71522884151597 376
1694620693239 77.56005582521931 377
1694620693265 77.4051937478733 378
1694620693292 77.25064197808052 379
1694620693317 77.09639988582627 380
1694620693349 76.94246684247406 381
1694620693382 76.78884222076154 382
1694620693408 76.63552539479639 383
1694620693436 76.48251574005201 384
1694620693468 76.3298126333636 385
1694620693494 76.17741545292385 386
1694620693521 76.02532357827904 387
1694620693548 75.87353639032489 388
1694620693574 75.72205327130263 389
1694620693599 75.5708736047949 390
1694620693625 75.41999677572183 391
1694620693650 75.2694221703371 392
1694620693681 75.11914917622394 393
1694620693709 74.96917718229138 394
1694620693737 74.81950557877015 395
1694620693766 74.67013375720904 396
1694620693793 74.52106111047094 397
1694620693818 74.37228703272898 398
1694620693846 74.22381091946288 399
1694620693873 74.0756321674551 400
1694620693900 73.92775017478708 401
1694620693927 73.78016434083551 402
1694620693954 73.63287406626871 403
1694620693980 73.48587875304281 404
1694620694009 73.3391778043982 405
1694620694037 73.1927706248558 406
1694620694064 73.04665662021351 407
1694620694090 72.90083519754259 408
1694620694115 72.75530576518402 409
1694620694143 72.61006773274498 410
1694620694168 72.46512051109531 411
1694620694195 72.320463512364 412
1694620694221 72.17609614993565 413
1694620694247 72.03201783844693 414
1694620694274 71.88822799378329 415
1694620694302 71.74472603307532 416
1694620694328 71.60151137469542 417
1694620694353 71.45858343825437 418
1694620694377 71.31594164459788 419
1694620694403 71.17358541580333 420
1694620694433 71.0315141751763 421
1694620694464 70.88972734724732 422
1694620694490 70.74822435776842 423
1694620694521 70.60700463370996 424
1694620694548 70.46606760325729 425
1694620694574 70.32541269580743 426
1694620694600 70.18503934196588 427
1694620694625 70.04494697354335 428
1694620694650 69.90513502355252 429
1694620694675 69.76560292620489 430
1694620694700 69.62635011690756 431
1694620694725 69.48737603225999 432
1694620694752 69.34868011005098 433
1694620694778 69.21026178925538 434
1694620694802 69.0721205100311 435
1694620694829 68.93425571371587 436
1694620694854 68.79666684282422 437
1694620694879 68.65935334104442 438
1694620694904 68.52231465323536 439
1694620694929 68.38555022542346 440
1694620694954 68.24905950479976 441
1694620694979 68.11284193971682 442
1694620695007 67.97689697968563 443
1694620695033 67.84122407537284 444
1694620695058 67.70582267859753 445
1694620695083 67.5706922423284 446
1694620695109 67.43583222068084 447
1694620695133 67.30124206891381 448
1694620695159 67.16692124342713 449
1694620695184 67.03286920175846 450
1694620695210 66.89908540258041 451
1694620695237 66.76556930569765 452
1694620695262 66.63232037204409 453
1694620695287 66.49933806367997 454
1694620695314 66.36662184378905 455
1694620695339 66.23417117667574 456
1694620695375 66.10198552776234 457
1694620695414 65.97006436358618 458
1694620695445 65.83840715179683 459
1694620695479 65.70701336115339 460
1694620695513 65.57588246152163 461
1694620695542 65.44501392387124 462
1694620695569 65.31440722027318 463
1694620695594 65.18406182389685 464
1694620695621 65.05397720900743 465
1694620695650 64.9241528509631 466
1694620695686 64.79458822621243 467
1694620695716 64.66528281229164 468
1694620695756 64.53623608782193 469
1694620695796 64.40744753250686 470
1694620695837 64.27891662712965 471
1694620695874 64.1506428535505 472
1694620695914 64.0226256947041 473
1694620695954 63.8948646345969 474
1694620695991 63.76735915830454 475
1694620696039 63.6401087519692 476
1694620696084 63.51311290279715 477
1694620696124 63.38637109905601 478
1694620696162 63.25988283007228 479
1694620696208 63.13364758622882 480
1694620696256 63.007664858962194 481
1694620696307 62.881934140760215 482
1694620696353 62.75645492515944 483
1694620696395 62.63122670674259 484
1694620696432 62.50624898113609 485
1694620696475 62.38152124500758 486
1694620696513 62.257042996063426 487
1694620696559 62.13281373304623 488
1694620696606 62.00883295573236 489
1694620696655 61.88510016492954 490
1694620696700 61.761614862474424 491
1694620696738 61.63837655123005 492
1694620696768 61.51538473508354 493
1694620696795 61.392638918943575 494
1694620696822 61.27013860873811 495
1694620696850 61.147883311411874 496
1694620696875 61.02587253492402 497
1694620696904 60.90410578824577 498
1694620696930 60.78258258135798 499
1694620696956 60.66130242524888 500
1694620696984 60.54026483191163 501
1694620697014 60.41946931434202 502
1694620697041 60.29891538653609 503
1694620697067 60.1786025634879 504
1694620697095 60.05853036118715 505
1694620697122 59.938698296616835 506
1694620697150 59.819105887751 507
1694620697178 59.69975265355246 508
1694620697209 59.580638113970444 509
1694620697238 59.4617617899384 510
1694620697268 59.343123203371704 511
1694620697306 59.22472187716538 512
1694620697349 59.10655733519185 513
1694620697387 58.988629102298745 514
1694620697418 58.87093670430658 515
1694620697447 58.75347966800659 516
1694620697475 58.63625752115853 517
1694620697502 58.5192697924884 518
1694620697532 58.40251601168629 519
1694620697563 58.285995709404155 520
1694620697594 58.16970841725365 521
1694620697624 58.05365366780396 522
1694620697654 57.937830994579585 523
1694620697688 57.8222399320582 524
1694620697726 57.7068800156685 525
1694620697770 57.59175078178806 526
1694620697816 57.476851767741145 527
1694620697863 57.36218251179662 528
1694620697893 57.24774255316584 529
1694620697920 57.13353143200046 530
1694620697946 57.01954868939037 531
1694620697972 56.90579386736156 532
1694620698000 56.792266508874064 533
1694620698029 56.6789661578198 534
1694620698059 56.56589235902059 535
1694620698086 56.45304465822592 536
1694620698111 56.340422602111055 537
1694620698136 56.228025738274766 538
1694620698163 56.1158536152375 539
1694620698193 56.00390578243911 540
1694620698220 55.892181790237 541
1694620698247 55.78068118990392 542
1694620698273 55.669403533626074 543
1694620698302 55.55834837450096 544
1694620698330 55.447515266535476 545
1694620698366 55.336903764643836 546
1694620698402 55.22651342464557 547
1694620698434 55.11634380326353 548
1694620698463 55.00639445812191 549
1694620698488 54.89666494774423 550
1694620698514 54.787154831551376 551
1694620698539 54.677863669859626 552
1694620698564 54.56879102387867 553
1694620698590 54.45993645570966 554
1694620698616 54.35129952834321 555
1694620698641 54.24287980565754 556
1694620698667 54.134676852416376 557
1694620698692 54.0266902342672 558
1694620698719 53.918919517739184 559
1694620698752 53.81136427024128 560
1694620698787 53.704024060060355 561
1694620698817 53.5968984563592 562
1694620698847 53.489987029174706 563
1694620698876 53.38328934941587 564
1694620698903 53.276804988861954 565
1694620698928 53.170533520160596 566
1694620698955 53.0644745168259 567
1694620698983 52.95862755323654 568
1694620699012 52.85299220463392 569
1694620699038 52.747568047120275 570
1694620699065 52.64235465765686 571
1694620699091 52.537351614062004 572
1694620699116 52.43255849500931 573
1694620699142 52.327974880025806 574
1694620699167 52.22360034949011 575
1694620699193 52.11943448463055 576
1694620699218 52.01547686752337 577
1694620699244 51.911727081090895 578
1694620699273 51.80818470909969 579
1694620699302 51.70484933615881 580
1694620699328 51.60172054771785 581
1694620699355 51.49879793006531 582
1694620699385 51.39608107032664 583
1694620699415 51.29356955646257 584
1694620699442 51.191262977267236 585
1694620699467 51.08916092236642 586
1694620699492 50.987262982215775 587
1694620699518 50.88556874809906 588
1694620699545 50.78407781212632 589
1694620699570 50.68278976723217 590
1694620699597 50.58170420717401 591
1694620699624 50.480820726530304 592
1694620699649 50.38013892069878 593
1694620699675 50.27965838589468 594
1694620699702 50.17937871914909 595
1694620699729 50.079299518307124 596
1694620699756 49.97942038202623 597
1694620699783 49.87974090977446 598
1694620699815 49.780260701828745 599
1694620699850 49.68097935927317 600
1694620699881 49.58189648399725 601
1694620699909 49.48301167869427 602
1694620699936 49.384324546859546 603
1694620699961 49.2858346927887 604
1694620699987 49.187541721576025 605
1694620700013 49.08944523911273 606
1694620700040 48.99154485208531 607
1694620700065 48.893840167973835 608
1694620700092 48.796330795050274 609
1694620700120 48.69901634237683 610
1694620700146 48.60189641980428 611
1694620700172 48.50497063797029 612
1694620700197 48.408238608297786 613
1694620700223 48.31169994299325 614
1694620700251 48.21535425504511 615
1694620700278 48.11920115822211 616
1694620700306 48.0232402670716 617
1694620700333 47.927471196917956 618
1694620700360 47.83189356386095 619
1694620700385 47.73650698477408 620
1694620700410 47.641311077303 621
1694620700436 47.546305459863795 622
1694620700462 47.451489751641496 623
1694620700488 47.356863572588395 624
1694620700515 47.26242654342246 625
1694620700541 47.16817828562567 626
1694620700567 47.07411842144251 627
1694620700593 46.98024657387835 628
1694620700618 46.88656236669776 629
1694620700645 46.793065424423055 630
1694620700673 46.69975537233264 631
1694620700699 46.6066318364594 632
1694620700725 46.51369444358923 633
1694620700762 46.42094282125936 634
1694620700805 46.32837659775685 635
1694620700849 46.23599540211695 636
1694620700896 46.143798864121656 637
1694620700932 46.051786614298045 638
1694620700960 45.959958283916805 639
1694620700988 45.86831350499061 640
1694620701016 45.776851910272626 641
1694620701042 45.68557313325499 642
1694620701068 45.594476808167194 643
1694620701094 45.50356256997464 644
1694620701120 45.41283005437703 645
1694620701147 45.32227889780694 646
1694620701173 45.23190873742817 647
1694620701199 45.14171921113435 648
1694620701227 45.05170995754735 649
1694620701254 44.961880616015776 650
1694620701278 44.87223082661348 651
1694620701306 44.782760230138095 652
1694620701334 44.693468468109444 653
1694620701363 44.604355182768124 654
1694620701389 44.515420017073964 655
1694620701416 44.42666261470458 656
1694620701441 44.33808262005385 657
1694620701466 44.249679678230436 658
1694620701491 44.16145343505634 659
1694620701517 44.073403537065396 660
1694620701544 43.98552963150183 661
1694620701571 43.89783136631874 662
1694620701597 43.8103083901767 663
1694620701626 43.722960352442236 664
1694620701652 43.63578690318643 665
1694620701682 43.5487876931834 666
1694620701708 43.461962373908904 667
1694620701737 43.37531059753888 668
1694620701764 43.28883201694798 669
1694620701790 43.20252628570816 670
1694620701815 43.11639305808723 671
1694620701843 43.03043198904742 672
1694620701868 42.94464273424396 673
1694620701894 42.859024950023624 674
1694620701925 42.77357829342336 675
1694620701970 42.688302422168825 676
1694620702019 42.60319699467296 677
1694620702055 42.51826167003466 678
1694620702087 42.43349610803724 679
1694620702115 42.348899969147155 680
1694620702143 42.26447291451248 681
1694620702179 42.18021460596161 682
1694620702213 42.096124706001774 683
1694620702245 42.01220287781777 684
1694620702281 41.92844878527038 685
1694620702320 41.8448620928952 686
1694620702355 41.76144246590108 687
1694620702385 41.67818957016885 688
1694620702418 41.5951030722499 689
1694620702454 41.51218263936483 690
1694620702494 41.42942793940203 691
1694620702532 41.34683864091638 692
1694620702565 41.264414413127824 693
1694620702593 41.18215492592005 694
1694620702622 41.100059849839106 695
1694620702650 41.01812885609208 696
1694620702682 40.93636161654572 697
1694620702711 40.854757803725036 698
1694620702757 40.77331709081208 699
1694620702802 40.69203915164448 700
1694620702878 40.610923660714164 701
1694620702925 40.52997029316602 702
1694620702979 40.449178724796525 703
1694620703037 40.368548632052466 704
1694620703090 40.288079692029584 705
1694620703138 40.20777158247122 706
1694620703178 40.12762398176705 707
1694620703210 40.04763656895173 708
1694620703245 39.96780902370361 709
1694620703282 39.88814102634336 710
1694620703321 39.808632257832755 711
1694620703365 39.72928239977328 712
1694620703409 39.65009113440485 713
1694620703446 39.57105814460453 714
1694620703481 39.49218311388525 715
1694620703522 39.41346572639442 716
1694620703560 39.33490566691279 717
1694620703591 39.256502620853 718
1694620703619 39.1782562742584 719
1694620703649 39.100166313801715 720
1694620703676 39.02223242678377 721
1694620703702 38.944454301132275 722
1694620703730 38.866831625400444 723
1694620703758 38.78936408876577 724
1694620703786 38.7120513810288 725
1694620703812 38.6348931926118 726
1694620703838 38.55788921455754 727
1694620703864 38.48103913852798 728
1694620703892 38.404342656803074 729
1694620703921 38.327799462279444 730
1694620703950 38.251409248469216 731
1694620703990 38.17517170949867 732
1694620704028 38.09908654010707 733
1694620704064 38.02315343564539 734
1694620704091 37.947372092075064 735
1694620704121 37.87174220596676 736
1694620704151 37.796263474499135 737
1694620704196 37.7209355954576 738
1694620704246 37.645758267233084 739
1694620704303 37.57073118882085 740
1694620704345 37.49585405981919 741
1694620704383 37.42112658042828 742
1694620704419 37.3465484514489 743
1694620704458 37.27211937428125 744
1694620704494 37.19783905092373 745
1694620704532 37.12370718397172 746
1694620704577 37.049723476616336 747
1694620704625 36.97588763264333 748
1694620704672 36.90219935643175 749
1694620704723 36.82865835295284 750
1694620704772 36.75526432776879 751
1694620704821 36.682016987031524 752
1694620704868 36.608916037481585 753
1694620704914 36.53596118644685 754
1694620704963 36.463152141841384 755
1694620705008 36.390488612164276 756
1694620705069 36.31797030649841 757
1694620705130 36.24559693450931 758
1694620705189 36.17336820644393 759
1694620705235 36.10128383312956 760
1694620705271 36.02934352597251 761
1694620705305 35.957546996957085 762
1694620705337 35.885893958644346 763
1694620705370 35.81438412417093 764
1694620705413 35.743017207247895 765
1694620705455 35.67179292215961 766
1694620705493 35.60071098376252 767
1694620705531 35.529771107484045 768
1694620705574 35.458973009321404 769
1694620705624 35.38831640584046 770
1694620705681 35.31780101417456 771
1694620705739 35.247426552023434 772
1694620705796 35.17719273765201 773
1694620705842 35.10709928988926 774
1694620705879 35.037145928127146 775
1694620705915 34.96733237231935 776
1694620705952 34.89765834298023 777
1694620705986 34.82812356118371 778
1694620706017 34.75872774856205 779
1694620706062 34.689470627304836 780
1694620706113 34.62035192015772 781
1694620706168 34.551371350421455 782
1694620706225 34.482528641950644 783
1694620706278 34.41382351915267 784
1694620706324 34.345255706986634 785
1694620706369 34.276824930962114 786
1694620706413 34.208530917138184 787
1694620706458 34.14037339212223 788
1694620706495 34.07235208306888 789
1694620706533 34.00446671767886 790
1694620706570 33.93671702419796 791
1694620706607 33.869102731415865 792
1694620706647 33.80162356866506 793
1694620706683 33.73427926581984 794
1694620706718 33.66706955329508 795
1694620706752 33.5999941620452 796
1694620706790 33.533052823563125 797
1694620706829 33.46624526987911 798
1694620706868 33.39957123355975 799
1694620706911 33.33303044770681 800
1694620706957 33.26662264595624 801
1694620707009 33.200347562477006 802
1694620707042 33.134204931970075 803
1694620707070 33.068194489667334 804
1694620707098 33.00231597133049 805
1694620707124 32.936569113250066 806
1694620707150 32.870953652244246 807
1694620707175 32.805469325657924 808
1694620707201 32.740115871361525 809
1694620707226 32.67489302775003 810
1694620707253 32.609800533741904 811
1694620707282 32.54483812877802 812
1694620707320 32.48000555282061 813
1694620707357 32.415302546352244 814
1694620707411 32.350728850374736 815
1694620707466 32.28628420640817 816
1694620707513 32.22196835648977 817
1694620707556 32.157781043172925 818
1694620707591 32.093722009526125 819
1694620707628 32.02979099913192 820
1694620707668 31.965987756085894 821
1694620707706 31.902312024995656 822
1694620707749 31.83876355097976 823
1694620707788 31.775342079666714 824
1694620707827 31.712047357193928 825
1694620707862 31.648879130206726 826
1694620707901 31.585837145857287 827
1694620707937 31.522921151803672 828
1694620707972 31.460130896208735 829
1694620708009 31.397466127739182 830
1694620708048 31.334926595564525 831
1694620708085 31.272512049356052 832
1694620708128 31.210222239285855 833
1694620708167 31.14805691602581 834
1694620708203 31.086015830746557 835
1694620708237 31.02409873511653 836
1694620708270 30.962305381300904 837
1694620708304 30.900635521960652 838
1694620708331 30.83908891025153 839
1694620708360 30.777665299823056 840
1694620708386 30.716364444817547 841
1694620708411 30.65518609986915 842
1694620708436 30.594130020102778 843
1694620708461 30.53319596113321 844
1694620708490 30.472383679064038 845
1694620708517 30.411692930486737 846
1694620708543 30.351123472479657 847
1694620708576 30.290675062607047 848
1694620708608 30.230347458918086 849
1694620708636 30.170140419945902 850
1694620708662 30.110053704706612 851
1694620708689 30.050087072698325 852
1694620708715 29.990240283900224 853
1694620708743 29.930513098771538 854
1694620708769 29.87090527825062 855
1694620708797 29.811416583753978 856
1694620708823 29.752046777175302 857
1694620708850 29.692795620884528 858
1694620708876 29.633662877726852 859
1694620708905 29.5746483110218 860
1694620708936 29.51575168456226 861
1694620708967 29.456972762613574 862
1694620708995 29.398311309912497 863
1694620709033 29.339767091666356 864
1694620709059 29.28133987355205 865
1694620709086 29.22302942171508 866
1694620709111 29.164835502768696 867
1694620709140 29.106757883792874 868
1694620709166 29.04879633233342 869
1694620709193 28.990950616401033 870
1694620709219 28.933220504470363 871
1694620709246 28.875605765479072 872
1694620709273 28.818106168826937 873
1694620709302 28.760721484374876 874
1694620709330 28.70345148244409 875
1694620709359 28.64629593381504 876
1694620709388 28.58925460972665 877
1694620709414 28.53232728187525 878
1694620709440 28.475513722413808 879
1694620709465 28.418813703950864 880
1694620709489 28.362226999549733 881
1694620709516 28.30575338272753 882
1694620709541 28.249392627454284 883
1694620709565 28.193144508152027 884
1694620709590 28.137008799693866 885
1694620709615 28.080985277403112 886
1694620709644 28.025073717052347 887
1694620709677 27.969273894862557 888
1694620709704 27.913585587502194 889
1694620709733 27.858008572086316 890
1694620709759 27.802542626175654 891
1694620709785 27.74718752777574 892
1694620709812 27.691943055336026 893
1694620709838 27.63680898774897 894
1694620709864 27.581785104349162 895
1694620709889 27.526871184912434 896
1694620709914 27.472067009654975 897
1694620709939 27.417372359232445 898
1694620709964 27.362787014739094 899
1694620709989 27.308310757706902 900
1694620710019 27.253943370104665 901
1694620710045 27.19968463433717 902
1694620710070 27.145534333244242 903
1694620710094 27.091492250099982 904
1694620710121 27.037558168611785 905
1694620710146 26.983731872919545 906
1694620710171 26.930013147594767 907
1694620710196 26.8764017776397 908
1694620710220 26.822897548486466 909
1694620710246 26.76950024599621 910
1694620710272 26.716209656458233 911
1694620710298 26.66302556658916 912
1694620710323 26.609947763532027 913
1694620710348 26.55697603485549 914
1694620710373 26.50411016855294 915
1694620710398 26.45134995304164 916
1694620710422 26.398695177161898 917
1694620710447 26.346145630176228 918
1694620710474 26.293701101768445 919
1694620710501 26.241361382042925 920
1694620710528 26.189126261523654 921
1694620710555 26.136995531153456 922
1694620710582 26.08496898229313 923
1694620710609 26.033046406720622 924
1694620710637 25.981227596630152 925
1694620710661 25.929512344631455 926
1694620710686 25.877900443748874 927
1694620710712 25.826391687420596 928
1694620710745 25.774985869497733 929
1694620710772 25.723682784243593 930
1694620710798 25.672482226332797 931
1694620710824 25.621383990850465 932
1694620710851 25.570387873291413 933
1694620710877 25.519493669559278 934
1694620710904 25.468701175965794 935
1694620710932 25.418010189229875 936
1694620710961 25.367420506476858 937
1694620710996 25.316931925237686 938
1694620711029 25.26654424344807 939
1694620711058 25.21625725944769 940
1694620711085 25.1660707719794 941
1694620711112 25.115984580188382 942
1694620711138 25.06599848362141 943
1694620711164 25.016112282225993 944
1694620711195 24.96632577634956 945
1694620711225 24.916638766738682 946
1694620711256 24.867051054538305 947
1694620711296 24.817562441290885 948
1694620711324 24.76817272893567 949
1694620711351 24.718881719807808 950
1694620711381 24.669689216637636 951
1694620711412 24.620595022549892 952
1694620711442 24.571598941062856 953
1694620711472 24.522700776087593 954
1694620711501 24.47390033192721 955
1694620711533 24.425197413276024 956
1694620711565 24.376591825218778 957
1694620711593 24.32808337322988 958
1694620711621 24.27967186317262 959
1694620711647 24.231357101298393 960
1694620711675 24.183138894245896 961
1694620711705 24.135017049040385 962
1694620711735 24.086991373092904 963
1694620711764 24.03906167419946 964
1694620711793 23.99122776054031 965
1694620711824 23.94348944067917 966
1694620711853 23.895846523562476 967
1694620711880 23.84829881851855 968
1694620711906 23.800846135256872 969
1694620711935 23.75348828386737 970
1694620711961 23.70622507481958 971
1694620711989 23.659056318961923 972
1694620712014 23.61198182752092 973
1694620712041 23.565001412100486 974
1694620712066 23.51811488468114 975
1694620712091 23.471322057619233 976
1694620712121 23.424622743646218 977
1694620712148 23.378016755867936 978
1694620712176 23.33150390776379 979
1694620712204 23.285084013186072 980
1694620712234 23.23875688635916 981
1694620712262 23.192522341878796 982
1694620712290 23.146380194711348 983
1694620712317 23.100330260193058 984
1694620712344 23.05437235402933 985
1694620712373 23.008506292293937 986
1694620712399 22.96273189142832 987
1694620712425 22.91704896824086 988
1694620712456 22.871457339906136 989
1694620712481 22.825956823964155 990
1694620712507 22.780547238319706 991
1694620712532 22.73522840124152 992
1694620712558 22.69000013136164 993
1694620712584 22.644862247674606 994
1694620712611 22.599814569536832 995
1694620712640 22.554856916665805 996
1694620712672 22.50998910913937 997
1694620712701 22.46521096739503 998
1694620712732 22.42052231222925 999
