1694635252377 -0.00136804841465743 0
1694635252411 -0.001261647038624858 1
1694635252444 -0.0021852870778327205 2
1694635252478 -0.0013697594926371792 3
1694635252513 -0.0016117259090007163 4
1694635252553 -0.0020657581216805276 5
1694635252588 -0.0020772619249120883 6
1694635252632 -0.0016940281138715374 7
1694635252666 -0.0014762663168783607 8
1694635252698 -0.0014275626660822383 9
1694635252732 -0.0019462576872764092 10
1694635252764 -0.001259342322956103 11
1694635252797 -0.0022947482928059593 12
1694635252830 -0.002070434899976048 13
1694635252861 -0.002693762756097895 14
1694635252894 -0.0021523851811500183 15
1694635252928 -0.0018883724255935874 16
1694635252960 -0.0023035713524046653 17
1694635252995 -0.0015043565358883182 18
1694635253026 -0.0018130537529637003 19
1694635253065 -0.0010782517021277194 20
1694635253099 -0.0012876355649111826 21
1694635253134 -0.0014729613394723895 22
1694635253167 -0.0016202706065922001 23
1694635253200 -0.0014940512490602131 24
1694635253232 -0.0007277441639645943 25
1694635253263 -0.0018447992534744717 26
1694635253298 -0.001316142682116661 27
1694635253335 -0.0015926466980056286 28
1694635253369 -0.0022788225315790722 29
1694635253401 -0.0013912405953708795 30
1694635253436 -0.0014685502813667206 31
1694635253467 -0.0021929920357612875 32
1694635253502 -0.001899228041492007 33
1694635253534 -0.0017256664812419498 34
1694635253570 -0.001401175618240158 35
1694635253605 -0.0016416946223467566 36
1694635253640 -0.0022284060654911286 37
1694635253674 -0.0016287255816416213 38
1694635253705 -0.0020747061098427277 39
1694635253737 -0.001821331467013687 40
1694635253769 -0.0016106690417203584 41
1694635253801 -0.001281166456376548 42
1694635253837 -0.001584725064004422 43
1694635253869 -0.002221599743335023 44
1694635253901 -0.001993743637923817 45
1694635253934 -0.0014198137450420756 46
1694635253965 -0.0015493036296294616 47
1694635253998 -0.0018761237498123862 48
1694635254032 -0.001614850435813553 49
1694635254066 -0.0013457669340797285 50
1694635254101 -0.0013194252353612157 51
1694635254135 -0.0017737221652223134 52
1694635254168 -0.0019820947310884574 53
1694635254200 -0.0020512265298104904 54
1694635254234 -0.0023709752528662253 55
1694635254270 -0.0013628623876023038 56
1694635254304 -0.0023459186365992757 57
1694635254338 -0.0018856249141110393 58
1694635254371 -0.0014562829868354221 59
1694635254403 -0.0016681890816938605 60
1694635254435 -0.002057246772587007 61
1694635254466 -0.0017116110360773096 62
1694635254499 -0.0010885055861153958 63
1694635254531 -0.0007204568327883187 64
1694635254563 -0.0008825057018762017 65
1694635254594 -0.001610476840998798 66
1694635254625 -0.0016599515996531533 67
1694635254657 -0.0018909146903356433 68
1694635254690 -0.0019132230664111738 69
1694635254725 -0.0013714741684178744 70
1694635254757 -0.0019011630907792565 71
1694635254790 -0.0017772390697616824 72
1694635254825 -0.0012457339967957282 73
1694635254857 -0.0016721671725332676 74
1694635254888 -0.002012683915479929 75
1694635254922 -0.0009510771546004104 76
1694635254958 -0.0015041844047161135 77
1694635254994 -0.0017475902641073127 78
1694635255028 -0.0014235270068614359 79
1694635255061 -0.0011358648594670395 80
1694635255094 -0.001844196909806195 81
1694635255127 -0.0014911499523415639 82
1694635255160 -0.0015412092901680996 83
1694635255192 -0.0015557113576905035 84
1694635255223 -0.00232223812630461 85
1694635255254 -0.001200957517070611 86
1694635255288 -0.0014963137580663588 87
1694635255322 -0.001844423340139345 88
1694635255355 -0.001553209401354172 89
1694635255389 -0.0013611986509032281 90
1694635255421 -0.0012535985790742554 91
1694635255455 -0.0022298444083972413 92
1694635255488 -0.0012747133300696767 93
1694635255521 -0.001041399740046911 94
1694635255553 -0.0023432714830986523 95
1694635255586 -0.0010432419086439104 96
1694635255620 -0.0010361234637343841 97
1694635255654 -0.0019839273231168075 98
1694635255687 -0.0016905208756092804 99
1694635255718 -0.0010491206469960268 100
1694635255751 -0.0017644194089680987 101
1694635255786 -0.0009761018701783808 102
1694635255819 -0.0013165203310459006 103
1694635255852 -0.0017497389484844028 104
1694635255887 -0.0013363516131512654 105
1694635255920 -0.0016336292024801136 106
1694635255955 -0.0011719658870836813 107
1694635255989 -0.0017078702509947252 108
1694635256022 -0.0015569889644027057 109
1694635256053 -0.001231929033216117 110
1694635256090 -0.0017334514851468086 111
1694635256122 -0.0019411787105882983 112
1694635256156 -0.0016876584772649306 113
1694635256189 -0.0018756417252747681 114
1694635256220 -0.0016149503107227847 115
1694635256254 -0.0012201819703412387 116
1694635256287 -0.0011184501638574762 117
1694635256318 -0.002119303634581904 118
1694635256350 -0.0016439015332276874 119
1694635256382 -0.0018752050520818297 120
1694635256413 -0.0015852848453297153 121
1694635256445 -0.0012547518438850158 122
1694635256478 -0.0011928125910320997 123
1694635256511 -0.0021268642026455176 124
1694635256546 -0.0014175788155219582 125
1694635256578 -0.0011686103895405253 126
1694635256609 -0.0012347138125188284 127
1694635256645 -0.0010098975873893412 128
1694635256678 -0.0013096139689363628 129
1694635256710 -0.0015684147388830283 130
1694635256743 -0.0012947624020238635 131
1694635256776 -0.0010044834652969126 132
1694635256808 -0.0015127764456839277 133
1694635256841 -0.0014508601451563852 134
1694635256873 -0.0013935952701205068 135
1694635256907 -0.002059529797495907 136
1694635256940 -0.0014386173685514425 137
1694635256973 -0.001418027872918337 138
1694635257005 -0.0006862588916716206 139
1694635257038 -0.0015076134307763223 140
1694635257072 -0.0014528716456803092 141
1694635257103 -0.0007914671890214553 142
1694635257135 -0.001705028289224586 143
1694635257167 -0.0016182108864639666 144
1694635257198 -0.0018405407201906865 145
1694635257232 -0.0010627046406341822 146
1694635257263 -0.0017929375549328164 147
1694635257298 -0.001218943706696285 148
1694635257332 -0.0015089812143140868 149
1694635257367 -0.0014268541640749532 150
1694635257399 -0.001020756748306706 151
1694635257437 -0.0013810195908547929 152
1694635257481 -0.001070099765132948 153
1694635257518 -0.0018244041021866497 154
1694635257552 -0.0013822438974142592 155
1694635257587 -0.0015792430879033592 156
1694635257618 -0.0017679738821678725 157
1694635257650 -0.0016290965974290472 158
1694635257684 -0.0014549572324267235 159
1694635257715 -0.0012171283138113775 160
1694635257747 -0.0007926096105455027 161
1694635257781 -0.001603461317978061 162
1694635257815 -0.0010872937897923318 163
1694635257851 -0.0015370469347626425 164
1694635257885 -0.0004561781867129522 165
1694635257916 -0.001608526583537051 166
1694635257949 -0.0012380927526378649 167
1694635257985 -0.0012817135858496087 168
1694635258019 -0.0011727306163764606 169
1694635258052 -0.001814248951730546 170
1694635258085 -0.0013728999514168727 171
1694635258118 -0.0013724203987848238 172
1694635258151 -0.0012090081026037147 173
1694635258185 -0.0011838107157955413 174
1694635258219 -0.0019291513276071814 175
1694635258252 -0.0010869452258488455 176
1694635258285 -0.0007880906161217283 177
1694635258320 -0.0011344557594874516 178
1694635258352 -0.0006852524409395322 179
1694635258386 -0.0009552810632857955 180
1694635258419 -0.0016038171203260898 181
1694635258450 -0.0017941322369274815 182
1694635258485 -0.0017084636419428811 183
1694635258521 -0.0017055821491736012 184
1694635258555 -0.0014596018829913238 185
1694635258587 -0.0011088360872135716 186
1694635258620 -0.0015046961607358966 187
1694635258651 -0.0013496049552430556 188
1694635258687 -0.001928394900679642 189
1694635258721 -0.0015157473922458031 190
1694635258758 -0.0011053894230155237 191
1694635258797 -0.00091168212666215 192
1694635258834 -0.001743178590240646 193
1694635258873 -0.0011698245610556324 194
1694635258907 -0.0010725035982559472 195
1694635258940 -0.0014264949587656783 196
1694635258974 -0.0017178916485447449 197
1694635259007 -0.0006211468599186531 198
1694635259038 -0.0013570968225358193 199
1694635259073 -0.0016303292016666138 200
1694635259105 -0.002214733590226725 201
1694635259137 -0.000405685641869713 202
1694635259173 -0.0010529862411092772 203
1694635259206 -0.0015482472361572075 204
1694635259237 -0.0008518460616186996 205
1694635259269 -0.0015391445521986125 206
1694635259302 -0.0013343436196231462 207
1694635259333 -0.0012535863520499735 208
1694635259366 -0.0009761990944494592 209
1694635259399 -0.001120244586190644 210
1694635259430 -0.0016331709078989398 211
1694635259462 -0.0010504598415768118 212
1694635259499 -0.0016698068423708357 213
1694635259531 -0.0015640463319805953 214
1694635259566 -0.0007852012465239255 215
1694635259600 -0.0014312997087566615 216
1694635259632 -0.0015465162084840056 217
1694635259665 -0.0011317908496326634 218
1694635259698 -0.0017978323926253204 219
1694635259729 -0.001614829865672407 220
1694635259763 -0.0012340283331340185 221
1694635259798 -0.0019941071313880343 222
1694635259830 -0.0010621403588932932 223
1694635259864 -0.000515332021547632 224
1694635259898 -0.0019323299613687173 225
1694635259928 -0.0015093492161162292 226
1694635259960 -0.001505770027519615 227
1694635259993 -0.0016837531137257056 228
1694635260028 -0.0015502631212571671 229
1694635260065 -0.0019477172084367833 230
1694635260099 -0.0013617893141373294 231
1694635260131 -0.0015887048125542425 232
1694635260164 -0.0013820853388477605 233
1694635260195 -0.0006431789150278533 234
1694635260231 -0.0009734909873573283 235
1694635260264 -0.0015404053369345583 236
1694635260298 -0.0010161296590580626 237
1694635260328 -0.0010208154836253147 238
1694635260360 -0.0008775824723530334 239
1694635260392 -0.0007335545032076674 240
1694635260426 -0.00031520859579448057 241
1694635260457 -0.0011003946600351977 242
1694635260490 -0.0005755514941259143 243
1694635260524 -0.0005004252917952812 244
1694635260559 -0.0010738551282192255 245
1694635260592 -0.0014106987010860106 246
1694635260622 -0.001116800946985963 247
1694635260654 -0.0017895314500981918 248
1694635260689 -0.0004968931459807813 249
1694635260721 -0.001094633987035909 250
1694635260754 -0.0001920944556170756 251
1694635260787 -0.0014839172017342417 252
1694635260818 -0.0018148784891365288 253
1694635260852 -0.0015134254917978929 254
1694635260886 -0.0010661060212169282 255
1694635260918 -0.0008774594354641341 256
1694635260949 -0.00196988770332851 257
1694635260982 -0.0009430848703606554 258
1694635261017 -0.000777680160442884 259
1694635261049 -0.001204960782343889 260
1694635261084 -0.001676502226335197 261
1694635261117 -0.0016846512723911466 262
1694635261151 -0.0008133363720079778 263
1694635261188 -0.0009690713167547216 264
1694635261220 -0.000746619823617678 265
1694635261255 -0.0011592829445343789 266
1694635261289 -0.000525444532021524 267
1694635261322 -0.0013965250124154949 268
1694635261353 -0.0008823556101320573 269
1694635261387 -0.0011272366697714364 270
1694635261420 -0.0020154136810779377 271
1694635261455 -0.001846513630120894 272
1694635261490 -0.0015056827073245405 273
1694635261524 -0.0017329378107442395 274
1694635261557 -0.0009206085095172512 275
1694635261591 -0.001726138507673003 276
1694635261625 -0.0003731170122007743 277
1694635261658 -0.0006769627448848237 278
1694635261694 -0.001307825003876939 279
1694635261730 -0.0015742068690829392 280
1694635261761 -0.0007884268042783749 281
1694635261794 -0.0002891840056422623 282
1694635261826 -0.0009548535814571935 283
1694635261861 -0.0008217901043598985 284
1694635261893 -0.0012997532587983862 285
1694635261927 -0.0006697297734634677 286
1694635261959 -0.001699444846402498 287
1694635261992 -0.0021842012333068705 288
1694635262025 -0.0008879217081005919 289
1694635262059 -0.001191113107232189 290
1694635262095 -0.0015024359686328648 291
1694635262129 -0.0014494390841188753 292
1694635262162 -0.0011850414786866992 293
1694635262197 -0.0007683307310399901 294
1694635262233 -0.0009792431571205018 295
1694635262265 0.00010698526588370783 296
1694635262297 -0.0016163088764473699 297
1694635262331 -0.0008335553418385988 298
1694635262365 -0.0012386733630014302 299
1694635262397 -0.00016534558385106202 300
1694635262431 -0.002002352410870323 301
1694635262463 -0.0004839195116421724 302
1694635262497 -0.0009084524607729794 303
1694635262534 -0.0002905352819799756 304
1694635262567 -0.0005829109812778288 305
1694635262600 -0.0020345129813506 306
1694635262631 -0.00092719973482569 307
1694635262668 -0.0008343479483372551 308
1694635262702 -0.00044202550219152315 309
1694635262734 -0.0013221769388387372 310
1694635262768 -0.0016797276288211815 311
1694635262803 -0.0008728901086383356 312
1694635262834 -0.000791499749630109 313
1694635262869 0.00011517205979572065 314
1694635262902 -0.0011167778029135267 315
1694635262935 -2.5873262224695992e-05 316
1694635262969 -0.000985632635291278 317
1694635263000 -0.0015188828435321877 318
1694635263032 -0.0006848510507453387 319
1694635263062 -0.0007762649669118549 320
1694635263095 -0.0011580386291507594 321
1694635263130 -1.785361330730595e-05 322
1694635263165 -9.081832122959099e-05 323
1694635263199 -0.0008060314757736275 324
1694635263232 -0.0006895069465535641 325
1694635263263 -0.0004879968820685754 326
1694635263299 0.00011942969798861558 327
1694635263332 -0.0011914351506845389 328
1694635263365 -0.0013637766231515691 329
1694635263397 -0.002171435080849715 330
1694635263428 -0.0004572636575570499 331
1694635263459 -0.0008140459989434135 332
1694635263492 -0.0003324123799337553 333
1694635263525 -0.0007799333624967097 334
1694635263557 -0.0008985889831065741 335
1694635263590 -0.0018674505626623539 336
1694635263626 -0.0004096769759671659 337
1694635263660 -0.0008312991419530125 338
1694635263694 -0.0009905445288629355 339
1694635263727 -0.0011296315606157403 340
1694635263761 -0.0009742875483995661 341
1694635263794 -0.0008746913355581754 342
1694635263826 -0.0005069376321027441 343
1694635263860 -0.0003042700903190809 344
1694635263893 -0.0010618165320919193 345
1694635263925 -0.001335678122938333 346
1694635263958 -0.001226750462129278 347
1694635263990 0.00019646464515776785 348
1694635264024 0.0003899527836117578 349
1694635264057 -0.00036833751397002956 350
1694635264091 -0.0009612769555376044 351
1694635264125 -0.0011661400470925898 352
1694635264159 -0.00010651357444269038 353
1694635264195 0.00014236844547732552 354
1694635264227 -0.0007570895572726055 355
1694635264260 -0.000932469935081448 356
1694635264294 -0.0006378887503069031 357
1694635264330 -0.0002916706506044253 358
1694635264363 -2.5519650862948495e-05 359
1694635264395 -0.0005967477132289289 360
1694635264427 -0.000369999279527633 361
1694635264458 -0.000801121854189013 362
1694635264490 -0.00040196642404999317 363
1694635264524 -0.0009437345517886442 364
1694635264555 0.0004284803463630027 365
1694635264589 -0.0009180794582781537 366
1694635264623 -0.0006909167408890582 367
1694635264656 -0.0010939094485715728 368
1694635264694 0.00021434750708693162 369
1694635264727 -0.0005690591268552314 370
1694635264761 -9.656701983762339e-05 371
1694635264794 0.0003182155197994918 372
1694635264829 -0.0010924001212444523 373
1694635264862 -4.277372590788531e-05 374
1694635264895 -0.001137934403415919 375
1694635264928 -3.012470513041876e-05 376
1694635264960 -0.0008206402747523711 377
1694635264993 -0.00033000466081190005 378
1694635265026 -0.00019353253477372157 379
1694635265057 -0.0003728579763626616 380
1694635265090 -0.000315192794059449 381
1694635265123 0.0007490114826741445 382
1694635265157 -0.001314925191077121 383
1694635265192 -0.0004930019432054511 384
1694635265227 -0.0002591297261362868 385
1694635265258 -0.0006283551088983597 386
1694635265291 -0.0013374952812632568 387
1694635265330 -0.0006877871111345968 388
1694635265378 0.0003998550559644043 389
1694635265416 -0.0006493391363995293 390
1694635265455 0.00010790759929379945 391
1694635265491 0.00039028987003109084 392
1694635265526 -0.0005858011234010085 393
1694635265559 -0.0003857329390359876 394
1694635265592 -0.0009908296367888703 395
1694635265626 -0.0010650825623808036 396
1694635265658 -0.00043873863367149823 397
1694635265691 -0.0006144270013483943 398
1694635265723 -0.00028637737293712995 399
1694635265757 -0.0009812715495463031 400
1694635265790 -0.000709090937289325 401
1694635265824 -0.0005755459405722974 402
1694635265857 0.0005047313714048318 403
1694635265891 -0.0003501730426787031 404
1694635265927 -0.000149572603632242 405
1694635265960 -0.0008118850504961195 406
1694635265993 -0.0007046876411753722 407
1694635266025 -0.0011590300867247993 408
1694635266058 -0.00039353951613230187 409
1694635266092 -0.0012452542752647844 410
1694635266124 -0.0017878059733391627 411
1694635266157 0.0004568598020837644 412
1694635266189 -0.0004375419104911682 413
1694635266222 -0.0012325647979516408 414
1694635266254 -0.0010070811406563962 415
1694635266288 -0.0005600579792055527 416
1694635266322 -0.0006179646676507389 417
1694635266353 -0.0007138228882530573 418
1694635266384 -0.0003019074977148595 419
1694635266416 -0.0006685308386140676 420
1694635266449 -5.026971031596439e-05 421
1694635266479 0.0005291590621036013 422
1694635266519 -0.0009076844354944935 423
1694635266553 0.0004991160251538451 424
1694635266583 -0.0014062728773751587 425
1694635266618 -0.0002645849901476982 426
1694635266649 -0.001113706721313834 427
1694635266681 9.821690564693064e-05 428
1694635266716 0.0001440322258340343 429
1694635266749 0.0004482736732150938 430
1694635266781 -0.0009124573387933044 431
1694635266814 -0.0010564088051847609 432
1694635266847 0.00011260327992779207 433
1694635266886 0.0005165144652580222 434
1694635266926 -0.0009087875657780575 435
1694635266962 0.000273752329610244 436
1694635266994 -0.0001357728798498936 437
1694635267028 0.0003596227598370305 438
1694635267061 0.0003595302670498235 439
1694635267098 -0.0006430675999877788 440
1694635267133 -0.0007267083622366499 441
1694635267167 -0.0001966457424755763 442
1694635267200 5.6744802110597625e-05 443
1694635267234 0.00048797313449122637 444
1694635267265 -0.0009723920556281573 445
1694635267299 -0.0001527749861924832 446
1694635267333 -1.6438766653914527e-05 447
1694635267365 -0.00029424307982717224 448
1694635267398 0.0010864394914636977 449
1694635267430 0.00029701126052006366 450
1694635267463 0.00026120233040738405 451
1694635267501 -0.0011000444007938093 452
1694635267537 0.0008539373890028568 453
1694635267575 -0.0004738067649208144 454
1694635267608 0.0005337672074827715 455
1694635267642 0.000737149694551853 456
1694635267675 -0.0007375083693750284 457
1694635267709 0.00036544813056471614 458
1694635267742 0.0005364909332565837 459
1694635267775 -3.772674338620163e-05 460
1694635267814 4.135495803270217e-05 461
1694635267846 0.00013503456255825608 462
1694635267880 -0.0003840869702178562 463
1694635267916 0.002026649133470726 464
1694635267949 -8.937735930736324e-05 465
1694635267981 0.00033920795597919273 466
1694635268014 0.00022088005957443535 467
1694635268049 -0.0005535750281888685 468
1694635268081 -0.0005101993375482561 469
1694635268115 -0.0009402121855552892 470
1694635268149 -0.0006533916170168297 471
1694635268183 7.858786956693731e-05 472
1694635268218 -0.0014151344155497458 473
1694635268253 0.0010198637403950883 474
1694635268284 -1.150465740318296e-05 475
1694635268318 0.0015148498682419076 476
1694635268353 0.00047919081974712174 477
1694635268384 0.0001221288758064265 478
1694635268417 -0.0008631690839036033 479
1694635268451 -0.0009102129926057412 480
1694635268484 5.345123633149207e-06 481
1694635268518 -0.00047333765829637997 482
1694635268550 0.001318744025239682 483
1694635268586 0.00044528317459913147 484
1694635268620 0.000414489371055482 485
1694635268654 0.0004520606263551663 486
1694635268687 0.0001203951622017474 487
1694635268719 0.0004656629051952299 488
1694635268753 0.0010375661884287624 489
1694635268787 -0.0002397400409188677 490
1694635268820 0.0010909203966441572 491
1694635268853 0.0004892553385026366 492
1694635268885 0.001225803153857008 493
1694635268918 -6.46505404480191e-05 494
1694635268953 0.0006244388939233847 495
1694635268986 0.0011678613982066821 496
1694635269022 -0.0010491769217397806 497
1694635269055 0.00022069434538651844 498
1694635269088 0.0006176103567973046 499
1694635269119 0.0005161220519104281 500
1694635269153 -0.00031676290787041594 501
1694635269187 0.0014414468175585338 502
1694635269220 0.0001476737681256335 503
1694635269251 0.00012781479022827558 504
1694635269284 -0.00027214067083702886 505
1694635269320 0.0005382185766954484 506
1694635269355 -4.931232861205004e-05 507
1694635269388 0.0008693446927584558 508
1694635269423 1.5957020648604825e-05 509
1694635269455 -0.0002730989273120876 510
1694635269488 -0.00044617045255601617 511
1694635269522 1.1539775344959757e-05 512
1694635269558 -0.0004109448029323559 513
1694635269592 -0.00029250450806461714 514
1694635269626 0.0017445533017239612 515
1694635269659 0.001327195038111073 516
1694635269691 -0.0006444320850060858 517
1694635269724 0.002274882696318814 518
1694635269756 5.3894740437376853e-05 519
1694635269790 -0.0001905683108884837 520
1694635269823 0.0006319713914093583 521
1694635269856 -0.00024784470756245014 522
1694635269889 -0.0006112766756363186 523
1694635269921 -0.0003769746871895574 524
1694635269952 0.0008460364162672374 525
1694635269984 0.0002259297448345965 526
1694635270017 -0.00027458404416225157 527
1694635270054 7.359918993143921e-07 528
1694635270089 0.0021453679034454387 529
1694635270124 0.0006814544601785322 530
1694635270157 0.0016569889202250332 531
1694635270190 0.002220815296747558 532
1694635270223 0.0005228683041003102 533
1694635270257 0.0016778705917314118 534
1694635270291 -0.00011000000586425251 535
1694635270324 0.0012612976303573165 536
1694635270358 0.0015639805547161822 537
1694635270390 0.0008913609913032694 538
1694635270422 0.00040110650282232374 539
1694635270454 0.0017776333277966794 540
1694635270489 0.0012114766523902976 541
1694635270521 0.0002452990675229083 542
1694635270553 0.00011340933997860958 543
1694635270586 0.0003808431015772662 544
1694635270622 -4.60720699890782e-05 545
1694635270657 -0.0018661234019685669 546
1694635270691 0.00014570481840492366 547
1694635270723 0.00029625798717092255 548
1694635270756 0.0016477463642959878 549
1694635270789 0.0005867323616173259 550
1694635270823 0.0012816606079877335 551
1694635270855 2.935109271073877e-05 552
1694635270887 0.002222921950604473 553
1694635270920 0.0005711010790919735 554
1694635270953 0.0001570782008988303 555
1694635270987 -1.568102036375585e-05 556
1694635271020 -6.370464325633485e-05 557
1694635271055 0.0016883109845809985 558
1694635271088 0.0011417491363954202 559
1694635271118 0.00071194170935307 560
1694635271151 0.0013064418055450666 561
1694635271184 -0.0002640130701518917 562
1694635271217 0.0008843013581569803 563
1694635271253 0.00035254779769322564 564
1694635271285 0.0011361360582471391 565
1694635271318 0.0007581555183138189 566
1694635271354 -0.000993052683069262 567
1694635271386 0.00045033834176355647 568
1694635271419 0.0013970223378406699 569
1694635271454 0.00225686155113336 570
1694635271487 0.0011246620773877058 571
1694635271519 0.0013790568952216642 572
1694635271554 0.0018375690491190255 573
1694635271589 0.0017950470517384964 574
1694635271622 0.0007075122302439008 575
1694635271656 0.000746052523120655 576
1694635271688 0.001538836680828326 577
1694635271720 0.0012122235843687879 578
1694635271754 0.0011577873624623036 579
1694635271788 0.00044894237181458685 580
1694635271819 0.0019474566077953837 581
1694635271855 0.0015893950890919495 582
1694635271890 0.0011920727680060361 583
1694635271922 0.0006819343610375839 584
1694635271955 0.0010397026590670544 585
1694635271989 0.0009869197238789873 586
1694635272019 0.002150406627505208 587
1694635272052 0.000746482530845638 588
1694635272087 0.000950970677930596 589
1694635272121 0.002344564680209049 590
1694635272155 0.0008586591989796499 591
1694635272188 0.0008928998624136986 592
1694635272221 0.0006742668558550324 593
1694635272254 0.0024738206871810497 594
1694635272289 0.0009089187660559217 595
1694635272322 -0.0004163759833246683 596
1694635272355 0.002027965865059045 597
1694635272387 0.00306908851638954 598
1694635272419 0.0011343425590043532 599
1694635272453 -0.0009952401313493286 600
1694635272489 0.0006569041022460587 601
1694635272522 0.0015191346672871475 602
1694635272553 0.0015748373686302886 603
1694635272586 0.0018384090701863975 604
1694635272619 0.0011771972941688746 605
1694635272652 0.0006291867559143904 606
1694635272684 0.0014108878682641546 607
1694635272716 0.0018218488120536058 608
1694635272748 0.0028051487354825433 609
1694635272781 0.0010189150356706422 610
1694635272814 0.0004553422308261057 611
1694635272849 0.0021702948596385996 612
1694635272881 0.0020677949223822933 613
1694635272915 -0.00016337496534446494 614
1694635272949 0.0018179580891215519 615
1694635272983 0.0021169252227375424 616
1694635273012 0.0012815373546622988 617
1694635273046 0.002164473552585533 618
1694635273082 0.0019862015594837024 619
1694635273115 0.0015397805230876749 620
1694635273145 -0.0002796121267840679 621
1694635273181 0.0015562883534208094 622
1694635273216 0.002278701827883034 623
1694635273249 0.0014888734424979289 624
1694635273284 0.0013190580541297958 625
1694635273319 0.0023222637196940177 626
1694635273353 0.002535539099141282 627
1694635273388 0.0008937985080285094 628
1694635273419 0.001157791078856385 629
1694635273455 0.004184817942798125 630
1694635273489 0.0006108689120425392 631
1694635273522 0.0025378914407865327 632
1694635273554 0.002139788598013337 633
1694635273591 0.0010742764350750722 634
1694635273625 0.0016769651228148996 635
1694635273661 0.0022867253383977992 636
1694635273694 -3.1944993861277027e-06 637
1694635273725 0.0017646664064758788 638
1694635273759 0.0007965659241815359 639
1694635273790 0.0007561372153169765 640
1694635273824 0.0010619341094878498 641
1694635273854 0.002668090094757769 642
1694635273887 0.0023886956001109017 643
1694635273922 0.0033543483173461563 644
1694635273956 0.0002532921933846577 645
1694635273990 0.0029175964873425775 646
1694635274022 0.0016819734297208733 647
1694635274055 0.0022567467067196034 648
1694635274090 0.002282921781038061 649
1694635274121 0.0006624002967992038 650
1694635274155 0.0014626047361026018 651
1694635274188 0.002882935233778583 652
1694635274221 0.0008986848854382057 653
1694635274255 0.0033050773290945745 654
1694635274287 0.002731531338548865 655
1694635274320 0.0002872934277462491 656
1694635274356 0.0015696394066776476 657
1694635274395 0.0017609597911767416 658
1694635274433 0.0020046497251092754 659
1694635274470 0.0007258284310375229 660
1694635274509 0.002512600107271279 661
1694635274544 0.0035636689862534876 662
1694635274578 0.0012908193219217656 663
1694635274611 0.001811659021753953 664
1694635274644 0.0030383887050946523 665
1694635274678 0.0017812750714946146 666
1694635274711 0.0019698500767937333 667
1694635274742 0.0024102271318222623 668
1694635274778 0.002673704993633619 669
1694635274822 0.0007558534784344317 670
1694635274863 0.002010854148536967 671
1694635274903 0.002920478584989228 672
1694635274937 0.003008838275677883 673
1694635274970 0.0033840158833868816 674
1694635275010 0.002784904643635344 675
1694635275046 0.0025128737410102797 676
1694635275083 0.0015150890542315887 677
1694635275114 0.0029345841808753326 678
1694635275145 0.002677296579982613 679
1694635275179 0.002942216260571784 680
1694635275211 0.002795129053408396 681
1694635275243 1.6614362046474263e-05 682
1694635275275 0.003956498466751279 683
1694635275312 0.002256469234100389 684
1694635275346 0.0013746555296668683 685
1694635275385 0.0030695155108659833 686
1694635275421 0.0030326148942361186 687
1694635275456 0.0022563160294257756 688
1694635275494 0.0022215662123353797 689
1694635275525 0.0027143741654964693 690
1694635275558 0.003151327889809208 691
1694635275588 0.0035987331376511333 692
1694635275620 0.002582466274621442 693
1694635275654 0.002591964272722569 694
1694635275688 0.001098870882853764 695
1694635275718 0.002126552351839117 696
1694635275749 0.0016073617691670927 697
1694635275783 0.003323417573615317 698
1694635275817 0.004900968268155448 699
1694635275850 0.0007215706287380108 700
1694635275886 0.0016898358610719644 701
1694635275918 0.003328068402443707 702
1694635275952 0.002407174731655415 703
1694635275983 0.0015943972954848284 704
1694635276017 0.0027429730824664045 705
1694635276051 0.0029026002815629726 706
1694635276085 0.0023339303528873145 707
1694635276118 0.003133259266853372 708
1694635276153 0.00513572751727831 709
1694635276192 0.003040207558970609 710
1694635276229 0.0032937519464107945 711
1694635276271 0.00325692845565162 712
1694635276308 0.003993846941651391 713
1694635276340 0.004855846376576878 714
1694635276374 0.004485146187320099 715
1694635276409 0.005210455813267845 716
1694635276442 0.002841486285848127 717
1694635276479 0.005917642813712876 718
1694635276510 0.004433167480713096 719
1694635276544 0.004258648150807898 720
1694635276577 0.002841693223950892 721
1694635276674 0.00455354781927686 722
1694635276708 0.0037006295909600695 723
1694635276739 0.004426787166087909 724
1694635276774 0.005431620491623157 725
1694635276806 0.004452142277270421 726
1694635276838 0.003879464190644888 727
1694635276871 0.0023073124008491375 728
1694635276904 0.004636407827363298 729
1694635276936 0.004387662318423136 730
1694635276971 0.005202785862831849 731
1694635277002 0.0011178582112909563 732
1694635277035 0.003435991493878854 733
1694635277068 0.002914767208492597 734
1694635277102 0.003108024499630102 735
1694635277136 0.0028729177502979653 736
1694635277170 0.002488895154471038 737
1694635277203 0.003835159913484154 738
1694635277242 0.003973433705909968 739
1694635277282 0.002069383863395613 740
1694635277319 0.003442458738159737 741
1694635277356 0.0030049460733083677 742
1694635277391 0.0024932189243115355 743
1694635277426 0.0030241092884104592 744
1694635277458 0.003281923836465195 745
1694635277494 0.0025567342488405087 746
1694635277526 0.003271332011409167 747
1694635277558 0.0033418015204594864 748
1694635277591 0.0021561817981020637 749
1694635277630 0.0031896892178300273 750
1694635277666 0.003911814111885681 751
1694635277698 0.0031065204124491874 752
1694635277731 0.004231156410479997 753
1694635277764 0.00595163906748386 754
1694635277796 0.0023933464371931334 755
1694635277828 0.004616915167382052 756
1694635277861 0.0037925157661692355 757
1694635277894 0.0023469389768112636 758
1694635277925 0.003106961225246896 759
1694635277956 0.004054576872219773 760
1694635277988 0.004189958946652861 761
1694635278022 0.0055807832724299455 762
1694635278052 0.004952740087546537 763
1694635278088 0.003342896959168118 764
1694635278120 0.004377971348527132 765
1694635278152 0.0051550094939264435 766
1694635278187 0.00417013173768066 767
1694635278222 0.00480400094581257 768
1694635278253 0.002334594584614491 769
1694635278286 0.0031595933700796497 770
1694635278318 0.0019378498356784624 771
1694635278353 0.005771557683149298 772
1694635278387 0.0017551278059949604 773
1694635278425 0.0035899465689763765 774
1694635278462 0.003715386623681982 775
1694635278503 0.004208819109772666 776
1694635278540 0.006617696739924295 777
1694635278574 0.003957767595742845 778
1694635278606 0.003074872534812756 779
1694635278637 0.004933515957324941 780
1694635278669 0.004535980998971234 781
1694635278701 0.004099206543873302 782
1694635278733 0.0028834933399247697 783
1694635278768 0.003969128683986356 784
1694635278803 0.0035745644413820443 785
1694635278840 0.004363208758107695 786
1694635278881 0.004628983346337101 787
1694635278920 0.0024521397398069578 788
1694635278955 0.001468730989641176 789
1694635278988 0.005021878101815758 790
1694635279020 0.0048850179230164326 791
1694635279052 0.002942843372629067 792
1694635279087 0.005083737621251361 793
1694635279121 0.00324990407630954 794
1694635279154 0.004903231319733026 795
1694635279189 0.004375382789157389 796
1694635279222 0.00522018744432351 797
1694635279254 0.0037156142020604577 798
1694635279285 0.0054551965315039475 799
1694635279321 0.006917039106389744 800
1694635279353 0.004997062941952901 801
1694635279385 0.0030579100705558915 802
1694635279417 0.00503431077302241 803
1694635279449 0.006884084072047658 804
1694635279485 0.006323741384475334 805
1694635279519 0.005740316477171992 806
1694635279552 0.005698532339088902 807
1694635279587 0.003401035931604568 808
1694635279620 0.004975859848034725 809
1694635279652 0.006153216763709168 810
1694635279684 0.005406599847546434 811
1694635279718 0.004132738032716077 812
1694635279749 0.0041516512636988745 813
1694635279780 0.004509158977142214 814
1694635279812 0.007181174770348631 815
1694635279844 0.005351073213322399 816
1694635279876 0.0037117298369916396 817
1694635279909 0.004435215080058064 818
1694635279940 0.004017586872964496 819
1694635279974 0.005559952329175832 820
1694635280008 0.005247282532681585 821
1694635280040 0.005233031493509177 822
1694635280073 0.005281592692500059 823
1694635280106 0.0035921154684246392 824
1694635280139 0.005059013934969436 825
1694635280173 0.0017227291507990738 826
1694635280208 0.004363554958103699 827
1694635280240 0.005580268750736472 828
1694635280274 0.007385521459177591 829
1694635280310 0.005372283826676538 830
1694635280344 0.005619879022481622 831
1694635280377 0.004971058782989757 832
1694635280412 0.006489928450050475 833
1694635280444 0.006537063339743465 834
1694635280476 0.006456651337215069 835
1694635280509 0.004352764252788299 836
1694635280543 0.005659802382269041 837
1694635280578 0.005239560230945295 838
1694635280613 0.006052048502467433 839
1694635280648 0.006229718842727938 840
1694635280678 0.005794586955579439 841
1694635280716 0.004983663919718051 842
1694635280747 0.0060400056779109645 843
1694635280779 0.006951833101373706 844
1694635280811 0.0055128036181710804 845
1694635280845 0.005532539541378001 846
1694635280877 0.004542675964197107 847
1694635280910 0.006326022557367361 848
1694635280943 0.0057764192263953795 849
1694635280976 0.00554148365699636 850
1694635281011 0.0065848202391531885 851
1694635281043 0.0060787145595252445 852
1694635281079 0.005739109586428648 853
1694635281111 0.0041370904267571396 854
1694635281143 0.004533835662847374 855
1694635281178 0.006303020130573933 856
1694635281210 0.005445446033586765 857
1694635281244 0.006131637414847346 858
1694635281276 0.007006633748875668 859
1694635281309 0.005242048517878128 860
1694635281341 0.008187640165181365 861
1694635281373 0.0037650978431091886 862
1694635281406 0.004761839411629887 863
1694635281436 0.006606827528328751 864
1694635281469 0.008036658383292816 865
1694635281504 0.005068314736117019 866
1694635281537 0.004654723392760851 867
1694635281569 0.004522957689502283 868
1694635281601 0.00957780306492495 869
1694635281635 0.00932155356157538 870
1694635281666 0.006217611252987143 871
1694635281699 0.004386999828752458 872
1694635281732 0.00810977034878757 873
1694635281766 0.00704676405958049 874
1694635281795 0.005500051240403203 875
1694635281829 0.0074174032697342795 876
1694635281861 0.005931504928225917 877
1694635281894 0.006715074035045898 878
1694635281925 0.007009912974042076 879
1694635281956 0.00717003008898387 880
1694635281988 0.007070662488399715 881
1694635282025 0.007389310254860781 882
1694635282055 0.007277433414782264 883
1694635282087 0.009683166368105844 884
1694635282118 0.00492559574762641 885
1694635282150 0.008256438001314481 886
1694635282182 0.0049009585950571255 887
1694635282212 0.00700422070904827 888
1694635282245 0.008071991640681953 889
1694635282280 0.007590768769809464 890
1694635282313 0.009149757923889168 891
1694635282347 0.009475910878370741 892
1694635282377 0.007130669675977641 893
1694635282409 0.007998771443644248 894
1694635282442 0.008796091481696133 895
1694635282475 0.004200136283331712 896
1694635282510 0.00690856567994802 897
1694635282544 0.011432881507994042 898
1694635282578 0.006812217651381625 899
1694635282611 0.006299476777319346 900
1694635282646 0.004943670313360071 901
1694635282680 0.006617988118701845 902
1694635282712 0.005311523068724511 903
1694635282745 0.0034628958949975974 904
1694635282779 0.005467520520506475 905
1694635282815 0.007484896942033914 906
1694635282845 0.008818225734968377 907
1694635282878 0.00748521832325022 908
1694635282912 0.0062279079393564585 909
1694635282948 0.0060692042089016685 910
1694635282978 0.0050443460851722355 911
1694635283011 0.005019716888316372 912
1694635283043 0.006871992134952487 913
1694635283078 0.006180521922059867 914
1694635283115 0.0068221222927401515 915
1694635283152 0.008182992839510406 916
1694635283187 0.008123368237764494 917
1694635283220 0.006054268462198031 918
1694635283253 0.005103813830603654 919
1694635283286 0.005680271031373474 920
1694635283320 0.009569245560884232 921
1694635283353 0.01005756453319362 922
1694635283385 0.007843324891894432 923
1694635283419 0.008697808858263323 924
1694635283453 0.0068233244514402935 925
1694635283485 0.008956166209443395 926
1694635283520 0.003361530764321885 927
1694635283555 0.008313663510750469 928
1694635283587 0.006754846568159167 929
1694635283621 0.005549899288569082 930
1694635283654 0.008220049529529372 931
1694635283687 0.00685199810972259 932
1694635283723 0.0094270866834264 933
1694635283756 0.009620595803320642 934
1694635283786 0.008633214622744578 935
1694635283818 0.011076682448099673 936
1694635283851 0.008077852294646304 937
1694635283884 0.008266385354449235 938
1694635283920 0.0065226890039828955 939
1694635283953 0.00694582270418409 940
1694635283984 0.011805367162597835 941
1694635284017 0.00749939673874489 942
1694635284052 0.010109468044489311 943
1694635284088 0.008615472734185836 944
1694635284124 0.010165815419350466 945
1694635284159 0.01234888559310221 946
1694635284192 0.00798690539570901 947
1694635284224 0.006535810405348452 948
1694635284257 0.007667550745815377 949
1694635284291 0.008996789194074428 950
1694635284324 0.008451004629739245 951
1694635284356 0.008078224707689152 952
1694635284386 0.006428561313711834 953
1694635284420 0.009375805141801363 954
1694635284454 0.008194572468410044 955
1694635284487 0.007682930465323867 956
1694635284520 0.00819870007528456 957
1694635284553 0.009699200218441173 958
1694635284584 0.008247150909902912 959
1694635284615 0.009609879460740656 960
1694635284648 0.008874608638093417 961
1694635284678 0.01028542362268392 962
1694635284712 0.0073856493023003456 963
1694635284747 0.008972419267236798 964
1694635284778 0.00800720971734925 965
1694635284810 0.00614473587198916 966
1694635284842 0.01057765411759748 967
1694635284875 0.007331399357180635 968
1694635284907 0.007841802274579313 969
1694635284941 0.0069456092372318645 970
1694635284980 0.010007343142522829 971
1694635285019 0.01324857924647671 972
1694635285053 0.00961420120152301 973
1694635285087 0.007803391201542387 974
1694635285120 0.009525173045191404 975
1694635285155 0.009590101853431232 976
1694635285188 0.009014447065726627 977
1694635285222 0.009969982320306214 978
1694635285254 0.0077552453771496666 979
1694635285286 0.008310749872595058 980
1694635285319 0.008552611485307393 981
1694635285353 0.009903674646652538 982
1694635285386 0.011495777407352636 983
1694635285418 0.011503408429795359 984
1694635285452 0.007480931891486575 985
1694635285483 0.008940926235622482 986
1694635285518 0.009589223552003756 987
1694635285550 0.009906810077579542 988
1694635285580 0.010801078346582949 989
1694635285612 0.007859148035163188 990
1694635285642 0.012717058304321016 991
1694635285677 0.00743312353668224 992
1694635285710 0.009699465271696295 993
1694635285743 0.008690089223713726 994
1694635285774 0.010090201116911834 995
1694635285806 0.01201751906898929 996
1694635285842 0.011272070342520757 997
1694635285874 0.010073824240098062 998
1694635285907 0.012155352094619376 999
