1694640427802 100.0552954530408 0
1694640428524 57.41013346710537 1
1694640429228 30.1862045551356 2
1694640429817 22.317426283023522 3
1694640430547 5.722460352578967 4
1694640431222 6.002134420870091 5
1694640431967 4.337648507926081 6
1694640432592 1.0891460259644747 7
1694640433232 2.8593056530464027 8
1694640433841 0.2784263089769527 9
1694640434425 0.5351633090617437 10
1694640435067 0.44611229786215506 11
1694640435697 0.0366657956635079 12
1694640436227 0.10609457924253214 13
1694640436864 0.25638657735530707 14
1694640437439 0.054063473198008326 15
1694640438049 0.16724816437991427 16
1694640438637 0.115558345131685 17
1694640439233 0.0965966033930409 18
1694640439839 0.01401031401247263 19
1694640440506 0.15665197259920313 20
1694640441024 0.12605345549957062 21
1694640441543 0.0003159442878339556 22
1694640442190 0.136723213848714 23
1694640442817 0.12555232454438436 24
1694640443425 0.007756810684363429 25
1694640444015 0.004677361924431219 26
1694640444586 0.0029592846457014233 27
1694640445232 0.027627178488931543 28
1694640445880 0.07753957207116394 29
1694640446493 0.04872042527515083 30
1694640447075 0.006011712716298158 31
1694640447685 0.18748104619096953 32
1694640448253 0.015837215558295162 33
1694640448844 0.04283649494024902 34
1694640449426 0.04629291872672845 35
1694640449985 0.0016408907176764134 36
1694640450572 0.16292435962074944 37
1694640451153 0.06439030780199477 38
1694640451788 0.07616190143987045 39
1694640452380 0.0009600552291022646 40
1694640452959 0.3308383616561842 41
1694640453591 0.5647852697921262 42
1694640454167 0.12248927171780173 43
