1694620512934 177.65304955025525 0
1694620512983 173.9196826597608 1
1694620513027 170.28483244760457 2
1694620513067 166.74360835861498 3
1694620513141 163.2915716857028 4
1694620513212 159.92468367710205 5
1694620513268 156.63925986788198 6
1694620513307 153.43192988360443 7
1694620513349 150.29960205499955 8
1694620513394 147.2394322625164 9
1694620513439 144.2487964999114 10
1694620513484 141.32526670783605 11
1694620513531 138.46658948270544 12
1694620513569 135.6706673138758 13
1694620513599 132.93554204412925 14
1694620513629 130.25938028535387 15
1694620513662 127.64046055373478 16
1694620513698 125.07716191727447 17
1694620513736 122.5679539735146 18
1694620513777 120.11138799735448 19
1694620513814 117.70608911821886 20
1694620513846 115.35074940284335 21
1694620513871 113.04412173490282 22
1694620513896 110.78501439585423 23
1694620513923 108.57228626292334 24
1694620513948 106.40484255032172 25
1694620513976 104.28163102870981 26
1694620514001 102.20163866577185 27
1694620514025 100.16388863766639 28
1694620514051 98.16743766718216 29
1694620514078 96.21137364975951 30
1694620514113 94.29481353322406 31
1694620514146 92.416901421199 32
1694620514175 90.57680687378289 33
1694620514202 88.7737233822641 34
1694620514232 87.00686699744048 35
1694620514263 85.27547509357287 36
1694620514291 83.57880525216429 37
1694620514322 81.91613425165637 38
1694620514350 80.2867571508073 39
1694620514378 78.68998645498323 40
1694620514407 77.12515135588808 41
1694620514435 75.59159703639156 42
1694620514463 74.08868403311328 43
1694620514491 72.61578765029964 44
1694620514520 71.17229741930082 45
1694620514546 69.75761659863439 46
1694620514575 68.37116171021859 47
1694620514606 67.01236210788313 48
1694620514633 65.68065957472619 49
1694620514659 64.37550794629273 50
1694620514700 63.0963727569055 51
1694620514728 61.84273090679433 52
1694620514757 60.614070347944924 53
1694620514786 59.409889786831506 54
1694620514821 58.229698402411174 55
1694620514853 57.07301557794552 56
1694620514880 55.93937064538083 57
1694620514908 54.82830264116323 58
1694620514940 53.73936007249349 59
1694620514969 52.67210069313872 60
1694620514996 51.62609128801784 61
1694620515025 50.60090746586422 62
1694620515051 49.596133459346845 63
1694620515079 48.61136193209837 64
1694620515111 47.64619379215864 65
1694620515154 46.70023801139448 66
1694620515196 45.77311145050334 67
1694620515236 44.86443868924905 68
1694620515267 43.97385186161402 69
1694620515298 43.10099049558437 70
1694620515328 42.24550135731223 71
1694620515355 41.407038299424514 72
1694620515382 40.58526211326956 73
1694620515410 39.77984038491195 74
1694620515439 38.99044735470376 75
1694620515470 38.21676378027492 76
1694620515505 37.45847680279958 77
1694620515552 36.715279816406806 78
1694620515591 35.98687234061483 79
1694620515618 35.27295989567749 80
1694620515647 34.57325388073984 81
1694620515675 33.88747145470746 82
1694620515702 33.215335419740704 83
1694620515729 32.55657410729096 84
1694620515759 31.910921266601548 85
1694620515789 31.278115955600402 86
1694620515819 30.65790243411643 87
1694620515856 30.050030059354647 88
1694620515901 29.454253183569417 89
1694620515945 28.87033105387767 90
1694620515988 28.298027714157303 91
1694620516027 27.73711190897799 92
1694620516062 27.187356989514907 93
1694620516097 26.648540821396818 94
1694620516137 26.120445694443127 95
1694620516175 25.60285823424541 96
1694620516213 25.09556931555119 97
1694620516257 24.598373977408958 98
1694620516297 24.1110713400349 99
1694620516329 23.633464523363187 100
1694620516359 23.16536056724293 101
1694620516395 22.70657035324598 102
1694620516426 22.256908528050754 103
1694620516457 21.816193428368504 104
1694620516490 21.384247007379233 105
1694620516535 20.960894762645346 106
1694620516563 20.54596566547209 107
1694620516589 20.1392920916846 108
1694620516618 19.740709753791958 109
1694620516644 19.35005763450986 110
1694620516675 18.96717792161359 111
1694620516719 18.591915944094154 112
1694620516768 18.224120109590885 113
1694620516802 17.863641843074348 114
1694620516842 17.51033552675425 115
1694620516875 17.164058441187304 116
1694620516906 16.824670707560767 117
1694620516935 16.492035231127975 118
1694620516966 16.16601764577236 119
1694620516993 15.84648625967739 120
1694620517020 15.533312002080088 121
1694620517045 15.226368371086206 122
1694620517071 14.92553138252596 123
1694620517099 14.63067951982913 124
1694620517130 14.341693684899294 125
1694620517159 14.058457149967092 126
1694620517190 13.780855510402848 127
1694620517221 13.508776638469453 128
1694620517247 13.242110637996577 129
1694620517277 12.980749799957833 130
1694620517305 12.724588558932918 131
1694620517336 12.473523450436849 132
1694620517367 12.2274530690992 133
1694620517394 11.98627802767615 134
1694620517422 11.749900916878959 135
1694620517450 11.518226266002308 136
1694620517477 11.291160504336748 137
1694620517505 11.068611923349497 138
1694620517535 10.850490639618378 139
1694620517565 10.636708558503742 140
1694620517601 10.427179338543734 141
1694620517630 10.221818356558483 142
1694620517661 10.020542673449095 143
1694620517690 9.823271000677535 144
1694620517715 9.629923667413925 145
1694620517747 9.440422588337874 146
1694620517775 9.254691232080845 147
1694620517802 9.072654590296821 148
1694620517828 8.894239147348658 149
1694620517854 8.719372850597985 150
1694620517881 8.547985081286484 151
1694620517909 8.38000662599693 152
1694620517936 8.215369648682342 153
1694620517966 8.054007663251873 154
1694620518001 7.895855506702562 155
1694620518034 7.740849312785834 156
1694620518068 7.588926486198261 157
1694620518098 7.440025677286072 158
1694620518125 7.294086757253219 159
1694620518151 7.151050793862958 160
1694620518180 7.010860027623062 161
1694620518207 6.873457848445164 162
1694620518232 6.738788772768674 163
1694620518259 6.606798421140028 164
1694620518294 6.477433496238302 165
1694620518347 6.3506417613381805 166
1694620518410 6.2263720192016745 167
1694620518453 6.104574091389945 168
1694620518547 5.985198797986988 169
1694620518649 5.868197937726878 170
1694620518705 5.753524268516596 171
1694620518762 5.641131488346554 172
1694620518804 5.530974216581086 173
1694620518845 5.423007975621346 174
1694620518884 5.317189172933178 175
1694620518927 5.213475083432766 176
1694620518969 5.111823832222847 177
1694620519009 5.012194377672556 178
1694620519053 4.914546494834068 179
1694620519098 4.818840759189315 180
1694620519142 4.72503853072021 181
1694620519184 4.633101938295937 182
1694620519227 4.542993864371008 183
1694620519268 4.454677929987875 184
1694620519299 4.368118480078076 185
1694620519327 4.283280569055915 186
1694620519354 4.200129946698903 187
1694620519382 4.118633044309222 188
1694620519411 4.038756961150644 189
1694620519440 3.960469451155356 190
1694620519470 3.8837389098954627 191
1694620519501 3.808534361813689 192
1694620519532 3.734825447708319 193
1694620519561 3.6625824124671906 194
1694620519587 3.591776093045837 195
1694620519613 3.5223779066848966 196
1694620519641 3.454359839362043 197
1694620519671 3.3876944344737496 198
1694620519701 3.3223547817423293 199
1694620519730 3.258314506343749 200
1694620519756 3.1955477582518514 201
1694620519780 3.1340292017946445 202
1694620519806 3.073734005418456 203
1694620519834 3.0146378316557993 204
1694620519861 2.9567168272929365 205
1694620519888 2.8999476137331044 206
1694620519922 2.8443072775515534 207
1694620519950 2.7897733612385514 208
1694620519985 2.736323854126661 209
1694620520021 2.6839371834985375 210
1694620520062 2.6325922058717515 211
1694620520123 2.5822681984570295 212
1694620520186 2.5329448507865235 213
1694620520228 2.484602256508678 214
1694620520263 2.4372209053464 215
1694620520309 2.390781675215293 216
1694620520345 2.3452658244987465 217
1694620520386 2.3006549844767687 218
1694620520421 2.256931151905502 219
1694620520462 2.214076681744415 220
1694620520526 2.172074280028254 221
1694620520584 2.1309069968808423 222
1694620520629 2.0905582196679178 223
1694620520731 2.05101166628626 224
1694620520818 2.0122513785863547 225
1694620520901 1.9742617159259617 226
1694620520962 1.9370273488519978 227
1694620521071 1.9005332529081294 228
1694620521383 1.8647647025656426 229
1694620521541 1.8297072652750612 230
1694620521605 1.7953467956361628 231
1694620521651 1.7616694296840296 232
1694620521699 1.7286615792888003 233
1694620521767 1.6963099266668797 234
1694620521823 1.6646014190013758 235
1694620521898 1.6335232631696222 236
1694620521946 1.6030629205756004 237
1694620522019 1.573208102085211 238
1694620522080 1.5439467630623465 239
1694620522139 1.5152670985037466 240
1694620522191 1.4871575382706832 241
1694620522258 1.4596067424155128 242
1694620522312 1.4326035966012798 243
1694620522353 1.4061372076124254 244
1694620522404 1.380196898954876 245
1694620522478 1.3547722065436743 246
1694620522559 1.3298528744764255 247
1694620522594 1.3054288508908736 248
1694620522626 1.2814902839049014 249
1694620522660 1.2580275176373241 250
1694620522694 1.2350310883078854 251
1694620522724 1.212491720414855 252
1694620522757 1.1904003229886895 253
1694620522788 1.1687479859202647 254
1694620522829 1.1475259763621635 255
1694620522873 1.1267257352015774 256
1694620522919 1.1063388736034079 257
1694620522973 1.0863571696221574 258
1694620523011 1.066772564881245 259
1694620523043 1.047577161318402 260
1694620523071 1.0287632179958335 261
1694620523098 1.0103231479738617 262
1694620523127 0.9922495152467822 263
1694620523160 0.9745350317396945 264
1694620523204 0.9571725543651057 265
1694620523265 0.9401550821380871 266
1694620523326 0.9234757533488633 267
1694620523373 0.9071278427916422 268
1694620523420 0.8911047590486115 269
1694620523470 0.8754000418279669 270
1694620523512 0.8600073593549235 271
1694620523560 0.8449205058146368 272
1694620523606 0.8301333988460159 273
1694620523647 0.8156400770854063 274
1694620523688 0.8014346977591451 275
1694620523731 0.7875115343240306 276
1694620523782 0.7738649741547411 277
1694620523821 0.7604895162772851 278
1694620523883 0.7473797691475305 279
1694620523944 0.7345304484739542 280
1694620524015 0.7219363750837231 281
1694620524065 0.7095924728312218 282
1694620524115 0.6974937665482124 283
1694620524160 0.6856353800347742 284
1694620524202 0.6740125340902314 285
1694620524239 0.6626205445832526 286
1694620524272 0.6514548205603629 287
1694620524306 0.6405108623920883 288
1694620524334 0.6297842599559934 289
1694620524362 0.619270690855868 290
1694620524392 0.6089659186763561 291
1694620524422 0.5988657912723157 292
1694620524458 0.5889662390922077 293
1694620524495 0.5792632735348652 294
1694620524534 0.569752985338938 295
1694620524568 0.5604315430044048 296
1694620524601 0.5512951912454838 297
1694620524629 0.5423402494743318 298
1694620524660 0.533563110314911 299
1694620524693 0.5249602381464277 300
1694620524722 0.5165281676757656 301
1694620524754 0.508263502538301 302
1694620524784 0.5001629139265892 303
1694620524819 0.4922231392463084 304
1694620524851 0.4844409807989668 305
1694620524888 0.4768133044908156 306
1694620524922 0.46933703856744957 307
1694620524949 0.4620091723735898 308
1694620524976 0.45482675513753823 309
1694620525006 0.4477868947798285 310
1694620525038 0.4408867567455733 311
1694620525071 0.4341235628600433 312
1694620525102 0.4274945902070293 313
1694620525134 0.42099717002951426 314
1694620525170 0.4146286866522152 315
1694620525206 0.4083865764255694 316
1694620525234 0.40226832669073287 317
1694620525263 0.39627147476517377 318
1694620525302 0.39039360694843855 319
1694620525359 0.38463235754771596 320
1694620525400 0.37898540792278224 321
1694620525439 0.3734504855499471 322
1694620525472 0.36802536310462314 323
1694620525522 0.3627078575621611 324
1694620525580 0.35749582931656176 325
1694620525637 0.35238718131672847 326
1694620525690 0.34737985821990813 327
1694620525737 0.342471845561969 328
1694620525775 0.3376611689441972 329
1694620525811 0.33294589323626284 330
1694620525852 0.32832412179504894 331
1694620525890 0.3237939956990268 332
1694620525931 0.3193536929978561 333
1694620525970 0.3150014279769235 334
1694620526010 0.31073545043651096 335
1694620526059 0.30655404498529976 336
1694620526111 0.3024555303479462 337
1694620526163 0.29843825868641655 338
1694620526208 0.29450061493483676 339
1694620526261 0.29064101614757365 340
1694620526314 0.2868579108602809 341
1694620526359 0.2831497784636686 342
1694620526403 0.2795151285897171 343
1694620526435 0.275952500510118 344
1694620526466 0.27246046254667516 345
1694620526501 0.269037611493435 346
1694620526532 0.2656825720503222 347
1694620526562 0.26239399626803345 348
1694620526592 0.25917056300398156 349
1694620526621 0.25601097738906187 350
1694620526651 0.25291397030502866 351
1694620526681 0.2498782978722688 352
1694620526711 0.24690274094776654 353
1694620526753 0.24398610463305362 354
1694620526782 0.2411272177919539 355
1694620526810 0.23832493257791765 356
1694620526840 0.2355781239707645 357
1694620526864 0.23288568932263776 358
1694620526890 0.23024654791299567 359
1694620526916 0.22765964051245258 360
1694620526944 0.225123928955302 361
1694620526975 0.22263839572054198 362
1694620527006 0.22020204352123288 363
1694620527035 0.21781389490202996 364
1694620527063 0.21547299184471777 365
1694620527090 0.21317839538159997 366
1694620527118 0.2109291852165679 367
1694620527151 0.20872445935372247 368
1694620527176 0.20656333373337085 369
1694620527205 0.20444494187527926 370
1694620527235 0.20236843452900422 371
1694620527268 0.20033297933120015 372
1694620527298 0.19833776046972912 373
1694620527329 0.1963819783544616 374
1694620527364 0.19446484929462074 375
1694620527397 0.19258560518255208 376
1694620527431 0.19074349318377778 377
1694620527464 0.18893777543321894 378
1694620527498 0.18716772873746193 379
1694620527529 0.1854326442829501 380
1694620527561 0.18373182734997398 381
1694620527593 0.1820645970323589 382
1694620527625 0.1804302859627211 383
1694620527654 0.17882824004319664 384
1694620527683 0.1772578181815243 385
1694620527712 0.17571839203237424 386
1694620527748 0.17420934574383126 387
1694620527791 0.17273007570891283 388
1694620527832 0.1712799903220364 389
1694620527876 0.16985850974032557 390
1694620527911 0.16846506564967212 391
1694620527953 0.16709910103544232 392
1694620527994 0.16576006995775308 393
1694620528034 0.16444743733121275 394
1694620528072 0.1631606787090466 395
1694620528111 0.16189928007151433 396
1694620528145 0.16066273761854002 397
1694620528180 0.15945055756646145 398
1694620528210 0.1582622559488284 399
1694620528241 0.15709735842116054 400
1694620528271 0.15595540006958794 401
1694620528306 0.15483592522330206 402
1694620528337 0.15373848727073292 403
1694620528364 0.15266264847938685 404
1694620528394 0.15160797981926472 405
1694620528431 0.1505740607897952 406
1694620528476 0.14956047925020938 407
1694620528511 0.14856683125328932 408
1694620528550 0.14759272088242542 409
1694620528591 0.1466377600919104 410
1694620528627 0.14570156855041652 411
1694620528664 0.14478377348758178 412
1694620528712 0.14388400954364783 413
1694620528760 0.14300191862209197 414
1694620528801 0.14213714974518527 415
1694620528837 0.14128935891243014 416
1694620528877 0.1404582089618083 417
1694620528911 0.13964336943379016 418
1694620528939 0.13884451643805285 419
1694620528966 0.13806133252284258 420
1694620528994 0.13729350654694047 421
1694620529021 0.1365407335541745 422
1694620529049 0.13580271465042668 423
1694620529077 0.13507915688308456 424
1694620529109 0.13436977312289414 425
1694620529140 0.13367428194816122 426
1694620529167 0.13299240753125535 427
1694620529195 0.1323238795273719 428
1694620529224 0.13166843296550604 429
1694620529261 0.13102580814159734 430
1694620529298 0.13039575051379543 431
1694620529333 0.12977801059981464 432
1694620529372 0.1291723438763237 433
1694620529409 0.12857851068034332 434
1694620529438 0.12799627611259887 435
1694620529467 0.12742540994279872 436
1694620529510 0.12686568651679633 437
1694620529554 0.12631688466559818 438
1694620529594 0.12577878761618017 439
1694620529634 0.12525118290408066 440
1694620529671 0.12473386228773074 441
1694620529705 0.12422662166448606 442
1694620529737 0.12372926098833284 443
1694620529766 0.12324158418922732 444
1694620529793 0.12276339909404073 445
1694620529821 0.12229451734907684 446
1694620529849 0.12183475434413046 447
1694620529877 0.12138392913805414 448
1694620529909 0.12094186438580916 449
1694620529946 0.12050838626696478 450
1694620529982 0.12008332441561807 451
1694620530018 0.11966651185171255 452
1694620530052 0.11925778491371604 453
1694620530081 0.11885698319264461 454
1694620530107 0.11846394946739189 455
1694620530142 0.11807852964134923 456
1694620530176 0.11770057268028568 457
1694620530211 0.11732993055145942 458
1694620530245 0.11696645816394582 459
1694620530279 0.11661001331014871 460
1694620530310 0.11626045660847559 461
1694620530344 0.11591765144715332 462
1694620530375 0.11558146392915963 463
1694620530403 0.11525176281825243 464
1694620530436 0.1149284194860701 465
1694620530468 0.11461130786028445 466
1694620530499 0.11430030437378548 467
1694620530528 0.11399528791487562 468
1694620530557 0.1136961397784551 469
1694620530591 0.11340274361817812 470
1694620530626 0.11311498539956004 471
1694620530660 0.11283275335401696 472
1694620530691 0.11255593793381931 473
1694620530720 0.1122844317679435 474
1694620530753 0.11201812961879706 475
1694620530786 0.11175692833980841 476
1694620530818 0.11150072683385728 477
1694620530854 0.1112494260125337 478
1694620530890 0.11100292875620586 479
1694620530923 0.11076113987488302 480
1694620530960 0.1105239660698556 481
1694620530994 0.11029131589609857 482
1694620531024 0.11006309972542272 483
1694620531054 0.10983922971035914 484
1694620531088 0.10961961974876 485
1694620531125 0.10940418544910492 486
1694620531162 0.10919284409649702 487
1694620531192 0.10898551461933419 488
1694620531223 0.10878211755664365 489
1694620531254 0.10858257502606758 490
1694620531284 0.10838681069248184 491
1694620531314 0.10819474973724162 492
1694620531345 0.10800631882803792 493
1694620531375 0.10782144608935271 494
1694620531404 0.10764006107350317 495
1694620531434 0.10746209473225815 496
1694620531465 0.10728747938902422 497
1694620531496 0.10711614871157983 498
1694620531523 0.10694803768535495 499
1694620531556 0.1067830825872398 500
1694620531585 0.1066212209599162 501
1694620531617 0.10646239158669776 502
1694620531645 0.10630653446687156 503
1694620531680 0.10615359079152915 504
1694620531714 0.10600350291987831 505
1694620531747 0.10585621435602642 506
1694620531777 0.10571166972622452 507
1694620531808 0.10556981475656486 508
1694620531840 0.10543059625112108 509
1694620531952 0.10529396207052236 510
1694620531989 0.10515986111095632 511
1694620532025 0.10502824328358525 512
1694620532054 0.10489905949437561 513
1694620532086 0.10477226162432601 514
1694620532117 0.1046478025100895 515
1694620532143 0.10452563592497982 516
1694620532175 0.10440571656035684 517
1694620532205 0.10428800000738188 518
1694620532236 0.104172442739134 519
1694620532270 0.10405900209308395 520
1694620532301 0.10394763625391563 521
1694620532334 0.10383830423668908 522
1694620532366 0.10373096587033816 523
1694620532398 0.10362558178149658 524
1694620532429 0.10352211337864543 525
1694620532463 0.1034205228365752 526
1694620532491 0.10332077308115845 527
1694620532523 0.10322282777442224 528
1694620532551 0.10312665129992127 529
1694620532580 0.10303220874839741 530
1694620532610 0.10293946590372864 531
1694620532640 0.10284838922915333 532
1694620532671 0.10275894585377195 533
1694620532704 0.1026711035593141 534
1694620532740 0.10258483076717045 535
1694620532775 0.10250009652568237 536
1694620532809 0.10241687049768369 537
1694620532840 0.1023351229482891 538
1694620532872 0.10225482473292853 539
1694620532902 0.1021759472856153 540
1694620532932 0.1020984626074508 541
1694620532960 0.10202234325535613 542
1694620532989 0.10194756233102772 543
1694620533020 0.10187409347011289 544
1694620533056 0.10180191083160056 545
1694620533098 0.10173098908742285 546
1694620533141 0.10166130341226265 547
1694620533184 0.10159282947356528 548
1694620533216 0.1015255434217473 549
1694620533250 0.1014594218806009 550
1694620533279 0.10139444193788796 551
1694620533309 0.10133058113612219 552
1694620533339 0.10126781746353418 553
1694620533369 0.10120612934521533 554
1694620533399 0.10114549563443886 555
1694620533426 0.10108589560415242 556
1694620533454 0.101027308938641 557
1694620533482 0.10096971572535349 558
1694620533508 0.10091309644689431 559
1694620533534 0.10085743197317212 560
1694620533560 0.10080270355370495 561
1694620533586 0.10074889281008007 562
1694620533611 0.10069598172856081 563
1694620533640 0.10064395265284287 564
1694620533667 0.10059278827695275 565
1694620533697 0.10054247163828912 566
1694620533725 0.10049298611080029 567
1694620533755 0.10044431539829986 568
1694620533785 0.10039644352791294 569
1694620533816 0.10034935484365338 570
1694620533852 0.10030303400012969 571
1694620533887 0.10025746595637491 572
1694620533927 0.10021263596979874 573
1694620533961 0.10016852959026111 574
1694620533995 0.10012513265426318 575
1694620534022 0.10008243127925244 576
1694620534052 0.10004041185804337 577
1694620534081 0.09999906105334706 578
1694620534107 0.09995836579240988 579
1694620534134 0.09991831326175996 580
1694620534160 0.09987889090205598 581
1694620534185 0.09984008640304043 582
1694620534214 0.0998018876985916 583
1694620534245 0.09976428296187478 584
1694620534278 0.09972726060058927 585
1694620534309 0.09969080925231068 586
1694620534339 0.09965491777992425 587
1694620534369 0.09961957526715114 588
1694620534396 0.09958477101416136 589
1694620534425 0.09955049453327518 590
1694620534451 0.09951673554475013 591
1694620534479 0.09948348397265029 592
1694620534505 0.09945072994079984 593
1694620534532 0.09941846376881472 594
1694620534558 0.09938667596821486 595
1694620534584 0.09935535723861322 596
1694620534609 0.09932449846397953 597
1694620534636 0.09929409070898002 598
1694620534663 0.09926412521538845 599
1694620534689 0.09923459339856941 600
1694620534720 0.0992054868440302 601
1694620534747 0.09917679730404345 602
1694620534774 0.09914851669433405 603
1694620534800 0.09912063709083462 604
1694620534827 0.09909315072650338 605
1694620534854 0.09906604998820635 606
1694620534884 0.09903932741366094 607
1694620534918 0.09901297568844085 608
1694620534946 0.09898698764304019 609
1694620534974 0.09896135624999544 610
1694620534999 0.09893607462106563 611
1694620535026 0.09891113600446724 612
1694620535055 0.09888653378216558 613
1694620535082 0.09886226146721866 614
1694620535109 0.09883831270117416 615
1694620535138 0.09881468125151927 616
1694620535164 0.09879136100917854 617
1694620535191 0.09876834598606504 618
1694620535221 0.09874563031267675 619
1694620535248 0.09872320823574314 620
1694620535277 0.09870107411591665 621
1694620535305 0.09867922242551222 622
1694620535331 0.098657647746289 623
1694620535359 0.098636344767279 624
1694620535384 0.09861530828265629 625
1694620535410 0.09859453318965036 626
1694620535434 0.09857401448650006 627
1694620535460 0.09855374727044845 628
1694620535485 0.09853372673577754 629
1694620535510 0.09851394817188201 630
1694620535536 0.09849440696138047 631
1694620535561 0.09847509857826592 632
1694620535587 0.09845601858609114 633
1694620535614 0.0984371626361916 634
1694620535639 0.09841852646594267 635
1694620535666 0.0984001058970515 636
1694620535692 0.09838189683388367 637
1694620535717 0.09836389526182202 638
1694620535745 0.09834609724565915 639
1694620535769 0.09832849892802083 640
1694620535796 0.09831109652782129 641
1694620535824 0.09829388633874891 642
1694620535854 0.09827686472778292 643
1694620535881 0.09826002813373762 644
1694620535910 0.0982433730658377 645
1694620535942 0.0982268961023204 646
1694620535982 0.098210593889066 647
1694620536018 0.09819446313825529 648
1694620536047 0.09817850062705387 649
1694620536074 0.09816270319632267 650
1694620536101 0.09814706774935379 651
1694620536126 0.09813159125063156 652
1694620536151 0.09811627072461823 653
1694620536178 0.0981011032545642 654
1694620536210 0.09808608598134076 655
1694620536238 0.09807121610229713 656
1694620536268 0.09805649087014015 657
1694620536297 0.09804190759183502 658
1694620536326 0.09802746362752932 659
1694620536353 0.09801315638949751 660
1694620536378 0.09799898334110689 661
1694620536402 0.09798494199580379 662
1694620536488 0.09797102991611974 663
1694620536514 0.09795724471269815 664
1694620536541 0.0979435840433391 665
1694620536568 0.09793004561206416 666
1694620536595 0.09791662716819974 667
1694620536624 0.09790332650547746 668
1694620536651 0.09789014146115393 669
1694620536680 0.09787706991514693 670
1694620536707 0.09786410978918957 671
1694620536735 0.0978512590460001 672
1694620536763 0.09783851568846955 673
1694620536791 0.09782587775886438 674
1694620536818 0.09781334333804587 675
1694620536843 0.09780091054470412 676
1694620536868 0.09778857753460798 677
1694620536893 0.09777634249986965 678
1694620536919 0.09776420366822362 679
1694620536947 0.0977521593023203 680
1694620536975 0.0977402076990336 681
1694620537000 0.09772834718878175 682
1694620537026 0.09771657613486243 683
1694620537052 0.09770489293280105 684
1694620537079 0.09769329600971054 685
1694620537112 0.09768178382366591 686
1694620537138 0.09767035486308971 687
1694620537162 0.09765900764615082 688
1694620537195 0.09764774072017347 689
1694620537228 0.09763655266106043 690
1694620537268 0.09762544207272542 691
1694620537298 0.09761440758653803 692
1694620537333 0.09760344786077958 693
1694620537362 0.09759256158010852 694
1694620537401 0.09758174745503903 695
1694620537449 0.09757100422142687 696
1694620537480 0.09756033063996764 697
1694620537507 0.09754972549570483 698
1694620537536 0.09753918759754593 699
1694620537570 0.09752871577779017 700
1694620537618 0.09751830889166486 701
1694620537648 0.09750796581687043 702
1694620537694 0.09749768545313488 703
1694620537741 0.09748746672177806 704
1694620537782 0.0974773085652822 705
1694620537813 0.09746720994687381 706
1694620537845 0.09745716985011203 707
1694620537871 0.09744718727848499 708
1694620537899 0.09743726125501603 709
1694620537927 0.09742739082187525 710
1694620537955 0.09741757504000147 711
1694620537985 0.0974078129887289 712
1694620538010 0.09739810376542314 713
1694620538037 0.09738844648512443 714
1694620538062 0.09737884028019643 715
1694620538090 0.09736928429998339 716
1694620538123 0.09735977771047385 717
1694620538156 0.09735031969397068 718
1694620538184 0.09734090944876783 719
1694620538212 0.09733154618883327 720
1694620538242 0.09732222914349883 721
1694620538277 0.09731295755715587 722
1694620538315 0.09730373068895629 723
1694620538354 0.09729454781252078 724
1694620538385 0.09728540821565189 725
1694620538418 0.09727631120005334 726
1694620538448 0.09726725608105417 727
1694620538477 0.09725824218733964 728
1694620538506 0.09724926886068551 729
1694620538533 0.09724033545570025 730
1694620538561 0.09723144133956957 731
1694620538588 0.09722258589180803 732
1694620538615 0.09721376850401472 733
1694620538645 0.09720498857963379 734
1694620538675 0.09719624553372022 735
1694620538705 0.09718753879270968 736
1694620538733 0.09717886779419284 737
1694620538760 0.09717023198669546 738
1694620538787 0.09716163082946089 739
1694620538836 0.09715306379223841 740
1694620538905 0.09714453035507489 741
1694620538954 0.09713603000811152 742
1694620538996 0.09712756225138314 743
1694620539032 0.09711912659462303 744
1694620539067 0.09711072255707104 745
1694620539108 0.09710234966728461 746
1694620539142 0.09709400746295513 747
1694620539176 0.09708569549072679 748
1694620539210 0.0970774133060199 749
1694620539246 0.09706916047285623 750
1694620539288 0.09706093656368953 751
1694620539327 0.09705274115923872 752
1694620539363 0.09704457384832413 753
1694620539398 0.0970364342277069 754
1694620539437 0.09702832190193257 755
1694620539467 0.09702023648317629 756
1694620539494 0.0970121775910927 757
1694620539522 0.09700414485266713 758
1694620539553 0.09699613790207126 759
1694620539581 0.09698815638052061 760
1694620539608 0.09698019993613544 761
1694620539639 0.09697226822380381 762
1694620539673 0.09696436090504815 763
1694620539703 0.09695647764789406 764
1694620539731 0.09694861812674109 765
1694620539757 0.09694078202223767 766
1694620539782 0.09693296902115665 767
1694620539807 0.09692517881627481 768
1694620539831 0.09691741110625382 769
1694620539858 0.0969096655955241 770
1694620539885 0.09690194199417086 771
1694620539915 0.09689424001782188 772
1694620539941 0.09688655938753832 773
1694620539966 0.09687889982970771 774
1694620539995 0.09687126107593752 775
1694620540031 0.09686364286295333 776
1694620540073 0.0968560449324968 777
1694620540115 0.09684846703122692 778
1694620540157 0.09684090891062291 779
1694620540199 0.09683337032688856 780
1694620540253 0.09682585104085957 781
1694620540317 0.09681835081791136 782
1694620540375 0.09681086942787004 783
1694620540432 0.09680340664492393 784
1694620540479 0.09679596224753773 785
1694620540518 0.09678853601836837 786
1694620540554 0.09678112774418121 787
1694620540590 0.09677373721577032 788
1694620540626 0.09676636422787774 789
1694620540659 0.09675900857911597 790
1694620540688 0.09675167007189203 791
1694620540728 0.09674434851233153 792
1694620540776 0.09673704371020679 793
1694620540818 0.09672975547886288 794
1694620540853 0.09672248363514911 795
1694620540891 0.09671522799934852 796
1694620540931 0.09670798839511069 797
1694620540974 0.09670076464938532 798
1694620541006 0.09669355659235696 799
1694620541036 0.09668636405738144 800
1694620541066 0.096679186880923 801
1694620541094 0.09667202490249338 802
1694620541128 0.0966648779645912 803
1694620541219 0.0966577459126437 804
1694620541282 0.09665062859494845 805
1694620541354 0.09664352586261724 806
1694620541435 0.09663643756952034 807
1694620541503 0.09662936357223194 808
1694620541597 0.09662230372997749 809
1694620541691 0.0966152579045806 810
1694620541746 0.09660822596041259 811
1694620541795 0.0966012077643422 812
1694620541841 0.09659420318568589 813
1694620541870 0.09658721209616025 814
1694620541897 0.09658023436983418 815
1694620541932 0.09657326988308314 816
1694620541978 0.09656631851454303 817
1694620542019 0.09655938014506672 818
1694620542069 0.09655245465767918 819
1694620542127 0.09654554193753581 820
1694620542183 0.09653864187187983 821
1694620542236 0.09653175435000132 822
1694620542292 0.0965248792631973 823
1694620542342 0.096518016504732 824
1694620542374 0.09651116596979807 825
1694620542403 0.09650432755547875 826
1694620542430 0.09649750116071083 827
1694620542459 0.09649068668624777 828
1694620542487 0.09648388403462506 829
1694620542516 0.09647709311012354 830
1694620542548 0.09647031381873661 831
1694620542581 0.09646354606813604 832
1694620542611 0.09645678976763836 833
1694620542641 0.0964500448281738 834
1694620542670 0.09644331116225373 835
1694620542703 0.0964365886839395 836
1694620542730 0.09642987730881294 837
1694620542763 0.09642317695394541 838
1694620542790 0.09641648753786912 839
1694620542820 0.09640980898054895 840
1694620542849 0.09640314120335314 841
1694620542879 0.09639648412902675 842
1694620542909 0.09638983768166424 843
1694620542938 0.09638320178668335 844
1694620542964 0.09637657637079886 845
1694620542994 0.09636996136199702 846
1694620543020 0.09636335668951097 847
1694620543047 0.09635676228379643 848
1694620543072 0.09635017807650707 849
1694620543097 0.09634360400047177 850
1694620543123 0.09633703998967144 851
1694620543151 0.09633048597921627 852
1694620543176 0.09632394190532342 853
1694620543209 0.09631740770529605 854
1694620543236 0.09631088331750177 855
1694620543264 0.09630436868135121 856
1694620543294 0.09629786373727892 857
1694620543322 0.09629136842672166 858
1694620543349 0.09628488269210046 859
1694620543379 0.09627840647680062 860
1694620543412 0.09627193972515255 861
1694620543444 0.09626548238241397 862
1694620543477 0.09625903439475147 863
1694620543514 0.09625259570922269 864
1694620543552 0.09624616627375937 865
1694620543584 0.09623974603714956 866
1694620543621 0.09623333494902174 867
1694620543662 0.09622693295982791 868
1694620543702 0.09622054002082751 869
1694620543734 0.09621415608407217 870
1694620543772 0.0962077811023897 871
1694620543807 0.0962014150293692 872
1694620543839 0.0961950578193465 873
1694620543872 0.09618870942738914 874
1694620543906 0.09618236980928263 875
1694620543936 0.09617603892151606 876
1694620543965 0.09616971672126864 877
1694620543997 0.09616340316639621 878
1694620544025 0.09615709821541812 879
1694620544052 0.09615080182750463 880
1694620544086 0.09614451396246353 881
1694620544126 0.09613823458072858 882
1694620544168 0.09613196364334674 883
1694620544215 0.09612570111196682 884
1694620544258 0.09611944694882735 885
1694620544296 0.09611320111674519 886
1694620544330 0.09610696357910495 887
1694620544360 0.09610073429984697 888
1694620544392 0.09609451324345743 889
1694620544423 0.09608830037495729 890
1694620544454 0.09608209565989237 891
1694620544489 0.09607589906432253 892
1694620544534 0.09606971055481253 893
1694620544576 0.09606353009842175 894
1694620544620 0.0960573576626947 895
1694620544657 0.09605119321565174 896
1694620544695 0.09604503672578019 897
1694620544746 0.09603888816202481 898
1694620544795 0.09603274749377919 899
1694620544835 0.0960266146908771 900
1694620544870 0.09602048972358401 901
1694620544910 0.0960143725625891 902
1694620544955 0.09600826317899654 903
1694620544997 0.09600216154431766 904
1694620545036 0.0959960676304637 905
1694620545075 0.09598998140973734 906
1694620545114 0.09598390285482562 907
1694620545153 0.09597783193879242 908
1694620545188 0.09597176863507134 909
1694620545229 0.09596571291745852 910
1694620545269 0.09595966476010591 911
1694620545310 0.09595362413751392 912
1694620545339 0.09594759102452559 913
1694620545374 0.0959415653963193 914
1694620545407 0.09593554722840246 915
1694620545436 0.09592953649660586 916
1694620545463 0.09592353317707662 917
1694620545490 0.09591753724627294 918
1694620545519 0.09591154868095733 919
1694620545545 0.09590556745819188 920
1694620545573 0.09589959355533159 921
1694620545599 0.0958936269500192 922
1694620545628 0.09588766762018001 923
1694620545656 0.09588171554401574 924
1694620545684 0.09587577070000011 925
1694620545714 0.0958698330668734 926
1694620545742 0.0958639026236368 927
1694620545770 0.09585797934954862 928
1694620545795 0.09585206322411853 929
1694620545829 0.09584615422710294 930
1694620545864 0.09584025233850087 931
1694620545896 0.09583435753854867 932
1694620545932 0.09582846980771577 933
1694620545963 0.09582258912670076 934
1694620546001 0.09581671547642659 935
1694620546029 0.09581084883803613 936
1694620546054 0.09580498919288866 937
1694620546083 0.09579913652255559 938
1694620546108 0.09579329080881623 939
1694620546134 0.09578745203365405 940
1694620546159 0.095781620179253 941
1694620546185 0.09577579522799365 942
1694620546211 0.09576997716244941 943
1694620546237 0.095764165965383 944
1694620546263 0.09575836161974316 945
1694620546290 0.09575256410866079 946
1694620546320 0.09574677341544578 947
1694620546345 0.0957409895235837 948
1694620546371 0.0957352124167326 949
1694620546396 0.0957294420787194 950
1694620546423 0.09572367849353731 951
1694620546448 0.09571792164534264 952
1694620546475 0.09571217151845124 953
1694620546504 0.09570642809733629 954
1694620546536 0.09570069136662497 955
1694620546563 0.09569496131109592 956
1694620546592 0.0956892379156761 957
1694620546626 0.09568352116543816 958
1694620546657 0.09567781104559818 959
1694620546692 0.09567210754151229 960
1694620546729 0.095666410638675 961
1694620546762 0.0956607203227159 962
1694620546793 0.09565503657939763 963
1694620546826 0.09564935939461316 964
1694620546858 0.09564368875438382 965
1694620546896 0.09563802464485681 966
1694620546933 0.09563236705230238 967
1694620546976 0.09562671596311262 968
1694620547012 0.09562107136379844 969
1694620547048 0.09561543324098778 970
1694620547079 0.09560980158142328 971
1694620547106 0.09560417637196063 972
1694620547132 0.09559855759956598 973
1694620547157 0.09559294525131448 974
1694620547184 0.0955873393143879 975
1694620547211 0.09558173977607314 976
1694620547239 0.09557614662375999 977
1694620547269 0.09557055984493938 978
1694620547303 0.09556497942720191 979
1694620547339 0.09555940535823544 980
1694620547375 0.0955538376258243 981
1694620547408 0.09554827621784655 982
1694620547439 0.0955427211222729 983
1694620547467 0.09553717232716523 984
1694620547494 0.09553162982067447 985
1694620547528 0.09552609359103956 986
1694620547566 0.09552056362658551 987
1694620547605 0.09551503991572213 988
1694620547641 0.0955095224469425 989
1694620547673 0.09550401120882139 990
1694620547705 0.0954985061900142 991
1694620547735 0.0954930073792552 992
1694620547763 0.09548751476535616 993
1694620547791 0.09548202833720511 994
1694620547818 0.09547654808376548 995
1694620547846 0.09547107399407401 996
1694620547873 0.0954656060572401 997
1694620547899 0.09546014426244431 998
1694620547927 0.09545468859893695 999
