1694620512946 -0.007418183784551946 0
1694620512995 -0.006958972591210699 1
1694620513037 -0.0065151951124280405 2
1694620513078 -0.006086289328708805 3
1694620513150 -0.005671689824993553 4
1694620513220 -0.005270831654926811 5
1694620513276 -0.004883153534286366 6
1694620513317 -0.00450810045496608 7
1694620513359 -0.0041451258004057134 8
1694620513406 -0.003793693033656176 9
1694620513449 -0.0034532770205040197 10
1694620513496 -0.0031233650421462755 11
1694620513542 -0.0028034575448283583 12
1694620513577 -0.002493068667550835 13
1694620513607 -0.002191726583398168 14
1694620513637 -0.0018989736851122707 15
1694620513671 -0.0016143666412817836 16
1694620513708 -0.001337476345703248 17
1694620513748 -0.0010678877792664743 18
1694620513786 -0.000805199800822054 19
1694620513822 -0.000549024881065785 20
1694620513852 -0.00029898879133294365 21
1694620513877 -5.4730257368795776e-05 22
1694620513904 0.00018409941343777714 23
1694620513930 0.0004178367242202441 24
1694620513956 0.0006468063942342006 25
1694620513982 0.000871321772906164 26
1694620514007 0.0010916852581982495 27
1694620514033 0.0013081887158918892 28
1694620514057 0.0015211138969905003 29
1694620514086 0.0017307328509796882 30
1694620514121 0.0019373083331150065 31
1694620514153 0.0021410942042937586 32
1694620514181 0.002342335822372088 33
1694620514209 0.0025412704240721506 34
1694620514240 0.002738127496815679 35
1694620514269 0.002933129140053281 36
1694620514299 0.0031264904157640716 37
1694620514329 0.003318419687981633 38
1694620514357 0.003509118951243284 39
1694620514385 0.0036987841480327077 40
1694620514414 0.0038876054752616795 41
1694620514443 0.00407576767997142 42
1694620514470 0.004263450344451414 43
1694620514497 0.004450828160974418 44
1694620514526 0.004638071196458093 45
1694620514553 0.004825345147283944 46
1694620514582 0.005012811584605759 47
1694620514612 0.005200628190429102 48
1694620514639 0.005388948984794695 49
1694620514671 0.005577924544362567 50
1694620514706 0.005767702212717274 51
1694620514735 0.005958426302716147 52
1694620514764 0.0061502382911773346 53
1694620514795 0.006343277006223724 54
1694620514828 0.006537678807563396 55
1694620514859 0.006733577760026033 56
1694620514888 0.006931105800602744 57
1694620514918 0.0071303928992910715 58
1694620514946 0.007331567214000634 59
1694620514975 0.007534755239777313 60
1694620515002 0.007740081952590461 61
1694620515031 0.007947670947926366 62
1694620515058 0.008157644574423806 63
1694620515087 0.00837012406275306 64
1694620515121 0.008585229649965442 65
1694620515163 0.008803080699527177 66
1694620515207 0.00902379581719115 67
1694620515243 0.009247492962949355 68
1694620515275 0.009474289559192384 69
1694620515306 0.00970430259527999 70
1694620515335 0.009937648728670756 71
1694620515361 0.010174444382769265 72
1694620515390 0.010414805841638786 73
1694620515415 0.010658849341717458 74
1694620515446 0.010906691160685322 75
1694620515478 0.01115844770358465 76
1694620515512 0.011414235586342691 77
1694620515562 0.01167417171678975 78
1694620515597 0.011938373373308608 79
1694620515626 0.012206958281182234 80
1694620515653 0.01248004468677233 81
1694620515682 0.012757751429608222 82
1694620515708 0.013040198012470805 83
1694620515737 0.013327504669555235 84
1694620515767 0.013619792432811417 85
1694620515795 0.013917183196496374 86
1694620515826 0.01421979978004706 87
1694620515866 0.014527765989317265 88
1694620515911 0.014841206676245666 89
1694620515957 0.015160247797012416 90
1694620515998 0.01548501646872913 91
1694620516037 0.015815641024735205 92
1694620516071 0.016152251068515144 93
1694620516108 0.01649497752629403 94
1694620516147 0.016843952698359033 95
1694620516185 0.017199310309117588 96
1694620516225 0.0175611855559602 97
1694620516265 0.017929715156907 98
1694620516307 0.018305037397112645 99
1694620516336 0.018687292174220493 100
1694620516367 0.01907662104259711 101
1694620516403 0.019473167256460533 102
1694620516434 0.019877075811911782 103
1694620516463 0.020288493487893855 104
1694620516507 0.020707568886070726 105
1694620516542 0.02113445246962753 106
1694620516570 0.021569296601017585 107
1694620516596 0.022012255578625295 108
1694620516624 0.02246348567237788 109
1694620516651 0.02292314515824978 110
1694620516683 0.02339139435170212 111
1694620516730 0.02386839564001564 112
1694620516776 0.02435431351350148 113
1694620516812 0.02484931459560691 114
1694620516850 0.025353567671842825 115
1694620516883 0.02586724371755378 116
1694620516913 0.02639051592450825 117
1694620516942 0.026923559726235613 118
1694620516973 0.027466552822139723 119
1694620517000 0.028019675200319005 120
1694620517026 0.028583109159061593 121
1694620517051 0.029157039327015744 122
1694620517078 0.029741652681931408 123
1694620517108 0.030337138567985256 124
1694620517138 0.030943688711643658 125
1694620517167 0.031561497235967795 126
1694620517197 0.03219076067337012 127
1694620517227 0.03283167797674025 128
1694620517255 0.033484450528887044 129
1694620517284 0.03414928215025537 130
1694620517311 0.03482637910484565 131
1694620517344 0.03551595010427033 132
1694620517374 0.036218206309925005 133
1694620517402 0.036933361333137626 134
1694620517428 0.037661631233296355 135
1694620517456 0.03840323451385008 136
1694620517484 0.03915839211611616 137
1694620517511 0.03992732741082594 138
1694620517542 0.04071026618732676 139
1694620517573 0.04150743664036416 140
1694620517608 0.04231906935436347 141
1694620517639 0.043145397285132336 142
1694620517670 0.04398665573887961 143
1694620517696 0.04484308234851442 144
1694620517723 0.04571491704706143 145
1694620517754 0.04660240203817556 146
1694620517781 0.04750578176362119 147
1694620517808 0.0484253028676368 148
1694620517835 0.04936121415809058 149
1694620517860 0.0503137665643304 150
1694620517888 0.051283213091631086 151
1694620517916 0.05226980877212939 152
1694620517942 0.05327381061219005 153
1694620517974 0.05429547753603148 154
1694620518008 0.05533507032558349 155
1694620518042 0.0563928515564166 156
1694620518075 0.05746908552970853 157
1694620518105 0.058564038200060176 158
1694620518131 0.059677977099127255 159
1694620518157 0.060811171254968044 160
1694620518187 0.06196389110693734 161
1694620518213 0.06313640841610912 162
1694620518238 0.06432899617107823 163
1694620518264 0.06554192848906082 164
1694620518306 0.06677548051219417 165
1694620518362 0.06802992829893795 166
1694620518421 0.06930554871049122 167
1694620518463 0.07060261929212952 168
1694620518588 0.07192141814937314 169
1694620518663 0.07326222381890879 170
1694620518718 0.07462531513417514 171
1694620518774 0.07601097108554256 172
1694620518814 0.07741947067499277 173
1694620518855 0.07885109276528612 174
1694620518895 0.08030611592345727 175
1694620518937 0.08178481825867501 176
1694620518978 0.0832874772543557 177
1694620519020 0.0848143695945045 178
1694620519064 0.08636577098423515 179
1694620519109 0.0879419559644411 180
1694620519151 0.08954319772058739 181
1694620519195 0.09116976788560704 182
1694620519238 0.09282193633689106 183
1694620519277 0.0944999709873715 184
1694620519307 0.096204137570706 185
1694620519334 0.09793469942058586 186
1694620519361 0.09969191724417448 187
1694620519388 0.1014760488897768 188
1694620519418 0.10328734910869397 189
1694620519446 0.10512606931142143 190
1694620519476 0.10699245731821028 191
1694620519509 0.10888675710408513 192
1694620519539 0.11080920853846965 193
1694620519568 0.11276004711944498 194
1694620519593 0.11473950370285002 195
1694620519620 0.11674780422636954 196
1694620519649 0.11878516942867146 197
1694620519678 0.12085181456393068 198
1694620519709 0.12294794911176676 199
1694620519736 0.1250737764829153 200
1694620519762 0.12722949372084535 201
1694620519786 0.1294152911994929 202
1694620519812 0.1316313523174687 203
1694620519840 0.13387785318895606 204
1694620519867 0.13615496233160285 205
1694620519897 0.13846284035177436 206
1694620519929 0.1408016396274031 207
1694620519961 0.1431715039888869 208
1694620519994 0.14557256839834942 209
1694620520028 0.14800495862764895 210
1694620520074 0.15046879093560706 211
1694620520147 0.1529641717447735 212
1694620520196 0.15549119731828254 213
1694620520237 0.15804995343719253 214
1694620520273 0.1606405150788166 215
1694620520317 0.16326294609653458 216
1694620520354 0.16591729890160134 217
1694620520394 0.16860361414748093 218
1694620520433 0.17132192041725913 219
1694620520472 0.17407223391466797 220
1694620520541 0.17685455815936846 221
1694620520595 0.17966888368696843 222
1694620520641 0.1825151877544865 223
1694620520749 0.1853934340518073 224
1694620520830 0.18830357241977957 225
1694620520918 0.19124553857557725 226
1694620520985 0.19421925384597427 227
1694620521188 0.1972246249091537 228
1694620521405 0.2002615435457723 229
1694620521554 0.20332988639982452 230
1694620521618 0.20642951475007332 231
1694620521662 0.20956027429264312 232
1694620521713 0.21272199493545196 233
1694620521781 0.21591449060512125 234
1694620521837 0.21913755906705545 235
1694620521911 0.22239098175926375 236
1694620521959 0.22567452364063567 237
1694620522030 0.22898793305421616 238
1694620522099 0.23233094160614232 239
1694620522151 0.2357032640608554 240
1694620522202 0.2391045982530683 241
1694620522272 0.2425346250171504 242
1694620522324 0.24599300813444291 243
1694620522363 0.24947939429895294 244
1694620522415 0.25299341310200285 245
1694620522493 0.2565346770362422 246
1694620522571 0.2601027815194664 247
1694620522602 0.2636973049386401 248
1694620522633 0.2673178087144894 249
1694620522671 0.27096383738699104 250
1694620522701 0.2746349187220489 251
1694620522731 0.27833056383960897 252
1694620522764 0.28205026736342176 253
1694620522799 0.28579350759261746 254
1694620522841 0.2895597466952211 255
1694620522885 0.29334843092367446 256
1694620522932 0.29715899085240316 257
1694620522983 0.30099084163740486 258
1694620523020 0.3048433832977707 259
1694620523050 0.3087160010190878 260
1694620523077 0.31260806547843967 261
1694620523105 0.31651893319089597 262
1694620523134 0.3204479468771485 263
1694620523169 0.32439443585199246 264
1694620523219 0.3283577164332703 265
1694620523279 0.3323370923708574 266
1694620523339 0.33633185529517784 267
1694620523384 0.34034128518479434 268
1694620523432 0.34436465085237333 269
1694620523482 0.3484012104485117 270
1694620523522 0.3524502119826747 271
1694620523572 0.3565108938605468 272
1694620523616 0.3605824854370211 273
1694620523658 0.3646642075840134 274
1694620523699 0.3687552732722542 275
1694620523740 0.37285488816614065 276
1694620523792 0.37696225123078075 277
1694620523831 0.3810765553501615 278
1694620523898 0.38519698795555435 279
1694620523957 0.3893227316630662 280
1694620524028 0.39345296491928217 281
1694620524080 0.397586862653992 282
1694620524130 0.4017235969387958 283
1694620524171 0.4058623376505782 284
1694620524214 0.4100022531386648 285
1694620524246 0.4141425108945421 286
1694620524282 0.41828227822299446 287
1694620524313 0.42242072291349353 288
1694620524342 0.42655701391073997 289
1694620524369 0.43069032198312396 290
1694620524400 0.43481982038805056 291
1694620524431 0.4389446855329435 292
1694620524466 0.4430640976308331 293
1694620524504 0.4471772413493944 294
1694620524543 0.45128330645242265 295
1694620524576 0.4553814884325714 296
1694620524608 0.45947098913442586 297
1694620524639 0.4635510173668379 298
1694620524670 0.467620789503567 299
1694620524701 0.47167953007128005 300
1694620524729 0.4757264723239928 301
1694620524761 0.4797608588031014 302
1694620524793 0.48378194188214696 303
1694620524826 0.4877889842955575 304
1694620524860 0.49178125965058217 305
1694620524900 0.4957580529217821 306
1694620524928 0.49971866092734285 307
1694620524955 0.5036623927866877 308
1694620524982 0.507588570358791 309
1694620525014 0.5114965286607014 310
1694620525046 0.515385616265829 311
1694620525078 0.519255195681593 312
1694620525110 0.5231046437060749 313
1694620525143 0.5269333517633974 314
1694620525179 0.5307407262175607 315
1694620525212 0.5345261886645943 316
1694620525241 0.538289176202787 317
1694620525270 0.5420291416810303 318
1694620525313 0.5457455539251178 319
1694620525370 0.5494378979420835 320
1694620525411 0.5531056751025987 321
1694620525447 0.5567484033015435 322
1694620525480 0.5603656170968936 323
1694620525537 0.5639568678271083 324
1694620525593 0.5675217237072632 325
1694620525650 0.5710597699041912 326
1694620525704 0.5745706085909429 327
1694620525746 0.57805385898092 328
1694620525784 0.5815091573420539 329
1694620525822 0.5849361569914562 330
1694620525862 0.5883345282709818 331
1694620525900 0.5917039585041608 332
1694620525940 0.5950441519350544 333
1694620525981 0.59835482964947 334
1694620526022 0.6016357294791869 335
1694620526072 0.6048866058896736 336
1694620526123 0.6081072298519266 337
1694620526175 0.6112973886990287 338
1694620526222 0.6144568859680262 339
1694620526274 0.6175855412277613 340
1694620526325 0.6206831898932956 341
1694620526369 0.6237496830275691 342
1694620526411 0.6267848871309484 343
1694620526443 0.6297886839192911 344
1694620526474 0.6327609700912266 345
1694620526510 0.6357016570852659 346
1694620526540 0.6386106708274341 347
1694620526570 0.6414879514700321 348
1694620526598 0.6443334531222197 349
1694620526628 0.6471471435730284 350
1694620526657 0.6499290040074545 351
1694620526689 0.6526790287162422 352
1694620526718 0.655397224800002 353
1694620526761 0.6580836118682242 354
1694620526789 0.6607382217338169 355
1694620526818 0.6633610981037321 356
1694620526846 0.6659522962662416 357
1694620526871 0.6685118827754255 358
1694620526897 0.671039935133396 359
1694620526922 0.6735365414707848 360
1694620526951 0.67600180022599 361
1694620526982 0.6784358198236723 362
1694620527012 0.6808387183529656 363
1694620527042 0.6832106232458663 364
1694620527070 0.6855516709562025 365
1694620527097 0.6878620066396234 366
1694620527126 0.6901417838350168 367
1694620527157 0.6923911641476785 368
1694620527182 0.6946103169346587 369
1694620527212 0.6967994189925635 370
1694620527242 0.6989586542482039 371
1694620527274 0.7010882134523093 372
1694620527305 0.7031882938766743 373
1694620527338 0.7052590990149457 374
1694620527374 0.7073008382873469 375
1694620527408 0.7093137267495222 376
1694620527439 0.7112979848057643 377
1694620527473 0.7132538379267984 378
1694620527506 0.7151815163723074 379
1694620527536 0.7170812549183693 380
1694620527570 0.7189532925899624 381
1694620527603 0.7207978723986636 382
1694620527631 0.7226152410856697 383
1694620527660 0.7244056488702539 384
1694620527690 0.7261693492037306 385
1694620527721 0.7279065985290403 386
1694620527761 0.7296176560459924 387
1694620527801 0.7313027834822478 388
1694620527841 0.732962244870063 389
1694620527885 0.7345963063288508 390
1694620527925 0.7362052358535576 391
1694620527962 0.737789303108894 392
1694620528004 0.7393487792293989 393
1694620528044 0.7408839366253444 394
1694620528082 0.7423950487944696 395
1694620528119 0.743882390139502 396
1694620528153 0.7453462357914535 397
1694620528188 0.7467868614386513 398
1694620528218 0.7482045431614444 399
1694620528248 0.7495995572725515 400
1694620528279 0.7509721801629852 401
1694620528315 0.7523226881534859 402
1694620528344 0.7536513573514092 403
1694620528372 0.7549584635129811 404
1694620528402 0.7562442819108559 405
1694620528443 0.7575090872068868 406
1694620528485 0.7587531533300311 407
1694620528521 0.7599767533593025 408
1694620528561 0.7611801594116717 409
1694620528601 0.7623636425348399 410
1694620528638 0.7635274726047663 411
1694620528673 0.7646719182278747 412
1694620528721 0.7657972466478253 413
1694620528771 0.7669037236567622 414
1694620528811 0.7679916135109245 415
1694620528846 0.769061178850526 416
1694620528888 0.7701126806237992 417
1694620528918 0.7711463780151011 418
1694620528945 0.7721625283769669 419
1694620528974 0.773161387166025 420
1694620529001 0.7741432078826593 421
1694620529028 0.7751082420143063 422
1694620529056 0.7760567389823029 423
1694620529085 0.7769889460921712 424
1694620529117 0.7779051084872373 425
1694620529147 0.7788054691054849 426
1694620529174 0.7796902686395468 427
1694620529202 0.7805597454997301 428
1694620529233 0.7814141357799802 429
1694620529270 0.7822536732266839 430
1694620529307 0.7830785892102219 431
1694620529342 0.7838891126991657 432
1694620529381 0.7846854702370423 433
1694620529415 0.7854678859215569 434
1694620529445 0.7862365813862014 435
1694620529475 0.7869917757841495 436
1694620529522 0.7877336857743545 437
1694620529565 0.7884625255097697 438
1694620529602 0.7891785066276047 439
1694620529643 0.789881838241534 440
1694620529681 0.790572726935787 441
1694620529713 0.791251376761033 442
1694620529743 0.7919179892319939 443
1694620529773 0.7925727633267008 444
1694620529800 0.793215895487334 445
1694620529828 0.7938475796225668 446
1694620529855 0.7944680071113495 447
1694620529883 0.7950773668080697 448
1694620529918 0.7956758450490143 449
1694620529954 0.7962636256600818 450
1694620529990 0.7968408899656794 451
1694620530026 0.7974078167987396 452
1694620530060 0.7979645825118127 453
1694620530087 0.7985113609891615 454
1694620530117 0.7990483236598216 455
1694620530152 0.7995756395115632 456
1694620530185 0.800093475105706 457
1694620530219 0.8006019945927455 458
1694620530252 0.8011013597287295 459
1694620530287 0.8015917298923514 460
1694620530317 0.8020732621027109 461
1694620530351 0.8025461110376976 462
1694620530382 0.8030104290529618 463
1694620530410 0.8034663662014244 464
1694620530444 0.8039140702532956 465
1694620530477 0.8043536867165625 466
1694620530506 0.8047853588579039 467
1694620530534 0.8052092277240133 468
1694620530563 0.8056254321632774 469
1694620530601 0.8060341088477949 470
1694620530636 0.8064353922956962 471
1694620530667 0.806829414893738 472
1694620530698 0.8072163069201463 473
1694620530729 0.8075961965676697 474
1694620530762 0.8079692099668404 475
1694620530793 0.8083354712093914 476
1694620530826 0.8086951023718265 477
1694620530863 0.8090482235391072 478
1694620530898 0.8093949528284481 479
1694620530932 0.8097354064131832 480
1694620530970 0.8100696985467004 481
1694620531002 0.8103979415864158 482
1694620531032 0.8107202460177696 483
1694620531061 0.8110367204782309 484
1694620531096 0.811347471781294 485
1694620531133 0.8116526049404473 486
1694620531170 0.8119522231931057 487
1694620531200 0.8122464280244869 488
1694620531231 0.8125353191914242 489
1694620531261 0.8128189947460955 490
1694620531291 0.8130975510596682 491
1694620531322 0.8133710828458357 492
1694620531352 0.8136396831842448 493
1694620531382 0.8139034435438 494
1694620531411 0.8141624538058334 495
1694620531442 0.8144168022871404 496
1694620531473 0.8146665757628575 497
1694620531502 0.8149118594891902 498
1694620531531 0.8151527372259746 499
1694620531564 0.8153892912590681 500
1694620531592 0.8156216024225623 501
1694620531623 0.8158497501208147 502
1694620531654 0.8160738123502906 503
1694620531689 0.8162938657212109 504
1694620531721 0.8165099854790052 505
1694620531754 0.8167222455255585 506
1694620531784 0.816930718440253 507
1694620531815 0.8171354755008007 508
1694620531850 0.8173365867038616 509
1694620531961 0.8175341207854476 510
1694620531998 0.817728145241105 511
1694620532032 0.8179187263458804 512
1694620532062 0.8181059291740561 513
1694620532094 0.8182898176186687 514
1694620532123 0.8184704544107948 515
1694620532151 0.8186479011386142 516
1694620532182 0.8188222182662386 517
1694620532214 0.8189934651523142 518
1694620532243 0.8191617000683935 519
1694620532277 0.8193269802170753 520
1694620532309 0.8194893617499128 521
1694620532341 0.8196488997850908 522
1694620532375 0.8198056484248735 523
1694620532405 0.8199596607728178 524
1694620532438 0.8201109889507576 525
1694620532470 0.8202596841155594 526
1694620532500 0.8204057964756432 527
1694620532529 0.8205493753072822 528
1694620532558 0.8206904689706654 529
1694620532587 0.8208291249257424 530
1694620532618 0.8209653897478338 531
1694620532648 0.8210993091430246 532
1694620532679 0.821230927963327 533
1694620532711 0.8213602902216277 534
1694620532747 0.8214874391064101 535
1694620532783 0.8216124169962589 536
1694620532818 0.8217352654741474 537
1694620532847 0.8218560253415113 538
1694620532880 0.8219747366321021 539
1694620532909 0.8220914386256373 540
1694620532939 0.8222061698612322 541
1694620532969 0.8223189681506274 542
1694620532996 0.8224298705912108 543
1694620533028 0.8225389135788304 544
1694620533063 0.8226461328204109 545
1694620533110 0.8227515633463645 546
1694620533151 0.822855239522807 547
1694620533193 0.8229571950635753 548
1694620533223 0.823057463042053 549
1694620533257 0.8231560759028018 550
1694620533287 0.8232530654730064 551
1694620533316 0.8233484629737289 552
1694620533346 0.8234422990309795 553
1694620533376 0.823534603686604 554
1694620533406 0.8236254064089905 555
1694620533433 0.8237147361035977 556
1694620533460 0.8238026211233054 557
1694620533489 0.8238890892785953 558
1694620533514 0.8239741678475534 559
1694620533540 0.8240578835857101 560
1694620533566 0.8241402627357075 561
1694620533591 0.8242213310368043 562
1694620533618 0.8243011137342178 563
1694620533646 0.8243796355883045 564
1694620533674 0.8244569208835841 565
1694620533704 0.8245329934376049 566
1694620533731 0.8246078766096585 567
1694620533762 0.8246815933093394 568
1694620533791 0.8247541660049589 569
1694620533824 0.8248256167318091 570
1694620533860 0.8248959671002823 571
1694620533897 0.8249652383038482 572
1694620533936 0.8250334511268895 573
1694620533971 0.8251006259524007 574
1694620534002 0.825166782769547 575
1694620534029 0.8252319411810921 576
1694620534058 0.825296120410691 577
1694620534088 0.8253593393100546 578
1694620534113 0.8254216163659851 579
1694620534141 0.8254829697072831 580
1694620534166 0.825543417111535 581
1694620534192 0.8256029760117738 582
1694620534222 0.8256616635030208 583
1694620534254 0.8257194963487103 584
1694620534285 0.8257764909869959 585
1694620534315 0.8258326635369423 586
1694620534346 0.8258880298046066 587
1694620534375 0.8259426052890049 588
1694620534403 0.8259964051879733 589
1694620534431 0.8260494444039199 590
1694620534458 0.8261017375494706 591
1694620534485 0.8261532989530139 592
1694620534513 0.8262041426641398 593
1694620534538 0.8262542824589824 594
1694620534565 0.8263037318454604 595
1694620534590 0.8263525040684228 596
1694620534616 0.8264006121146995 597
1694620534642 0.8264480687180564 598
1694620534670 0.8264948863640599 599
1694620534697 0.8265410772948505 600
1694620534727 0.8265866535138284 601
1694620534754 0.8266316267902493 602
1694620534780 0.8266760086637374 603
1694620534806 0.8267198104487115 604
1694620534834 0.8267630432387296 605
1694620534860 0.8268057179107523 606
1694620534893 0.8268478451293254 607
1694620534925 0.8268894353506835 608
1694620534953 0.8269304988267769 609
1694620534980 0.826971045609225 610
1694620535006 0.8270110855531898 611
1694620535032 0.8270506283211825 612
1694620535061 0.8270896833867926 613
1694620535089 0.8271282600383507 614
1694620535117 0.8271663673825204 615
1694620535144 0.82720401434782 616
1694620535171 0.8272412096880826 617
1694620535198 0.8272779619858442 618
1694620535228 0.8273142796556731 619
1694620535255 0.8273501709474312 620
1694620535284 0.8273856439494782 621
1694620535312 0.8274207065918091 622
1694620535339 0.8274553666491369 623
1694620535365 0.8274896317439128 624
1694620535390 0.8275235093492921 625
1694620535416 0.8275570067920399 626
1694620535440 0.8275901312553839 627
1694620535466 0.8276228897818112 628
1694620535492 0.8276552892758117 629
1694620535516 0.827687336506569 630
1694620535542 0.8277190381106017 631
1694620535567 0.827750400594349 632
1694620535594 0.8277814303367124 633
1694620535620 0.8278121335915438 634
1694620535646 0.827842516490089 635
1694620535672 0.8278725850433832 636
1694620535698 0.827902345144599 637
1694620535722 0.8279318025713512 638
1694620535751 0.827960962987956 639
1694620535776 0.8279898319476463 640
1694620535802 0.8280184148947457 641
1694620535831 0.8280467171667993 642
1694620535860 0.8280747439966627 643
1694620535890 0.8281025005145528 644
1694620535918 0.8281299917500572 645
1694620535951 0.8281572226341044 646
1694620535991 0.828184198000898 647
1694620536025 0.8282109225898107 648
1694620536054 0.8282374010472435 649
1694620536080 0.8282636379284485 650
1694620536107 0.8282896376993153 651
1694620536132 0.8283154047381243 652
1694620536158 0.8283409433372653 653
1694620536185 0.8283662577049206 654
1694620536218 0.8283913519667203 655
1694620536245 0.8284162301673605 656
1694620536274 0.8284408962721925 657
1694620536305 0.8284653541687803 658
1694620536332 0.8284896076684287 659
1694620536358 0.8285136605076806 660
1694620536384 0.8285375163497855 661
1694620536408 0.828561178786139 662
1694620536494 0.828584651337696 663
1694620536520 0.8286079374563531 664
1694620536547 0.8286310405263076 665
1694620536574 0.8286539638653874 666
1694620536602 0.8286767107263555 667
1694620536630 0.8286992842981907 668
1694620536658 0.8287216877073404 669
1694620536687 0.8287439240189519 670
1694620536713 0.8287659962380767 671
1694620536742 0.8287879073108542 672
1694620536769 0.8288096601256696 673
1694620536797 0.8288312575142913 674
1694620536824 0.8288527022529846 675
1694620536849 0.8288739970636041 676
1694620536874 0.8288951446146651 677
1694620536899 0.828916147522393 678
1694620536926 0.8289370083517535 679
1694620536954 0.8289577296174615 680
1694620536981 0.8289783137849702 681
1694620537006 0.8289987632714428 682
1694620537032 0.8290190804467017 683
1694620537059 0.8290392676341614 684
1694620537088 0.8290593271117443 685
1694620537119 0.8290792611127746 686
1694620537144 0.8290990718268594 687
1694620537170 0.8291187614007468 688
1694620537203 0.8291383319391744 689
1694620537238 0.829157785505694 690
1694620537275 0.829177124123485 691
1694620537306 0.8291963497761492 692
1694620537339 0.8292154644084913 693
1694620537372 0.8292344699272843 694
1694620537415 0.8292533682020174 695
1694620537456 0.8292721610656332 696
1694620537486 0.8292908503152467 697
1694620537515 0.829309437712852 698
1694620537543 0.8293279249860155 699
1694620537585 0.829346313828554 700
1694620537625 0.8293646059012001 701
1694620537659 0.8293828028322552 702
1694620537704 0.8294009062182294 703
1694620537751 0.8294189176244666 704
1694620537789 0.8294368385857622 705
1694620537821 0.8294546706069625 706
1694620537851 0.8294724151635575 707
1694620537877 0.8294900737022595 708
1694620537905 0.8295076476415697 709
1694620537934 0.829525138372337 710
1694620537962 0.8295425472583002 711
1694620537991 0.829559875636626 712
1694620538016 0.8295771248184319 713
1694620538043 0.8295942960892991 714
1694620538068 0.829611390709778 715
1694620538099 0.8296284099158813 716
1694620538132 0.8296453549195677 717
1694620538163 0.829662226909217 718
1694620538191 0.8296790270500953 719
1694620538219 0.8296957564848113 720
1694620538251 0.8297124163337624 721
1694620538286 0.8297290076955736 722
1694620538324 0.8297455316475273 723
1694620538361 0.8297619892459842 724
1694620538392 0.8297783815267957 725
1694620538425 0.8297947095057092 726
1694620538455 0.8298109741787646 727
1694620538484 0.8298271765226823 728
1694620538512 0.8298433174952465 729
1694620538541 0.8298593980356761 730
1694620538567 0.8298754190649935 731
1694620538595 0.8298913814863819 732
1694620538622 0.829907286185538 733
1694620538652 0.8299231340310176 734
1694620538682 0.8299389258745722 735
1694620538712 0.8299546625514821 736
1694620538740 0.8299703448808812 737
1694620538765 0.8299859736660741 738
1694620538797 0.8300015496948503 739
1694620538851 0.8300170737397893 740
1694620538916 0.8300325465585607 741
1694620538965 0.8300479688942186 742
1694620539004 0.8300633414754903 743
1694620539040 0.8300786650170578 744
1694620539077 0.8300939402198355 745
1694620539117 0.8301091677712427 746
1694620539151 0.8301243483454681 747
1694620539184 0.8301394826037324 748
1694620539218 0.8301545711945421 749
1694620539256 0.8301696147539429 750
1694620539297 0.8301846139057636 751
1694620539336 0.8301995692618573 752
1694620539372 0.8302144814223379 753
1694620539407 0.8302293509758116 754
1694620539444 0.830244178499604 755
1694620539473 0.8302589645599823 756
1694620539501 0.8302737097123727 757
1694620539530 0.8302884145015761 758
1694620539560 0.8303030794619755 759
1694620539588 0.8303177051177425 760
1694620539616 0.8303322919830384 761
1694620539646 0.8303468405622119 762
1694620539680 0.8303613513499917 763
1694620539710 0.8303758248316767 764
1694620539738 0.8303902614833224 765
1694620539763 0.8304046617719217 766
1694620539788 0.8304190261555852 767
1694620539813 0.8304333550837145 768
1694620539838 0.8304476489971755 769
1694620539864 0.8304619083284653 770
1694620539892 0.8304761335018779 771
1694620539922 0.8304903249336654 772
1694620539947 0.8305044830321968 773
1694620539974 0.8305186081981127 774
1694620540003 0.8305327008244786 775
1694620540041 0.8305467612969328 776
1694620540085 0.8305607899938338 777
1694620540127 0.8305747872864031 778
1694620540165 0.8305887535388656 779
1694620540210 0.8306026891085884 780
1694620540266 0.830616594346214 781
1694620540334 0.8306304695957953 782
1694620540389 0.8306443151949221 783
1694620540446 0.8306581314748516 784
1694620540490 0.8306719187606306 785
1694620540527 0.8306856773712186 786
1694620540562 0.8306994076196086 787
1694620540599 0.830713109812942 788
1694620540634 0.8307267842526269 789
1694620540666 0.8307404312344484 790
1694620540698 0.8307540510486804 791
1694620540738 0.8307676439801939 792
1694620540786 0.8307812103085621 793
1694620540827 0.8307947503081675 794
1694620540862 0.8308082642483001 795
1694620540901 0.8308217523932608 796
1694620540940 0.8308352150024578 797
1694620540981 0.8308486523305031 798
1694620541013 0.8308620646273069 799
1694620541043 0.83087545213817 800
1694620541072 0.8308888151038745 801
1694620541102 0.8309021537607719 802
1694620541141 0.8309154683408717 803
1694620541231 0.8309287590719246 804
1694620541304 0.8309420261775082 805
1694620541381 0.8309552698771071 806
1694620541460 0.8309684903861947 807
1694620541515 0.8309816879163116 808
1694620541633 0.8309948626751419 809
1694620541711 0.8310080148665906 810
1694620541761 0.8310211446908562 811
1694620541808 0.8310342523445041 812
1694620541848 0.8310473380205381 813
1694620541877 0.8310604019084693 814
1694620541905 0.8310734441943863 815
1694620541944 0.8310864650610208 816
1694620541987 0.8310994646878139 817
1694620542031 0.8311124432509807 818
1694620542081 0.8311254009235738 819
1694620542141 0.8311383378755444 820
1694620542195 0.8311512542738042 821
1694620542249 0.8311641502822846 822
1694620542303 0.8311770260619941 823
1694620542351 0.8311898817710768 824
1694620542381 0.8312027175648682 825
1694620542410 0.8312155335959499 826
1694620542437 0.8312283300142033 827
1694620542466 0.8312411069668637 828
1694620542493 0.8312538645985698 829
1694620542524 0.8312666030514171 830
1694620542557 0.8312793224650059 831
1694620542589 0.83129202297649 832
1694620542619 0.8313047047206267 833
1694620542647 0.8313173678298205 834
1694620542676 0.8313300124341713 835
1694620542710 0.8313426386615194 836
1694620542738 0.8313552466374876 837
1694620542769 0.8313678364855275 838
1694620542797 0.8313804083269595 839
1694620542827 0.831392962281015 840
1694620542858 0.8314054984648784 841
1694620542886 0.8314180169937255 842
1694620542916 0.8314305179807633 843
1694620542945 0.8314430015372681 844
1694620542972 0.8314554677726238 845
1694620543001 0.8314679167943583 846
1694620543026 0.8314803487081797 847
1694620543053 0.8314927636180117 848
1694620543078 0.8315051616260289 849
1694620543104 0.8315175428326902 850
1694620543129 0.8315299073367723 851
1694620543157 0.8315422552354026 852
1694620543184 0.831554586624092 853
1694620543217 0.8315669015967646 854
1694620543243 0.8315792002457898 855
1694620543271 0.8315914826620129 856
1694620543301 0.8316037489347835 857
1694620543328 0.8316159991519857 858
1694620543356 0.8316282334000659 859
1694620543389 0.8316404517640601 860
1694620543419 0.8316526543276231 861
1694620543452 0.8316648411730538 862
1694620543486 0.831677012381322 863
1694620543524 0.8316891680320941 864
1694620543560 0.8317013082037581 865
1694620543592 0.8317134329734492 866
1694620543631 0.8317255424170731 867
1694620543672 0.83173763660933 868
1694620543710 0.831749715623739 869
1694620543745 0.8317617795326593 870
1694620543781 0.8317738284073136 871
1694620543815 0.8317858623178104 872
1694620543849 0.8317978813331645 873
1694620543879 0.831809885521319 874
1694620543914 0.8318218749491652 875
1694620543943 0.8318338496825639 876
1694620543976 0.8318458097863648 877
1694620544004 0.8318577553244255 878
1694620544030 0.8318696863596315 879
1694620544059 0.8318816029539141 880
1694620544095 0.8318935051682698 881
1694620544137 0.8319053930627769 882
1694620544179 0.8319172666966148 883
1694620544224 0.8319291261280797 884
1694620544267 0.8319409714146029 885
1694620544306 0.8319528026127666 886
1694620544338 0.8319646197783205 887
1694620544369 0.8319764229661977 888
1694620544399 0.8319882122305304 889
1694620544430 0.8319999876246656 890
1694620544462 0.8320117492011792 891
1694620544499 0.8320234970118919 892
1694620544544 0.832035231107883 893
1694620544586 0.8320469515395046 894
1694620544631 0.8320586583563958 895
1694620544666 0.8320703516074966 896
1694620544706 0.8320820313410598 897
1694620544758 0.8320936976046659 898
1694620544806 0.8321053504452348 899
1694620544842 0.8321169899090394 900
1694620544879 0.8321286160417168 901
1694620544920 0.8321402288882809 902
1694620544964 0.8321518284931341 903
1694620545008 0.83216341490008 904
1694620545045 0.8321749881523327 905
1694620545085 0.8321865482925299 906
1694620545124 0.8321980953627433 907
1694620545161 0.8322096294044883 908
1694620545197 0.8322211504587365 909
1694620545238 0.832232658565924 910
1694620545278 0.8322441537659631 911
1694620545318 0.8322556360982509 912
1694620545349 0.8322671056016804 913
1694620545382 0.8322785623146485 914
1694620545414 0.8322900062750673 915
1694620545443 0.832301437520371 916
1694620545469 0.8323128560875267 917
1694620545497 0.8323242620130419 918
1694620545525 0.8323356553329748 919
1694620545552 0.8323470360829404 920
1694620545580 0.8323584042981211 921
1694620545606 0.8323697600132736 922
1694620545635 0.8323811032627366 923
1694620545663 0.8323924340804401 924
1694620545691 0.8324037524999114 925
1694620545721 0.8324150585542831 926
1694620545749 0.8324263522763019 927
1694620545776 0.8324376336983331 928
1694620545804 0.8324489028523703 929
1694620545837 0.8324601597700408 930
1694620545872 0.8324714044826127 931
1694620545906 0.8324826370210019 932
1694620545939 0.8324938574157789 933
1694620545975 0.8325050656971739 934
1694620546010 0.8325162618950843 935
1694620546035 0.8325274460390809 936
1694620546061 0.8325386181584136 937
1694620546090 0.8325497782820164 938
1694620546115 0.8325609264385148 939
1694620546140 0.8325720626562307 940
1694620546167 0.8325831869631886 941
1694620546191 0.8325942993871193 942
1694620546217 0.8326053999554677 943
1694620546243 0.8326164886953964 944
1694620546270 0.8326275656337916 945
1694620546299 0.8326386307972673 946
1694620546326 0.8326496842121718 947
1694620546352 0.8326607259045908 948
1694620546377 0.8326717559003534 949
1694620546403 0.8326827742250364 950
1694620546429 0.8326937809039693 951
1694620546455 0.8327047759622367 952
1694620546482 0.8327157594246866 953
1694620546513 0.8327267313159308 954
1694620546542 0.8327376916603517 955
1694620546570 0.8327486404821053 956
1694620546599 0.8327595778051252 957
1694620546634 0.832770503653128 958
1694620546666 0.8327814180496146 959
1694620546702 0.8327923210178773 960
1694620546738 0.8328032125810003 961
1694620546770 0.8328140927618657 962
1694620546803 0.8328249615831564 963
1694620546834 0.8328358190673599 964
1694620546866 0.8328466652367706 965
1694620546903 0.8328575001134946 966
1694620546945 0.832868323719453 967
1694620546985 0.8328791360763836 968
1694620547021 0.8328899372058467 969
1694620547057 0.8329007271292255 970
1694620547086 0.8329115058677308 971
1694620547113 0.8329222734424044 972
1694620547139 0.8329330298741209 973
1694620547164 0.8329437751835905 974
1694620547191 0.8329545093913637 975
1694620547218 0.8329652325178319 976
1694620547245 0.8329759445832314 977
1694620547276 0.8329866456076461 978
1694620547311 0.8329973356110093 979
1694620547349 0.8330080146131076 980
1694620547384 0.8330186826335815 981
1694620547416 0.8330293396919302 982
1694620547446 0.8330399858075127 983
1694620547474 0.8330506209995496 984
1694620547502 0.8330612452871275 985
1694620547537 0.8330718586891992 986
1694620547576 0.833082461224587 987
1694620547614 0.8330930529119849 988
1694620547648 0.8331036337699603 989
1694620547681 0.8331142038169571 990
1694620547712 0.8331247630712961 991
1694620547742 0.8331353115511789 992
1694620547771 0.8331458492746889 993
1694620547797 0.8331563762597938 994
1694620547825 0.8331668925243462 995
1694620547853 0.8331773980860874 996
1694620547879 0.833187892962648 997
1694620547906 0.8331983771715498 998
1694620547935 0.8332088507302088 999
