1694627640153 178.37616195745846 0
1694627640199 174.7593727899248 1
1694627640239 171.21626635692576 2
1694627640298 167.79684128407334 3
1694627640369 164.44655199174863 4
1694627640424 161.16397968387886 5
1694627640521 157.94773533068866 6
1694627640573 154.7964590230298 7
1694627640630 151.70881934140496 8
1694627640680 148.6835127393307 9
1694627640722 145.7192629406915 10
1694627640764 142.81482035074777 11
1694627640806 139.96896148046824 12
1694627640847 137.180488383866 13
1694627640893 134.44822810802617 14
1694627640948 131.77103215552074 15
1694627641019 129.14777595891402 16
1694627641097 126.57735836707045 17
1694627641153 124.05870114298247 18
1694627641199 121.59074847284533 19
1694627641242 119.17246648611106 20
1694627641294 116.80284278626095 21
1694627641339 114.48088599204385 22
1694627641417 112.20562528893197 23
1694627641468 109.97610999055388 24
1694627641525 107.79140910986938 25
1694627641607 105.65061093985759 26
1694627641672 103.55282264349489 27
1694627641738 101.49716985280513 28
1694627641790 99.48279627677012 29
1694627641831 97.51187552790549 30
1694627641897 95.58040727030095 31
1694627641948 93.69014865728356 32
1694627641993 91.83765832297496 33
1694627642034 90.02217478905001 34
1694627642075 88.24295211773902 35
1694627642114 86.49925958876729 36
1694627642157 84.79038138320486 37
1694627642197 83.11561627407148 38
1694627642237 81.47427732354713 39
1694627642273 79.86569158664034 40
1694627642316 78.29064268192738 41
1694627642365 76.74695196051529 42
1694627642414 75.23399073888751 43
1694627642465 73.7511430452729 44
1694627642515 72.29780535936757 45
1694627642561 70.8733863574921 46
1694627642600 69.47730666306717 47
1694627642637 68.10899860229345 48
1694627642670 66.76790596492354 49
1694627642703 65.45348377001693 50
1694627642746 64.16519803657083 51
1694627642790 62.90252555892281 52
1694627642831 61.6649536868228 53
1694627642888 60.45198011007447 54
1694627642947 59.263112647648875 55
1694627642993 58.09786904117432 56
1694627643038 56.95577675270961 57
1694627643090 55.836372766709026 58
1694627643137 54.73920339609011 59
1694627643175 53.66382409231674 60
1694627643220 52.60979925941241 61
1694627643267 51.57670207182007 62
1694627643305 50.564114296027114 63
1694627643347 49.5716261158755 64
1694627643393 48.59883596147913 65
1694627643447 47.64535034167216 66
1694627643520 46.71078367991343 67
1694627643567 45.794758153574236 68
1694627643621 44.896903536537714 69
1694627643671 44.0168570450404 70
1694627643722 43.15426318668721 71
1694627643773 42.30877361257334 72
1694627643830 41.480046972447454 73
1694627643890 40.667748772852484 74
1694627643938 39.87155123818116 75
1694627643988 39.09113317458537 76
1694627644032 38.32617983667927 77
1694627644082 37.5763827969776 78
1694627644133 36.84143981801207 79
1694627644183 36.1210547270695 80
1694627644234 35.414937293497 81
1694627644324 34.72280310852056 82
1694627644417 34.04437346752438 83
1694627644474 33.37937525473977 84
1694627644523 32.72754083029306 85
1694627644580 32.08860791956369 86
1694627644676 31.462319504803997 87
1694627644735 30.848423718973812 88
1694627644809 30.24667374174369 89
1694627644875 29.656827697621672 90
1694627644931 29.078648556159425 91
1694627644981 28.511904034194647 92
1694627645027 27.956366500087316 93
1694627645080 27.41181287990853 94
1694627645133 26.878024565541406 95
1694627645181 26.354787324654378 96
1694627645224 25.841891212508145 97
1694627645264 25.339130485558307 98
1694627645302 24.846303516816562 99
1694627645358 24.363212712933954 100
1694627645405 23.889664432970786 101
1694627645461 23.425468908818214 102
1694627645508 22.97044016723747 103
1694627645557 22.524395953483285 104
1694627645604 22.087157656478926 105
1694627645653 21.658550235510766 106
1694627645688 21.238402148411122 107
1694627645724 20.826545281198722 108
1694627645758 20.422814879146742 109
1694627645798 20.027049479249136 110
1694627645841 19.63909084405637 111
1694627645887 19.25878389685251 112
1694627645958 18.885976658146102 113
1694627646021 18.520520183447786 114
1694627646081 18.162268502308347 115
1694627646129 17.81107855859118 116
1694627646169 17.466810151954014 117
1694627646205 17.129325880515026 118
1694627646239 16.798491084679036 119
1694627646280 16.474173792100142 120
1694627646337 16.15624466375732 121
1694627646391 15.84457694112052 122
1694627646448 15.53904639438459 123
1694627646503 15.239531271749462 124
1694627646556 14.9459122497251 125
1694627646602 14.65807238444026 126
1694627646653 14.375897063934632 127
1694627646698 14.099273961414161 128
1694627646739 13.828092989450024 129
1694627646784 13.562246255101913 130
1694627646822 13.301628015946813 131
1694627646872 13.04613463699476 132
1694627646930 12.795664548473612 133
1694627646983 12.55011820446502 134
1694627647028 12.30939804237426 135
1694627647074 12.073408443217076 136
1694627647123 11.842055692706703 137
1694627647175 11.615247943124965 138
1694627647226 11.392895175961453 139
1694627647268 11.174909165305062 140
1694627647306 10.961203441972739 141
1694627647341 10.751693258360376 142
1694627647385 10.546295554001196 143
1694627647423 10.344928921817232 144
1694627647474 10.147513575049908 145
1694627647539 9.953971314855876 146
1694627647591 9.764225498554584 147
1694627647648 9.578201008514425 148
1694627647703 9.395824221664489 149
1694627647752 9.217022979619193 150
1694627647792 9.041726559403426 151
1694627647833 8.869865644766021 152
1694627647874 8.701372298069616 153
1694627647922 8.536179932745245 154
1694627647963 8.37422328630026 155
1694627648001 8.215438393868281 156
1694627648072 8.059762562290349 157
1694627648113 7.907134344716396 158
1694627648149 7.757493515716615 159
1694627648182 7.6107810468923605 160
1694627648224 7.466939082976485 161
1694627648273 7.325910918413227 162
1694627648319 7.187640974407992 163
1694627648355 7.052074776437455 164
1694627648393 6.919158932210779 165
1694627648436 6.788841110072776 166
1694627648484 6.6610700178401085 167
1694627648537 6.535795382061787 168
1694627648583 6.412967927695406 169
1694627648622 6.292539358190748 170
1694627648673 6.174462335972485 171
1694627648722 6.0586904633139875 172
1694627648773 5.945178263594321 173
1694627648822 5.8338811629307115 174
1694627648873 5.724755472178936 175
1694627648917 5.617758369294173 176
1694627648968 5.512847882045093 177
1694627649012 5.409982871074071 178
1694627649053 5.309123013296509 179
1694627649096 5.2102287856325376 180
1694627649138 5.113261449064249 181
1694627649180 5.0181830330120745 182
1694627649218 4.924956320023763 183
1694627649256 4.833544830769749 184
1694627649314 4.743912809338664 185
1694627649363 4.656025208827066 186
1694627649403 4.569847677217358 187
1694627649446 4.485346543538157 188
1694627649499 4.402488804301459 189
1694627649544 4.321242110210968 190
1694627649587 4.241574753136181 191
1694627649635 4.163455653346907 192
1694627649677 4.086854347002932 193
1694627649717 4.01174097389377 194
1694627649762 3.938086265423406 195
1694627649807 3.86586153283519 196
1694627649854 3.7950386556719637 197
1694627649902 3.725590070466811 198
1694627649940 3.6574887596597088 199
1694627649979 3.5907082407355766 200
1694627650021 3.525222555579296 201
1694627650069 3.461006260043328 202
1694627650107 3.3980344137236975 203
1694627650145 3.3362825699400647 204
1694627650214 3.2757267659159597 205
1694627650269 3.2163435131549876 206
1694627650313 3.158109788009198 207
1694627650346 3.101003022435712 208
1694627650401 3.0450010949378448 209
1694627650446 2.990082321687032 210
1694627650499 2.9362254478219243 211
1694627650540 2.883409638921106 212
1694627650574 2.8316144726459553 213
1694627650608 2.7808199305502495 214
1694627650647 2.731006390053167 215
1694627650684 2.682154616572394 216
1694627650720 2.63424575581418 217
1694627650763 2.587261326217134 218
1694627650807 2.5411832115467243 219
1694627650852 2.4959936536374823 220
1694627650891 2.4516752452798967 221
1694627650937 2.4082109232491504 222
1694627650987 2.365583961472827 223
1694627651037 2.323777964334854 224
1694627651117 2.282776860112884 225
1694627651164 2.2425648945465237 226
1694627651207 2.203126624533738 227
1694627651257 2.1644469119528633 228
1694627651297 2.126510917607782 229
1694627651336 2.0893040952937048 230
1694627651391 2.0528121859812205 231
1694627651430 2.0170212121162 232
1694627651469 1.9819174720332946 233
1694627651517 1.9474875344806721 234
1694627651567 1.9137182332538663 235
1694627651610 1.880596661936479 236
1694627651654 1.848110168745642 237
1694627651720 1.8162463514801288 238
1694627651780 1.7849930525690747 239
1694627651851 1.7543383542192872 240
1694627651915 1.724270573659172 241
1694627651977 1.694778258477361 242
1694627652083 1.6658501820541372 243
1694627652140 1.637475339083819 244
1694627652208 1.6096429411862458 245
1694627652270 1.582342412605647 246
1694627652333 1.5555633859950984 247
1694627652390 1.5292956982848798 248
1694627652457 1.503529386633058 249
1694627652508 1.478254684456642 250
1694627652556 1.4534620175417237 251
1694627652605 1.4291420002310047 252
1694627652668 1.4052854316871624 253
1694627652735 1.381883292230584 254
1694627652819 1.3589267397499216 255
1694627652871 1.336407106184057 256
1694627652927 1.314315894074054 257
1694627652982 1.2926447731836748 258
1694627653028 1.2713855771871068 259
1694627653089 1.2505303004225592 260
1694627653142 1.2300710947104316 261
1694627653197 1.2100002662347216 262
1694627653256 1.1903102724864616 263
1694627653309 1.170993719267904 264
1694627653373 1.152043357756297 265
1694627653442 1.1334520816259825 266
1694627653524 1.1152129242277447 267
1694627653607 1.0973190558241899 268
1694627653665 1.0797637808801035 269
1694627653719 1.0625405354066222 270
1694627653765 1.0456428843582237 271
1694627653819 1.0290645190814092 272
1694627653901 1.0127992548141063 273
1694627653954 0.9968410282347331 274
1694627654010 0.9811838950599866 275
1694627654054 0.9658220276903176 276
1694627654116 0.9507497129022092 277
1694627654168 0.9359613495862875 278
1694627654213 0.9214514465303512 279
1694627654265 0.9072146202464461 280
1694627654311 0.8932455928410843 281
1694627654373 0.8795391899277636 282
1694627654424 0.8660903385809436 283
1694627654468 0.8528940653306442 284
1694627654522 0.839945494196859 285
1694627654564 0.8272398447630055 286
1694627654613 0.8147724302876074 287
1694627654661 0.8025386558534778 288
1694627654709 0.7905340165536299 289
1694627654754 0.7787540957132056 290
1694627654802 0.7671945631466883 291
1694627654848 0.755851173449709 292
1694627654900 0.7447197643247453 293
1694627654944 0.7337962549400586 294
1694627654995 0.723076644321176 295
1694627655040 0.7125570097743086 296
1694627655104 0.7022335053410308 297
1694627655154 0.6921023602836295 298
1694627655222 0.682159877600499 299
1694627655274 0.6724024325709788 300
1694627655334 0.662826471329063 301
1694627655383 0.6534285094653985 302
1694627655435 0.6442051306569959 303
1694627655498 0.6351529853241352 304
1694627655553 0.6262687893138891 305
1694627655612 0.6175493226097627 306
1694627655678 0.608991428066902 307
1694627655730 0.6005920101724022 308
1694627655782 0.5923480338301639 309
1694627655829 0.5842565231698612 310
1694627655882 0.5763145603795068 311
1694627655936 0.5685192845611595 312
1694627655997 0.5608678906093157 313
1694627656062 0.5533576281115177 314
1694627656119 0.5459858002707566 315
1694627656180 0.5387497628492327 316
1694627656229 0.5316469231330327 317
1694627656286 0.5246747389173267 318
1694627656335 0.517830717511667 319
1694627656384 0.5111124147649961 320
1694627656435 0.5045174341099654 321
1694627656503 0.4980434256261775 322
1694627656557 0.49168808512199264 323
1694627656633 0.485449153234511 324
1694627656683 0.47932441454738095 325
1694627656735 0.4733116967260723 326
1694627656802 0.4674088696702806 327
1694627656852 0.46161384468309913 328
1694627656902 0.45592457365665506 329
1694627656951 0.4503390482738471 330
1694627657002 0.4448552992259023 331
1694627657050 0.43947139544540836 332
1694627657097 0.4341854433545308 333
1694627657151 0.42899558612809796 334
1694627657199 0.42390000297128655 335
1694627657247 0.41889690841157856 336
1694627657301 0.41398455160474285 337
1694627657347 0.4091612156545345 338
1694627657398 0.40442521694586697 339
1694627657449 0.3997749044911566 340
1694627657510 0.39520865928960885 341
1694627657564 0.39072489369917235 342
1694627657608 0.3863220508209074 343
1694627657657 0.3819986038955393 344
1694627657703 0.3777530557119343 345
1694627657751 0.37358393802727324 346
1694627657797 0.36948981099868666 347
1694627657838 0.3654692626261266 348
1694627657884 0.3615209082062536 349
1694627657952 0.35764338979711074 350
1694627657999 0.35383537569337986 351
1694627658044 0.35009555991200886 352
1694627658090 0.34642266168800173 353
1694627658147 0.34281542498016637 354
1694627658203 0.3392726179866354 355
1694627658241 0.3357930326699472 356
1694627658289 0.33237548429151503 357
1694627658337 0.3290188109552908 358
1694627658374 0.32572187316043183 359
1694627658419 0.3224835533628122 360
1694627658453 0.3193027555451846 361
1694627658492 0.3161784047958338 362
1694627658540 0.3131094468955441 363
1694627658590 0.3100948479127173 364
1694627658649 0.3071335938064932 365
1694627658694 0.30422469003768976 366
1694627658738 0.3013671611874282 367
1694627658789 0.29856005058328283 368
1694627658836 0.2958024199328021 369
1694627658892 0.29309334896426703 370
1694627658934 0.2904319350745318 371
1694627659008 0.2878172929838102 372
1694627659115 0.2852485543972673 373
1694627659195 0.2827248676732956 374
1694627659257 0.280245397498317 375
1694627659317 0.27780932456801066 376
1694627659416 0.27541584527481316 377
1694627659520 0.27306417140158656 378
1694627659651 0.2707535298213237 379
1694627659724 0.2684831622027644 380
1694627659785 0.26625232472181926 381
1694627659858 0.2640602877786821 382
1694627659932 0.26190633572050637 383
1694627660007 0.25978976656955005 384
1694627660077 0.2577098917566759 385
1694627660130 0.25566603586009906 386
1694627660180 0.25365753634928045 387
1694627660235 0.2516837433338579 388
1694627660282 0.24974401931752718 389
1694627660356 0.24783773895676406 390
1694627660408 0.2459642888242963 391
1694627660466 0.2441230671772317 392
1694627660537 0.2423134837297467 393
1694627660582 0.2405349594302489 394
1694627660638 0.23878692624292533 395
1694627660688 0.23706882693358422 396
1694627660742 0.23538011485971133 397
1694627660792 0.23372025376465813 398
1694627660841 0.23208871757586844 399
1694627660892 0.23048499020708096 400
1694627660955 0.22890856536441545 401
1694627661011 0.2273589463562735 402
1694627661083 0.22583564590697136 403
1694627661147 0.22433818597403984 404
1694627661203 0.2228660975691098 405
1694627661271 0.2214189205823204 406
1694627661329 0.2199962036101739 407
1694627661375 0.21859750378677048 408
1694627661424 0.21722238661836 409
1694627661468 0.2158704258211422 410
1694627661507 0.2145412031622497 411
1694627661557 0.21323430830385245 412
1694627661600 0.21194933865032292 413
1694627661637 0.2106858991984003 414
1694627661675 0.20944360239029217 415
1694627661718 0.20822206796966458 416
1694627661781 0.20702092284044946 417
1694627661834 0.2058398009284243 418
1694627661892 0.20467834304550728 419
1694627661950 0.20353619675671134 420
1694627662006 0.20241301624970737 421
1694627662080 0.20130846220694332 422
1694627662140 0.20022220168027022 423
1694627662205 0.19915390796802468 424
1694627662287 0.19810326049451665 425
1694627662385 0.1970699446918832 426
1694627662458 0.19605365188425147 427
1694627662528 0.19505407917417336 428
1694627662595 0.19407092933127895 429
1694627662681 0.19310391068311542 430
1694627662739 0.19215273700811838 431
1694627662801 0.19121712743067854 432
1694627662882 0.190296806318261 433
1694627662962 0.1893915031805384 434
1694627663005 0.18850095257049757 435
1694627663049 0.18762489398747462 436
1694627663097 0.18676307178209245 437
1694627663143 0.18591523506305488 438
1694627663194 0.1850811376057584 439
1694627663238 0.18426053776269502 440
1694627663420 0.18345319837560184 441
1694627663471 0.18265888668932984 442
1694627663566 0.18187737426738954 443
1694627663622 0.18110843690915385 444
1694627663690 0.180351854568669 445
1694627663758 0.17960741127505528 446
1694627663810 0.17887489505446105 447
1694627663854 0.17815409785353584 448
1694627663908 0.17744481546439872 449
1694627663997 0.17674684745107264 450
1694627664091 0.17605999707734815 451
1694627664206 0.17538407123605623 452
1694627664266 0.17471888037972055 453
1694627664374 0.17406423845255897 454
1694627664444 0.17341996282381042 455
1694627664502 0.17278587422236075 456
1694627664556 0.17216179667264442 457
1694627664608 0.17154755743178815 458
1694627664649 0.1709429869279856 459
1694627664691 0.1703479187000636 460
1694627664731 0.1697621893382317 461
1694627664772 0.16918563842597942 462
1694627664824 0.16861810848310518 463
1694627664867 0.16805944490985217 464
1694627664906 0.1675094959321328 465
1694627664965 0.166968112547815 466
1694627665013 0.16643514847405322 467
1694627665062 0.1659104600956432 468
1694627665102 0.16539390641437868 469
1694627665161 0.16488534899939322 470
1694627665207 0.1643846519384627 471
1694627665285 0.16389168179025806 472
1694627665365 0.16340630753751922 473
1694627665432 0.16292840054114077 474
1694627665502 0.16245783449514725 475
1694627665558 0.1619944853825408 476
1694627665609 0.16153823143200502 477
1694627665660 0.16108895307544857 478
1694627665731 0.1606465329063706 479
1694627665787 0.16021085563903203 480
1694627665844 0.1597818080684187 481
1694627665901 0.15935927903097885 482
1694627665955 0.15894315936612066 483
1694627666006 0.15853334187845403 484
1694627666059 0.15812972130076433 485
1694627666107 0.15773219425769985 486
1694627666204 0.157340659230165 487
1694627666320 0.15695501652039587 488
1694627666399 0.15657516821771608 489
1694627666468 0.15620101816495158 490
1694627666538 0.1558324719254949 491
1694627666594 0.15546943675100208 492
1694627666654 0.15511182154971853 493
1694627666701 0.15475953685541236 494
1694627666747 0.1544124947969049 495
1694627666788 0.1540706090681949 496
1694627666838 0.15373379489915362 497
1694627666890 0.15340196902678477 498
1694627666941 0.15307504966704022 499
1694627666987 0.15275295648717868 500
1694627667024 0.15243561057865404 501
1694627667068 0.15212293443052724 502
1694627667107 0.15181485190338975 503
1694627667152 0.15151128820378662 504
1694627667198 0.1512121698591344 505
1694627667235 0.1509174246931179 506
1694627667273 0.15062698180156364 507
1694627667320 0.15034077152877148 508
1694627667367 0.15005872544430607 509
1694627667414 0.1497807763202294 510
1694627667454 0.14950685810877276 511
1694627667503 0.14923690592043642 512
1694627667552 0.1489708560025091 513
1694627667602 0.14870864571799752 514
1694627667635 0.14845021352496415 515
1694627667677 0.14819549895625522 516
1694627667720 0.14794444259962095 517
1694627667768 0.1476969860782144 518
1694627667819 0.14745307203146382 519
1694627667867 0.14721264409631027 520
1694627667922 0.146975646888805 521
1694627667969 0.146742025986058 522
1694627668011 0.14651172790853162 523
1694627668052 0.14628470010267186 524
1694627668097 0.14606089092387048 525
1694627668136 0.14584024961975425 526
1694627668185 0.1456227263137923 527
1694627668218 0.14540827198921405 528
1694627668251 0.14519683847323553 529
1694627668288 0.14498837842158716 530
1694627668318 0.14478284530333294 531
1694627668359 0.14458019338598171 532
1694627668400 0.1443803777208791 533
1694627668440 0.14418335412888011 534
1694627668489 0.14398907918629125 535
1694627668539 0.14379751021108259 536
1694627668585 0.1436086052493586 537
1694627668618 0.14342232306208907 538
1694627668657 0.14323862311208813 539
1694627668711 0.14305746555124546 540
1694627668765 0.14287881120799384 541
1694627668838 0.14270262157501815 542
1694627668887 0.14252885879719496 543
1694627668931 0.14235748565976297 544
1694627668979 0.14218846557671536 545
1694627669023 0.14202176257941068 546
1694627669070 0.14185734130540303 547
1694627669111 0.14169516698747892 548
1694627669153 0.1415352054429045 549
1694627669204 0.14137742306287354 550
1694627669242 0.14122178680215658 551
1694627669281 0.14106826416894358 552
1694627669322 0.14091682321487847 553
1694627669367 0.14076743252528254 554
1694627669418 0.1406200612095608 555
1694627669466 0.14047467889178952 556
1694627669507 0.14033125570147983 557
1694627669550 0.14018976226451751 558
1694627669614 0.14005016969427 559
1694627669665 0.13991244958286198 560
1694627669717 0.13977657399261567 561
1694627669774 0.1396425154476494 562
1694627669825 0.1395102469256366 563
1694627669870 0.13937974184971597 564
1694627669916 0.13925097408055634 565
1694627669963 0.1391239179085692 566
1694627670013 0.13899854804626444 567
1694627670069 0.13887483962075323 568
1694627670139 0.13875276816638854 569
1694627670180 0.13863230961754278 570
1694627670234 0.13851344030152143 571
1694627670290 0.13839613693160938 572
1694627670339 0.13828037660024545 573
1694627670382 0.13816613677232453 574
1694627670415 0.138053395278626 575
1694627670455 0.13794213030936175 576
1694627670493 0.1378323204078472 577
1694627670531 0.13772394446428843 578
1694627670582 0.13761698170968262 579
1694627670631 0.13751141170983833 580
1694627670673 0.1374072143594985 581
1694627670714 0.1373043698765786 582
1694627670754 0.1372028587965095 583
1694627670805 0.13710266196668347 584
1694627670856 0.13700376054100644 585
1694627670910 0.13690613597454798 586
1694627670969 0.13680977001829284 587
1694627671025 0.13671464471398606 588
1694627671083 0.1366207423890774 589
1694627671131 0.13652804565175505 590
1694627671174 0.13643653738607378 591
1694627671218 0.13634620074717257 592
1694627671269 0.13625701915657798 593
1694627671320 0.13616897629759706 594
1694627671366 0.13608205611079238 595
1694627671399 0.13599624278954223 596
1694627671436 0.1359115207756802 597
1694627671477 0.13582787475521757 598
1694627671518 0.13574528965414207 599
1694627671558 0.13566375063429376 600
1694627671601 0.13558324308931713 601
1694627671645 0.1355037526406872 602
1694627671686 0.13542526513380673 603
1694627671722 0.135347766634178 604
1694627671761 0.1352712434236415 605
1694627671808 0.1351956819966843 606
1694627671873 0.1351210690568152 607
1694627671924 0.13504739151300788 608
1694627671974 0.13497463647620536 609
1694627672039 0.13490279125589175 610
1694627672098 0.13483184335672346 611
1694627672140 0.1347617804752226 612
1694627672185 0.13469259049653098 613
1694627672225 0.13462426149122236 614
1694627672264 0.13455678171217253 615
1694627672307 0.134490139591485 616
1694627672353 0.13442432373747437 617
1694627672392 0.13435932293170297 618
1694627672435 0.13429512612607156 619
1694627672482 0.13423172243996054 620
1694627672532 0.13416910115742592 621
1694627672582 0.13410725172444343 622
1694627672631 0.13404616374620382 623
1694627672681 0.133985826984454 624
1694627672720 0.13392623135488982 625
1694627672764 0.13386736692459308 626
1694627672803 0.1338092239095146 627
1694627672838 0.1337517926720036 628
1694627672880 0.1336950637183796 629
1694627672924 0.13363902769655042 630
1694627672971 0.13358367539367003 631
1694627673024 0.13352899773383864 632
1694627673074 0.13347498577584535 633
1694627673121 0.13342163071095048 634
1694627673174 0.13336892386070603 635
1694627673221 0.13331685667481646 636
1694627673266 0.1332654207290365 637
1694627673316 0.1332146077231078 638
1694627673365 0.13316440947872948 639
1694627673433 0.13311481793756771 640
1694627673492 0.13306582515929777 641
1694627673555 0.1330174233196836 642
1694627673601 0.13296960470868835 643
1694627673658 0.13292236172862 644
1694627673722 0.1328756868923092 645
1694627673773 0.13282957282132093 646
1694627673808 0.13278401224419337 647
1694627673842 0.13273899799471256 648
1694627673884 0.13269452301021395 649
1694627673927 0.13265058032991586 650
1694627674003 0.1326071630932815 651
1694627674068 0.13256426453840797 652
1694627674113 0.13252187800044665 653
1694627674152 0.13247999691004836 654
1694627674200 0.13243861479183713 655
1694627674246 0.132397725262911 656
1694627674287 0.1323573220313675 657
1694627674322 0.13231739889485492 658
1694627674358 0.13227794973914994 659
1694627674403 0.13223896853675998 660
1694627674441 0.1322004493455478 661
1694627674490 0.13216238630738197 662
1694627674549 0.13212477364681005 663
1694627674605 0.13208760566975503 664
1694627674678 0.13205087676223293 665
1694627674721 0.1320145813890935 666
1694627674774 0.13197871409278394 667
1694627674811 0.13194326949213125 668
1694627674847 0.13190824228114745 669
1694627674899 0.13187362722785398 670
1694627674950 0.13183941917312778 671
1694627675006 0.1318056130295659 672
1694627675045 0.13177220378037055 673
1694627675093 0.13173918647825142 674
1694627675138 0.13170655624434907 675
1694627675184 0.13167430826717477 676
1694627675223 0.1316424378015701 677
1694627675281 0.13161094016768163 678
1694627675319 0.13157981074995675 679
1694627675355 0.13154904499615294 680
1694627675391 0.13151863841636638 681
1694627675424 0.13148858658207485 682
1694627675499 0.1314588851251992 683
1694627675559 0.13142952973717875 684
1694627675618 0.13140051616806311 685
1694627675704 0.1313718402256191 686
1694627675771 0.13134349777445234 687
1694627675805 0.13131548473514498 688
1694627675852 0.13128779708340618 689
1694627675910 0.1312604308492378 690
1694627675957 0.13123338211611368 691
1694627676001 0.1312066470201729 692
1694627676041 0.13118022174942587 693
1694627676090 0.13115410254297527 694
1694627676138 0.13112828569024795 695
1694627676182 0.13110276753024097 696
1694627676233 0.13107754445077896 697
1694627676275 0.1310526128877858 698
1694627676315 0.13102796932456606 699
1694627676354 0.13100361029109964 700
1694627676399 0.1309795323633483 701
1694627676469 0.13095573216257217 702
1694627676534 0.13093220635465908 703
1694627676613 0.1309089516494648 704
1694627676701 0.13088596480016226 705
1694627676772 0.13086324260260407 706
1694627676889 0.13084078189469425 707
1694627676958 0.1308185795557687 708
1694627677023 0.13079663250598914 709
1694627677075 0.13077493770574417 710
1694627677123 0.1307534921550617 711
1694627677191 0.13073229289302904 712
1694627677273 0.13071133699722529 713
1694627677320 0.1306906215831596 714
1694627677375 0.1306701438037215 715
1694627677421 0.13064990084863864 716
1694627677472 0.13062988994394284 717
1694627677533 0.1306101083514462 718
1694627677586 0.13059055336822462 719
1694627677651 0.13057122232610918 720
1694627677721 0.13055211259118815 721
1694627677781 0.13053322156331307 722
1694627677818 0.1305145466756161 723
1694627677884 0.13049608539403418 724
1694627677940 0.13047783521683964 725
1694627677991 0.13045979367417931 726
1694627678063 0.1304419583276212 727
1694627678110 0.13042432676970805 728
1694627678151 0.13040689662351715 729
1694627678188 0.1303896655422286 730
1694627678225 0.13037263120869938 731
1694627678282 0.13035579133504496 732
1694627678325 0.1303391436622262 733
1694627678370 0.13032268595964416 734
1694627678409 0.13030641602474077 735
1694627678454 0.130290331682605 736
1694627678503 0.13027443078558654 737
1694627678554 0.1302587112129147 738
1694627678611 0.13024317087032364 739
1694627678655 0.13022780768968328 740
1694627678700 0.13021261962863545 741
1694627678742 0.13019760467023686 742
1694627678805 0.1301827608226064 743
1694627678870 0.1301680861185786 744
1694627678917 0.13015357861536306 745
1694627678958 0.13013923639420752 746
1694627679013 0.13012505756006698 747
1694627679068 0.13011104024127915 748
1694627679112 0.13009718258924222 749
1694627679154 0.13008348277810017 750
1694627679188 0.13006993900443134 751
1694627679227 0.1300565494869423 752
1694627679276 0.13004331246616607 753
1694627679324 0.1300302262041662 754
1694627679368 0.13001728898424308 755
1694627679421 0.13000449911064735 756
1694627679481 0.12999185490829473 757
1694627679548 0.12997935472248867 758
1694627679602 0.12996699691864372 759
1694627679677 0.12995477988201595 760
1694627679742 0.1299427020174348 761
1694627679797 0.12993076174904208 762
1694627679852 0.1299189575200313 763
1694627679897 0.12990728779239374 764
1694627679939 0.12989575104666817 765
1694627679984 0.12988434578169114 766
1694627680035 0.12987307051435656 767
1694627680080 0.12986192377937258 768
1694627680125 0.12985090412902736 769
1694627680173 0.1298400101329555 770
1694627680222 0.12982924037790788 771
1694627680273 0.12981859346752683 772
1694627680325 0.12980806802212275 773
1694627680377 0.12979766267845466 774
1694627680435 0.12978737608951396 775
1694627680495 0.12977720692431252 776
1694627680537 0.1297671538676713 777
1694627680583 0.12975721562001424 778
1694627680634 0.12974739089716525 779
1694627680689 0.1297376784301459 780
1694627680741 0.1297280769649788 781
1694627680838 0.1297185852624928 782
1694627680889 0.12970920209812958 783
1694627680940 0.12969992626175575 784
1694627680997 0.12969075655747547 785
1694627681052 0.1296816918034468 786
1694627681132 0.1296727308317005 787
1694627681172 0.12966387248796155 788
1694627681232 0.12965511563147256 789
1694627681280 0.12964645913482156 790
1694627681331 0.12963790188376928 791
1694627681375 0.1296294427770827 792
1694627681417 0.1296210807263664 793
1694627681459 0.12961281465590133 794
1694627681514 0.1296046435024815 795
1694627681567 0.1295965662152556 796
1694627681630 0.12958858175557048 797
1694627681681 0.1295806890968161 798
1694627681732 0.12957288722427296 799
1694627681803 0.1295651751349618 800
1694627681848 0.12955755183749623 801
1694627681903 0.12955001635193517 802
1694627681947 0.1295425677096405 803
1694627681996 0.12953520495313456 804
1694627682044 0.12952792713595868 805
1694627682098 0.12952073332253755 806
1694627682150 0.12951362258804097 807
1694627682205 0.1295065940182512 808
1694627682259 0.12949964670942965 809
1694627682334 0.12949277976818682 810
1694627682389 0.12948599231135327 811
1694627682458 0.12947928346585344 812
1694627682525 0.1294726523685794 813
1694627682625 0.12946609816626867 814
1694627682697 0.12945962001538155 815
1694627682737 0.12945321708198093 816
1694627682782 0.12944688854161493 817
1694627682817 0.12944063357919902 818
1694627682854 0.12943445138890206 819
1694627682907 0.12942834117403182 820
1694627682955 0.1294223021469229 821
1694627683009 0.12941633352882642 822
1694627683053 0.12941043454980092 823
1694627683103 0.12940460444860546 824
1694627683147 0.1293988424725928 825
1694627683189 0.129393147877605 826
1694627683232 0.12938751992787018 827
1694627683270 0.12938195789590073 828
1694627683319 0.12937646106239287 829
1694627683358 0.12937102871612724 830
1694627683400 0.12936566015387174 831
1694627683442 0.12936035468028476 832
1694627683486 0.12935511160781965 833
1694627683537 0.129349930256631 834
1694627683597 0.12934480995448278 835
1694627683649 0.1293397500366558 836
1694627683692 0.12933474984585755 837
1694627683737 0.12932980873213468 838
1694627683799 0.1293249260527836 839
1694627683856 0.12932010117226375 840
1694627683902 0.129315333462114 841
1694627683949 0.1293106223008656 842
1694627683998 0.12930596707396116 843
1694627684043 0.1293013671736712 844
1694627684088 0.12929682199901338 845
1694627684123 0.12929233095567252 846
1694627684159 0.1292878934559215 847
1694627684201 0.12928350891854357 848
1694627684237 0.12927917676875475 849
1694627684273 0.129274896438129 850
1694627684312 0.12927066736452228 851
1694627684352 0.1292664889919987 852
1694627684400 0.12926236077075795 853
1694627684449 0.12925828215706245 854
1694627684498 0.12925425261316786 855
1694627684550 0.12925027160725033 856
1694627684606 0.12924633861333937 857
1694627684649 0.12924245311124832 858
1694627684699 0.12923861458650704 859
1694627684751 0.12923482253029547 860
1694627684804 0.12923107643937728 861
1694627684853 0.12922737581603547 862
1694627684904 0.12922372016800748 863
1694627684949 0.12922010900842273 864
1694627684989 0.12921654185573905 865
1694627685032 0.129213018233682 866
1694627685091 0.12920953767118293 867
1694627685145 0.1292060997023197 868
1694627685197 0.12920270386625593 869
1694627685243 0.12919934970718464 870
1694627685295 0.12919603677426758 871
1694627685349 0.12919276462157941 872
1694627685397 0.1291895328080517 873
1694627685441 0.12918634089741593 874
1694627685484 0.12918318845814913 875
1694627685538 0.12918007506341958 876
1694627685587 0.12917700029103266 877
1694627685636 0.12917396372337808 878
1694627685688 0.12917096494737706 879
1694627685730 0.1291680035544315 880
1694627685773 0.1291650791403719 881
1694627685815 0.1291621913054072 882
1694627685854 0.1291593396540757 883
1694627685889 0.12915652379519454 884
1694627685932 0.12915374334181207 885
1694627685986 0.1291509979111595 886
1694627686062 0.1291482871246037 887
1694627686122 0.1291456106075997 888
1694627686172 0.12914296798964517 889
