1694627640167 -0.00944963411021793 0
1694627640207 -0.00941141517831423 1
1694627640251 -0.009371636189855037 2
1694627640309 -0.00932737241135806 3
1694627640379 -0.009281475788977867 4
1694627640438 -0.009233913082209888 5
1694627640533 -0.009184650402680239 6
1694627640584 -0.009133653202683778 7
1694627640640 -0.009080886263553856 8
1694627640689 -0.009026313683857534 9
1694627640734 -0.008969898867408288 10
1694627640773 -0.008911604511112392 11
1694627640817 -0.008851392592622354 12
1694627640856 -0.00878922435782159 13
1694627640903 -0.008725060308121702 14
1694627640962 -0.008658860187578554 15
1694627641033 -0.0085905829698254 16
1694627641108 -0.008520186844822586 17
1694627641164 -0.00844762920541875 18
1694627641209 -0.008372866633728382 19
1694627641253 -0.00829585488732354 20
1694627641305 -0.008216548885232378 21
1694627641350 -0.00813490269375916 22
1694627641429 -0.00805086951210554 23
1694627641481 -0.007964401657811537 24
1694627641539 -0.007875450552000895 25
1694627641623 -0.007783966704443923 26
1694627641685 -0.007689899698424707 27
1694627641750 -0.007593198175425142 28
1694627641801 -0.007493809819617336 29
1694627641842 -0.007417342430451557 30
1694627641909 -0.007338675522227334 31
1694627641959 -0.007281850739522033 32
1694627642003 -0.0072234026107500515 33
1694627642045 -0.007163299952245739 34
1694627642083 -0.0071015110109007296 35
1694627642125 -0.007038003454712616 36
1694627642166 -0.006972744363208605 37
1694627642205 -0.0069057002177381754 38
1694627642244 -0.00683683689163983 39
1694627642282 -0.006766119640273516 40
1694627642325 -0.006716435290378797 41
1694627642375 -0.0066652758189276184 42
1694627642427 -0.006612612048608524 43
1694627642478 -0.0065584142615262575 44
1694627642526 -0.006502652190074176 45
1694627642571 -0.00644529500767721 46
1694627642607 -0.00638631131941203 47
1694627642644 -0.0063256691524979924 48
1694627642677 -0.0062633359466592875 49
1694627642715 -0.006199278544360753 50
1694627642756 -0.00613346318091379 51
1694627642801 -0.0060658554744543736 52
1694627642840 -0.0059964204157905154 53
1694627642902 -0.005925122358121593 54
1694627642957 -0.005851925006629344 55
1694627643003 -0.005776791407935855 56
1694627643053 -0.005699683939436095 57
1694627643102 -0.00562056429849922 58
1694627643145 -0.00553939349154331 59
1694627643186 -0.005456131822977106 60
1694627643232 -0.005370738884018511 61
1694627643277 -0.0052831735413836345 62
1694627643315 -0.005193393925848611 63
1694627643357 -0.0051013574206877355 64
1694627643405 -0.0050070206499781555 65
1694627643464 -0.004910339466799973 66
1694627643530 -0.004811268941287361 67
1694627643576 -0.004709763348580198 68
1694627643633 -0.004605776156642705 69
1694627643684 -0.004499260013969497 70
1694627643734 -0.004390166737173518 71
1694627643787 -0.004278447298458943 72
1694627643840 -0.004164051812981073 73
1694627643902 -0.0040469295260932014 74
1694627643950 -0.003927028800497778 75
1694627643999 -0.0038042971032727912 76
1694627644043 -0.003678680992811767 77
1694627644090 -0.003550126105656526 78
1694627644147 -0.0034185771432369005 79
1694627644192 -0.003283977858516307 80
1694627644249 -0.0031462710425484985 81
1694627644343 -0.0030053985109508297 82
1694627644430 -0.0028613010902938107 83
1694627644487 -0.002713918604418719 84
1694627644536 -0.0025631898606739423 85
1694627644607 -0.0024090526361044695 86
1694627644690 -0.0022514436635543422 87
1694627644756 -0.002090298617732911 88
1694627644821 -0.001925552101222916 89
1694627644886 -0.0017571376304459374 90
1694627644945 -0.0015849876215920933 91
1694627644992 -0.001409033376516211 92
1694627645038 -0.0012292050686155687 93
1694627645088 -0.0010454317286867632 94
1694627645144 -0.000857641230778361 95
1694627645189 -0.0006657602780428817 96
1694627645234 -0.00046971438859833015 97
1694627645273 -0.00026942788140615903 98
1694627645312 -6.482386218054081e-05 99
1694627645370 0.00014417579066816621 100
1694627645419 0.0003576504400396585 101
1694627645471 0.0005756807040920853 102
1694627645518 0.0007983484701259425 103
1694627645568 0.0010257369083662704 104
1694627645617 0.0012579304856811246 105
1694627645663 0.0014950149791683742 106
1694627645698 0.0017370774896348085 107
1694627645733 0.001984206454936799 108
1694627645766 0.0022364916631756326 109
1694627645807 0.002494024265728534 110
1694627645852 0.002756896790101604 111
1694627645902 0.003025203152590472 112
1694627645972 0.0032990386707261177 113
1694627646034 0.003578500075497759 114
1694627646092 0.0038636855233258327 115
1694627646137 0.0041546946077736235 116
1694627646177 0.004451628370975569 117
1694627646213 0.004754589314759139 118
1694627646247 0.0050636814114489725 119
1694627646289 0.0053790101143237345 120
1694627646351 0.005700682367706822 121
1694627646405 0.006028806616668603 122
1694627646457 0.006363492816319871 123
1694627646519 0.006704852440666431 124
1694627646567 0.007052998491006934 125
1694627646613 0.007408045503838223 126
1694627646664 0.0077701095582658475 127
1694627646708 0.008139308282855473 128
1694627646751 0.008515760861933508 129
1694627646793 0.008899588041288209 130
1694627646835 0.009290912133248286 131
1694627646884 0.009689857021109471 132
1694627646940 0.01009654816287675 133
1694627646993 0.010511112594288385 134
1694627647037 0.010933678931099977 135
1694627647085 0.011364377370580048 136
1694627647133 0.011803339692195935 137
1694627647187 0.012250699257449815 138
1694627647235 0.012706591008828538 139
1694627647277 0.01317115146783665 140
1694627647315 0.013644518732067956 141
1694627647351 0.014126832471283768 142
1694627647392 0.014618233922457535 143
1694627647437 0.015118865883745336 144
1694627647498 0.015628872707344033 145
1694627647554 0.016148400291196796 146
1694627647604 0.01667759606949959 147
1694627647671 0.017216609001976413 148
1694627647721 0.017765589561868245 149
1694627647762 0.018324689722603926 150
1694627647800 0.018894062943099255 151
1694627647843 0.019473864151647424 152
1694627647884 0.02006424972835108 153
1694627647931 0.020665377486049685 154
1694627647973 0.021277406649702235 155
1694627648013 0.02190049783417025 156
1694627648081 0.0225348130203602 157
1694627648122 0.023180515529675816 158
1694627648157 0.023837769996734592 159
1694627648191 0.024506742340295373 160
1694627648235 0.025187599732355737 161
1694627648286 0.025880510565367887 162
1694627648326 0.02658564441752287 163
1694627648364 0.027303172016058253 164
1694627648403 0.028033265198541435 165
1694627648447 0.02877609687207583 166
1694627648498 0.02953184097038708 167
1694627648546 0.030300672408742457 168
1694627648591 0.031082767036650694 169
1694627648634 0.03187830158830185 170
1694627648687 0.032687453630700025 171
1694627648733 0.03351040150944107 172
1694627648787 0.034347324292090975 173
1694627648833 0.035198401709141125 174
1694627648884 0.03606381409243509 175
1694627648925 0.03694374231114561 176
1694627648978 0.037838367705104736 177
1694627649021 0.038747872015600815 178
1694627649062 0.0396724373134989 179
1694627649105 0.0406122459246997 180
1694627649148 0.041567480352890596 181
1694627649188 0.04253832319956141 182
1694627649226 0.043524957081249926 183
1694627649268 0.04452756454399831 184
1694627649325 0.0455463279749907 185
1694627649372 0.046581429511353356 186
1694627649414 0.04763305094609682 187
1694627649457 0.04870137363118654 188
1694627649510 0.04978657837772915 189
1694627649553 0.0508888453532631 190
1694627649599 0.05200835397615222 191
1694627649647 0.05314528280707653 192
1694627649685 0.05429980943762425 193
1694627649728 0.05547211037599109 194
1694627649773 0.05666236092979815 195
1694627649819 0.05787073508603968 196
1694627649867 0.05909740538818686 197
1694627649911 0.06034254281046503 198
1694627649949 0.061606316629337576 199
1694627649990 0.06288889429223177 200
1694627650032 0.06419044128354445 201
1694627650079 0.06551112098797385 202
1694627650119 0.06685109455122817 203
1694627650155 0.0682105207381728 204
1694627650223 0.06958955578847092 205
1694627650281 0.07098835326979569 206
1694627650321 0.0724070639286849 207
1694627650355 0.07384583553912227 208
1694627650411 0.07530481274893275 209
1694627650456 0.07678413692409392 210
1694627650510 0.07828394599105715 211
1694627650550 0.07980437427719655 212
1694627650581 0.08134555234949759 213
1694627650617 0.08290760685161425 214
1694627650654 0.08449066033942199 215
1694627650693 0.08609483111520877 216
1694627650730 0.08772023306064813 217
1694627650774 0.0893669754687112 218
1694627650817 0.09103516287467572 219
1694627650863 0.0927248948864019 220
1694627650904 0.09443626601405164 221
1694627650947 0.09616936549943522 222
1694627651000 0.09792427714517371 223
1694627651063 0.09970107914387627 224
1694627651125 0.1014998439075383 225
1694627651173 0.10332063789737034 226
1694627651216 0.1051635214542761 227
1694627651266 0.10702854863020839 228
1694627651308 0.10891576702062866 229
1694627651352 0.1108252175983121 230
1694627651401 0.1127569345487408 231
1694627651440 0.11471094510733248 232
1694627651478 0.11668726939875951 233
1694627651525 0.11868592027862046 234
1694627651577 0.12070690317772104 235
1694627651620 0.12275021594923996 236
1694627651670 0.1248158487190455 237
1694627651729 0.12690378373943934 238
1694627651794 0.12901399524660628 239
1694627651863 0.13114644932204778 240
1694627651928 0.13330110375828064 241
1694627651992 0.13547790792908476 242
1694627652100 0.13767680266458393 243
1694627652167 0.1398977201314372 244
1694627652219 0.14214058371843186 245
1694627652281 0.1444053079277532 246
1694627652345 0.14669179827220913 247
1694627652403 0.14899995117869302 248
1694627652471 0.15132965389815167 249
1694627652517 0.1536807844223288 250
1694627652569 0.15605321140755157 251
1694627652614 0.1584467941058132 252
1694627652681 0.16086138230341251 253
1694627652757 0.1632968162673849 254
1694627652832 0.16575292669997388 255
1694627652892 0.1682295347013646 256
1694627652942 0.17072645174090018 257
1694627652992 0.17324347963699427 258
1694627653040 0.17578041054593585 259
1694627653102 0.17833702695977505 260
1694627653153 0.18091310171346076 261
1694627653211 0.1835083980014034 262
1694627653269 0.186122669403596 263
1694627653323 0.18875565992144416 264
1694627653399 0.19140710402340733 265
1694627653468 0.19407672670057197 266
1694627653537 0.19676424353223276 267
1694627653619 0.1994693607615553 268
1694627653678 0.202191775381376 269
1694627653731 0.204931175230178 270
1694627653778 0.2076872390982506 271
1694627653836 0.21045963684404467 272
1694627653911 0.21324802952069466 273
1694627653966 0.2160520695126762 274
1694627654019 0.2188714006825332 275
1694627654071 0.22170565852760804 276
1694627654125 0.22455447034666765 277
1694627654179 0.2274174554163112 278
1694627654225 0.23029422517703046 279
1694627654275 0.2331843834287548 280
1694627654324 0.23608752653571408 281
1694627654389 0.2390032436404207 282
1694627654435 0.24193111688655455 283
1694627654481 0.24487072165052082 284
1694627654533 0.24782162678142738 285
1694627654573 0.2507833948492111 286
1694627654625 0.253755582400624 287
1694627654671 0.25673774022277773 288
1694627654720 0.2597294136139211 289
1694627654766 0.2627301426611137 290
1694627654813 0.26573946252444614 291
1694627654860 0.2687569037274302 292
1694627654913 0.271781992453194 293
1694627654956 0.2748142508460657 294
1694627655006 0.2778531973181645 295
1694627655058 0.2808983468605586 296
1694627655117 0.2839492113585794 297
1694627655170 0.28700529991085 298
1694627655234 0.29006611915157854 299
1694627655291 0.2931311735756741 300
1694627655345 0.2961999658662213 301
1694627655396 0.2992719972238501 302
1694627655449 0.3023467676975471 303
1694627655509 0.30542377651641994 304
1694627655566 0.30850252242196385 305
1694627655628 0.31158250400034604 306
1694627655692 0.31466322001425207 307
1694627655743 0.31774416973381026 308
1694627655793 0.32082485326614807 309
1694627655840 0.3239047718831052 310
1694627655893 0.3269834283466577 311
1694627655950 0.33006032723160317 312
1694627656009 0.3331349752450611 313
1694627656078 0.3362068815423662 314
1694627656135 0.3392755580389223 315
1694627656192 0.34234051971760615 316
1694627656242 0.34540128493132627 317
1694627656299 0.3484573757003404 318
1694627656345 0.35150831800395954 319
1694627656397 0.35455364206627416 320
1694627656447 0.35759288263555555 321
1694627656515 0.3606255792570049 322
1694627656569 0.3636512765385219 323
1694627656645 0.3666695244092051 324
1694627656697 0.36967987837029126 325
1694627656748 0.37268189973827537 326
1694627656815 0.3756751558799527 327
1694627656865 0.37865922043916433 328
1694627656915 0.38163367355502265 329
1694627656965 0.3845981020714383 330
1694627657013 0.3875520997377523 331
1694627657060 0.3904952674003396 332
1694627657111 0.3934272131850316 333
1694627657163 0.39634755267025024 334
1694627657211 0.3992559090507404 335
1694627657258 0.4021519132918361 336
1694627657311 0.4050352042741867 337
1694627657359 0.4079054289289046 338
1694627657409 0.41076224236310066 339
1694627657464 0.4136053079758134 340
1694627657522 0.4164342975643277 341
1694627657574 0.41924889142091026 342
1694627657621 0.42204877842001387 343
1694627657669 0.42483365609600976 344
1694627657714 0.4276032307114763 345
1694627657763 0.4303572173162298 346
1694627657807 0.4330953397970977 347
1694627657849 0.43581733091861463 348
1694627657901 0.4385229323547438 349
1694627657965 0.44121189471178524 350
1694627658008 0.4438839775426102 351
1694627658055 0.4465389493523949 352
1694627658102 0.4491765875960301 353
1694627658159 0.45179667866739126 354
1694627658214 0.4543990178806667 355
1694627658250 0.4569834094439489 356
1694627658299 0.4595496664252958 357
1694627658347 0.46209761071148736 358
1694627658393 0.4646270729597053 359
1694627658427 0.46713789254235505 360
1694627658462 0.4696299174852804 361
1694627658504 0.47210300439960473 362
1694627658549 0.47455701840744324 363
1694627658601 0.47699183306174187 364
1694627658658 0.4794073302604762 365
1694627658705 0.48180340015548484 366
1694627658750 0.48417994105617357 367
1694627658801 0.48653685932835045 368
1694627658854 0.4888740692884508 369
1694627658907 0.4911914930933958 370
1694627658943 0.4934890606263459 371
1694627659023 0.49576670937860035 372
1694627659144 0.4980243843278924 373
1694627659213 0.500262037813317 374
1694627659272 0.5024796294071594 375
1694627659337 0.5046771257838377 376
1694627659431 0.5068545005862222 377
1694627659533 0.5090117342895635 378
1694627659669 0.5111488140632133 379
1694627659734 0.513265733630461 380
1694627659808 0.5153624931266051 381
1694627659870 0.5174390989555265 382
1694627659954 0.5194955636449914 383
1694627660019 0.5215319057008201 384
1694627660087 0.5235481494602165 385
1694627660139 0.5255443249443648 386
1694627660191 0.5275204677105331 387
1694627660251 0.5294766187038559 388
1694627660306 0.5314128241089549 389
1694627660367 0.5333291352015901 390
1694627660420 0.5352256082004889 391
1694627660480 0.5371023041195162 392
1694627660547 0.538959288620338 393
1694627660593 0.5407966318657176 394
1694627660649 0.5426144083735851 395
1694627660705 0.5444126968720125 396
1694627660754 0.546191580155219 397
1694627660804 0.5479511449407182 398
1694627660851 0.5496914817277399 399
1694627660906 0.5514126846570042 400
1694627660968 0.5531148513719755 401
1694627661025 0.5547980828816681 402
1694627661098 0.5564624834251135 403
1694627661156 0.5581081603375515 404
1694627661226 0.5597352239184381 405
1694627661282 0.5613437873013287 406
1694627661342 0.562933966325715 407
1694627661387 0.5645058794108677 408
1694627661434 0.566059647431741 409
1694627661476 0.5675953935969935 410
1694627661517 0.5691132433291645 411
1694627661570 0.5706133241470588 412
1694627661609 0.5720957655503595 413
1694627661645 0.5735606989065131 414
1694627661683 0.5750082573399127 415
1694627661729 0.5764385756233925 416
1694627661792 0.577851790072069 417
1694627661846 0.5792480384395332 418
1694627661904 0.5806274598164076 419
1694627661967 0.5819901945312783 420
1694627662027 0.5833363840540079 421
1694627662095 0.5846661709014263 422
1694627662154 0.5859796985454047 423
1694627662221 0.5872771113233031 424
1694627662300 0.5885585543507901 425
1694627662396 0.5898241734370164 426
1694627662482 0.5910741150021404 427
1694627662544 0.5923085259971832 428
1694627662619 0.5935275538262056 429
1694627662694 0.5947313462707758 430
1694627662753 0.5959200514167182 431
1694627662813 0.5970938175831184 432
1694627662897 0.5982527932535568 433
1694627662973 0.599397127009549 434
1694627663015 0.6005269674661589 435
1694627663060 0.601642463209774 436
1694627663108 0.6027437627379879 437
1694627663160 0.6038310144015766 438
1694627663205 0.6049043663485367 439
1694627663250 0.6059639664701414 440
1694627663431 0.6070099623489942 441
1694627663505 0.6080425012090327 442
1694627663583 0.6090617298674643 443
1694627663648 0.6100677946885746 444
1694627663701 0.6110608415394001 445
1694627663774 0.6120410157472058 446
1694627663819 0.6130084620587408 447
1694627663871 0.613963324601239 448
1694627663923 0.6149057468451206 449
1694627664011 0.6158358715683503 450
1694627664103 0.6167538408224371 451
1694627664218 0.617659795900015 452
1694627664280 0.6185538773039773 453
1694627664392 0.6194362247181282 454
1694627664459 0.6203069769793123 455
1694627664516 0.6211662720509814 456
1694627664568 0.6220142469981658 457
1694627664618 0.6228510379638137 458
1694627664661 0.6236767801464572 459
1694627664700 0.6244916077791786 460
1694627664738 0.6252956541098236 461
1694627664783 0.6260890513824529 462
1694627664834 0.6268719308199575 463
1694627664877 0.6276444226078556 464
1694627664919 0.6284066558791825 465
1694627664980 0.6291587587004783 466
1694627665025 0.6299008580588239 467
1694627665074 0.6306330798498924 468
1694627665110 0.631355548866992 469
1694627665173 0.6320683887910558 470
1694627665217 0.6327717221815641 471
1694627665303 0.6334656704683479 472
1694627665381 0.6341503539442637 473
1694627665444 0.6348258917586962 474
1694627665515 0.6354924019118655 475
1694627665572 0.6361500012499093 476
1694627665622 0.6367988054607125 477
1694627665675 0.6374389290704586 478
1694627665744 0.6380704854408685 479
1694627665798 0.6386935867671164 480
1694627665856 0.6393083440763774 481
1694627665912 0.6399148672269992 482
1694627665966 0.6405132649082619 483
1694627666019 0.6411036446407108 484
1694627666072 0.6416861127770299 485
1694627666141 0.6422607745034442 486
1694627666217 0.6428277338416148 487
1694627666340 0.6433870936510264 488
1694627666413 0.6439389556318212 489
1694627666480 0.6444834203280767 490
1694627666552 0.645020587131502 491
1694627666607 0.645550554285537 492
1694627666672 0.6460734188898233 493
1694627666711 0.6465892769050497 494
1694627666754 0.6470982231581295 495
1694627666799 0.6476003513477187 496
1694627666848 0.6480957540500354 497
1694627666903 0.6485845227249838 498
1694627666953 0.6490667477225486 499
1694627666999 0.6495425182894583 500
1694627667033 0.6500119225760996 501
1694627667077 0.6504750476436653 502
1694627667118 0.6509319794715237 503
1694627667164 0.6513828029647999 504
1694627667207 0.651827601962149 505
1694627667245 0.6522664592437146 506
1694627667293 0.652699456539257 507
1694627667335 0.6531266745364437 508
1694627667384 0.653548192889285 509
1694627667423 0.6539640902267112 510
1694627667465 0.6543744441612744 511
1694627667512 0.654779331297967 512
1694627667565 0.6551788272431472 513
1694627667610 0.6555730066135703 514
1694627667646 0.6559619430454945 515
1694627667686 0.6563457092038815 516
1694627667730 0.6567243767916604 517
1694627667784 0.6570980165590592 518
1694627667828 0.6574666983129918 519
1694627667879 0.6578304909264957 520
1694627667934 0.6581894623482082 521
1694627667979 0.658543679611881 522
1694627668021 0.6588932088459207 523
1694627668063 0.6592381152829532 524
1694627668105 0.659578463269406 525
1694627668147 0.6599143162750974 526
1694627668193 0.6602457369028312 527
1694627668225 0.6605727868979951 528
1694627668258 0.6608955271581508 529
1694627668295 0.6612140177426111 530
1694627668327 0.6615283178820108 531
1694627668370 0.661838485987849 532
1694627668410 0.6621445796620156 533
1694627668453 0.6624466557062874 534
1694627668502 0.6627447701317923 535
1694627668551 0.6630389781684408 536
1694627668593 0.6633293342743205 537
1694627668627 0.6636158921450466 538
1694627668675 0.663898704723072 539
1694627668721 0.6641778242069442 540
1694627668787 0.6644533020605199 541
1694627668851 0.664725189022122 542
1694627668897 0.6649935351136453 543
1694627668947 0.665258389649599 544
1694627668990 0.6655198012460968 545
1694627669033 0.6657778178297833 546
1694627669083 0.666032486646694 547
1694627669120 0.6662838542710554 548
1694627669163 0.6665319666140139 549
1694627669214 0.6667768689322999 550
1694627669252 0.6670186058368186 551
1694627669291 0.6672572213011732 552
1694627669331 0.6674927586701156 553
1694627669376 0.6677252606679197 554
1694627669430 0.667954769406684 555
1694627669476 0.6681813263945586 556
1694627669517 0.6684049725438943 557
1694627669559 0.6686257481793179 558
1694627669627 0.6688436930457198 559
1694627669676 0.669058846316179 560
1694627669737 0.6692712465997985 561
1694627669787 0.669480931949459 562
1694627669834 0.6696879398695011 563
1694627669882 0.6698923073233242 564
1694627669927 0.6700940707409008 565
1694627669973 0.6702932660262133 566
1694627670022 0.6704899285646135 567
1694627670082 0.6706840932300921 568
1694627670150 0.6708757943924759 569
1694627670188 0.6710650659245374 570
1694627670254 0.6712519412090288 571
1694627670304 0.6714364531456282 572
1694627670350 0.6716186341578114 573
1694627670390 0.6717985161996396 574
1694627670423 0.671976130762465 575
1694627670464 0.67215150888156 576
1694627670501 0.6723246811426623 577
1694627670540 0.672495677688441 578
1694627670591 0.672664528224889 579
1694627670641 0.6728312620276221 580
1694627670684 0.6729959079481167 581
1694627670722 0.673158494419856 582
1694627670764 0.6733190494644021 583
1694627670816 0.6734776006973942 584
1694627670870 0.6736341753344639 585
1694627670920 0.673788800197078 586
1694627670982 0.6739415017183008 587
1694627671038 0.6740923059484893 588
1694627671101 0.6742412385609009 589
1694627671141 0.6743883248572395 590
1694627671184 0.6745335897731178 591
1694627671228 0.6746770578834536 592
1694627671279 0.6748187534077845 593
1694627671330 0.6749587002155215 594
1694627671373 0.675096921831124 595
1694627671407 0.6752334414392042 596
1694627671451 0.6753682818895664 597
1694627671485 0.6755014657021688 598
1694627671525 0.6756330150720229 599
1694627671568 0.6757629518740229 600
1694627671611 0.6758912976677075 601
1694627671655 0.676018073701953 602
1694627671696 0.6761433009196058 603
1694627671732 0.676266999962041 604
1694627671770 0.6763891911736637 605
1694627671832 0.6765098946063423 606
1694627671887 0.6766291300237814 607
1694627671934 0.6767469169058269 608
1694627671990 0.6768632744527165 609
1694627672051 0.6769782215892601 610
1694627672107 0.677091776968969 611
1694627672149 0.6772039589781178 612
1694627672194 0.6773147857397512 613
1694627672236 0.6774242751176301 614
1694627672275 0.6775324447201208 615
1694627672316 0.67763931190403 616
1694627672363 0.6777448937783781 617
1694627672402 0.6778492072081199 618
1694627672445 0.6779522688178088 619
1694627672492 0.6780540949952123 620
1694627672542 0.6781547018948642 621
1694627672591 0.6782541054415717 622
1694627672641 0.6783523213338671 623
1694627672689 0.6784493650474092 624
1694627672730 0.6785452518383324 625
1694627672772 0.6786399967465456 626
1694627672813 0.6787336145989845 627
1694627672845 0.67882612001281 628
1694627672891 0.678917527398564 629
1694627672935 0.679007850963272 630
1694627672982 0.6790971047135017 631
1694627673035 0.679185302458378 632
1694627673086 0.6792724578125473 633
1694627673137 0.679358584199097 634
1694627673186 0.6794436948524358 635
1694627673231 0.679527802821124 636
1694627673274 0.6796109209706669 637
1694627673330 0.6796930619862569 638
1694627673374 0.679774238375484 639
1694627673442 0.6798544624709961 640
1694627673507 0.679933746433125 641
1694627673569 0.680012102252466 642
1694627673621 0.6800895417524242 643
1694627673676 0.6801660765917175 644
1694627673731 0.6802417182668429 645
1694627673784 0.6803164781145007 646
1694627673816 0.6803903673139913 647
1694627673852 0.680463396889563 648
1694627673895 0.6805355777127329 649
1694627673943 0.6806069205045652 650
1694627674025 0.6806774358379188 651
1694627674082 0.6807471341396609 652
1694627674121 0.6808160256928398 653
1694627674162 0.6808841206388332 654
1694627674208 0.6809514289794549 655
1694627674256 0.6810179605790339 656
1694627674299 0.6810837251664585 657
1694627674329 0.681148732337194 658
1694627674366 0.6812129915552612 659
1694627674411 0.6812765121551878 660
1694627674454 0.6813393033439339 661
1694627674504 0.6814013742027801 662
1694627674571 0.6814627336891905 663
1694627674617 0.6815233906386456 664
1694627674686 0.6815833537664481 665
1694627674734 0.6816426316695003 666
1694627674784 0.6817012328280503 667
1694627674820 0.681759165607416 668
1694627674854 0.6818164382596792 669
1694627674908 0.6818730589253583 670
1694627674969 0.6819290356350436 671
1694627675015 0.6819843763110206 672
1694627675055 0.6820390887688594 673
1694627675103 0.6820931807189837 674
1694627675149 0.6821466597682119 675
1694627675195 0.6821995334212776 676
1694627675240 0.682251809082323 677
1694627675290 0.6823034940563737 678
1694627675327 0.6823545955507853 679
1694627675363 0.682405120676671 680
1694627675400 0.6824550764503063 681
1694627675433 0.6825044697945115 682
1694627675511 0.6825533075400128 683
1694627675574 0.6826015964267815 684
1694627675651 0.6826493431053541 685
1694627675717 0.6826965541381309 686
1694627675781 0.6827432360006556 687
1694627675812 0.6827893950828705 688
1694627675870 0.6828350376903594 689
1694627675921 0.6828801700455656 690
1694627675965 0.6829247982889934 691
1694627676011 0.6829689284803908 692
1694627676051 0.6830125665999138 693
1694627676101 0.6830557185492713 694
1694627676148 0.6830983901528543 695
1694627676198 0.6831405871588467 696
1694627676247 0.6831823152403201 697
1694627676285 0.683223579996308 698
1694627676325 0.6832643869528684 699
1694627676364 0.6833047415641269 700
1694627676417 0.6833446492133036 701
1694627676486 0.6833841152137264 702
1694627676550 0.683423144809827 703
1694627676626 0.6834617431781191 704
1694627676716 0.68349991542817 705
1694627676789 0.6835376666035453 706
1694627676917 0.6835750016827482 707
1694627676971 0.6836119255801439 708
1694627677035 0.6836484431468624 709
1694627677086 0.6836845591716959 710
1694627677138 0.6837202783819769 711
1694627677206 0.683755605444448 712
1694627677287 0.683790544966111 713
1694627677337 0.6838251014950714 714
1694627677390 0.6838592795213638 715
1694627677433 0.6838930834777665 716
1694627677490 0.6839265177406051 717
1694627677549 0.6839595866305423 718
1694627677602 0.6839922944133557 719
1694627677663 0.6840246453007053 720
1694627677731 0.6840566434508856 721
1694627677790 0.6840882929695726 722
1694627677830 0.6841195979105534 723
1694627677899 0.6841505622764453 724
1694627677951 0.6841811900194115 725
1694627678006 0.6842114850418524 726
1694627678077 0.6842414511971013 727
1694627678120 0.6842710922900979 728
1694627678160 0.6843004120780586 729
1694627678197 0.6843294142711336 730
1694627678235 0.6843581025330553 731
1694627678295 0.6843864804817745 732
1694627678339 0.6844145516900919 733
1694627678381 0.6844423196862748 734
1694627678420 0.6844697879546684 735
1694627678466 0.6844969599362964 736
1694627678514 0.6845238390294517 737
1694627678569 0.6845504285902806 738
1694627678620 0.6845767319333553 739
1694627678668 0.6846027523322402 740
1694627678711 0.6846284930200499 741
1694627678754 0.6846539571899959 742
1694627678820 0.6846791479959301 743
1694627678884 0.684704068552875 744
1694627678924 0.6847287219375489 745
1694627678972 0.6847531111888829 746
1694627679021 0.6847772393085316 747
1694627679077 0.6848011092613713 748
1694627679125 0.6848247239759981 749
1694627679161 0.6848480863452124 750
1694627679195 0.6848711992264995 751
1694627679237 0.6848940654425023 752
1694627679290 0.6849166877814876 753
1694627679335 0.684939068997803 754
1694627679385 0.684961211812332 755
1694627679432 0.6849831189129365 756
1694627679492 0.6850047929548989 757
1694627679559 0.6850262365613513 758
1694627679623 0.6850474523237049 759
1694627679691 0.6850684428020675 760
1694627679755 0.6850892105256594 761
1694627679806 0.6851097579932195 762
1694627679860 0.6851300876734091 763
1694627679908 0.6851502020052067 764
1694627679950 0.6851701033982978 765
1694627679998 0.6851897942334628 766
1694627680043 0.685209276862951 767
1694627680090 0.6852285536108594 768
1694627680138 0.6852476267734968 769
1694627680185 0.6852664986197499 770
1694627680233 0.6852851713914385 771
1694627680285 0.6853036473036719 772
1694627680338 0.6853219285451899 773
1694627680390 0.6853400172787121 774
1694627680448 0.6853579156412725 775
1694627680507 0.6853756257445507 776
1694627680544 0.6853931496752033 777
1694627680595 0.6854104894951853 778
1694627680646 0.6854276472420687 779
1694627680704 0.685444624929358 780
1694627680758 0.6854614245467991 781
1694627680853 0.6854780480606839 782
1694627680903 0.685494497414153 783
1694627680954 0.6855107745274911 784
1694627681007 0.6855268812984205 785
1694627681081 0.6855428196023892 786
1694627681140 0.6855585912928548 787
1694627681191 0.685574198201566 788
1694627681242 0.685589642138838 789
1694627681294 0.6856049248938245 790
1694627681342 0.6856200482347897 791
1694627681386 0.6856350139093677 792
1694627681427 0.6856498236448294 793
1694627681469 0.6856644791483366 794
1694627681527 0.685678982107197 795
1694627681579 0.6856933341891163 796
1694627681643 0.6857075370424417 797
1694627681695 0.6857215922964081 798
1694627681748 0.685735501561378 799
1694627681813 0.6857492664290783 800
1694627681859 0.6857628884728328 801
1694627681913 0.6857763692477945 802
1694627681958 0.6857897102911712 803
1694627682009 0.6858029131224486 804
1694627682056 0.6858159792436155 805
1694627682108 0.6858289101393769 806
1694627682160 0.6858417072773721 807
1694627682215 0.6858543721083855 808
1694627682272 0.6858669060665556 809
1694627682346 0.6858793105695822 810
1694627682406 0.6858915870189286 811
1694627682470 0.6859037368000231 812
1694627682538 0.6859157612824578 813
1694627682641 0.6859276618201805 814
1694627682707 0.6859394397516918 815
1694627682749 0.6859510964002329 816
1694627682792 0.6859626330739721 817
1694627682827 0.6859740510661922 818
1694627682870 0.6859853516554697 819
1694627682917 0.6859965361058568 820
1694627682967 0.6860076056670614 821
1694627683018 0.6860185615746159 822
1694627683067 0.6860294050500564 823
1694627683112 0.6860401373010889 824
1694627683157 0.6860507595217602 825
1694627683199 0.6860612728926214 826
1694627683240 0.6860716785808949 827
1694627683280 0.6860819777406326 828
1694627683328 0.686092171512878 829
1694627683366 0.6861022610258216 830
1694627683410 0.6861122473949579 831
1694627683452 0.6861221317232367 832
1694627683497 0.6861319151012155 833
1694627683549 0.6861415986072097 834
1694627683608 0.6861511833074363 835
1694627683660 0.6861606702561626 836
1694627683704 0.6861700604958492 837
1694627683750 0.6861793550572883 838
1694627683807 0.6861885549597474 839
1694627683871 0.6861976612111054 840
1694627683911 0.6862066748079867 841
1694627683960 0.6862155967358996 842
1694627684009 0.6862244279693641 843
1694627684054 0.6862331694720467 844
1694627684097 0.6862418221968868 845
1694627684131 0.6862503870862253 846
1694627684170 0.6862588650719299 847
1694627684210 0.6862672570755193 848
1694627684247 0.6862755640082856 849
1694627684281 0.6862837867714151 850
1694627684320 0.6862919262561076 851
1694627684365 0.6862999833436951 852
1694627684410 0.6863079589057575 853
1694627684459 0.6863158538042373 854
1694627684511 0.6863236688915512 855
1694627684560 0.6863314050107069 856
1694627684617 0.6863390629954078 857
1694627684657 0.6863466436701663 858
1694627684712 0.6863541478504089 859
1694627684763 0.6863615763425841 860
1694627684816 0.6863689299442657 861
1694627684865 0.686376209444258 862
1694627684914 0.6863834156226982 863
1694627684959 0.6863905492511547 864
1694627685000 0.6863976110927308 865
1694627685042 0.6864046019021598 866
1694627685106 0.6864115224259046 867
1694627685156 0.6864183734022506 868
1694627685207 0.6864251555614063 869
1694627685256 0.6864318696255882 870
1694627685309 0.6864385163091219 871
1694627685359 0.6864450963185287 872
1694627685408 0.6864516103526155 873
1694627685453 0.6864580591025662 874
1694627685502 0.6864644432520278 875
1694627685552 0.6864707634771974 876
1694627685600 0.6864770204469082 877
1694627685648 0.6864832148227146 878
1694627685701 0.6864893472589753 879
1694627685743 0.6864954184029355 880
1694627685784 0.6865014288948088 881
1694627685823 0.6865073793678589 882
1694627685862 0.6865132704484758 883
1694627685900 0.686519102756258 884
1694627685945 0.6865248769040891 885
1694627686008 0.6865305934982127 886
1694627686075 0.6865362531383092 887
1694627686133 0.6865418564175719 888
1694627686185 0.6865474039227791 889
