1694624085293 -0.007182981026341961 0
1694624085342 -0.007155348585124566 1
1694624085388 -0.007126570936634824 2
1694624085435 -0.007096631481067872 3
1694624085481 -0.007065513543001112 4
1694624085521 -0.007033200375528459 5
1694624085560 -0.006999675164522046 6
1694624085605 -0.006964921033039584 7
1694624085654 -0.006928921045867176 8
1694624085714 -0.0068916582142037885 9
1694624085776 -0.006853115500486506 10
1694624085834 -0.006813275823354781 11
1694624085898 -0.006772122062756791 12
1694624085969 -0.006729637065197913 13
1694624086043 -0.006685803649129296 14
1694624086099 -0.006640604610478995 15
1694624086158 -0.006594022728325877 16
1694624086213 -0.00654604077070764 17
1694624086275 -0.006496641500580713 18
1694624086343 -0.006445807681906723 19
1694624086398 -0.006393522085893499 20
1694624086450 -0.00633976749735643 21
1694624086543 -0.006284526721234807 22
1694624086600 -0.006227782589230957 23
1694624086650 -0.006169517966591043 24
1694624086691 -0.0061097157590146445 25
1694624086726 -0.006048358919701791 26
1694624086758 -0.005985430456521668 27
1694624086796 -0.005920913439316111 28
1694624086841 -0.005854791007321225 29
1694624086885 -0.00578704637671934 30
1694624086923 -0.005717662848304439 31
1694624086968 -0.005646623815269258 32
1694624086998 -0.005573912771105194 33
1694624087039 -0.005499513317612559 34
1694624087071 -0.005423409173021199 35
1694624087102 -0.0053455841802128035 36
1694624087137 -0.005266022315045804 37
1694624087167 -0.005184707694776192 38
1694624087202 -0.005101624586569153 39
1694624087245 -0.005016757416102635 40
1694624087286 -0.0049300907762508395 41
1694624087351 -0.004841609435849437 42
1694624087399 -0.004751298348531829 43
1694624087440 -0.004659142661637805 44
1694624087476 -0.004565127725182361 45
1694624087521 -0.0044692391008860355 46
1694624087568 -0.004371462571254314 47
1694624087615 -0.004271784148706992 48
1694624087666 -0.004170190084742842 49
1694624087716 -0.004066666879146474 50
1694624087759 -0.003961201289215621 51
1694624087801 -0.0038537803390130687 52
1694624087846 -0.0037443913286332453 53
1694624087887 -0.00363302184347547 54
1694624087949 -0.0035196597635187565 55
1694624087991 -0.003404293272589287 56
1694624088042 -0.003286910867613013 57
1694624088076 -0.003167501367849601 58
1694624088102 -0.0030460539240921847 59
1694624088153 -0.0029225580278382512 60
1694624088194 -0.002797003520404351 61
1694624088232 -0.002669380601999727 62
1694624088269 -0.0025396798407286703 63
1694624088315 -0.0024078921815340326 64
1694624088353 -0.002274008955050588 65
1694624088393 -0.002138021886385566 66
1694624088429 -0.0019999231037950427 67
1694624088486 -0.001859705147263746 68
1694624088531 -0.001717360976967841 69
1694624088568 -0.001572883981622919 70
1694624088605 -0.0014262679867007577 71
1694624088647 -0.0012775072625079709 72
1694624088686 -0.0011265965321209936 73
1694624088719 -0.0009735309791649716 74
1694624088770 -0.0008183062554285581 75
1694624088817 -0.0006609184883099584 76
1694624088866 -0.0005013642880797864 77
1694624088910 -0.00033964075495407364 78
1694624088951 -0.00017574548597476536 79
1694624088996 -9.676581678608187e-06 80
1694624089040 0.00015856734744268408 81
1694624089069 0.0003289871747098605 82
1694624089102 0.000501583251247939 83
1694624089136 0.0006763554002219285 84
1694624089186 0.0008533029113130253 85
1694624089245 0.001032424535453269 86
1694624089308 0.0012137184798177714 87
1694624089407 0.0013971824030876157 88
1694624089462 0.0015828134109849845 89
1694624089511 0.0017706080520962786 90
1694624089560 0.001960562313977121 91
1694624089608 0.0021526716195579 92
1694624089664 0.0023469308238502906 93
1694624089721 0.0025433342109577595 94
1694624089792 0.0027418754914052546 95
1694624089874 0.0029425477997812033 96
1694624089930 0.003145343692708802 97
1694624089993 0.0033502551471404907 98
1694624090081 0.003557273558992491 99
1694624090132 0.0037663897421092996 100
1694624090191 0.003977593927574019 101
1694624090254 0.0041908757633620786 102
1694624090305 0.004406224314343565 103
1694624090375 0.004623628062633944 104
1694624090423 0.004843074908302714 105
1694624090479 0.005064552170432224 106
1694624090537 0.0052880465885366545 107
1694624090608 0.005513544324341035 108
1694624090660 0.005741030963915317 109
1694624090714 0.005970491520172372 110
1694624090779 0.006201910435723268 111
1694624090849 0.006435271586103797 112
1694624090897 0.006670558283335515 113
1694624090964 0.006907753279876583 114
1694624091016 0.007146838772908559 115
1694624091071 0.007387796408987235 116
1694624091130 0.007630607289044522 117
1694624091178 0.00787525197374317 118
1694624091220 0.008121710489178535 119
1694624091264 0.008369962332925085 120
1694624091318 0.00861998648042439 121
1694624091384 0.008871761391709088 122
1694624091426 0.009125265018461559 123
1694624091479 0.009380474811397477 124
1694624091518 0.0096373677279743 125
1694624091570 0.009895920240413969 126
1694624091608 0.010156108344039572 127
1694624091647 0.010417907565913764 128
1694624091684 0.010681292973777068 129
1694624091718 0.010946239185275597 130
1694624091760 0.01121272037747445 131
1694624091809 0.011480710296645547 132
1694624091864 0.011750182268324028 133
1694624091907 0.012021109207625114 134
1694624091954 0.012293463629812096 135
1694624092004 0.012567217661105357 136
1694624092037 0.012842343049735305 137
1694624092113 0.013118811177195489 138
1694624092179 0.013396593069740725 139
1694624092247 0.01367565941007709 140
1694624092304 0.013955980549231528 141
1694624092344 0.014237526518640409 142
1694624092383 0.014520267042383295 143
1694624092413 0.014804171549597789 144
1694624092469 0.01508920918704204 145
1694624092521 0.015375348831803248 146
1694624092575 0.015662559104137164 147
1694624092622 0.015950808380429504 148
1694624092660 0.016240064806270937 149
1694624092699 0.016530296309626324 150
1694624092732 0.016821470614097556 151
1694624092768 0.017113555252261436 152
1694624092825 0.017406517579072744 153
1694624092873 0.017700324785326793 154
1694624092925 0.017994943911158856 155
1694624092978 0.018290341859584447 156
1694624093023 0.018586485410053033 157
1694624093071 0.01888334123201929 158
1694624093110 0.019180875898510252 159
1694624093142 0.019479055899681463 160
1694624093171 0.01977784765635171 161
1694624093198 0.02007721753350422 162
1694624093225 0.020377131853746233 163
1694624093259 0.02067755691071016 164
1694624093297 0.020978458982404136 165
1694624093341 0.02127980434445853 166
1694624093396 0.0215815592833275 167
1694624093437 0.021883690109367082 168
1694624093472 0.02218616316982014 169
1694624093503 0.02248894486168962 170
1694624093535 0.022792001644485915 171
1694624093577 0.023095300052846435 172
1694624093629 0.02339880670901273 173
1694624093684 0.023702488335161864 174
1694624093749 0.024006311765578214 175
1694624093802 0.024310243958665212 176
1694624093855 0.024614252008779758 177
1694624093910 0.024918303157892896 178
1694624093959 0.025222364807057973 179
1694624094003 0.025526404527690283 180
1694624094055 0.025830390072643206 181
1694624094115 0.026134289387079623 182
1694624094185 0.026438070619130616 183
1694624094237 0.026741702130336442 184
1694624094272 0.027045152505862813 185
1694624094318 0.027348390564489677 186
1694624094374 0.027651385368364645 187
1694624094441 0.02795410623253003 188
1694624094498 0.028256522734176892 189
1694624094565 0.02855860472170313 190
1694624094653 0.028860322323464582 191
1694624094743 0.029161645956323645 192
1694624094817 0.029462546333910655 193
1694624094881 0.029762994474639926 194
1694624094942 0.030062961709460323 195
1694624095014 0.030362419689347053 196
1694624095086 0.03066134039252555 197
1694624095149 0.03095969613142935 198
1694624095228 0.03125745955939396 199
1694624095312 0.03155460367707863 200
1694624095389 0.0318511018386215 201
1694624095447 0.03214692775752592 202
1694624095522 0.032442055512274304 203
1694624095570 0.03273645955167781 204
1694624095616 0.03303011469995221 205
1694624095661 0.03332299616152967 206
1694624095715 0.03361507952560072 207
1694624095775 0.033906340770391785 208
1694624095834 0.034196756267176665 209
1694624095899 0.03448630278402731 210
1694624095941 0.034774957489299596 211
1694624095983 0.03506269795486339 212
1694624096019 0.035349502159075175 213
1694624096060 0.03563534848949279 214
1694624096114 0.03592021574534354 215
1694624096152 0.036204083139738 216
1694624096191 0.03648693030164141 217
1694624096238 0.03676873727759711 218
1694624096288 0.037049484533225874 219
1694624096339 0.03732915295445405 220
1694624096393 0.03760772384855349 221
1694624096451 0.03788517894491772 222
1694624096502 0.03816150039563837 223
1694624096549 0.03843667077582691 224
1694624096621 0.038710673083760194 225
1694624096691 0.038983490740783666 226
1694624096745 0.03925510759101691 227
1694624096790 0.03952550790085263 228
1694624096835 0.039794676358256065 229
1694624096884 0.040062598071870625 230
1694624096939 0.04032925856992875 231
1694624096992 0.04059464379898248 232
1694624097047 0.040858740122446835 233
1694624097100 0.04112153431896948 234
1694624097165 0.041383013580629124 235
1694624097264 0.04164316551096481 236
1694624097322 0.041901978122844685 237
1694624097380 0.04215943983617643 238
1694624097450 0.04241553947546317 239
1694624097514 0.042670266267227586 240
1694624097563 0.04292360983725374 241
1694624097616 0.043175560207743824 242
1694624097651 0.04342610779430356 243
1694624097691 0.04367524340281337 244
1694624097733 0.04392295822617642 245
1694624097775 0.04416924384094667 246
1694624097824 0.0444140922038434 247
1694624097872 0.04465749564815946 248
1694624097929 0.04489944688006231 249
1694624097977 0.0451399389747974 250
1694624098021 0.045378965372807056 251
1694624098060 0.04561651987572812 252
1694624098104 0.04585259664234864 253
1694624098142 0.04608719018445129 254
1694624098174 0.04632029536259141 255
1694624098216 0.04655190738180304 256
1694624098251 0.04678202178723834 257
1694624098293 0.04701063445974185 258
1694624098331 0.04723774161136607 259
1694624098368 0.04746333978083406 260
1694624098410 0.047687425828949026 261
1694624098451 0.04790999693395992 262
1694624098489 0.04813105058688094 263
1694624098528 0.04835058458677588 264
1694624098577 0.04856859703600347 265
1694624098632 0.048785086335435435 266
1694624098689 0.04900005117964368 267
1694624098739 0.0492134905520647 268
1694624098790 0.04942540372014237 269
1694624098858 0.04963579023045506 270
1694624098897 0.04984464990382598 271
1694624098928 0.050051982830425 272
1694624098958 0.05025778936486214 273
1694624098988 0.050462070121276015 274
1694624099021 0.050664825968420035 275
1694624099063 0.05086605802475075 276
1694624099095 0.05106576765352022 277
1694624099148 0.05126395645787318 278
1694624099189 0.051460626275956045 279
1694624099260 0.05165577917603614 280
1694624099312 0.05184941745163418 281
1694624099358 0.052041543616676456 282
1694624099399 0.052232160400662475 283
1694624099458 0.052421270743855386 284
1694624099515 0.052608877792496345 285
1694624099581 0.05279498489404122 286
1694624099635 0.05297959559242882 287
1694624099681 0.0531627136233741 288
1694624099731 0.053344342909693254 289
1694624099777 0.05352448755666539 290
1694624099825 0.05370315184742025 291
1694624099866 0.05388034023837107 292
1694624099921 0.05405605735467811 293
1694624099962 0.054230307985752346 294
1694624100019 0.054403097080803264 295
1694624100069 0.054574429744421504 296
1694624100114 0.05474431123220935 297
1694624100167 0.05491274694645287 298
1694624100221 0.05507974243183944 299
1694624100277 0.05524530337122002 300
1694624100337 0.05540943558142075 301
1694624100389 0.05557214500909968 302
1694624100439 0.05573343772665362 303
1694624100493 0.05589331992817348 304
1694624100553 0.05605179792545112 305
1694624100618 0.05620887814403275 306
1694624100675 0.05636456711933935 307
1694624100732 0.056518871492802325 308
1694624100780 0.05667179800809763 309
1694624100828 0.05682335350741252 310
1694624100876 0.05697354492773887 311
1694624100931 0.05712237929727315 312
1694624100983 0.05726986373182896 313
1694624101054 0.05741600543131964 314
1694624101104 0.0575608116762929 315
1694624101179 0.057704289824522026 316
1694624101219 0.05784644730764765 317
1694624101258 0.0579872916278763 318
1694624101298 0.05812683035474586 319
1694624101343 0.05826507112191015 320
1694624101404 0.058402021624026634 321
1694624101475 0.05853768961366479 322
1694624101513 0.05867208289828019 323
1694624101558 0.058805209337244535 324
1694624101602 0.058937076838926905 325
1694624101645 0.05906769335783213 326
1694624101687 0.059197066891792716 327
1694624101728 0.059325205479212384 328
1694624101763 0.059452117196368115 329
1694624101796 0.05957781015476038 330
1694624101828 0.05970229249851999 331
1694624101862 0.05982557240186659 332
1694624101894 0.05994765806662006 333
1694624101928 0.060068557719763604 334
1694624101961 0.06018827961105877 335
1694624101995 0.06030683201071174 336
1694624102041 0.06042422320709151 337
1694624102086 0.06054046150449566 338
1694624102131 0.06065555522097066 339
1694624102169 0.06076951268617581 340
1694624102199 0.06088234223931177 341
1694624102238 0.060994052227061224 342
1694624102290 0.06110465100162754 343
1694624102337 0.061214146918782575 344
1694624102372 0.06132254833597761 345
1694624102400 0.06142986361049774 346
1694624102433 0.06153610109766261 347
1694624102460 0.061641269149071976 348
1694624102487 0.06174537611089681 349
1694624102516 0.061848430322214876 350
1694624102570 0.061950440113388794 351
1694624102628 0.06205141380448975 352
1694624102684 0.062151359703760956 353
1694624102739 0.062250286106124486 354
1694624102779 0.06234820129172991 355
1694624102822 0.06244511352454396 356
1694624102862 0.06254103105097775 357
1694624102911 0.06263596209855837 358
1694624102979 0.06272991487463486 359
1694624103032 0.0628228975651226 360
1694624103090 0.06291491833330065 361
1694624103140 0.06300598531860657 362
1694624103185 0.06309610663552223 363
1694624103230 0.06318529037245213 364
1694624103286 0.06327354459065837 365
1694624103340 0.06336087732322304 366
1694624103386 0.0634472965740478 367
1694624103430 0.06353281031688562 368
1694624103473 0.06361742649440649 369
1694624103513 0.06370115301729418 370
1694624103565 0.06378399776337751 371
1694624103609 0.06386596857678917 372
1694624103670 0.06394707326715865 373
1694624103714 0.06402731960883368 374
1694624103756 0.06410671534013124 375
1694624103790 0.06418526816261705 376
1694624103821 0.06426298574041556 377
1694624103856 0.0643398756995448 378
1694624103891 0.06441594562728148 379
1694624103940 0.06449120307155021 380
1694624103994 0.064565655540341 381
1694624104040 0.06463931050115068 382
1694624104085 0.06471217538045138 383
1694624104127 0.06478425756318074 384
1694624104171 0.06485556439225937 385
1694624104205 0.06492610316813063 386
1694624104238 0.06499588114832056 387
1694624104272 0.06506490554702649 388
1694624104301 0.06513318353472064 389
1694624104333 0.06520072223778195 390
1694624104380 0.0652675287381429 391
1694624104409 0.06533361007296046 392
1694624104439 0.06539897323430677 393
1694624104472 0.06546362516887894 394
1694624104501 0.0655275727777267 395
1694624104534 0.06559082291600105 396
1694624104571 0.06565338239271945 397
1694624104607 0.06571525797054945 398
1694624104644 0.06577645636561014 399
1694624104685 0.06583698424728812 400
1694624104722 0.06589684823807374 401
1694624104758 0.06595605491341028 402
1694624104792 0.06601461080155913 403
1694624104835 0.06607252238348305 404
1694624104877 0.06612979609273939 405
1694624104922 0.06618643831539273 406
1694624104984 0.0662424553899379 407
1694624105034 0.06629785360723905 408
1694624105100 0.06635263921047951 409
1694624105156 0.06640681839512819 410
1694624105202 0.06646039730891506 411
1694624105250 0.06651338205182045 412
1694624105306 0.06656577867607616 413
1694624105358 0.06661759318617844 414
1694624105419 0.06666883153891001 415
1694624105483 0.06671949964337687 416
1694624105530 0.06676960336105164 417
1694624105598 0.06681914850582937 418
1694624105655 0.0668681408440931 419
1694624105717 0.06691658609478812 420
1694624105778 0.06696448992950577 421
1694624105821 0.0670118579725778 422
1694624105881 0.06705869580117685 423
1694624105925 0.06710500894542692 424
1694624105961 0.06715080288852249 425
1694624106011 0.06719608306685432 426
1694624106056 0.06724085487014297 427
1694624106105 0.06728512364158024 428
1694624106143 0.06732889467797853 429
1694624106177 0.06737217322992461 430
1694624106206 0.06741496450194195 431
1694624106240 0.06745727365265974 432
1694624106284 0.0674991057949863 433
1694624106341 0.06754046599628949 434
1694624106395 0.06758135927858278 435
1694624106439 0.06762179061871731 436
1694624106479 0.06766176494857712 437
1694624106517 0.06770128715528223 438
1694624106549 0.06774036208139533 439
1694624106580 0.06777899452513148 440
1694624106605 0.06781718924057512 441
1694624106636 0.06785495093790006 442
1694624106670 0.06789228428359251 443
1694624106697 0.06792919390068008 444
1694624106734 0.06796568436896311 445
1694624106783 0.06800176022524929 446
1694624106840 0.06803742596359252 447
1694624106876 0.06807268603553551 448
1694624106906 0.0681075448503532 449
1694624106953 0.06814200677530158 450
1694624106998 0.06817607613586796 451
1694624107045 0.06820975721602307 452
1694624107079 0.06824305425847854 453
1694624107113 0.06827597146494258 454
1694624107175 0.06830851299638141 455
1694624107220 0.06834068297328066 456
1694624107259 0.0683724854759099 457
1694624107296 0.0684039245445871 458
1694624107329 0.06843500417994797 459
1694624107365 0.06846572834321307 460
1694624107405 0.06849610095645886 461
1694624107464 0.06852612590288987 462
1694624107547 0.06855580702711062 463
1694624107603 0.06858514813539984 464
1694624107655 0.06861415299598606 465
1694624107714 0.0686428253393222 466
1694624107750 0.06867116885836277 467
1694624107797 0.06869918720884216 468
1694624107852 0.06872688400955096 469
1694624107919 0.06875426284261388 470
1694624107972 0.06878132725377095 471
1694624108021 0.06880808075265421 472
1694624108071 0.06883452681306912 473
1694624108130 0.0688606688732718 474
1694624108184 0.0688865103362507 475
1694624108222 0.06891205457000493 476
1694624108268 0.06893730490782479 477
1694624108321 0.06896226464857014 478
1694624108377 0.06898693705695091 479
1694624108427 0.06901132536380483 480
1694624108472 0.06903543276637703 481
1694624108512 0.06905926242859806 482
1694624108552 0.06908281748136125 483
1694624108593 0.0691061010228009 484
1694624108627 0.06912911611856809 485
1694624108670 0.06915186580210753 486
1694624108720 0.0691743530749328 487
1694624108762 0.06919658090690117 488
1694624108792 0.06921855223648687 489
1694624108820 0.06924026997105603 490
1694624108850 0.069261736987137 491
1694624108890 0.0692829561306928 492
1694624108919 0.06930393021739156 493
1694624108961 0.06932466203287602 494
1694624109031 0.06934515433303123 495
1694624109109 0.06936540984425354 496
1694624109164 0.06938543126371499 497
1694624109221 0.06940522125962989 498
1694624109275 0.06942478247151851 499
1694624109315 0.06944411751046986 500
1694624109351 0.06946322895940216 501
1694624109391 0.06948211937332605 502
1694624109428 0.06950079127959985 503
1694624109461 0.0695192471781908 504
1694624109495 0.06953748954192951 505
1694624109532 0.0695555208167653 506
1694624109566 0.06957334342202048 507
1694624109598 0.069590959750642 508
1694624109633 0.06960837216945248 509
1694624109670 0.06962558301940025 510
1694624109712 0.06964259461580646 511
1694624109749 0.06965940924861191 512
1694624109795 0.06967602918262206 513
1694624109834 0.06969245665775081 514
1694624109868 0.06970869388926182 515
1694624109902 0.06972474306800969 516
1694624109935 0.06974060636067803 517
1694624109969 0.06975628591001803 518
1694624110003 0.06977178383508209 519
1694624110041 0.06978710223146056 520
1694624110087 0.06980224317151174 521
1694624110125 0.0698172087045954 522
1694624110166 0.06983200085729979 523
1694624110199 0.06984662163367084 524
1694624110231 0.06986107301543842 525
1694624110269 0.06987535696223868 526
1694624110306 0.06988947541183954 527
1694624110337 0.06990343028036106 528
1694624110373 0.06991722346249363 529
1694624110410 0.06993085683171751 530
1694624110444 0.06994433224051821 531
1694624110486 0.0699576515206013 532
1694624110528 0.06997081648310521 533
1694624110569 0.06998382891881305 534
1694624110609 0.06999669059836133 535
1694624110641 0.0700094032724482 536
1694624110676 0.07002196867204036 537
1694624110716 0.07003438850857635 538
1694624110747 0.07004666447417052 539
1694624110779 0.07005879824181427 540
1694624110813 0.07007079146557538 541
1694624110849 0.0700826457807956 542
1694624110883 0.07009436280428549 543
1694624110917 0.07010594413453075 544
1694624110949 0.0701173913518599 545
1694624110979 0.07012870601866172 546
1694624111012 0.0701398896795622 547
1694624111048 0.07015094386161391 548
1694624111097 0.07016187007448427 549
1694624111155 0.07017266981063908 550
1694624111208 0.07018334454552588 551
1694624111252 0.07019389573775614 552
1694624111293 0.07020432482928507 553
1694624111328 0.07021463324558908 554
1694624111365 0.07022482239584316 555
1694624111418 0.07023489367309699 556
1694624111469 0.07024484845444634 557
1694624111533 0.07025468810120783 558
1694624111575 0.07026441395908622 559
1694624111632 0.07027402735834587 560
1694624111704 0.07028352961397655 561
1694624111769 0.07029292202586002 562
1694624111832 0.07030220587893321 563
1694624111870 0.07031138244335211 564
1694624111922 0.07032045297465206 565
1694624111952 0.07032941871390741 566
1694624111985 0.07033828088788963 567
1694624112019 0.07034704070922448 568
1694624112052 0.07035569937654607 569
1694624112086 0.07036425807465085 570
1694624112128 0.07037271797465083 571
1694624112168 0.07038108023412226 572
1694624112213 0.07038934599725621 573
1694624112252 0.07039751639500558 574
1694624112296 0.07040559254523238 575
1694624112334 0.07041357555285133 576
1694624112371 0.07042146650997505 577
1694624112412 0.07042926649604986 578
1694624112452 0.07043697657800951 579
1694624112486 0.07044459781039791 580
1694624112519 0.07045213123552785 581
1694624112550 0.07045957788358803 582
1694624112602 0.07046693877280685 583
1694624112642 0.07047421490957073 584
1694624112691 0.07048140728856 585
1694624112736 0.07048851689288105 586
1694624112786 0.07049554469419395 587
1694624112861 0.07050249165284195 588
1694624112951 0.07050935871797914 589
1694624113017 0.07051614682769491 590
1694624113079 0.07052285690913951 591
1694624113145 0.07052948987864649 592
1694624113219 0.07053604664185531 593
1694624113279 0.07054252809383166 594
1694624113335 0.0705489351191868 595
1694624113388 0.0705552685921963 596
1694624113440 0.07056152937691584 597
1694624113494 0.0705677183272988 598
1694624113559 0.07057383628730918 599
1694624113612 0.07057988409103555 600
1694624113658 0.07058586256280297 601
1694624113709 0.07059177251728466 602
1694624113772 0.07059761475961113 603
1694624113843 0.07060339008547889 604
1694624113894 0.07060909928125825 605
1694624113941 0.0706147431240991 606
1694624113988 0.07062032238203697 607
1694624114039 0.07062583781409693 608
1694624114084 0.0706312901703956 609
1694624114147 0.07063668019224445 610
1694624114198 0.07064200861225012 611
1694624114254 0.07064727615441357 612
1694624114288 0.07065248353422937 613
1694624114325 0.07065763145878301 614
1694624114354 0.07066272062684786 615
1694624114386 0.07066775172898021 616
1694624114435 0.07067272544761383 617
1694624114479 0.07067764245715347 618
1694624114531 0.07068250342406779 619
1694624114574 0.07068730900697984 620
1694624114646 0.07069205985675786 621
1694624114744 0.07069675661660568 622
1694624114796 0.07070139992214919 623
1694624114845 0.07070599040152614 624
1694624114902 0.07071052867547134 625
1694624114965 0.07071501535740166 626
1694624115034 0.07071945105350275 627
1694624115085 0.07072383636281077 628
1694624115150 0.07072817187729585 629
1694624115224 0.0707324581819454 630
1694624115267 0.07073669585484221 631
1694624115309 0.07074088546724744 632
1694624115364 0.07074502758367773 633
1694624115413 0.07074912276198486 634
1694624115455 0.0707531715534323 635
1694624115500 0.07075717450277275 636
1694624115549 0.0707611321483228 637
1694624115586 0.0707650450220394 638
1694624115639 0.07076891364959181 639
1694624115701 0.07077273855043653 640
1694624115760 0.07077652023788938 641
1694624115795 0.07078025921919673 642
1694624115829 0.07078395599560638 643
1694624115876 0.0707876110624378 644
1694624115934 0.07079122490915135 645
1694624115986 0.07079479801941702 646
1694624116031 0.07079833087118115 647
1694624116074 0.07080182393673418 648
1694624116107 0.07080527768277678 649
1694624116142 0.07080869257048528 650
1694624116179 0.07081206905557569 651
1694624116209 0.07081540758836868 652
1694624116246 0.07081870861384898 653
1694624116278 0.07082197257174316 654
1694624116320 0.07082519989655167 655
1694624116357 0.07082839101763994 656
1694624116393 0.07083154635928313 657
1694624116429 0.0708346663407301 658
1694624116468 0.07083775137626058 659
1694624116513 0.07084080187524577 660
1694624116561 0.07084381824220409 661
1694624116598 0.0708468008768598 662
1694624116634 0.07084975017419826 663
1694624116666 0.07085266652452205 664
1694624116704 0.07085555031350677 665
1694624116778 0.07085840192225368 666
1694624116850 0.07086122172734588 667
1694624116933 0.07086401010090004 668
1694624117009 0.0708667674106197 669
1694624117077 0.07086949401984699 670
1694624117153 0.07087219028761338 671
1694624117203 0.07087485656869219 672
1694624117277 0.07087749321364767 673
1694624117326 0.07088010056888494 674
1694624117384 0.07088267897669898 675
1694624117450 0.0708852287753231 676
1694624117509 0.07088775029897743 677
1694624117567 0.07089024387791598 678
1694624117613 0.07089270983847329 679
1694624117670 0.07089514850311152 680
1694624117720 0.070897560190465 681
1694624117778 0.070899945215387 682
1694624117814 0.07090230388899355 683
1694624117854 0.07090463651870738 684
1694624117896 0.07090694340830261 685
1694624117940 0.0709092248579476 686
1694624117977 0.07091148116424684 687
1694624118018 0.07091371262028467 688
1694624118066 0.07091591951566545 689
1694624118103 0.07091810213655558 690
1694624118154 0.07092026076572489 691
1694624118204 0.07092239568258529 692
1694624118269 0.0709245071632324 693
1694624118318 0.07092659548048308 694
1694624118358 0.07092866090391636 695
1694624118394 0.0709307036999095 696
1694624118437 0.07093272413167839 697
1694624118470 0.07093472245931365 698
1694624118501 0.0709366989398168 699
1694624118539 0.07093865382714026 700
1694624118577 0.07094058737221975 701
1694624118619 0.07094249982301326 702
1694624118665 0.07094439142453357 703
1694624118707 0.07094626241888591 704
1694624118746 0.07094811304530113 705
1694624118778 0.07094994354016937 706
1694624118808 0.07095175413707555 707
1694624118850 0.07095354506683083 708
1694624118884 0.07095531655750698 709
1694624118917 0.0709570688344685 710
1694624118951 0.07095880212040484 711
1694624118986 0.07096051663536174 712
1694624119024 0.07096221259677404 713
1694624119071 0.07096389021949512 714
1694624119111 0.07096554971582858 715
1694624119155 0.07096719129555851 716
1694624119191 0.07096881516597997 717
1694624119227 0.0709704215319269 718
1694624119271 0.0709720105958036 719
1694624119314 0.07097358255761221 720
1694624119377 0.07097513761498198 721
1694624119450 0.07097667596319734 722
1694624119497 0.07097819779522585 723
1694624119547 0.07097970330174608 724
1694624119592 0.07098119267117431 725
1694624119649 0.07098266608969184 726
1694624119708 0.07098412374127183 727
1694624119757 0.0709855658077061 728
1694624119797 0.07098699246862883 729
1694624119854 0.07098840390154604 730
1694624119897 0.07098980028185709 731
1694624119950 0.07099118178288266 732
1694624119988 0.0709925485758881 733
1694624120047 0.07099390083010859 734
1694624120087 0.07099523871277302 735
1694624120129 0.07099656238912788 736
1694624120169 0.07099787202246177 737
1694624120209 0.07099916777412707 738
1694624120248 0.07100044980356535 739
1694624120284 0.07100171826832746 740
1694624120319 0.07100297332409866 741
1694624120363 0.07100421512471622 742
1694624120393 0.07100544382220686 743
1694624120420 0.0710066595667801 744
1694624120455 0.07100786250687596 745
1694624120496 0.0710090527891758 746
1694624120536 0.07101023055862266 747
1694624120580 0.07101139595844386 748
1694624120619 0.07101254913017174 749
1694624120661 0.0710136902136621 750
1694624120697 0.07101481934711629 751
1694624120731 0.07101593666709938 752
1694624120770 0.07101704230856076 753
1694624120805 0.07101813640485333 754
1694624120887 0.07101921908775177 755
1694624120929 0.07102029048747271 756
1694624120971 0.07102135073269145 757
1694624121005 0.07102239995056281 758
1694624121046 0.07102343826673718 759
1694624121104 0.07102446580537958 760
1694624121176 0.07102548268918729 761
1694624121239 0.07102648903940723 762
1694624121292 0.07102748497585287 763
1694624121337 0.07102847061692263 764
1694624121387 0.07102944607961559 765
1694624121434 0.0710304114795487 766
1694624121472 0.071031366930973 767
1694624121512 0.07103231254679077 768
1694624121549 0.07103324843857017 769
1694624121596 0.07103417471656293 770
1694624121646 0.07103509148971887 771
