1694626928318 0.0 0
1694626928656 0.0 1
1694626928975 0.0 2
1694626929300 0.0 3
1694626929672 0.0 4
1694626929940 0.0 5
1694626930260 0.0 6
1694626930525 0.0 7
1694626930790 0.0 8
1694626931069 0.0 9
1694626931409 0.0 10
1694626931771 0.0 11
1694626932109 0.0 12
1694626932372 0.0 13
1694626932643 0.0 14
1694626932853 0.0 15
1694626933089 0.0 16
1694626933385 0.0 17
1694626933637 0.0 18
1694626933872 0.0 19
1694626934175 0.0 20
1694626934482 0.0 21
1694626934755 0.0 22
1694626934999 0.0 23
1694626935310 0.0 24
1694626935597 0.0 25
1694626935840 0.0 26
1694626936095 0.0 27
1694626936401 0.0 28
1694626936683 0.0 29
1694626936944 0.0 30
1694626937212 0.0 31
1694626937518 0.0 32
1694626937782 0.0 33
1694626938050 0.0 34
1694626938379 0.0 35
1694626938639 0.0 36
1694626938910 0.0 37
1694626939200 0.0 38
1694626939463 0.0 39
1694626939737 0.0 40
1694626940007 0.0 41
1694626940322 0.0 42
