1694631528296 0.000943622072129946 0
1694631528347 0.001014772373456485 1
1694631528405 0.0010872180519435615 2
1694631528458 0.0011609796369551617 3
1694631528523 0.0012360779522709864 4
1694631528564 0.0013125341192994355 5
1694631528600 0.001390369560294702 6
1694631528639 0.001469606001571866 7
1694631528673 0.0015502654767235446 8
1694631528703 0.0016323703298256609 9
1694631528734 0.001715943218647431 10
1694631528767 0.0018010071178492515 11
1694631528800 0.0018875853221723693 12
1694631528834 0.0019757014496202263 13
1694631528866 0.0020653794446305884 14
1694631528900 0.0021566435812252482 15
1694631528932 0.002249518466155842 16
1694631528965 0.0023440290420223553 17
1694631529001 0.0024402005903799706 18
1694631529042 0.002538058734816273 19
1694631529072 0.002637629444012912 20
1694631529104 0.0027389390347738463 21
1694631529138 0.002842014175030716 22
1694631529171 0.0029468818868138014 23
1694631529204 0.0030535695491926695 24
1694631529239 0.003162104901179741 25
1694631529268 0.00327251604459311 26
1694631529299 0.0033848314468845064 27
1694631529331 0.0034990799439174047 28
1694631529361 0.0036152907427012826 29
1694631529393 0.00373349342407725 30
1694631529421 0.0038537179453491666 31
1694631529450 0.003975994642861136 32
1694631529513 0.00410035423451538 33
1694631529543 0.004226827822228829 34
1694631529574 0.004355446894323434 35
1694631529605 0.004486243327850747 36
1694631529641 0.004619249390840796 37
1694631529677 0.004754497744479114 38
1694631529709 0.00489202144520251 39
1694631529740 0.005031853946712794 40
1694631529769 0.005174029101902677 41
1694631529805 0.005318581164694414 42
1694631529839 0.00546554479178063 43
1694631529871 0.005614955044268011 44
1694631529902 0.005766847389219509 45
1694631529935 0.005921257701088201 46
1694631529969 0.006078222263040334 47
1694631530004 0.006237777768164032 48
1694631530035 0.006399961320557757 49
1694631530066 0.006564810436292534 50
1694631530104 0.0067323630442475135 51
1694631530150 0.006902657486811958 52
1694631530194 0.007075732520446354 53
1694631530229 0.00725162731610085 54
1694631530260 0.0074303814594871564 55
1694631530293 0.007612034951196223 56
1694631530326 0.00779662820665461 57
1694631530360 0.007984202055923095 58
1694631530394 0.008174797743320195 59
1694631530426 0.008368456926874712 60
1694631530460 0.008565221677599877 61
1694631530497 0.008765134478578629 62
1694631530528 0.008968238223861946 63
1694631530559 0.009174576217168884 64
1694631530592 0.009384192170385885 65
1694631530623 0.009597130201857262 66
1694631530655 0.009813434834463064 67
1694631530687 0.01003315099348312 68
1694631530716 0.010256324004220385 69
1694631530749 0.010482999589415343 70
1694631530788 0.010713223866406385 71
1694631530821 0.01094704334405483 72
1694631530857 0.01118450491942069 73
1694631530888 0.011425655874180873 74
1694631530931 0.011670543870791361 75
1694631530968 0.01191921694837672 76
1694631531014 0.01217172351835083 77
1694631531055 0.012428112359757715 78
1694631531092 0.012688432614324174 79
1694631531134 0.0129527337812263 80
1694631531169 0.013221065711553348 81
1694631531201 0.013493478602471853 82
1694631531236 0.013770022991078767 83
1694631531270 0.014050749747937963 84
1694631531303 0.014335710070296659 85
1694631531340 0.014624955474976886 86
1694631531374 0.014918537790926223 87
1694631531409 0.015216509151437796 88
1694631531441 0.01551892198601923 89
1694631531471 0.015825829011915094 90
1694631531511 0.016137283225270194 91
1694631531553 0.016453337891933262 92
1694631531587 0.01677404653789205 93
1694631531618 0.01709946293933917 94
1694631531650 0.017429641112354566 95
1694631531685 0.017764635302212395 96
1694631531715 0.01810449997229613 97
1694631531757 0.018449289792622836 98
1694631531797 0.018799059627970904 99
1694631531842 0.019153864525607633 100
1694631531875 0.019513759702609712 101
1694631531917 0.01987880053277702 102
1694631531958 0.0202490425331312 103
1694631531992 0.020624541349999137 104
1694631532026 0.021005352744677186 105
1694631532061 0.021391532578671546 106
1694631532110 0.021783136798512848 107
1694631532149 0.02218022142014342 108
1694631532186 0.022582842512874346 109
1694631532249 0.022991056182909086 110
1694631532314 0.02340491855643423 111
1694631532351 0.023824485762274916 112
1694631532393 0.024249813914112184 113
1694631532427 0.02468095909226653 114
1694631532459 0.025117977325042395 115
1694631532497 0.025560924569635213 116
1694631532530 0.026009856692603472 117
1694631532560 0.026464829449904026 118
1694631532590 0.026925898466492293 119
1694631532622 0.027393119215498807 120
1694631532666 0.02786654699695168 121
1694631532707 0.028346236916104606 122
1694631532747 0.028832243861313667 123
1694631532785 0.029324622481504914 124
1694631532825 0.02982342716322317 125
1694631532865 0.03032871200726739 126
1694631532905 0.03084053080492044 127
1694631532938 0.03135893701377601 128
1694631532970 0.03188398373317014 129
1694631533004 0.03241572367922474 130
1694631533040 0.03295420915950942 131
1694631533074 0.03349949204732938 132
1694631533109 0.0340516237556483 133
1694631533141 0.03461065521065487 134
1694631533173 0.03517663682498229 135
1694631533203 0.0357496184705931 136
1694631533236 0.03632964945133499 137
1694631533268 0.03691677847518671 138
1694631533303 0.03751105362619611 139
1694631533338 0.038112522336132715 140
1694631533369 0.03872123135587113 141
1694631533402 0.0393372267264841 142
1694631533436 0.03996055375012697 143
1694631533468 0.04059125696066013 144
1694631533510 0.04122938009406463 145
1694631533545 0.04187496605865848 146
1694631533578 0.042528056905122624 147
1694631533612 0.043188693796377464 148
1694631533643 0.04385691697727956 149
1694631533679 0.044532765744229375 150
1694631533716 0.0452162784146416 151
1694631533757 0.045907492296336394 152
1694631533794 0.046606443656862506 153
1694631533839 0.047313167692770386 154
1694631533869 0.0480276984988639 155
1694631533907 0.04875006903744694 156
1694631533943 0.04948031110759121 157
1694631533976 0.05021845531444713 158
1694631534013 0.05096453103862475 159
1694631534049 0.0517185664056653 160
1694631534089 0.05248058825563162 161
1694631534127 0.05325062211284026 162
1694631534164 0.054028692155765334 163
1694631534202 0.054814821187135654 164
1694631534244 0.05560903060425504 165
1694631534282 0.056411340369572516 166
1694631534318 0.057221768981528864 167
1694631534349 0.05804033344570958 168
1694631534382 0.05886704924632802 169
1694631534419 0.05959575145799978 170
1694631534454 0.06043956132877837 171
1694631534485 0.06118236959606416 172
1694631534536 0.06193261732748756 173
1694631534575 0.06269032026849386 174
1694631534614 0.0634554927465395 175
1694631534658 0.06422814764523299 176
1694631534706 0.06512539049112709 177
1694631534746 0.06591220626936767 178
1694631534779 0.0667065289098252 179
1694631534813 0.06750836537715277 180
1694631534848 0.06831772107129597 181
1694631534881 0.0691345998043672 182
1694631534917 0.06995900377807096 183
1694631534957 0.07091967060785231 184
1694631534988 0.07175814956811699 185
1694631535026 0.07260414528716397 186
1694631535062 0.0734576534448006 187
1694631535101 0.07431866800880205 188
1694631535148 0.07518718121617718 189
1694631535185 0.07606318355517017 190
1694631535229 0.07694666374802683 191
1694631535265 0.07783760873454837 192
1694631535298 0.07873600365645639 193
1694631535330 0.07978845543823243 194
1694631535365 0.08070049363202003 195
1694631535397 0.08161992152109598 196
1694631535431 0.08254671709272576 197
1694631535465 0.08348085647276016 198
1694631535506 0.08442231391529909 199
1694631535539 0.08537106179332044 200
1694631535581 0.08632707059030098 201
1694631535614 0.0872903088928414 202
1694631535656 0.08826074338431766 203
1694631535687 0.089238338839575 204
1694631535730 0.09022305812068021 205
1694631535767 0.09121486217374897 206
1694631535802 0.09221371002686063 207
1694631535840 0.0932195587890765 208
1694631535874 0.09423236365057086 209
1694631535914 0.09525207788388934 210
1694631535954 0.09627865284634163 211
1694631535993 0.09731203798354005 212
1694631536031 0.09835218083409059 213
1694631536068 0.09939902703544301 214
1694631536111 0.1004525203309059 215
1694631536159 0.10151260257783179 216
1694631536194 0.10257921375697332 217
1694631536233 0.10365229198301407 218
1694631536276 0.1047317735162715 219
1694631536313 0.10581759277557812 220
1694631536357 0.1069096823523299 221
1694631536393 0.10800797302570297 222
1694631536432 0.10911239377903625 223
1694631536466 0.11022287181736823 224
1694631536505 0.11133933258612594 225
1694631536544 0.11246169979095222 226
1694631536576 0.11358989541866782 227
1694631536616 0.11472383975934886 228
1694631536656 0.11586345142951227 229
1694631536690 0.11700864739641048 230
1694631536732 0.11815934300335762 231
1694631536778 0.11931545199618177 232
1694631536816 0.12047688655067001 233
1694631536852 0.12164355730105958 234
1694631536883 0.12281537336954462 235
1694631536928 0.1239922423967178 236
1694631536967 0.12517407057305652 237
1694631537002 0.1263607626712484 238
1694631537039 0.12755222207951566 239
1694631537071 0.12874835083577185 240
1694631537102 0.12994904966266163 241
1694631537134 0.13115421800342664 242
1694631537166 0.1323637540585776 243
1694631537199 0.13357755482333933 244
1694631537236 0.13479551612584062 245
1694631537277 0.13601753266601402 246
1694631537323 0.1372434980551801 247
1694631537360 0.1384733048562743 248
1694631537398 0.13970684462469318 249
1694631537434 0.14094400794971496 250
1694631537473 0.14218468449647015 251
1694631537506 0.14342876304842034 252
1694631537535 0.14467613155030867 253
1694631537569 0.14592667715155216 254
1694631537598 0.147180286250034 255
1694631537631 0.14843684453625805 256
1694631537664 0.14969623703783563 257
1694631537694 0.1509583481642568 258
1694631537726 0.15222306175191747 259
1694631537758 0.15349026110936104 260
1694631537787 0.1547598290626946 261
1694631537820 0.15603164800114677 262
1694631537854 0.15730559992272608 263
1694631537887 0.1585815664799436 264
1694631537919 0.15985942902556105 265
1694631537949 0.16113906865832894 266
1694631537980 0.16242036626867584 267
1694631538010 0.16370320258431592 268
1694631538040 0.16498745821573046 269
1694631538073 0.16627301370149805 270
1694631538106 0.16755974955342812 271
1694631538141 0.16884754630147025 272
1694631538174 0.17013628453835872 273
1694631538226 0.1714258449639634 274
1694631538267 0.1727161084293103 275
1694631538312 0.17400695598024107 276
1694631538349 0.17529826890067834 277
1694631538384 0.1765899287554663 278
1694631538419 0.17788181743275622 279
1694631538454 0.17917381718590608 280
1694631538549 0.1804658106748669 281
1694631538620 0.18175768100702872 282
1694631538659 0.18304931177749328 283
1694631538742 0.18434058710875767 284
1694631538803 0.18563139168977394 285
1694631538845 0.1869216108143631 286
1694631538882 0.18821113041896498 287
1694631538921 0.1894998371196952 288
1694631538957 0.19078761824869195 289
1694631538996 0.19207436188973015 290
1694631539031 0.19335995691308583 291
1694631539068 0.19464429300962882 292
1694631539118 0.19592726072413336 293
1694631539157 0.1972087514877816 294
1694631539199 0.19848865764985413 295
1694631539236 0.19976687250858594 296
1694631539281 0.2010432903411784 297
1694631539326 0.20231780643295705 298
1694631539358 0.20359031710566156 299
1694631539396 0.20486071974485742 300
1694631539432 0.20612891282646562 301
1694631539467 0.20739479594239674 302
1694631539508 0.20865826982528668 303
1694631539540 0.2099192363723269 304
1694631539572 0.21117759866818564 305
1694631539610 0.2124332610070161 306
1694631539642 0.2136861289135471 307
1694631539672 0.21493610916325467 308
1694631539704 0.2161831098016359 309
1694631539738 0.21742704016251257 310
1694631539769 0.21866781088548704 311
1694631539801 0.21990533393243206 312
1694631539831 0.22113952260309044 313
1694631539866 0.2223702915497595 314
1694631539904 0.22359755679107718 315
1694631539934 0.22482123572490575 316
1694631539967 0.22604124714032514 317
1694631540003 0.22725751122874016 318
1694631540043 0.22846994959411326 319
1694631540077 0.2296784852623216 320
1694631540119 0.23088304268965987 321
1694631540150 0.23208354777048956 322
1694631540186 0.23327992784404616 323
1694631540221 0.23447211170041904 324
1694631540251 0.23566002958571153 325
1694631540290 0.23684361320639225 326
1694631540331 0.23802279573285745 327
1694631540365 0.23919751180220428 328
1694631540400 0.24036769752024134 329
1694631540433 0.24153329046274408 330
1694631540464 0.24269422967596532 331
1694631540499 0.24385045567642483 332
1694631540530 0.2450019104499842 333
1694631540561 0.24614853745022713 334
1694631540592 0.2472902815961563 335
1694631540624 0.24842708926922863 336
1694631540651 0.2495589083097386 337
1694631540683 0.2506856880125641 338
1694631540776 0.25180737912231443 339
1694631540815 0.25292393382784606 340
1694631540846 0.2540353057562086 341
1694631540875 0.2551414499660458 342
1694631540921 0.2562423229404087 343
1694631540952 0.257337882579056 344
1694631540983 0.258428088190233 345
1694631541023 0.25951290048195064 346
1694631541053 0.2605922815527777 347
1694631541083 0.26166619488216714 348
1694631541124 0.26273460532035253 349
1694631541157 0.2637974790777585 350
1694631541195 0.2648547837140648 351
1694631541232 0.2659064881268175 352
1694631541265 0.26695256253968136 353
1694631541300 0.26799297849031845 354
1694631541332 0.2690277088179178 355
1694631541364 0.270056727650391 356
1694631541400 0.2710800103912495 357
1694631541439 0.2720975337061792 358
1694631541470 0.2731092755093276 359
1694631541511 0.2741152149493217 360
1694631541542 0.27511533239502606 361
1694631541572 0.2761096094210641 362
1694631541619 0.27709802879310974 363
1694631541654 0.2780805744529673 364
1694631541691 0.2790572315034565 365
1694631541735 0.28002798619311153 366
1694631541778 0.2809928259007112 367
1694631541828 0.2819517391196531 368
1694631541869 0.28290471544218565 369
1694631541916 0.28385174554350867 370
1694631541984 0.2847928211657579 371
1694631542049 0.2857279351018869 372
1694631542111 0.286657081179451 373
1694631542148 0.2875802542443179 374
1694631542183 0.2884974501443027 375
1694631542216 0.28940866571275115 376
1694631542251 0.29031389875207025 377
1694631542288 0.291213148017229 378
1694631542330 0.29210641319922825 379
1694631542372 0.29299369490855964 380
1694631542433 0.2938749946586572 381
1694631542467 0.29475031484935055 382
1694631542505 0.29561965875033636 383
1694631542543 0.2964830304846673 384
1694631542576 0.29734043501227525 385
1694631542610 0.2981918781135309 386
1694631542644 0.2990373663728546 387
1694631542685 0.29987690716237736 388
1694631542717 0.30071050862566806 389
1694631542747 0.3015381796615286 390
1694631542780 0.30235992990786564 391
1694631542815 0.3031757697256613 392
1694631542848 0.3039857101829869 393
1694631542884 0.30478976303917693 394
1694631542915 0.3055879407290598 395
1694631542948 0.30638025634731036 396
1694631542981 0.30716672363291586 397
1694631543014 0.3079473569537565 398
1694631543048 0.30872217129131374 399
1694631543081 0.3094911822255014 400
1694631543113 0.31025440591963194 401
1694631543144 0.3110118591055163 402
1694631543174 0.3117635590687048 403
1694631543204 0.31250952363387385 404
1694631543238 0.31324977115035557 405
1694631543272 0.31398432047782077 406
1694631543308 0.31471319097211503 407
1694631543342 0.3154364024712516 408
1694631543373 0.3161539752815602 409
1694631543411 0.3168659301640029 410
1694631543441 0.31757228832064843 411
1694631543471 0.31827307138131455 412
1694631543508 0.31896830139037824 413
1694631543541 0.31965800079375617 414
1694631543674 0.320342192426054 415
1694631543712 0.32102089949789103 416
1694631543749 0.3216941455833956 417
1694631543783 0.3223619546078774 418
1694631543817 0.32302435083567427 419
1694631543851 0.3236813588581773 420
1694631543887 0.3243330035820313 421
1694631543919 0.32497931021751447 422
1694631543959 0.32562030426709254 423
1694631543992 0.32625601151415984 424
1694631544035 0.32688645801194816 425
1694631544065 0.3275116700726213 426
1694631544097 0.3281316742565471 427
1694631544127 0.32874649736174577 428
1694631544163 0.32935616641351695 429
1694631544194 0.3299607086542462 430
1694631544226 0.3305601515333868 431
1694631544259 0.33115452269761847 432
1694631544294 0.33174384998118067 433
1694631544341 0.33232816139638477 434
1694631544379 0.3329074851242976 435
1694631544425 0.3334818495055972 436
1694631544461 0.33405128303160403 437
1694631544504 0.3346158143354837 438
1694631544545 0.33517547218361576 439
1694631544584 0.33573028546713635 440
1694631544629 0.3362802831936442 441
1694631544678 0.3368254944790803 442
1694631544726 0.33736594853976165 443
1694631544770 0.33790167468459187 444
1694631544808 0.33843270230742106 445
1694631544847 0.33895906087957917 446
1694631544880 0.33948077994255665 447
1694631544919 0.3399978891008536 448
1694631544956 0.34051041801497617 449
1694631544991 0.34101839639459497 450
1694631545028 0.3415218539918504 451
1694631545058 0.3420208205948131 452
1694631545089 0.3425153260210906 453
1694631545120 0.34300540011158687 454
1694631545151 0.3434910727243994 455
1694631545183 0.34397237372886935 456
1694631545220 0.34444933299976865 457
1694631545258 0.34492198041162936 458
1694631545289 0.3453903458332116 459
1694631545326 0.34585445912210655 460
1694631545359 0.34631435011947853 461
1694631545392 0.3467700486449342 462
1694631545423 0.3472215844915304 463
1694631545453 0.3476689874209059 464
1694631545487 0.3481122871585416 465
1694631545519 0.3485515133891458 466
1694631545555 0.3489866957521648 467
1694631545588 0.34941786383742623 468
1694631545624 0.34984504718086384 469
1694631545660 0.3502682752604146 470
1694631545688 0.350687577491993 471
1694631545724 0.35110298322559086 472
1694631545760 0.3515145217414961 473
1694631545796 0.35192222224660774 474
1694631545832 0.3523261138708764 475
1694631545867 0.35272622566383793 476
1694631545901 0.3531225865912606 477
1694631545938 0.3535152255318924 478
1694631545977 0.3539041712743073 479
1694631546009 0.35428945251385724 480
1694631546054 0.3546710978497175 481
1694631546091 0.3550491357820267 482
1694631546128 0.35542359470912577 483
1694631546163 0.3557945029248889 484
1694631546197 0.3561618886161385 485
1694631546234 0.35652577986016054 486
1694631546275 0.3568862046222965 487
1694631546307 0.3572431907536282 488
1694631546345 0.3575967659887431 489
1694631546398 0.357946957943582 490
1694631546437 0.35829379411337203 491
1694631546484 0.3586373018706325 492
1694631546534 0.35897750846326215 493
1694631546580 0.35931444101270105 494
1694631546626 0.3596481265121668 495
1694631546661 0.3599785918249665 496
1694631546695 0.36030586368287254 497
1694631546732 0.36062996868457786 498
1694631546766 0.3609509332942138 499
1694631546798 0.36126878383993577 500
1694631546831 0.36158354651257274 501
1694631546863 0.3618952473643452 502
1694631546894 0.36220391230764337 503
1694631546931 0.36250956711386206 504
1694631546968 0.3628122374123042 505
1694631547001 0.36311194868913643 506
1694631547036 0.3634087262864035 507
1694631547068 0.36370259540109884 508
1694631547099 0.36399358108428903 509
1694631547130 0.36428170824029404 510
1694631547167 0.36456700162591427 511
1694631547197 0.36484948584971466 512
1694631547230 0.3651291853713523 513
1694631547261 0.365406124500959 514
1694631547293 0.3656803273985646 515
1694631547324 0.36595181807356925 516
1694631547357 0.3662206203842643 517
1694631547391 0.3664867580373873 518
1694631547427 0.3667502545877307 519
1694631547457 0.3670111334377857 520
1694631547492 0.36726941783742617 521
1694631547529 0.3675251308836379 522
1694631547561 0.3677782955202781 523
1694631547593 0.36802893453788066 524
1694631547626 0.36827707057349146 525
1694631547660 0.36852272611054293 526
1694631547692 0.36876592347876136 527
1694631547720 0.36900668485410937 528
1694631547752 0.3692450322587597 529
1694631547789 0.36948098756110126 530
1694631547823 0.36971457247577544 531
1694631547854 0.36994580856374637 532
1694631547885 0.3701747172323939 533
1694631547918 0.3704013197356407 534
1694631547947 0.37062563717410213 535
1694631547982 0.3708476904952671 536
1694631548019 0.37106750049370485 537
1694631548057 0.37128508781129 538
1694631548098 0.37150047293746313 539
1694631548136 0.3717136762095058 540
1694631548178 0.37192471781284187 541
1694631548213 0.3721336177813629 542
1694631548246 0.37234039599777324 543
1694631548278 0.37254507219395494 544
1694631548320 0.3727476659513539 545
1694631548351 0.37294819670138946 546
1694631548393 0.37314668372587356 547
1694631548429 0.3733431461574588 548
1694631548469 0.3735376029800934 549
1694631548515 0.3737300730295128 550
1694631548550 0.3739205749937199 551
1694631548592 0.3741091274134928 552
1694631548625 0.3742957486829267 553
1694631548671 0.374480457049963 554
1694631548701 0.37466327061694893 555
1694631548738 0.3748442073412025 556
1694631548770 0.37502328503559745 557
1694631548814 0.37520052136915527 558
1694631548890 0.3753759338676541 559
1694631548957 0.3755495399142472 560
1694631549008 0.37572135675009355 561
1694631549056 0.3758914014749948 562
1694631549095 0.3760596910480527 563
1694631549129 0.3762262422883246 564
1694631549162 0.3763910718754969 565
1694631549198 0.37655419635056464 566
1694631549238 0.3767156321165205 567
1694631549272 0.3768753954390507 568
1694631549304 0.3770335024472391 569
1694631549337 0.3771899691342805 570
1694631549370 0.37734481135820197 571
1694631549403 0.3774980448425861 572
1694631549438 0.3776496851773057 573
1694631549469 0.37779974781926007 574
1694631549503 0.37794824809312366 575
1694631549539 0.37809520119209383 576
1694631549570 0.3782406221786473 577
1694631549602 0.37838452598529837 578
1694631549635 0.3785269274153664 579
1694631549667 0.37866784114374097 580
1694631549700 0.37880728171765965 581
1694631549736 0.3789452635574815 582
1694631549767 0.37908180095746624 583
1694631549803 0.37921690808656083 584
1694631549836 0.37935059898918144 585
1694631549867 0.3794828875860057 586
1694631549901 0.37961378767476206 587
1694631549937 0.3797433129310238 588
1694631549980 0.37987147690900236 589
1694631550015 0.37999829304234556 590
1694631550047 0.3801237746449371 591
1694631550081 0.3802479349116946 592
1694631550115 0.38037078691937043 593
1694631550148 0.38049234362735307 594
1694631550182 0.3806126178784708 595
1694631550216 0.3807316223997922 596
1694631550251 0.380849369803431 597
1694631550282 0.38096587258734893 598
1694631550314 0.3810811431361585 599
1694631550348 0.38119519372192523 600
1694631550382 0.38130803650497036 601
1694631550417 0.38141968353467415 602
1694631550449 0.3815301467502755 603
1694631550479 0.3816394379816729 604
1694631550515 0.38174756895022555 605
1694631550548 0.3818545512695469 606
1694631550581 0.38196039644630664 607
1694631550617 0.38206511588102554 608
1694631550649 0.3821687208688659 609
1694631550680 0.38227122260042956 610
1694631550714 0.38237263216254314 611
1694631550745 0.38247296053904967 612
1694631550778 0.3825722186115965 613
1694631550811 0.38267041716041816 614
1694631550842 0.3827675668651187 615
1694631550873 0.382863678305454 616
1694631550909 0.38295876196210676 617
1694631550941 0.3830528282174648 618
1694631550975 0.383145887356393 619
1694631551010 0.38323794956700086 620
1694631551040 0.3833290249414133 621
1694631551069 0.3834191234765333 622
1694631551105 0.38350825507480457 623
1694631551136 0.3835964295449701 624
1694631551171 0.38368365660282366 625
1694631551202 0.38376994587197877 626
1694631551237 0.38385530688458736 627
1694631551267 0.3839397490821147 628
1694631551302 0.3840232818160696 629
1694631551336 0.38410591434874397 630
1694631551367 0.38418765585395176 631
1694631551407 0.38426851541775986 632
1694631551441 0.38434850203921544 633
1694631551472 0.38442762463107416 634
1694631551517 0.3845058920205223 635
1694631551550 0.3845833129498897 636
1694631551582 0.38465989607737006 637
1694631551614 0.3847356499777288 638
1694631551647 0.3848105831430111 639
1694631551676 0.3848847039832419 640
1694631551711 0.3849580208271296 641
1694631551743 0.3850305419227581 642
1694631551775 0.3851022754382776 643
1694631551807 0.38517322946259425 644
1694631551838 0.3852434120060534 645
1694631551868 0.385312831001118 646
1694631551904 0.38538149430304247 647
1694631551933 0.3854494096905472 648
1694631551966 0.38551658486648455 649
1694631552003 0.3855830274584996 650
1694631552036 0.38564874501969315 651
1694631552069 0.38571374502927525 652
1694631552104 0.3857780348932135 653
1694631552135 0.38584162194488236 654
1694631552168 0.3859045134457052 655
1694631552210 0.3859667165857935 656
1694631552241 0.38602823848457724 657
1694631552274 0.38608908619143956 658
1694631552307 0.38614926668633776 659
1694631552340 0.38620878688042903 660
1694631552374 0.3862676536166859 661
1694631552412 0.3863258736705072 662
1694631552465 0.3863834537503321 663
1694631552524 0.386440400498239 664
1694631552568 0.38649672049054973 665
1694631552608 0.38655242023842307 666
1694631552640 0.3866075061884513 667
1694631552678 0.386661984723241 668
1694631552710 0.38671586216200127 669
1694631552748 0.3867691447611248 670
1694631552782 0.38682183871475684 671
1694631552821 0.38687395015537074 672
1694631552859 0.3869254851543319 673
1694631552893 0.3869764497224639 674
1694631552927 0.38702684981060265 675
1694631552960 0.38707669131015365 676
1694631552991 0.3871259800536391 677
1694631553023 0.3871747218152465 678
1694631553066 0.38722292231136735 679
1694631553098 0.3872705872011384 680
1694631553133 0.3873177220869707 681
1694631553169 0.3873643325150826 682
1694631553198 0.38741042397602166 683
1694631553230 0.38745600190518736 684
1694631553267 0.38750107168334913 685
1694631553304 0.3875456386371571 686
1694631553344 0.3875897080396504 687
1694631553376 0.38763328511076667 688
1694631553412 0.3876763750178366 689
1694631553452 0.38771898287608386 690
1694631553494 0.38776111374911826 691
1694631553528 0.3878027726494234 692
1694631553558 0.3878439645388424 693
1694631553590 0.38788469432905714 694
1694631553619 0.38792496688206757 695
1694631553654 0.38796478701066106 696
1694631553689 0.38800415947888656 697
1694631553722 0.38804308900251594 698
1694631553754 0.38808158024950645 699
1694631553792 0.388119637840459 700
1694631553827 0.3881572663490709 701
1694631553859 0.38819447030258614 702
1694631553890 0.3882312541822409 703
1694631553928 0.38826762242370916 704
1694631553960 0.38830357941753657 705
1694631553994 0.3883391295095795 706
1694631554030 0.3883742770014329 707
1694631554068 0.3884090261508609 708
1694631554098 0.38844338117221755 709
1694631554132 0.38847734623687014 710
1694631554169 0.38851092547361543 711
1694631554201 0.3885441229690887 712
1694631554236 0.38857694276817945 713
1694631554278 0.3886093888744335 714
1694631554321 0.38864146525045407 715
1694631554353 0.3886731758183043 716
1694631554383 0.388704524459902 717
1694631554420 0.38873551501740844 718
1694631554454 0.38876615129361924 719
1694631554501 0.38879643705235056 720
1694631554557 0.38882637601881775 721
1694631554600 0.38885597188001597 722
1694631554637 0.388885228285093 723
1694631554676 0.38891414884572384 724
1694631554708 0.38894273713647476 725
1694631554746 0.38897099669517343 726
1694631554780 0.38899893102326655 727
1694631554822 0.38902654358617894 728
1694631554858 0.38905383781366965 729
1694631554894 0.3890808171001846 730
1694631554947 0.3891074848052034 731
1694631554982 0.3891338442535869 732
1694631555018 0.38915989873591894 733
1694631555062 0.3891856515088451 734
1694631555103 0.38921110579540996 735
1694631555142 0.3892362647853912 736
1694631555174 0.3892611316356269 737
1694631555205 0.38928570947034535 738
1694631555235 0.38931000138148786 739
1694631555267 0.3893340104290325 740
1694631555300 0.3893577396413068 741
1694631555332 0.3893811920153103 742
1694631555371 0.38940437051702137 743
1694631555418 0.3894272780817093 744
1694631555463 0.3894499176142384 745
1694631555504 0.38947229198937694 746
1694631555545 0.389494404052091 747
1694631555589 0.3895162566178487 748
1694631555624 0.3895378524729136 749
1694631555656 0.38955919437463515 750
1694631555691 0.389580285051742 751
1694631555724 0.3896011272046266 752
1694631555755 0.38962172350563096 753
1694631555792 0.3896420765993278 754
1694631555833 0.3896621891027996 755
1694631555868 0.38968206360591506 756
1694631555902 0.38970170267160564 757
1694631555941 0.3897211088361311 758
1694631555981 0.38974028460935317 759
1694631556017 0.3897592324750009 760
1694631556047 0.38977795489093237 761
1694631556080 0.3897964542893967 762
1694631556112 0.38981473307729464 763
1694631556144 0.3898327936364314 764
1694631556178 0.389850638323773 765
1694631556212 0.38986826947169584 766
1694631556246 0.3898856893882374 767
1694631556283 0.3899029003573413 768
1694631556325 0.3899199046391002 769
1694631556363 0.38993670447000184 770
1694631556403 0.3899533020631657 771
1694631556446 0.3899696996085785 772
1694631556493 0.38998589927333194 773
1694631556530 0.39000190320185524 774
1694631556570 0.3900177135161427 775
1694631556609 0.39003333231598636 776
1694631556643 0.390048761679197 777
1694631556677 0.390064003661831 778
1694631556707 0.39007906029841166 779
1694631556736 0.3900939336021477 780
1694631556769 0.3901086255651509 781
1694631556799 0.39012313815865185 782
1694631556835 0.39013747333321114 783
1694631556874 0.39015163301893296 784
1694631556917 0.3901656191256718 785
1694631556953 0.3901794335432416 786
1694631556989 0.39019307814161763 787
1694631557032 0.39020655477114297 788
1694631557069 0.3902198652627259 789
1694631557107 0.39023301142804123 790
1694631557148 0.3902459950597257 791
1694631557186 0.39025881793157413 792
1694631557218 0.3902714817987316 793
1694631557264 0.39028398839788636 794
1694631557299 0.39029633944745656 795
1694631557336 0.3903085366477804 796
1694631557374 0.3903205816812989 797
1694631557409 0.3903324762127417 798
1694631557439 0.39034422188930995 799
1694631557472 0.3903558203408519 800
1694631557512 0.3903672731800475 801
1694631557547 0.39037858200257947 802
1694631557578 0.3903897483873122 803
1694631557610 0.3904007738964623 804
1694631557638 0.39041166007577044 805
1694631557674 0.39042240845467235 806
1694631557710 0.39043302054646667 807
1694631557743 0.3904434978484784 808
1694631557778 0.3904538418422273 809
1694631557811 0.3904640539935892 810
1694631557851 0.3904741357529574 811
1694631557885 0.39048408855540195 812
1694631557918 0.39049391382082954 813
1694631557953 0.3905036129541388 814
1694631557985 0.39051318734537543 815
1694631558020 0.390522638369886 816
1694631558055 0.39053196738847007 817
1694631558089 0.39054117574753044 818
1694631558120 0.3905502647792223 819
1694631558155 0.3905592358016 820
1694631558189 0.39056809011876303 821
1694631558221 0.39057682902100144 822
1694631558254 0.3905854537849386 823
1694631558289 0.3905939656736718 824
1694631558320 0.390602365936914 825
1694631558353 0.39061065581112775 826
1694631558390 0.3906188365196799 827
1694631558426 0.3906269092729453 828
1694631558459 0.3906348752684733 829
1694631558496 0.3906427356911044 830
1694631558539 0.39065049171310473 831
1694631558572 0.3906581444942998 832
1694631558606 0.39066569518220096 833
1694631558644 0.39067314491213256 834
1694631558676 0.390680494807363 835
1694631558708 0.3906877459792236 836
1694631558741 0.3906948995272398 837
1694631558772 0.390701956539248 838
1694631558805 0.3907089180915214 839
1694631558842 0.39071578524888684 840
1694631558882 0.39072255906484776 841
1694631558919 0.3907292405816981 842
1694631558954 0.390735830830642 843
1694631558987 0.3907423308319079 844
1694631559025 0.3907487415948645 845
1694631559056 0.3907550641181311 846
1694631559126 0.3907612993896922 847
1694631559168 0.39076744838700717 848
1694631559248 0.3907735120771221 849
1694631559331 0.3907794914167749 850
1694631559415 0.3907853873525047 851
1694631559460 0.3907912008207596 852
1694631559507 0.3907969327480001 853
1694631559548 0.3908025840508039 854
1694631559588 0.3908081556359698 855
1694631559620 0.39081364840061894 856
1694631559655 0.390819063232297 857
1694631559688 0.3908244010090729 858
1694631559722 0.3908296625996388 859
1694631559753 0.39083484886340825 860
1694631559786 0.39083996065061344 861
1694631559819 0.3908449988023992 862
1694631559853 0.3908499641509213 863
1694631559883 0.39085485751943916 864
1694631559914 0.39085967972240687 865
1694631559947 0.39086443156556816 866
1694631559976 0.39086911384604717 867
1694631560005 0.39087372735243797 868
1694631560041 0.39087827286489263 869
1694631560079 0.3908827511552151 870
1694631560116 0.3908871629869405 871
1694631560150 0.390891509115429 872
1694631560183 0.3908957902879484 873
1694631560243 0.3909000072437586 874
1694631560279 0.3909041607141961 875
1694631560313 0.3909082514227584 876
1694631560344 0.39091228008518586 877
1694631560378 0.39091624740953934 878
1694631560417 0.3909201540962869 879
1694631560449 0.3909240008383794 880
1694631560483 0.3909277883213301 881
1694631560521 0.3909315172232941 882
1694631560561 0.39093518821514517 883
1694631560602 0.3909388019605511 884
1694631560637 0.39094235911605046 885
1694631560671 0.3909458603311273 886
1694631560702 0.3909493062482863 887
1694631560742 0.39095269750312345 888
1694631560778 0.39095603472440177 889
1694631560810 0.3909593185341168 890
1694631560852 0.3909625495475889 891
1694631560885 0.3909657283734963 892
1694631560928 0.39096885561397754 893
1694631560965 0.3909719318646887 894
1694631561001 0.39097495771487023 895
1694631561034 0.39097793374741574 896
1694631561067 0.39098086053893966 897
1694631561103 0.3909837386598435 898
1694631561137 0.3909865686743811 899
1694631561169 0.3909893511407204 900
1694631561204 0.39099208661101437 901
1694631561241 0.3909947756314571 902
1694631561278 0.3909974187423504 903
1694631561323 0.3910000164781656 904
1694631561359 0.39100256936760647 905
1694631561387 0.391005077933665 906
1694631561422 0.3910075426936881 907
1694631561454 0.39100996415943157 908
1694631561492 0.39101234283712394 909
1694631561531 0.3910146792275204 910
1694631561565 0.39101697382596323 911
1694631561602 0.3910192271224394 912
1694631561632 0.3910214396016348 913
1694631561665 0.3910236117429917 914
1694631561705 0.3910257440207642 915
1694631561738 0.39102783690407306 916
1694631561768 0.39102989085695794 917
1694631561804 0.39103190633843465 918
1694631561836 0.3910338838025462 919
1694631561874 0.3910358236984147 920
1694631561906 0.3910377264702941 921
1694631561940 0.3910395925576229 922
1694631561972 0.39104142239507267 923
1694631562004 0.3910432164126 924
1694631562032 0.3910449750354975 925
1694631562066 0.3910466986844403 926
1694631562109 0.3910483877755371 927
1694631562147 0.3910500427203769 928
1694631562183 0.39105166392607804 929
1694631562223 0.3910532517953359 930
1694631562269 0.39105480672646764 931
1694631562303 0.3910563291134608 932
1694631562334 0.39105781934601935 933
1694631562371 0.39105927780960614 934
1694631562410 0.39106070488548794 935
1694631562443 0.3910621009507932 936
1694631562478 0.3910634663785253 937
1694631562515 0.39106480153763845 938
1694631562554 0.39106610679306464 939
1694631562611 0.3910673825057591 940
1694631562695 0.391068629032742 941
1694631562738 0.3910698467271404 942
1694631562778 0.39107103593823056 943
1694631562816 0.3910721970114772 944
1694631562854 0.3910733302885766 945
1694631562887 0.3910744361074916 946
1694631562919 0.39107551480249636 947
1694631562955 0.3910765667042141 948
1694631562987 0.3910775921396541 949
1694631563021 0.3910785914322513 950
1694631563057 0.391079564901905 951
1694631563087 0.39108051286501344 952
1694631563119 0.3910814356345155 953
1694631563158 0.39108233351992405 954
1694631563200 0.3910832068273643 955
1694631563234 0.39108405585960626 956
1694631563279 0.3910848809161064 957
1694631563325 0.39108568229303753 958
1694631563363 0.3910864602833255 959
1694631563407 0.39108721517668377 960
1694631563438 0.3910879472596487 961
1694631563476 0.39108865681561145 962
1694631563526 0.39108934412485263 963
1694631563562 0.3910900094645746 964
1694631563598 0.3910906531089352 965
1694631563635 0.39109127532907895 966
1694631563674 0.3910918763931701 967
1694631563711 0.39109245656642344 968
1694631563747 0.3910930161111368 969
1694631563783 0.3910935552867213 970
1694631563819 0.3910940743497322 971
1694631563859 0.39109457355389965 972
1694631563893 0.39109505315015924 973
1694631563931 0.39109551338667936 974
1694631563967 0.39109595450889423 975
1694631564007 0.39109637675953 976
1694631564045 0.3910967803786345 977
1694631564082 0.39109716560360663 978
1694631564124 0.3910975326692253 979
1694631564170 0.39109788180767435 980
1694631564201 0.3910982132485724 981
1694631564234 0.3910985272189995 982
1694631564287 0.3910988239435256 983
1694631564320 0.3910991036442354 984
1694631564364 0.3910993665407554 985
1694631564401 0.39109961285028094 986
1694631564434 0.39109984278760235 987
1694631564477 0.3911000565651275 988
1694631564519 0.3911002543929112 989
1694631564558 0.39110043647867865 990
1694631564591 0.391100603027851 991
1694631564632 0.39110075424356483 992
1694631564669 0.391100890326714 993
1694631564701 0.39110101147594256 994
1694631564732 0.3911011178876981 995
1694631564765 0.3911012097562423 996
1694631564794 0.3911012872736749 997
1694631564824 0.3911013506299579 998
1694631564853 0.3911014000129397 999
