1694631292532 167.10396509648535 0
1694631292565 162.74165207553204 1
1694631292598 162.2949331706212 2
1694631292631 157.14411272387554 3
1694631292662 153.33538655133628 4
1694631292691 148.2932590760129 5
1694631292731 149.14318985350815 6
1694631292802 141.4483941868486 7
1694631292845 138.91963514864878 8
1694631292879 136.24937835065032 9
1694631292926 136.58527648270152 10
1694631292970 130.35950939864435 11
1694631293003 127.4711749044566 12
1694631293038 121.11945189823845 13
1694631293069 121.0743428840238 14
1694631293101 119.17823638711067 15
1694631293134 117.36028770844881 16
1694631293169 114.75147353722635 17
1694631293199 112.7457794328913 18
1694631293230 111.60120100520608 19
1694631293262 106.5554324546548 20
1694631293294 106.94288431124504 21
1694631293326 103.22822819338663 22
1694631293361 100.81007723326313 23
1694631293395 100.76603556711353 24
1694631293427 95.84047986217796 25
1694631293460 95.44188985495038 26
1694631293493 93.73885842769064 27
1694631293525 88.15622027453132 28
1694631293562 88.60012348414342 29
1694631293595 86.53046609102645 30
1694631293628 85.38173831263605 31
1694631293662 83.20386138921262 32
1694631293698 80.77723829288095 33
1694631293731 78.39001715489542 34
1694631293769 78.84463452899045 35
1694631293802 76.03776256585967 36
1694631293835 74.22056824039596 37
1694631293866 73.26965337674453 38
1694631293899 71.56410240379921 39
1694631293933 70.20282692231604 40
1694631293968 68.14758392016824 41
1694631294001 66.0354208109712 42
1694631294034 65.09687794830572 43
1694631294067 64.47126022765111 44
1694631294098 61.97688343818201 45
1694631294132 62.09460193009779 46
1694631294166 60.141553224883026 47
1694631294198 58.80807325875761 48
1694631294232 57.527633752282405 49
1694631294266 56.257603645331976 50
1694631294299 55.37209516117098 51
1694631294331 54.72778380886883 52
1694631294366 52.86511742107964 53
1694631294398 52.68203141327797 54
1694631294429 51.42047096354894 55
1694631294462 49.912840561223796 56
1694631294495 48.53945293095374 57
1694631294530 47.75238554894428 58
1694631294567 47.48635298818031 59
1694631294600 46.02241830247506 60
1694631294638 45.399655691866954 61
1694631294673 43.94351507502471 62
1694631294704 43.88372130247816 63
1694631294737 42.28534907116228 64
1694631294771 41.47096713433492 65
1694631294803 41.02833849187189 66
1694631294836 40.07282025122835 67
1694631294868 38.33275293063301 68
1694631294903 38.325223229690515 69
1694631294937 37.1883533206972 70
1694631294969 36.72459402317304 71
1694631295006 36.14851856090292 72
1694631295040 35.381127971536046 73
1694631295074 34.70502854774476 74
1694631295108 33.54834303154541 75
1694631295142 32.80195973140298 76
1694631295177 32.741736966789816 77
1694631295209 31.448905660326567 78
1694631295243 31.28821606541569 79
1694631295278 30.55990765203572 80
1694631295311 30.38802951711437 81
1694631295345 29.51871163912171 82
1694631295379 28.944485659624437 83
1694631295411 28.20311943396672 84
1694631295445 28.019614974519993 85
1694631295481 27.123245723581707 86
1694631295517 26.472950544908162 87
1694631295550 25.798363269283794 88
1694631295584 25.133788504631593 89
1694631295616 24.72907097694998 90
1694631295649 23.981737349945412 91
1694631295681 24.0564159017956 92
1694631295715 23.480021447168337 93
1694631295748 23.029600643411403 94
1694631295781 22.589616566375277 95
1694631295814 22.147243118130287 96
1694631295849 22.008680946295655 97
1694631295882 21.03721527453771 98
1694631295916 21.21576993146564 99
1694631295951 20.485105533987543 100
1694631295985 19.843798406472708 101
1694631296015 19.702645409319576 102
1694631296050 19.39188016171333 103
1694631296081 18.888338435307627 104
1694631296113 18.659837833822888 105
1694631296145 18.174985672089214 106
1694631296178 17.882009420055443 107
1694631296210 17.703797783234762 108
1694631296243 17.187302620860784 109
1694631296277 17.22747330113211 110
1694631296310 16.631099785442895 111
1694631296344 16.071213582803423 112
1694631296377 15.880884650636917 113
1694631296412 15.681530575596645 114
1694631296444 15.202052551592253 115
1694631296478 15.042223688959071 116
1694631296510 14.815898239570446 117
1694631296543 14.44338512095365 118
1694631296577 14.323968582821697 119
1694631296611 14.134023945092368 120
1694631296643 13.800816465589161 121
1694631296677 13.354158874856536 122
1694631296709 13.107403018369132 123
1694631296741 13.11501622691109 124
1694631296772 12.472728463354159 125
1694631296806 12.848717742402753 126
1694631296837 12.159817042614062 127
1694631296870 12.143532123759424 128
1694631296904 11.85535754336369 129
1694631296936 11.260444550644843 130
1694631296967 11.31890207093588 131
1694631296999 11.272173143440867 132
1694631297030 11.133892256965568 133
1694631297065 10.795899587860342 134
1694631297100 10.308707827553977 135
1694631297134 10.525649631753348 136
1694631297169 10.143245224389224 137
1694631297201 10.111700998580169 138
1694631297234 9.696842492009832 139
1694631297270 9.556670266072837 140
1694631297303 9.539891934528287 141
1694631297337 9.504749057441593 142
1694631297370 9.431205801706346 143
1694631297403 9.105131061422169 144
1694631297434 8.784149929504123 145
1694631297468 8.542490311671951 146
1694631297504 8.421096923567829 147
1694631297535 8.3933512846255 148
1694631297568 8.200364612228647 149
1694631297602 7.973844627378065 150
1694631297632 8.106458894779895 151
1694631297664 7.954985326944409 152
1694631297697 7.71895294248735 153
1694631297729 7.522838504943435 154
1694631297761 7.552852672403105 155
1694631297794 7.189487266993497 156
1694631297826 7.264106132217319 157
1694631297857 7.175560331605818 158
1694631297891 6.745149666878315 159
1694631297923 6.90337167773939 160
1694631297956 6.4921181558221805 161
1694631297990 6.704616913149897 162
1694631298021 6.538086589180558 163
1694631298053 6.4663713144259205 164
1694631298088 6.302960406107152 165
1694631298121 6.083104011887048 166
1694631298154 6.259169325800837 167
1694631298188 5.88916989785547 168
1694631298220 5.858089242766621 169
1694631298251 5.666030584603764 170
1694631298286 5.618335439512689 171
1694631298322 5.759576853196121 172
1694631298355 5.470053594459241 173
1694631298392 5.444296151629258 174
1694631298425 5.471390715671487 175
1694631298457 5.281236374460854 176
1694631298494 5.171563563157708 177
1694631298525 5.154973027956599 178
1694631298555 5.1733666144386286 179
1694631298590 4.907150260944196 180
1694631298622 4.918417920648111 181
1694631298655 4.704731523636859 182
1694631298690 4.70629561174834 183
1694631298724 4.741542913204299 184
1694631298757 4.376126637295083 185
1694631298790 4.524365756946302 186
1694631298822 4.370336314324209 187
1694631298857 4.475096129726641 188
1694631298890 4.399653793873372 189
1694631298922 4.317761223372728 190
1694631298955 4.030790489430342 191
1694631298987 4.323985907186933 192
1694631299021 4.1742308094552145 193
1694631299052 3.959769894048114 194
1694631299087 3.8736464430084627 195
1694631299118 3.9681409648248462 196
1694631299149 3.7660730860230633 197
1694631299179 3.920030557134926 198
1694631299213 3.7726249275485433 199
1694631299245 3.731941715694572 200
1694631299280 3.5205421128303382 201
1694631299312 3.756910935589387 202
1694631299346 3.458288726532797 203
1694631299378 3.4993805207447006 204
1694631299410 3.4607508865351946 205
1694631299441 3.4300303444331086 206
1694631299471 3.306009973804824 207
1694631299504 3.240439093136877 208
1694631299537 3.1285476894312305 209
1694631299573 3.2732124574079577 210
1694631299610 3.104300881514558 211
1694631299645 3.065421944508822 212
1694631299678 3.080623466580586 213
1694631299714 3.056161632060678 214
1694631299753 2.9010903529684984 215
1694631299790 2.909784088708377 216
1694631299830 2.8306874314756576 217
1694631299874 2.87324747666594 218
1694631299915 2.8720345161495517 219
1694631299952 2.7398034180708017 220
1694631299991 2.776524847369703 221
1694631300028 2.734553541337976 222
1694631300062 2.7511811108193815 223
1694631300097 2.564549010371074 224
1694631300130 2.7375013227941314 225
1694631300163 2.5631398246003623 226
1694631300197 2.5057630160258904 227
1694631300230 2.5536918100736425 228
1694631300262 2.500669161764014 229
1694631300297 2.406066180862055 230
1694631300328 2.4166048620778637 231
1694631300361 2.2988467529526 232
1694631300393 2.255347571600525 233
1694631300426 2.2952870001745413 234
1694631300459 2.337433527878262 235
1694631300493 2.242431663501008 236
1694631300525 2.3494909947427427 237
1694631300558 2.220373474488613 238
1694631300591 2.225531774875763 239
1694631300624 2.163402630834567 240
1694631300657 2.1374702238005336 241
1694631300693 2.0251579732172704 242
1694631300726 2.0577865028393347 243
1694631300758 2.0493498884178316 244
1694631300790 2.0162429123162484 245
1694631300823 2.1236638600593434 246
1694631300856 1.9449028726453068 247
1694631300889 2.0322845329558183 248
1694631300923 1.8491442523394228 249
1694631300957 1.9639991376853851 250
1694631300987 1.9287419293242183 251
1694631301020 1.9928597622620892 252
1694631301054 1.8622103571142892 253
1694631301087 1.9134482295112796 254
1694631301123 1.847464325849478 255
1694631301156 1.814769941831679 256
1694631301190 1.8246090265388093 257
1694631301225 1.8146631164971183 258
1694631301257 1.7939327512858496 259
1694631301291 1.759304968433572 260
1694631301325 1.7217939128488844 261
1694631301358 1.7896673412958648 262
1694631301392 1.6136891940627482 263
1694631301434 1.725613544262881 264
1694631301479 1.66190022006043 265
1694631301524 1.6501150775046913 266
1694631301567 1.5902629810680438 267
1694631301607 1.5647979137013786 268
1694631301651 1.5138572391346308 269
1694631301682 1.5607779766839123 270
1694631301715 1.593389917377195 271
1694631301747 1.5942815973361655 272
1694631301779 1.5208910920484826 273
1694631301814 1.4773144934994085 274
1694631301846 1.5325595626492414 275
1694631301879 1.4067022557515163 276
1694631301913 1.4654216712356443 277
1694631301946 1.4658561154309682 278
1694631301980 1.4971738615071195 279
1694631302011 1.3887311544783116 280
1694631302045 1.4473935240935247 281
1694631302077 1.3518044338453705 282
1694631302108 1.4040407152973495 283
1694631302140 1.3648645534986956 284
1694631302173 1.3837317130680369 285
1694631302207 1.332440072990269 286
1694631302241 1.3140348773362187 287
1694631302275 1.2918897455244118 288
1694631302306 1.4203358289310821 289
1694631302338 1.3076577299205228 290
1694631302373 1.3631051916429067 291
1694631302408 1.294888340164223 292
1694631302442 1.3561347158311556 293
1694631302475 1.2124449184036084 294
1694631302509 1.3260545322363735 295
1694631302541 1.2552391629085826 296
1694631302574 1.2989689149157984 297
1694631302609 1.2206267238292954 298
1694631302644 1.2068195700018822 299
1694631302683 1.2155910795182927 300
1694631302720 1.2499319439242527 301
1694631302754 1.2763422443831451 302
1694631302787 1.0278951682459614 303
1694631302818 1.2102572351774317 304
1694631302852 1.1361350195512154 305
1694631302883 1.152320994542461 306
1694631302917 1.1957714388529606 307
1694631302950 1.1269807827062226 308
1694631302978 1.122899257318506 309
1694631303010 1.199593966660388 310
1694631303042 1.067210370511733 311
1694631303068 1.0957940670805426 312
1694631303098 1.1007040810075384 313
1694631303130 1.0865472770510014 314
1694631303162 1.1078582204826641 315
1694631303194 1.1167699023074578 316
1694631303225 1.1163373798602678 317
1694631303255 1.0578054188226425 318
1694631303287 1.054938021184427 319
1694631303320 1.0358295669353568 320
1694631303351 1.0747833099695552 321
1694631303380 1.1632389595627146 322
1694631303412 1.0165609246302711 323
1694631303445 1.0505522660880786 324
1694631303473 1.0452517043238383 325
1694631303508 1.022503696127597 326
1694631303542 1.0312873397768823 327
1694631303572 1.0404399959901227 328
1694631303604 0.9229053797497413 329
1694631303633 1.0475755059921423 330
1694631303663 1.0389490131299457 331
1694631303695 0.9660196792763542 332
1694631303729 0.9638349568087606 333
1694631303762 0.993505949366594 334
1694631303793 0.942368544940682 335
1694631303825 1.0133374020100079 336
1694631303857 0.9543805489251928 337
1694631303886 0.9320334127711748 338
1694631303918 0.9385236447851137 339
1694631303950 0.9152069570698146 340
1694631303979 0.9167552274528201 341
1694631304013 0.9118070152254985 342
1694631304047 0.8962148140153905 343
1694631304075 0.9804389400294985 344
1694631304106 0.8624373665983358 345
1694631304139 0.9630256733323895 346
1694631304169 0.8595854421280775 347
1694631304202 0.9902634694988498 348
1694631304235 0.933927737872379 349
1694631304264 0.8767932858725512 350
1694631304295 0.8474530267486098 351
1694631304328 0.837291469610631 352
1694631304362 0.8801574264187711 353
1694631304394 0.9503578900095156 354
1694631304426 0.8715385522772936 355
1694631304459 0.8585220566786114 356
1694631304492 0.8630229602513724 357
1694631304522 0.863571704283261 358
1694631304553 0.9438889117164453 359
1694631304581 0.8673955013485902 360
1694631304612 0.8050961582979379 361
1694631304646 0.8472875766559946 362
1694631304677 0.880437211471125 363
1694631304709 0.8420964831091186 364
1694631304741 0.8204752574208795 365
1694631304771 0.8096236744134345 366
1694631304801 0.8201524022189292 367
1694631304834 0.8415450819459868 368
1694631304864 0.7963868991808595 369
1694631304895 0.837386595230363 370
1694631304930 0.8566860561682251 371
1694631304960 0.8171592944880084 372
1694631304990 0.7613962626130832 373
1694631305025 0.8456638456686141 374
1694631305057 0.7309870747549776 375
1694631305089 0.8361735470778096 376
1694631305120 0.836495991034363 377
1694631305154 0.7338508150229199 378
1694631305181 0.690373270066271 379
1694631305214 0.8177178961301914 380
1694631305247 0.7816513071272214 381
1694631305278 0.7904459385629894 382
1694631305310 0.7525139385010559 383
1694631305341 0.811924309776977 384
1694631305370 0.8019648560155503 385
1694631305402 0.799623983416169 386
1694631305438 0.7708355769592214 387
1694631305469 0.7773601139625369 388
1694631305503 0.7696322507695611 389
1694631305538 0.7657321118487594 390
1694631305566 0.784868395974111 391
1694631305600 0.7255364436569437 392
1694631305633 0.7197846732349056 393
1694631305665 0.7852035995614821 394
1694631305698 0.7452589762765947 395
1694631305735 0.7868204859864505 396
1694631305764 0.7111723004207635 397
1694631305795 0.6970740197166473 398
1694631305830 0.7172666557160163 399
1694631305862 0.6786268516472203 400
1694631305892 0.7385591260219352 401
1694631305923 0.7071887253412257 402
1694631305954 0.7740990826159964 403
1694631305985 0.6868776111681172 404
1694631306018 0.7399839161464614 405
1694631306051 0.7179546806440366 406
1694631306082 0.7120696268556388 407
1694631306116 0.732987690447882 408
1694631306149 0.7325767724631814 409
1694631306182 0.7212539746440357 410
1694631306216 0.7397175413167489 411
1694631306250 0.7551977763544416 412
1694631306280 0.7433819620467716 413
1694631306315 0.6858718520829254 414
1694631306351 0.7138308883897444 415
1694631306381 0.6565957630815776 416
1694631306416 0.6811592242889765 417
1694631306451 0.6944422489560589 418
1694631306482 0.6680726916497495 419
1694631306517 0.7125288832702573 420
1694631306552 0.7029191774525299 421
1694631306583 0.6978561636230709 422
1694631306616 0.674828899345572 423
1694631306646 0.6191783726392898 424
1694631306678 0.6793975302996461 425
1694631306711 0.6091626718887861 426
1694631306747 0.6692255794175789 427
1694631306777 0.6925966567740844 428
1694631306807 0.6526267119251054 429
1694631306842 0.6865231619320112 430
1694631306874 0.6932866252987275 431
1694631306907 0.6936595357491009 432
1694631306939 0.6514195540397791 433
1694631306971 0.6662990720725317 434
1694631307002 0.7370654479841261 435
1694631307037 0.6306984461474264 436
1694631307069 0.6733902500086428 437
1694631307101 0.6421264818129827 438
1694631307134 0.6080539518092604 439
1694631307166 0.6175829829128744 440
1694631307200 0.6822464558534821 441
1694631307232 0.6563174393335768 442
1694631307264 0.617338880889114 443
1694631307297 0.6466000186421226 444
1694631307331 0.6921023133920229 445
1694631307365 0.6416238001529834 446
1694631307400 0.6900247822258353 447
1694631307434 0.6598587948849993 448
1694631307465 0.6336864159304061 449
1694631307498 0.7101582836038197 450
1694631307532 0.6631345950540746 451
1694631307564 0.5870458317117092 452
1694631307594 0.6278207929214337 453
1694631307626 0.6048249802110024 454
1694631307657 0.6155792256001632 455
1694631307687 0.6862931397583862 456
1694631307718 0.6618230602999219 457
1694631307752 0.6412932488505849 458
1694631307783 0.642199456289617 459
1694631307813 0.5660206962620218 460
1694631307846 0.6101330027724234 461
1694631307876 0.610335954931265 462
1694631307910 0.5994188615839118 463
1694631307943 0.6288879343305629 464
1694631307974 0.6400256963492934 465
1694631308006 0.6178180239573449 466
1694631308038 0.5776333291001199 467
1694631308071 0.6762878998619053 468
1694631308107 0.6257315712674071 469
1694631308139 0.6306727672882433 470
1694631308173 0.5837600734963684 471
1694631308206 0.636554558951493 472
1694631308238 0.6464246448019083 473
1694631308270 0.6257343018054407 474
1694631308302 0.6544181831633322 475
1694631308334 0.6485065322875045 476
1694631308369 0.6309692651419488 477
1694631308402 0.6268913124612261 478
1694631308436 0.6075603214926604 479
1694631308469 0.5810616370982031 480
1694631308501 0.6735981315304407 481
1694631308536 0.6495042464951959 482
1694631308569 0.5814254973026647 483
1694631308602 0.5765491792971219 484
1694631308635 0.5964048622417312 485
1694631308666 0.6339616661668896 486
1694631308698 0.6610479726208426 487
1694631308730 0.5924679262683247 488
1694631308764 0.6425345602605927 489
1694631308796 0.5632748692039534 490
1694631308829 0.585052049672432 491
1694631308859 0.6098487687599906 492
1694631308892 0.5948272104183698 493
1694631308926 0.642508438223317 494
1694631308959 0.5430617202956186 495
1694631308992 0.577782254689129 496
1694631309025 0.6098656714056351 497
1694631309060 0.6115757218156733 498
1694631309093 0.647866691879461 499
1694631309124 0.573321736158957 500
1694631309160 0.6103184227052602 501
1694631309196 0.6332162933022762 502
1694631309227 0.6082151250933904 503
1694631309259 0.5856468009310544 504
1694631309293 0.5544311773872719 505
1694631309327 0.5833782203714586 506
1694631309361 0.6086989336905523 507
1694631309390 0.652049400127881 508
1694631309422 0.6057393314484188 509
1694631309455 0.5701422085533284 510
1694631309494 0.6397708549110016 511
1694631309526 0.5663606113830554 512
1694631309559 0.6973568396077447 513
1694631309593 0.5994557442760723 514
1694631309627 0.6350893659545428 515
1694631309658 0.5818220124985336 516
1694631309690 0.6358491124610318 517
1694631309720 0.5878028145991516 518
1694631309751 0.6040792323122013 519
1694631309784 0.606776174447582 520
1694631309816 0.5911795050155577 521
1694631309849 0.6248768805831573 522
1694631309881 0.6186516086460131 523
1694631309927 0.6029856220242082 524
1694631309983 0.5639459100933055 525
1694631310031 0.6341966718354212 526
1694631310066 0.5637725282204077 527
1694631310096 0.5876724160370216 528
1694631310129 0.6086576003976589 529
1694631310162 0.52779484082411 530
1694631310191 0.5715270914225792 531
1694631310225 0.6152699428946194 532
1694631310259 0.5586422935662118 533
1694631310292 0.6338447152220718 534
1694631310324 0.5298971965197631 535
1694631310354 0.5802597130178037 536
1694631310388 0.5948598594018081 537
1694631310422 0.5804879652406413 538
1694631310457 0.597539843811367 539
1694631310489 0.5995091893842887 540
1694631310521 0.5936010667315299 541
1694631310555 0.5741627265294839 542
1694631310585 0.5683778661149836 543
1694631310616 0.6027073196475298 544
1694631310648 0.5569172344129084 545
1694631310681 0.5526763072662536 546
1694631310713 0.5543893739985503 547
1694631310745 0.5693967848800618 548
1694631310777 0.5705538648913356 549
1694631310810 0.5863612044006614 550
1694631310846 0.586691324188064 551
1694631310879 0.5609172165563573 552
1694631310910 0.5941305799831336 553
1694631310942 0.5807018389608037 554
1694631310974 0.5684439315065701 555
1694631311006 0.6450681253841405 556
1694631311036 0.578039924906032 557
1694631311071 0.5752365368393075 558
1694631311102 0.5688827569011972 559
1694631311134 0.5649826053173456 560
1694631311166 0.5281975997876642 561
1694631311198 0.6029826370166048 562
1694631311230 0.6313563320111143 563
1694631311263 0.601911702012827 564
1694631311296 0.5492465625672769 565
1694631311328 0.5736501922838849 566
1694631311364 0.5817698005969426 567
1694631311398 0.6575954502953835 568
1694631311433 0.6108182852749815 569
1694631311468 0.6418913102684293 570
1694631311499 0.6223743591906387 571
1694631311531 0.569444319209615 572
1694631311561 0.5782110230606543 573
1694631311592 0.5715731468057397 574
1694631311624 0.5350283156947374 575
1694631311657 0.5792165476228716 576
1694631311693 0.5126234536644573 577
1694631311739 0.6219369559008275 578
1694631311780 0.5204393125079679 579
1694631311820 0.5502702543694814 580
1694631311863 0.5929528644290533 581
1694631311903 0.574781129888521 582
1694631311944 0.5920566525652071 583
1694631311976 0.5899902477063779 584
1694631312008 0.6280736094005487 585
1694631312038 0.5315359338696858 586
1694631312069 0.5889642984847709 587
1694631312098 0.5744560187887006 588
1694631312133 0.5902326579049281 589
1694631312163 0.5781247535482239 590
1694631312196 0.5455685941072751 591
1694631312227 0.5482214908982463 592
1694631312258 0.6188582235209241 593
1694631312290 0.5637894443186292 594
1694631312321 0.5342224686659671 595
1694631312356 0.528192036326574 596
1694631312390 0.5867626249939426 597
1694631312421 0.5420166711902635 598
1694631312452 0.5537074438741818 599
1694631312484 0.6596760762044301 600
1694631312518 0.6108891205119247 601
1694631312555 0.5732729968428417 602
1694631312589 0.5834068341545893 603
1694631312621 0.5720738079212687 604
1694631312655 0.5617615398607644 605
1694631312686 0.5283213789470147 606
1694631312718 0.5394002925488731 607
1694631312751 0.5912202271732363 608
1694631312781 0.5231196367494191 609
1694631312814 0.5396553000747013 610
1694631312845 0.5592306926746788 611
1694631312876 0.5906353385304242 612
1694631312909 0.5800662644183123 613
1694631312939 0.537067939643552 614
1694631312970 0.5955555703281366 615
1694631313006 0.52893351406839 616
1694631313039 0.6232757416586441 617
1694631313072 0.5621834329557179 618
1694631313107 0.5808326076975294 619
1694631313138 0.6188735688784305 620
1694631313172 0.5517001183745119 621
1694631313205 0.6154056579241313 622
1694631313235 0.5167904021737149 623
1694631313266 0.562941950367271 624
1694631313300 0.5621632001014033 625
1694631313333 0.5741464750790756 626
1694631313369 0.5249894201244693 627
1694631313403 0.557391881760384 628
1694631313433 0.6061570847936972 629
1694631313465 0.5801889916528178 630
1694631313496 0.5355462455577512 631
1694631313529 0.6016149440346001 632
1694631313562 0.5740123701510057 633
1694631313595 0.5667716048164114 634
1694631313628 0.608094984287765 635
1694631313660 0.5092396418342257 636
1694631313693 0.5716641236324137 637
1694631313725 0.5687424618530037 638
1694631313760 0.5850024833677653 639
1694631313794 0.560666309119297 640
1694631313828 0.5853328529059815 641
1694631313860 0.5598485422202021 642
1694631313894 0.5595891843594473 643
1694631313928 0.5386104519491149 644
1694631313961 0.5112290165159811 645
1694631313996 0.5737077660568197 646
1694631314029 0.5614043874207657 647
1694631314065 0.5682597679461132 648
1694631314098 0.5912266494550508 649
1694631314131 0.6399347526121337 650
1694631314164 0.5731275858693784 651
1694631314198 0.5477515798142001 652
1694631314229 0.5662687635933703 653
1694631314261 0.5067189920391224 654
1694631314294 0.6277764661278016 655
1694631314326 0.555682039645561 656
1694631314361 0.5746138585364954 657
1694631314395 0.5530059137276174 658
1694631314428 0.551392632102864 659
1694631314461 0.5518509525885819 660
1694631314498 0.5997894709780315 661
1694631314530 0.5337527905242067 662
1694631314562 0.5419103731756431 663
1694631314594 0.5656481239475186 664
1694631314625 0.5006246711747637 665
1694631314656 0.5609567674865401 666
1694631314687 0.5697111886245236 667
1694631314722 0.5755914380031236 668
1694631314754 0.5624483411227436 669
1694631314787 0.5228841034411534 670
1694631314821 0.5335336578124142 671
1694631314856 0.6346244164476177 672
1694631314891 0.5464371624809152 673
1694631314923 0.5057994764973319 674
1694631314953 0.513447918290349 675
1694631314986 0.6171023030165177 676
1694631315021 0.5763314025976031 677
1694631315053 0.5466003869846591 678
1694631315087 0.5288084263008042 679
1694631315119 0.545282061766826 680
1694631315152 0.5805197776537729 681
1694631315183 0.5984786131525265 682
1694631315217 0.5585712536738107 683
1694631315251 0.5563611836640647 684
1694631315283 0.5935498474259309 685
1694631315314 0.5848458768096074 686
1694631315349 0.5775512539046552 687
1694631315383 0.5353139684503608 688
1694631315417 0.580817306445129 689
1694631315449 0.60772790789454 690
1694631315485 0.5136726002970774 691
1694631315522 0.539860520753768 692
1694631315553 0.542613910091844 693
1694631315589 0.5125616773590427 694
1694631315623 0.5618354760702639 695
1694631315657 0.605344862401074 696
1694631315688 0.5889237137132577 697
1694631315723 0.5509200597060924 698
1694631315754 0.52366825598308 699
1694631315785 0.5723108330796195 700
1694631315818 0.5369601884375361 701
1694631315848 0.5819098960810384 702
1694631315879 0.5469554232727042 703
1694631315913 0.6530450395421453 704
1694631315944 0.5459048022296088 705
1694631315976 0.5896296314173648 706
1694631316009 0.5546402608126908 707
1694631316040 0.5322226564008857 708
1694631316068 0.5629288620079717 709
1694631316098 0.5687766589053965 710
1694631316131 0.5535009586664328 711
1694631316164 0.5697932056139181 712
1694631316195 0.5430480125556373 713
1694631316227 0.520679888855525 714
1694631316258 0.5473955894331808 715
1694631316290 0.5408688043539116 716
1694631316323 0.5271206141763344 717
1694631316355 0.503797229307517 718
1694631316385 0.5358140584762067 719
1694631316418 0.5582697113300783 720
1694631316450 0.5720062060106949 721
1694631316483 0.5573016919167424 722
1694631316519 0.5581072113517388 723
1694631316552 0.5503196509891337 724
1694631316579 0.6004283224958165 725
1694631316611 0.5901747402601574 726
1694631316643 0.5612318972245824 727
1694631316670 0.5309289216249967 728
1694631316704 0.5758753352167764 729
1694631316737 0.564057273499019 730
1694631316765 0.534570165021918 731
1694631316798 0.5310580617134477 732
1694631316831 0.5633706609713696 733
1694631316862 0.552902242015095 734
1694631316896 0.5775334383274952 735
1694631316931 0.5718792653564848 736
1694631316960 0.560800138650253 737
1694631316992 0.518956289786408 738
1694631317023 0.5612717084272171 739
1694631317054 0.5067049931158268 740
1694631317085 0.5258406291684122 741
1694631317118 0.5947100986782258 742
1694631317148 0.5311400975130244 743
1694631317177 0.5778279291161877 744
1694631317211 0.509243946459921 745
1694631317245 0.5502642172890162 746
1694631317275 0.5903453523940206 747
1694631317307 0.5657533162875117 748
1694631317339 0.5236530622347342 749
1694631317373 0.5536364275928601 750
1694631317406 0.5567214749203109 751
1694631317438 0.572520448117189 752
1694631317467 0.5205754384735815 753
1694631317503 0.5480298331796979 754
1694631317537 0.5113960631198787 755
1694631317567 0.5644761022270559 756
1694631317599 0.6128834920041326 757
1694631317631 0.5693618689910237 758
1694631317662 0.576945642622779 759
1694631317696 0.576103817747968 760
1694631317730 0.5150361794129097 761
1694631317762 0.574576625392337 762
1694631317794 0.5420866666541421 763
1694631317827 0.5446852915678569 764
1694631317858 0.5708652770566579 765
1694631317889 0.5409825450795543 766
1694631317921 0.5600976208952958 767
1694631317952 0.5455728404796139 768
1694631317984 0.5407684066177889 769
1694631318019 0.5559967422629075 770
1694631318050 0.5324209422962749 771
1694631318080 0.5291152818918561 772
1694631318113 0.5338081429153398 773
1694631318145 0.5304215321157162 774
1694631318174 0.5648195977502576 775
1694631318206 0.5390735942744076 776
1694631318239 0.5793462330061308 777
1694631318270 0.5606000466197237 778
1694631318302 0.5852325134732843 779
1694631318337 0.600145897371048 780
1694631318368 0.6128642172764134 781
1694631318399 0.550416738935684 782
1694631318433 0.5254277640167921 783
1694631318464 0.5732473863697597 784
1694631318500 0.5919837336397203 785
1694631318531 0.5520992180825051 786
1694631318562 0.5540518630545864 787
1694631318593 0.5795161355944028 788
1694631318625 0.5249363481140149 789
1694631318657 0.5864522069973866 790
1694631318689 0.5068464025963902 791
1694631318723 0.5735166734450525 792
1694631318754 0.5147983468314817 793
1694631318784 0.5612121452953518 794
1694631318816 0.5796792780109914 795
1694631318849 0.5767906547027786 796
1694631318881 0.5616762154522325 797
1694631318922 0.5065304360522183 798
1694631318954 0.5593929232230811 799
1694631318989 0.561598031100842 800
1694631319023 0.5486932858241772 801
1694631319053 0.5193281634290726 802
1694631319085 0.5754331868492377 803
1694631319118 0.5227145050205331 804
1694631319150 0.5684198906504382 805
1694631319184 0.5747191036452735 806
1694631319217 0.5421329021685839 807
1694631319249 0.6143035217591583 808
1694631319278 0.545165050311761 809
1694631319310 0.6046530055778035 810
1694631319343 0.5430968956279245 811
1694631319375 0.5422456949120923 812
1694631319405 0.566339509618332 813
1694631319438 0.5488856552316875 814
1694631319468 0.5802446245701633 815
1694631319504 0.6049313259279546 816
1694631319536 0.5463995900706984 817
1694631319563 0.5358581613545812 818
1694631319593 0.5421682961391722 819
1694631319627 0.5816648081611111 820
1694631319657 0.5316031502911084 821
1694631319687 0.5389274711063234 822
1694631319719 0.5807457893057546 823
1694631319750 0.5986560433598719 824
1694631319779 0.5247049503714979 825
1694631319810 0.5047985494600349 826
1694631319842 0.5615900562398272 827
1694631319871 0.535623080173229 828
1694631319907 0.5864084018215541 829
1694631319942 0.5821736958490908 830
1694631319977 0.5454124252188072 831
1694631320013 0.5505242325387256 832
1694631320048 0.5363552794788446 833
1694631320086 0.5366922577635667 834
1694631320125 0.5318587336610352 835
1694631320157 0.5290335073033836 836
1694631320188 0.6271335102648392 837
1694631320221 0.5535415082127827 838
1694631320255 0.5731938643031524 839
1694631320286 0.5550691125372856 840
1694631320324 0.521362928776898 841
1694631320362 0.521570746663207 842
1694631320399 0.5320497877516144 843
1694631320434 0.6037619341965933 844
1694631320467 0.5649788805819241 845
1694631320505 0.5627137197436932 846
1694631320536 0.5703411614182448 847
1694631320569 0.5422653693338929 848
1694631320602 0.5548306723239774 849
1694631320636 0.6229454661639353 850
1694631320664 0.6019137831684871 851
1694631320696 0.5251124055341899 852
1694631320729 0.4951163760947832 853
1694631320759 0.5231480889050925 854
1694631320791 0.5451114502647215 855
1694631320823 0.5740220490005977 856
1694631320853 0.5267426046532302 857
1694631320881 0.5277257793983414 858
1694631320914 0.5508539196802649 859
1694631320948 0.5691384137942068 860
1694631320987 0.558903769757585 861
1694631321023 0.5403311774819992 862
1694631321061 0.5951615575747732 863
1694631321098 0.5404014784821461 864
1694631321135 0.5570321175015519 865
1694631321165 0.5342592003475901 866
1694631321198 0.54832270321069 867
1694631321231 0.5374304700351691 868
1694631321262 0.5576620600425426 869
1694631321297 0.5294011065827879 870
1694631321330 0.550592226222122 871
1694631321363 0.6389445436838169 872
1694631321396 0.5675842100498243 873
1694631321432 0.5491757936610651 874
1694631321461 0.5627293967960383 875
1694631321496 0.5326947198053998 876
1694631321527 0.5113780496104642 877
1694631321558 0.5567508578268989 878
1694631321586 0.525506230791371 879
1694631321617 0.5558018791240206 880
1694631321650 0.5638230026476522 881
1694631321682 0.527195353134793 882
1694631321713 0.5384500632644608 883
1694631321745 0.5705855920337648 884
1694631321775 0.5506427871308728 885
1694631321811 0.5717599559649088 886
1694631321846 0.5539398618781696 887
1694631321880 0.5297917146795295 888
1694631321918 0.5542703649403288 889
1694631321954 0.5934232660092875 890
1694631321991 0.5343170243141648 891
1694631322033 0.6199179698909436 892
1694631322075 0.4953678673480301 893
