1694631292539 -0.0071702015086718696 0
1694631292573 -0.006900846645544689 1
1694631292606 -0.006179588903719946 2
1694631292639 -0.006894531398085713 3
1694631292668 -0.00804505412487333 4
1694631292702 -0.005046374394120701 5
1694631292751 -0.007283856468176753 6
1694631292814 -0.00651856200905665 7
1694631292854 -0.006577735012885055 8
1694631292888 -0.005912481145525117 9
1694631292945 -0.007607478254817224 10
1694631292978 -0.006234170433337738 11
1694631293010 -0.00717853007127256 12
1694631293044 -0.005741501907461144 13
1694631293077 -0.00683836984372177 14
1694631293108 -0.006418386988283453 15
1694631293142 -0.006463149616844133 16
1694631293176 -0.005807538614396757 17
1694631293206 -0.006654429828326425 18
1694631293237 -0.005428875051031401 19
1694631293270 -0.005873982134293243 20
1694631293302 -0.007471490129330904 21
1694631293335 -0.004828937820163803 22
1694631293370 -0.006268239357639649 23
1694631293403 -0.006921746419668695 24
1694631293435 -0.004301377124523054 25
1694631293468 -0.004956881427467419 26
1694631293500 -0.005934020463311596 27
1694631293531 -0.005353356437027612 28
1694631293569 -0.00423906288003395 29
1694631293603 -0.005727460011698549 30
1694631293636 -0.005324417343768317 31
1694631293671 -0.0049375266980224986 32
1694631293705 -0.005879691497337802 33
1694631293741 -0.005033481922862126 34
1694631293776 -0.005255448693087583 35
1694631293809 -0.0060152200840224435 36
1694631293842 -0.0055690255079945405 37
1694631293875 -0.004875285073995039 38
1694631293908 -0.004569839062215086 39
1694631293941 -0.0050752763163590675 40
1694631293975 -0.0047704136996600255 41
1694631294009 -0.004688627335979412 42
1694631294042 -0.00547815823479092 43
1694631294074 -0.004068262003760426 44
1694631294106 -0.00418956549856353 45
1694631294139 -0.004211774807470148 46
1694631294174 -0.0045409507760119094 47
1694631294207 -0.004288028345315276 48
1694631294241 -0.0035370733770176965 49
1694631294274 -0.0032774714870615895 50
1694631294307 -0.003756272760641499 51
1694631294340 -0.004222221966749373 52
1694631294374 -0.002770129942452959 53
1694631294406 -0.004042509900691105 54
1694631294437 -0.004482715242568602 55
1694631294469 -0.0027175485492429985 56
1694631294504 -0.0035177380781803436 57
1694631294538 -0.00365186796931094 58
1694631294575 -0.004250831335610883 59
1694631294607 -0.0029252180267729244 60
1694631294647 -0.0032568892337396793 61
1694631294680 -0.002895185841147896 62
1694631294711 -0.004020869131237781 63
1694631294745 -0.0025992463657837916 64
1694631294778 -0.0019389735950634535 65
1694631294811 -0.002653535861016465 66
1694631294843 -0.0020124051758427797 67
1694631294876 -0.0011092425897214486 68
1694631294912 -0.0019085422911175876 69
1694631294944 -0.0018059846420581671 70
1694631294977 -0.0015410603130203704 71
1694631295013 -0.0007310106804165883 72
1694631295048 -0.0023895898547359185 73
1694631295081 -0.0023953527614990477 74
1694631295115 -0.0013205728920167026 75
1694631295149 8.554080607492409e-05 76
1694631295185 -0.0008494486194656758 77
1694631295217 -0.00108470829281071 78
1694631295252 -0.0005310402998113251 79
1694631295286 -0.003143725184880708 80
1694631295319 0.0008771906967187659 81
1694631295353 0.0011761910546603804 82
1694631295386 0.0012848291753347896 83
1694631295419 0.0005064255262243744 84
1694631295454 0.003007883569303149 85
1694631295492 0.0011752277518527476 86
1694631295524 0.0005765682577143494 87
1694631295559 0.002132189904749726 88
1694631295592 0.0010326038281947003 89
1694631295624 0.0008672189807280573 90
1694631295656 0.002958003018561861 91
1694631295690 0.0024226370751455617 92
1694631295723 0.004998365699506069 93
1694631295756 0.0014666775862332004 94
1694631295790 0.0022027772567524417 95
1694631295823 0.00231717140074994 96
1694631295858 0.002357318503135364 97
1694631295891 0.00489782070639988 98
1694631295925 0.002917183619520869 99
1694631295958 0.003942342480954375 100
1694631295992 0.002316412462091799 101
1694631296023 0.004343334646343511 102
1694631296057 0.003942993602229161 103
1694631296089 0.007675149807545689 104
1694631296121 0.007997026485750847 105
1694631296153 0.006823727511966471 106
1694631296185 0.008016301306336238 107
1694631296219 0.005974312684451366 108
1694631296252 0.005682582769254929 109
1694631296286 0.008789798416816152 110
1694631296319 0.007731944385011791 111
1694631296352 0.008522372644920173 112
1694631296387 0.007236776465370576 113
1694631296420 0.00796069595456006 114
1694631296453 0.007365587031657017 115
1694631296486 0.008811405649729598 116
1694631296518 0.008905861751049349 117
1694631296551 0.015153120102069595 118
1694631296587 0.012390263683609293 119
1694631296619 0.011203271528048453 120
1694631296653 0.013227904528546053 121
1694631296686 0.00860148888673351 122
1694631296716 0.009716708338898705 123
1694631296747 0.014064130496631133 124
1694631296779 0.010766101794074001 125
1694631296812 0.008360387423963389 126
1694631296844 0.009017352653358568 127
1694631296877 0.013724042976671846 128
1694631296911 0.016106572735952285 129
1694631296943 0.011050622251115194 130
1694631296974 0.019308790753919114 131
1694631297007 0.0164410511766927 132
1694631297038 0.02547625271309728 133
1694631297073 0.021257914158674174 134
1694631297108 0.01800137815127356 135
1694631297142 0.02149494939063068 136
1694631297176 0.02142652117273247 137
1694631297208 0.021985572552715604 138
1694631297241 0.018367203712404967 139
1694631297278 0.0226564936928777 140
1694631297310 0.01680686783119334 141
1694631297345 0.03144481630491247 142
1694631297378 0.02454881462548275 143
1694631297410 0.029922536649820364 144
1694631297442 0.03229117409660931 145
1694631297476 0.023434450178357435 146
1694631297511 0.013520139396325015 147
1694631297542 0.023525276736698686 148
1694631297577 0.021756952595157086 149
1694631297609 0.024902154917023078 150
1694631297639 0.02726534529147351 151
1694631297672 0.021176081610788988 152
1694631297706 0.03720372827348606 153
1694631297738 0.02370260930800494 154
1694631297769 0.03262588245414144 155
1694631297801 0.02597247741631359 156
1694631297833 0.027918788247614956 157
1694631297865 0.02683780642836553 158
1694631297899 0.03869181073450689 159
1694631297930 0.03224733957059034 160
1694631297963 0.03982985369411807 161
1694631297997 0.03260476508417964 162
1694631298028 0.042612224819482125 163
1694631298060 0.031944401552322255 164
1694631298096 0.02798812385049909 165
1694631298128 0.03437686474628665 166
1694631298161 0.031165179390436615 167
1694631298196 0.03877934894055268 168
1694631298227 0.03348568683137976 169
1694631298260 0.04897517637145432 170
1694631298295 0.05697777760891487 171
1694631298329 0.04490434624367601 172
1694631298364 0.04357422360941221 173
1694631298402 0.04952711425782663 174
1694631298433 0.04370941857541466 175
1694631298465 0.047386139757005785 176
1694631298500 0.05519088740855016 177
1694631298530 0.05380218256271063 178
1694631298563 0.056682605035815126 179
1694631298597 0.05695055719042119 180
1694631298629 0.04505236178464378 181
1694631298664 0.05419289985589015 182
1694631298698 0.04858826664594584 183
1694631298730 0.06265270760324915 184
1694631298764 0.06221133342294227 185
1694631298798 0.05922101076995512 186
1694631298830 0.05591936813654663 187
1694631298864 0.054350985988193545 188
1694631298898 0.05682755961039887 189
1694631298930 0.05137563913003351 190
1694631298962 0.05020506115755585 191
1694631298995 0.06922095343159251 192
1694631299027 0.06173769368217241 193
1694631299061 0.07684820389617741 194
1694631299093 0.06673342182282016 195
1694631299125 0.06446377530072622 196
1694631299157 0.062470301653926974 197
1694631299188 0.06621189910490155 198
1694631299222 0.07828069525510073 199
1694631299252 0.0779858429818705 200
1694631299288 0.05616570218654415 201
1694631299321 0.07177380210785012 202
1694631299354 0.07475405611406072 203
1694631299385 0.07401930044842042 204
1694631299418 0.06681614819839365 205
1694631299447 0.04606351608617765 206
1694631299478 0.09437889012306755 207
1694631299510 0.07497563498346616 208
1694631299545 0.07721308770649704 209
1694631299581 0.10949967517538706 210
1694631299619 0.0777169061142361 211
1694631299653 0.09022136665689573 212
1694631299687 0.10356645898189798 213
1694631299724 0.11853797232146046 214
1694631299762 0.08808388457273375 215
1694631299799 0.11599219892108936 216
1694631299840 0.11642009531460396 217
1694631299886 0.08004748113622329 218
1694631299924 0.07539512399566262 219
1694631299960 0.09399989200105985 220
1694631299998 0.10884610652367166 221
1694631300037 0.09950327200284581 222
1694631300071 0.10272618895418029 223
1694631300105 0.11335137005750107 224
1694631300139 0.09670310796113224 225
1694631300172 0.1085091935610859 226
1694631300205 0.11061562379540091 227
1694631300238 0.08695515415760358 228
1694631300271 0.09114030540498796 229
1694631300304 0.11265539665389124 230
1694631300337 0.10062519405461368 231
1694631300368 0.1533646687861533 232
1694631300400 0.12834477783837095 233
1694631300435 0.13112956728667113 234
1694631300465 0.11196663027753584 235
1694631300501 0.11835258897666479 236
1694631300532 0.09681416295678091 237
1694631300564 0.10396805808227128 238
1694631300597 0.13399734385092266 239
1694631300633 0.08436837331928215 240
1694631300665 0.16566405645359428 241
1694631300700 0.13332481249016825 242
1694631300732 0.10964286196509654 243
1694631300763 0.11591225922990456 244
1694631300798 0.1177837865733633 245
1694631300831 0.12179643628932235 246
1694631300863 0.12720522259896816 247
1694631300897 0.14968228589885746 248
1694631300931 0.13104475187591447 249
1694631300963 0.12259451850989667 250
1694631300994 0.1447098121144239 251
1694631301028 0.13187724084889907 252
1694631301062 0.13919093454007425 253
1694631301095 0.16092956139800307 254
1694631301130 0.10915976152146367 255
1694631301164 0.16179971883550814 256
1694631301197 0.13398380925168119 257
1694631301232 0.12491269682248773 258
1694631301265 0.15417122895677837 259
1694631301298 0.12629839105553453 260
1694631301332 0.14955348547647385 261
1694631301365 0.1363758400075099 262
1694631301400 0.1688610289010719 263
1694631301446 0.14084199609706405 264
1694631301490 0.15791114076284307 265
1694631301534 0.17458662929458835 266
1694631301576 0.17855322175317945 267
1694631301614 0.1910833876841076 268
1694631301658 0.1582169550529905 269
1694631301690 0.18589042414841406 270
1694631301723 0.14514950398213766 271
1694631301754 0.18568310158253354 272
1694631301788 0.1681796509440755 273
1694631301821 0.19755642697749187 274
1694631301854 0.1908825511147384 275
1694631301886 0.20298322667271818 276
1694631301921 0.16969501422627598 277
1694631301954 0.20994724608121051 278
1694631301988 0.1853648026528374 279
1694631302018 0.19073737316464434 280
1694631302053 0.17681072350539806 281
1694631302084 0.17905996089586695 282
1694631302115 0.18558576272228633 283
1694631302146 0.2147945561981056 284
1694631302181 0.19337885874662142 285
1694631302215 0.2012841262316607 286
1694631302249 0.17645830890304925 287
1694631302282 0.1990646346593744 288
1694631302313 0.17611319946819204 289
1694631302347 0.169418677767176 290
1694631302382 0.16599898208536612 291
1694631302416 0.19993357493435393 292
1694631302449 0.17656761303215363 293
1694631302482 0.21116877832943692 294
1694631302517 0.18667512393125718 295
1694631302550 0.24295820556427128 296
1694631302582 0.1736814878020838 297
1694631302617 0.25630166527868703 298
1694631302655 0.2226849707552515 299
1694631302693 0.19498115902120883 300
1694631302729 0.2308324620206662 301
1694631302761 0.1862859000739998 302
1694631302794 0.21160700856220416 303
1694631302827 0.2289723867514355 304
1694631302858 0.1971658809201452 305
1694631302892 0.18654710463841895 306
1694631302925 0.21595921032718746 307
1694631302957 0.22217930607817116 308
1694631302984 0.21866463219856025 309
1694631303017 0.1923258814631178 310
1694631303048 0.21861906280255083 311
1694631303076 0.22542278938086602 312
1694631303106 0.20285978024395257 313
1694631303139 0.2246940796338862 314
1694631303170 0.24163573214156409 315
1694631303200 0.17875756541309196 316
1694631303233 0.2460196529763693 317
1694631303261 0.2013899529592723 318
1694631303295 0.23304249090221274 319
1694631303327 0.25534575527959724 320
1694631303358 0.2625489422257963 321
1694631303387 0.19857929528608098 322
1694631303419 0.2805643701174263 323
1694631303452 0.23463362411870925 324
1694631303482 0.23784002297531803 325
1694631303515 0.2559583014881557 326
1694631303549 0.219336561541158 327
1694631303579 0.24011895913372938 328
1694631303610 0.2122645286590209 329
1694631303642 0.22428697357626426 330
1694631303670 0.24573527873063294 331
1694631303704 0.31044891268887764 332
1694631303738 0.22035270998812173 333
1694631303769 0.23580982495903802 334
1694631303800 0.2659773897951452 335
1694631303832 0.24036134654986585 336
1694631303863 0.22065174381923125 337
1694631303893 0.25591241363244355 338
1694631303927 0.2488601768550729 339
1694631303957 0.28180193119135544 340
1694631303987 0.25281341818531844 341
1694631304022 0.19655450018298692 342
1694631304054 0.26613618900174496 343
1694631304083 0.21290334487356433 344
1694631304113 0.27998532694314204 345
1694631304146 0.26963831003361083 346
1694631304177 0.28895081294364033 347
1694631304210 0.27990841897787444 348
1694631304242 0.23102004310999547 349
1694631304273 0.25898805263047364 350
1694631304303 0.3487896021343785 351
1694631304336 0.28123121968796394 352
1694631304369 0.2850688646055317 353
1694631304401 0.2865834323469759 354
1694631304434 0.2993971156318933 355
1694631304466 0.20613783304772193 356
1694631304498 0.2404880918846276 357
1694631304531 0.25922834023561414 358
1694631304559 0.28143141318954734 359
1694631304589 0.27865642562085713 360
1694631304619 0.3748345556083972 361
1694631304654 0.2954691372181508 362
1694631304684 0.3377276795673835 363
1694631304716 0.22097549085557477 364
1694631304748 0.28674473504466125 365
1694631304778 0.321299149093784 366
1694631304809 0.3150901495330164 367
1694631304841 0.28527689178759874 368
1694631304872 0.29844367321774834 369
1694631304901 0.28715355910285745 370
1694631304938 0.2962882312894457 371
1694631304967 0.29202554182409013 372
1694631304998 0.25955599240007055 373
1694631305033 0.3135128241316374 374
1694631305064 0.29123862396807254 375
1694631305096 0.24892766966603586 376
1694631305128 0.30772330114013824 377
1694631305159 0.29659826661431155 378
1694631305190 0.3253280380129774 379
1694631305222 0.2847932910433708 380
1694631305254 0.27759800614710683 381
1694631305287 0.2731574288605966 382
1694631305318 0.2890173714534292 383
1694631305349 0.36667818966162435 384
1694631305377 0.30208373697643565 385
1694631305412 0.32631000122749965 386
1694631305445 0.26761928325352835 387
1694631305476 0.32592183196994384 388
1694631305511 0.2428350978558207 389
1694631305545 0.32212014664946587 390
1694631305574 0.2870031524411225 391
1694631305608 0.2814454161587737 392
1694631305641 0.3200561192395346 393
1694631305673 0.26436395794961687 394
1694631305707 0.2578849878502012 395
1694631305742 0.31644492352447995 396
1694631305772 0.29328074122417824 397
1694631305805 0.39790992352146126 398
1694631305836 0.24551023604180433 399
1694631305869 0.23234406567824395 400
1694631305898 0.3122957884369296 401
1694631305931 0.3288026651793601 402
1694631305961 0.2705870837702371 403
1694631305993 0.27037122219905696 404
1694631306026 0.3009147452729438 405
1694631306058 0.302165395401353 406
1694631306090 0.31130914840119683 407
1694631306124 0.3326451987389216 408
1694631306157 0.36233573207080416 409
1694631306189 0.322080811641293 410
1694631306224 0.3204728124805728 411
1694631306258 0.28715211769584537 412
1694631306288 0.288470514640612 413
1694631306323 0.34627278699481345 414
1694631306358 0.34735744947737124 415
1694631306388 0.27556847348397107 416
1694631306424 0.33815882195122904 417
1694631306458 0.3359399346745251 418
1694631306491 0.32464270999199485 419
1694631306525 0.37508123324465414 420
1694631306559 0.32983616304158103 421
1694631306590 0.29313370939801675 422
1694631306623 0.33405484373501926 423
1694631306653 0.27025620072351586 424
1694631306686 0.348040262300949 425
1694631306721 0.36818694148149 426
1694631306754 0.38032647885682125 427
1694631306784 0.28865070361262435 428
1694631306816 0.3150877247490459 429
1694631306849 0.37291838534951993 430
1694631306881 0.3254958385681336 431
1694631306916 0.3120623808921634 432
1694631306949 0.3432639207255964 433
1694631306978 0.33201924210949385 434
1694631307011 0.3218086257835183 435
1694631307045 0.3115823229981831 436
1694631307077 0.36604477930557877 437
1694631307109 0.334111433656084 438
1694631307142 0.3410869678962074 439
1694631307175 0.3348249174288054 440
1694631307207 0.3769691245164791 441
1694631307240 0.33519593432011896 442
1694631307273 0.3502276258296484 443
1694631307305 0.33992099264192466 444
1694631307340 0.3479351633182044 445
1694631307374 0.3579814002822682 446
1694631307409 0.2940703522821403 447
1694631307443 0.3532390222818532 448
1694631307473 0.36025985079740086 449
1694631307507 0.3014936777433671 450
1694631307541 0.3524096209472486 451
1694631307571 0.3420148769928453 452
1694631307600 0.3607264330718495 453
1694631307633 0.37846633471791646 454
1694631307664 0.3295931110193161 455
1694631307694 0.3573199396256783 456
1694631307726 0.3240713522620322 457
1694631307759 0.3354752567405469 458
1694631307790 0.40767332560075153 459
1694631307819 0.31339427051438185 460
1694631307853 0.3648783805980834 461
1694631307884 0.34643838045113295 462
1694631307918 0.3837817148923641 463
1694631307952 0.41249891142319606 464
1694631307982 0.3149712283689179 465
1694631308015 0.36054071413923783 466
1694631308046 0.3614079560272654 467
1694631308079 0.3509955431864269 468
1694631308113 0.41973670756609827 469
1694631308147 0.34975252427541215 470
1694631308180 0.4010299540530726 471
1694631308213 0.35100063134545745 472
1694631308246 0.3709914839323786 473
1694631308277 0.3633483538494785 474
1694631308309 0.34051044811272957 475
1694631308344 0.34060940102533654 476
1694631308376 0.40317161623227826 477
1694631308409 0.3267852591004605 478
1694631308442 0.3570009572830143 479
1694631308476 0.3474761766095472 480
1694631308510 0.34185743874270114 481
1694631308543 0.3103839063828744 482
1694631308577 0.3714709342507404 483
1694631308611 0.3384923664998115 484
1694631308643 0.32496230137119686 485
1694631308674 0.34734614687078813 486
1694631308706 0.3667011720490908 487
1694631308739 0.400945043405073 488
1694631308772 0.3147889946690473 489
1694631308805 0.42421679538500756 490
1694631308837 0.33571462370426397 491
1694631308867 0.405361747314787 492
1694631308900 0.36371882504824504 493
1694631308935 0.3958866142048434 494
1694631308966 0.4284110513651913 495
1694631308999 0.3591520856945296 496
1694631309033 0.3611061985331617 497
1694631309069 0.3774506243023039 498
1694631309099 0.3498449245235099 499
1694631309132 0.4131907301772457 500
1694631309169 0.26411193644954845 501
1694631309203 0.3453763420513877 502
1694631309235 0.36769322126254067 503
1694631309267 0.3632566507562116 504
1694631309303 0.28648493949865494 505
1694631309335 0.34278155950962674 506
1694631309367 0.33405374490448103 507
1694631309397 0.38585875635418765 508
1694631309431 0.3124479422056554 509
1694631309463 0.33734563607025014 510
1694631309501 0.2877543781912031 511
1694631309535 0.37465966434609366 512
1694631309566 0.3452358138369285 513
1694631309601 0.36628581663086635 514
1694631309634 0.3592077229298247 515
1694631309665 0.30341259827094313 516
1694631309697 0.36856648723487584 517
1694631309728 0.3308725852267781 518
1694631309759 0.3552678281713557 519
1694631309792 0.3379910145546474 520
1694631309825 0.37548281079257806 521
1694631309857 0.275983241879873 522
1694631309889 0.32320958932477506 523
1694631309941 0.34162884598727516 524
1694631309993 0.40665594775794667 525
1694631310041 0.35217651002311035 526
1694631310074 0.3946796515837552 527
1694631310104 0.33388155352347315 528
1694631310136 0.3585341798908671 529
1694631310169 0.3592159710013779 530
1694631310198 0.38452490122970195 531
1694631310231 0.41364017396782016 532
1694631310269 0.3862737707611633 533
1694631310299 0.3645069190954855 534
1694631310330 0.39468296333412134 535
1694631310362 0.42785915934621543 536
1694631310395 0.3429401211574711 537
1694631310431 0.347830885517726 538
1694631310465 0.32794865976139376 539
1694631310496 0.3437667232717029 540
1694631310529 0.37781729985156787 541
1694631310562 0.36999407285120656 542
1694631310593 0.40175288848715796 543
1694631310625 0.37385457157616364 544
1694631310656 0.40846075185489117 545
1694631310689 0.4120439780624948 546
1694631310721 0.4260932881139742 547
1694631310752 0.37290249532608355 548
1694631310785 0.36545568456188315 549
1694631310820 0.2856781328394875 550
1694631310856 0.34844932489470737 551
1694631310886 0.3985446106444277 552
1694631310917 0.3596340393165165 553
1694631310951 0.3812990833604437 554
1694631310981 0.4053887180388508 555
1694631311013 0.3122668580853545 556
1694631311044 0.3674962136084775 557
1694631311078 0.3678591100922586 558
1694631311111 0.37255927755533136 559
1694631311142 0.40263462198156685 560
1694631311174 0.3779649020699215 561
1694631311205 0.3972934030007569 562
1694631311237 0.3784389318551823 563
1694631311270 0.3647851884280928 564
1694631311304 0.3581742191882653 565
1694631311338 0.40733095473582526 566
1694631311372 0.3824619630264494 567
1694631311407 0.3712281521931905 568
1694631311442 0.39962667635646176 569
1694631311476 0.3625550245047604 570
1694631311507 0.3600746105456314 571
1694631311538 0.4194301109022629 572
1694631311567 0.41360446996952216 573
1694631311599 0.3218633115475603 574
1694631311631 0.4137258605331633 575
1694631311664 0.4081791464294675 576
1694631311703 0.403063281961495 577
1694631311747 0.3772001994861408 578
1694631311789 0.35756442567763635 579
1694631311826 0.3729596024213758 580
1694631311873 0.35961904719658544 581
1694631311913 0.39136722438151117 582
1694631311951 0.37660369796228244 583
1694631311984 0.3486302974499562 584
1694631312015 0.32103347799243953 585
1694631312046 0.3258989605678406 586
1694631312076 0.38296990545791987 587
1694631312107 0.37846818447559116 588
1694631312142 0.3937534575737054 589
1694631312170 0.3957858976523938 590
1694631312205 0.34153680235836414 591
1694631312234 0.38083310170792406 592
1694631312265 0.3310891462192055 593
1694631312298 0.36480852100886163 594
1694631312329 0.37240062651348216 595
1694631312362 0.39956316208656417 596
1694631312397 0.3755529789366516 597
1694631312428 0.30320426418010404 598
1694631312460 0.4404329260375185 599
1694631312492 0.35788739057103447 600
1694631312527 0.37612078364914436 601
1694631312561 0.37938297144814337 602
1694631312596 0.3740429557700121 603
1694631312629 0.32837736913055127 604
1694631312661 0.4113729789452194 605
1694631312694 0.4015176214013896 606
1694631312726 0.34487652657899315 607
1694631312758 0.3693218408423341 608
1694631312789 0.3290284779784731 609
1694631312821 0.41320634725343974 610
1694631312852 0.37970649885433316 611
1694631312883 0.3976651767163937 612
1694631312915 0.3426366649782172 613
1694631312946 0.3855858690393792 614
1694631312979 0.36331190492301757 615
1694631313013 0.3334238629036842 616
1694631313047 0.3610262109479828 617
1694631313081 0.328427160876703 618
1694631313114 0.39455190771513193 619
1694631313145 0.39836723161344545 620
1694631313180 0.3228261170284653 621
1694631313212 0.38072430945567015 622
1694631313242 0.37315850410924656 623
1694631313274 0.36155304552625467 624
1694631313308 0.33254393232579726 625
1694631313341 0.33726551688330786 626
1694631313377 0.34825106142157425 627
1694631313410 0.3918668434211968 628
1694631313441 0.38450661573168177 629
1694631313472 0.3210456406733594 630
1694631313505 0.33835827922991135 631
1694631313536 0.39228303461513503 632
1694631313569 0.35263457456326386 633
1694631313604 0.3762835513268399 634
1694631313636 0.3307229835164217 635
1694631313669 0.32348639628513043 636
1694631313700 0.36833737515163556 637
1694631313733 0.343464460561395 638
1694631313767 0.431293171637922 639
1694631313803 0.40708823413395934 640
1694631313835 0.3185369654035437 641
1694631313868 0.3409323572404045 642
1694631313903 0.3765710086077714 643
1694631313936 0.41127648969631514 644
1694631313968 0.4323891957464978 645
1694631314003 0.3499911243479933 646
1694631314039 0.3720153150914114 647
1694631314072 0.4001993271108525 648
1694631314106 0.35523523642795274 649
1694631314138 0.38998843657894244 650
1694631314172 0.35248489302234964 651
1694631314207 0.33904681287279737 652
1694631314237 0.4099027143136208 653
1694631314268 0.3743281047231435 654
1694631314302 0.37812035444114633 655
1694631314334 0.35127564700668024 656
1694631314370 0.3592158101958626 657
1694631314404 0.36696321452991776 658
1694631314436 0.4146521373203581 659
1694631314469 0.4587987527780666 660
1694631314507 0.372774403933012 661
1694631314538 0.39580340692554195 662
1694631314570 0.3475183152308049 663
1694631314601 0.3800396575115492 664
1694631314632 0.3958465848766689 665
1694631314663 0.4048635338924157 666
1694631314696 0.38780494906148233 667
1694631314729 0.34471783582992477 668
1694631314762 0.4263211806207041 669
1694631314796 0.3638619944865542 670
1694631314828 0.36370613743936453 671
1694631314863 0.3400056263976243 672
1694631314899 0.34633566020674467 673
1694631314929 0.39096019876893695 674
1694631314960 0.4126786819419056 675
1694631314994 0.351138314558178 676
1694631315029 0.38861258079892824 677
1694631315062 0.29556766737507634 678
1694631315095 0.3660659704251472 679
1694631315126 0.33227457534537364 680
1694631315161 0.39248110571816497 681
1694631315192 0.36364830754736055 682
1694631315225 0.3811486169310222 683
1694631315259 0.3595259430655686 684
1694631315291 0.35978898361909484 685
1694631315321 0.3552187474102926 686
1694631315356 0.4431168054369031 687
1694631315391 0.4301775042448531 688
1694631315425 0.4056646824748428 689
1694631315455 0.34053151854332575 690
1694631315496 0.4075794321902446 691
1694631315529 0.3598567247076154 692
1694631315563 0.37805874549489793 693
1694631315596 0.40970492018627047 694
1694631315631 0.3946506469979947 695
1694631315664 0.3376604248549989 696
1694631315696 0.36855669096508914 697
1694631315731 0.4040313826305102 698
1694631315761 0.450215394842192 699
1694631315794 0.4070381805949025 700
1694631315826 0.3265113949809877 701
1694631315856 0.3976860432955931 702
1694631315887 0.4793952504739525 703
1694631315920 0.31429173329156934 704
1694631315953 0.39963591194121273 705
1694631315984 0.39637042954528134 706
1694631316016 0.46574878356846294 707
1694631316047 0.34686137964641095 708
1694631316075 0.39575441184839577 709
1694631316107 0.34585664305771735 710
1694631316140 0.3785598575599327 711
1694631316170 0.38663569956091104 712
1694631316204 0.381448270290522 713
1694631316235 0.4080957750195232 714
1694631316265 0.4044367006699463 715
1694631316297 0.4625232098151595 716
1694631316329 0.3898171754455254 717
1694631316362 0.3809408644515436 718
1694631316395 0.3700442228166134 719
1694631316425 0.38196345235918006 720
1694631316457 0.39433827582717174 721
1694631316495 0.39032506170426795 722
1694631316527 0.364935436760477 723
1694631316558 0.40578349644881295 724
1694631316586 0.4398139900107624 725
1694631316618 0.3404326021960091 726
1694631316650 0.38585387625779577 727
1694631316678 0.4129036178384572 728
1694631316712 0.3674987558769093 729
1694631316744 0.33131420817112633 730
1694631316772 0.34184033980410955 731
1694631316805 0.4052490893490086 732
1694631316838 0.34526175601444997 733
1694631316869 0.3942506744299059 734
1694631316904 0.4226370208216673 735
1694631316939 0.3953919912396674 736
1694631316967 0.43731430933778426 737
1694631316999 0.3910542927793118 738
1694631317031 0.3534008040780876 739
1694631317061 0.3823457249252351 740
1694631317092 0.36483292390179356 741
1694631317125 0.36448784531099165 742
1694631317155 0.38572456412718237 743
1694631317186 0.31116959391762045 744
1694631317220 0.4188113645322832 745
1694631317251 0.39126617805314146 746
1694631317282 0.3294359192645976 747
1694631317315 0.3182805458558885 748
1694631317349 0.3951228402941822 749
1694631317381 0.3387674514858272 750
1694631317414 0.40018529376244316 751
1694631317446 0.3552554370447021 752
1694631317475 0.3543135395182032 753
1694631317512 0.38311155776518846 754
1694631317544 0.40574719132719195 755
1694631317575 0.3846992383830551 756
1694631317607 0.3932683553540117 757
1694631317639 0.3722152824651369 758
1694631317670 0.3905611546865604 759
1694631317702 0.28842546780748723 760
1694631317739 0.3681306701063547 761
1694631317769 0.3649177117575554 762
1694631317801 0.3718103935056275 763
1694631317835 0.3802388811760269 764
1694631317864 0.35671272065683834 765
1694631317896 0.40368303588290877 766
1694631317929 0.35940782460791 767
1694631317959 0.3718600664370172 768
1694631317993 0.39339338681803027 769
1694631318026 0.3921049127750993 770
1694631318058 0.41467287197202496 771
1694631318088 0.35348805643407866 772
1694631318120 0.36092082821447957 773
1694631318153 0.3818298435219635 774
1694631318182 0.4129568741723916 775
1694631318213 0.32662941568816084 776
1694631318246 0.3967302062199506 777
1694631318278 0.4016210265447334 778
1694631318310 0.4371264893367768 779
1694631318345 0.34228313418119605 780
1694631318376 0.36195229344123325 781
1694631318407 0.31503162685404495 782
1694631318441 0.39730119888281756 783
1694631318471 0.34785059373858185 784
1694631318506 0.3923787950689416 785
1694631318539 0.4175502072859135 786
1694631318569 0.40267136307062623 787
1694631318600 0.34909157839966054 788
1694631318633 0.3768129584552413 789
1694631318663 0.373730322483412 790
1694631318697 0.44888166718525935 791
1694631318731 0.328134113284121 792
1694631318761 0.35168767975760573 793
1694631318792 0.3751328716590754 794
1694631318824 0.4122062248985332 795
1694631318857 0.36267859308831907 796
1694631318890 0.3777719554426112 797
1694631318930 0.41270851596370006 798
1694631318962 0.38073324544122744 799
1694631318998 0.4145347566435952 800
1694631319029 0.4447619132104137 801
1694631319060 0.38352554357860635 802
1694631319093 0.3845857188897531 803
1694631319127 0.32094449924869006 804
1694631319159 0.40991530439627577 805
1694631319191 0.3888725932431102 806
1694631319224 0.4007387394541111 807
1694631319255 0.3532703567437807 808
1694631319285 0.38094695245790955 809
1694631319317 0.38307939863438556 810
1694631319351 0.35495740320280944 811
1694631319382 0.36344430953138807 812
1694631319413 0.36739434865846865 813
1694631319446 0.37833367762400927 814
1694631319479 0.3807655300310455 815
1694631319511 0.3682995006411989 816
1694631319542 0.3636200797145358 817
1694631319570 0.36496670051314994 818
1694631319602 0.353041227785311 819
1694631319634 0.3762313662362421 820
1694631319663 0.3478616425114177 821
1694631319695 0.3288470717070574 822
1694631319727 0.4519483543974019 823
1694631319757 0.3668150889034656 824
1694631319786 0.3733249559269598 825
1694631319818 0.3916643464598041 826
1694631319849 0.3758969799856099 827
1694631319878 0.39731665019754914 828
1694631319914 0.37612673367058946 829
1694631319951 0.3808626107552425 830
1694631319985 0.33997285042406367 831
1694631320021 0.4076479800082544 832
1694631320055 0.40826488020197604 833
1694631320095 0.3533824919305866 834
1694631320133 0.3594192828190632 835
1694631320165 0.36749004865739154 836
1694631320196 0.3589295104428606 837
1694631320230 0.41079717547949524 838
1694631320262 0.38028986644595586 839
1694631320295 0.39766960145859875 840
1694631320334 0.40787666791901267 841
1694631320371 0.3501670314952827 842
1694631320408 0.3450150329586257 843
1694631320442 0.387453185830799 844
1694631320475 0.3341055181004906 845
1694631320512 0.35658821597417556 846
1694631320544 0.38013234175295674 847
1694631320577 0.46524588557440016 848
1694631320609 0.4193328231888451 849
1694631320643 0.3705196507014632 850
1694631320672 0.3275015948663682 851
1694631320703 0.3700630754597771 852
1694631320738 0.37103010322554175 853
1694631320766 0.43759724264933875 854
1694631320800 0.44304916842677144 855
1694631320831 0.35392314498420263 856
1694631320860 0.4477139975367225 857
1694631320889 0.41521418706196955 858
1694631320922 0.3746296219055031 859
1694631320957 0.334307870243265 860
1694631320996 0.3874604739638836 861
1694631321032 0.39135416991448146 862
1694631321073 0.3655948776018989 863
1694631321109 0.4014613614707889 864
1694631321142 0.40472404049025756 865
1694631321172 0.3300365032840832 866
1694631321206 0.40303636003262233 867
1694631321239 0.37585066926471944 868
1694631321271 0.3727194547524352 869
1694631321306 0.3995768897239471 870
1694631321339 0.4176752843838638 871
1694631321371 0.4055043156640801 872
1694631321404 0.3726076726378327 873
1694631321439 0.33988231853441775 874
1694631321469 0.35292093792920254 875
1694631321503 0.3560134483900351 876
1694631321534 0.3473762334066408 877
1694631321563 0.38341789264390513 878
1694631321593 0.3707130936306333 879
1694631321625 0.3931836240276877 880
1694631321658 0.3470174673026747 881
1694631321689 0.40233910416216545 882
1694631321719 0.34356480457133376 883
1694631321751 0.3638225663057424 884
1694631321783 0.3696175195557435 885
1694631321819 0.3596755374079488 886
1694631321854 0.4015689291937733 887
1694631321889 0.40792726228350273 888
1694631321927 0.3830826166812926 889
1694631321962 0.3831075345274557 890
1694631322000 0.4157485423788744 891
1694631322042 0.3427309531641407 892
1694631322087 0.35296979914588567 893
