1694620612323 171.7546531426603 0
1694620612351 168.3348296253869 1
1694620612381 164.98353977610978 2
1694620612412 161.69936270901437 3
1694620612445 158.4809126896637 4
1694620612482 155.3268376041975 5
1694620612525 152.23581755957304 6
1694620612564 149.20656360007047 7
1694620612603 146.23781652704943 8
1694620612640 143.32834581049892 9
1694620612678 140.47694858228826 10
1694620612712 137.68244870222745 11
1694620612747 134.94369588910203 12
1694620612778 132.2595649097762 13
1694620612818 129.62895482027406 14
1694620612853 127.05078825346827 15
1694620612889 124.52401074863559 16
1694620612922 122.04759011869628 17
1694620612954 119.62051585144144 18
1694620612980 117.24179854148319 19
1694620613009 114.9104693500406 20
1694620613036 112.62557949000731 21
1694620613065 110.38619973403964 22
1694620613094 108.19141994366109 23
1694620613126 106.04034861760735 24
1694620613159 103.9321124578342 25
1694620613187 101.86585595178776 26
1694620613216 99.84074096969064 27
1694620613244 97.8559463757342 28
1694620613272 95.91066765218801 29
1694620613303 94.00411653554166 30
1694620613331 92.13552066389045 31
1694620613360 90.30412323485554 32
1694620613389 88.50918267340452 33
1694620613417 86.7499723090007 34
1694620613444 85.02578006156713 35
1694620613474 83.33590813580075 36
1694620613499 81.6796727234165 37
1694620613525 80.05640371294032 38
1694620613550 78.46544440670468 39
1694620613575 76.90615124473054 40
1694620613601 75.37789353520719 41
1694620613634 73.88005319130562 42
1694620613683 72.41202447408146 43
1694620613734 70.97321374124441 44
1694620613781 69.5630392015857 45
1694620613826 68.18093067487243 46
1694620613858 66.8263293570294 47
1694620613892 65.49868759044178 48
1694620613922 64.19746863922298 49
1694620613947 62.92214646930113 50
1694620613974 61.67220553318644 51
1694620614003 60.44714055928986 52
1694620614030 59.246456345669955 53
1694620614055 58.06966755809138 54
1694620614081 56.91629853228475 55
1694620614106 55.78588308030168 56
1694620614131 54.67796430086463 57
1694620614158 53.59209439361511 58
1694620614185 52.527834477167524 59
1694620614212 51.48475441088 60
1694620614238 50.46243262025682 61
1694620614265 49.46045592589967 62
1694620614292 48.47841937592864 63
1694620614317 47.51592608179581 64
1694620614342 46.572587057416975 65
1694620614369 45.64802106154975 66
1694620614395 44.74185444334777 67
1694620614422 43.853720991023295 68
1694620614450 42.98326178355223 69
1694620614479 42.13012504535724 70
1694620614506 41.29396600390676 71
1694620614533 40.474446750168894 72
1694620614558 39.671236101860934 73
1694620614583 38.88400946943675 74
1694620614614 38.11244872475563 75
1694620614651 37.356242072377604 76
1694620614687 36.61508392343129 77
1694620614725 35.888674772002055 78
1694620614762 35.176721073989015 79
1694620614800 34.47893512838071 80
1694620614841 33.79503496090053 81
1694620614880 33.12474420997397 82
1694620614922 32.46779201497063 83
1694620614957 31.823912906675318 84
1694620614997 31.19284669994324 85
1694620615035 30.57433838849534 86
1694620615070 29.968138041810796 87
1694620615099 29.374000704074565 88
1694620615132 28.79168629513884 89
1694620615170 28.220959513457867 90
1694620615206 27.66158974095675 91
1694620615247 27.113350949795603 92
1694620615286 26.576021610990804 93
1694620615322 26.04938460485666 94
1694620615354 25.53322713323073 95
1694620615384 25.027340633447338 96
1694620615416 24.531520694024465 97
1694620615447 24.045566972029487 98
1694620615482 23.56928311209063 99
1694620615520 23.102476667021126 100
1694620615552 22.644959020023737 101
1694620615581 22.19654530844457 102
1694620615610 21.757054349044743 103
1694620615639 21.32630856476014 104
1694620615669 20.904133912919217 105
1694620615696 20.49035981489005 106
1694620615739 20.084819087128 107
1694620615790 19.687347873596146 108
1694620615838 19.297785579531073 109
1694620615877 18.915974806527345 110
1694620615918 18.541761288914255 111
1694620615963 18.174993831399114 112
1694620616004 17.815524247952045 113
1694620616038 17.463207301907243 114
1694620616077 17.117900647256782 115
1694620616116 16.77946477111297 116
1694620616149 16.4477629373162 117
1694620616177 16.12266113116529 118
1694620616203 15.804028005248066 119
1694620616228 15.491734826350328 120
1694620616253 15.185655423421556 121
1694620616277 14.885666136576537 122
1694620616306 14.591645767112068 123
1694620616333 14.303475528518687 124
1694620616360 14.021038998467564 125
1694620616389 13.744222071753105 126
1694620616419 13.472912914172294 127
1694620616450 13.207001917322115 128
1694620616488 12.946381654296715 129
1694620616530 12.690946836266525 130
1694620616576 12.4405942699216 131
1694620616621 12.195222815762188 132
1694620616665 11.954733347219417 133
1694620616713 11.719028710589855 134
1694620616757 11.488013685767445 135
1694620616795 11.261594947757185 136
1694620616835 11.039681028954849 137
1694620616871 10.822182282177577 138
1694620616913 10.609010844430308 139
1694620616950 10.4000806013935 140
1694620616995 10.195307152617683 141
1694620617033 9.994607777410858 142
1694620617070 9.797901401404895 143
1694620617108 9.605108563787452 144
1694620617142 9.41615138518614 145
1694620617174 9.230953536191919 146
1694620617205 9.04944020650911 147
1694620617237 8.871538074719428 148
1694620617275 8.697175278647826 149
1694620617312 8.526281386318345 150
1694620617340 8.358787367487919 151
1694620617365 8.194625565746902 152
1694620617392 8.033729671174925 153
1694620617426 7.876034693540988 154
1694620617479 7.721476936037042 155
1694620617535 7.569993969534381 156
1694620617581 7.421524607352472 157
1694620617623 7.276008880529998 158
1694620617674 7.133388013588102 159
1694620617719 6.993604400776107 160
1694620617766 6.856601582790025 161
1694620617803 6.722324223954456 162
1694620617847 6.590718089858747 163
1694620617885 6.46173002543822 164
1694620617929 6.335307933491719 165
1694620617973 6.211400753626763 166
1694620618013 6.089958441623765 167
1694620618049 5.9709319492110255 168
1694620618085 5.854273204242255 169
1694620618118 5.739935091268719 170
1694620618154 5.627871432497988 171
1694620618190 5.518036969131785 172
1694620618239 5.4103873430752625 173
1694620618287 5.304879079010315 174
1694620618336 5.201469566825742 175
1694620618376 5.100117044397136 176
1694620618415 5.000780580709497 177
1694620618453 4.903420059315796 178
1694620618490 4.807996162124786 179
1694620618526 4.714470353511503 180
1694620618558 4.622804864744019 181
1694620618592 4.532962678720201 182
1694620618623 4.444907515008246 183
1694620618657 4.358603815184974 184
1694620618694 4.2740167284659645 185
1694620618737 4.191112097621703 186
1694620618778 4.109856445174049 187
1694620618816 4.030216959867471 188
1694620618856 3.9521614834095224 189
1694620618894 3.8756584974752712 190
1694620618933 3.800677110970381 191
1694620618975 3.727187047547694 192
1694620619019 3.655158633372304 193
1694620619064 3.5845627851301396 194
1694620619105 3.5153709982752397 195
1694620619146 3.4475553355109083 196
1694620619186 3.381088415500208 197
1694620619224 3.3159434018011043 198
1694620619265 3.252093992021857 199
1694620619302 3.1895144071922696 200
1694620619339 3.1281793813464787 201
1694620619374 3.068064151313089 202
1694620619410 3.009144446708528 203
1694620619440 2.9513964801295605 204
1694620619474 2.89479693754101 205
1694620619508 2.8393229688548027 206
1694620619539 2.78495217869653 207
1694620619577 2.731662617355757 208
1694620619613 2.679432771916498 209
1694620619646 2.628241557564185 210
1694620619677 2.578068309065691 211
1694620619710 2.5288927724189003 212
1694620619747 2.4806950966685095 213
1694620619796 2.433455825884698 214
1694620619874 2.3871558913014663 215
1694620619921 2.341776603611434 216
1694620619960 2.297299645414013 217
1694620619999 2.2537070638138768 218
1694620620041 2.2109812631667345 219
1694620620083 2.1691049979695185 220
1694620620112 2.128061365892039 221
1694620620148 2.087833800947362 222
1694620620183 2.0484060667981137 223
1694620620217 2.0097622501959957 224
1694620620247 1.9718867545518866 225
1694620620278 1.9347642936339213 226
1694620620305 1.8983798853909726 227
1694620620332 1.8627188458991077 228
1694620620357 1.827766783428486 229
1694620620382 1.7935095926283626 230
1694620620414 1.75993344882783 231
1694620620443 1.7270248024499888 232
1694620620470 1.6947703735372834 233
1694620620496 1.6631571463858066 234
1694620620541 1.6321723642863963 235
1694620620589 1.6018035243704003 236
1694620620640 1.5720383725580285 237
1694620620679 1.5428648986072284 238
1694620620719 1.5142713312611158 239
1694620620762 1.4862461334919967 240
1694620620799 1.4587779978400084 241
1694620620837 1.4318558418445806 242
1694620620874 1.4054688035667784 243
1694620620909 1.3796062372007907 244
1694620620945 1.3542577087727539 245
1694620620978 1.3294129919251707 246
1694620621008 1.3050620637852484 247
1694620621037 1.2811951009154425 248
1694620621071 1.2578024753446104 249
1694620621101 1.2348747506781523 250
1694620621153 1.212402678285571 251
1694620621209 1.190377193563898 252
1694620621260 1.1687894122755005 253
1694620621306 1.1476306269587628 254
1694620621354 1.1268923034101996 255
1694620621405 1.1065660772366044 256
1694620621455 1.086643750475787 257
1694620621486 1.0671172882845978 258
1694620621515 1.047978815692839 259
1694620621543 1.0292206144217884 260
1694620621570 1.0108351197660594 261
1694620621599 0.9928149175374902 262
1694620621625 0.9751527410698728 263
1694620621655 0.9578414682832838 264
1694620621684 0.9408741188068498 265
1694620621714 0.9242438511587718 266
1694620621741 0.9079439599824698 267
1694620621773 0.8919678733377299 268
1694620621809 0.8763091500457717 269
1694620621845 0.860961477087151 270
1694620621882 0.8459186670514373 271
1694620621926 0.8311746556376637 272
1694620621974 0.8167234992045113 273
1694620622020 0.8025593723692478 274
1694620622071 0.7886765656544565 275
1694620622117 0.7750694831815963 276
1694620622157 0.7617326404104691 277
1694620622199 0.7486606619236624 278
1694620622237 0.7358482792550926 279
1694620622280 0.7232903287617651 280
1694620622323 0.7109817495378878 281
1694620622355 0.6989175813704906 282
1694620622383 0.6870929627357363 283
1694620622415 0.6755031288351094 284
1694620622444 0.6641434096706829 285
1694620622476 0.6530092281586874 286
1694620622507 0.6420960982806269 287
1694620622546 0.6313996232711933 288
1694620622588 0.6209154938422268 289
1694620622621 0.6106394864420427 290
1694620622649 0.6005674615493811 291
1694620622681 0.5906953620013261 292
1694620622712 0.5810192113544796 293
1694620622744 0.57153511227877 294
1694620622774 0.5622392449832112 295
1694620622807 0.5531278656729974 296
1694620622848 0.5441973050372974 297
1694620622888 0.535443966767154 298
1694620622926 0.5268643261028592 299
1694620622967 0.5184549284102588 300
1694620623012 0.510212387785372 301
1694620623053 0.5021333856867928 302
1694620623086 0.49421466959530047 303
1694620623117 0.4864530517001403 304
1694620623146 0.47884540761145944 305
1694620623174 0.471388675098357 306
1694620623200 0.4640798528520506 307
1694620623228 0.45691599927365756 308
1694620623267 0.449894231286093 309
1694620623309 0.4430117231696207 310
1694620623343 0.436265705420571 311
1694620623375 0.4296534636327718 312
1694620623405 0.42317233740123805 313
1694620623434 0.41681971924767974 314
1694620623463 0.4105930535673928 315
1694620623493 0.4044898355971018 316
1694620623523 0.3985076104033517 317
1694620623554 0.3926439718910225 318
1694620623582 0.38689656183157745 319
1694620623607 0.3812630689106471 320
1694620623632 0.3757412277945705 321
1694620623656 0.3703288182155079 322
1694620623688 0.36502366407476017 323
1694620623716 0.35982363256393396 324
1694620623743 0.3547266333035937 325
1694620623770 0.3497306174990545 326
1694620623817 0.344833577112971 327
1694620623862 0.34003354405439895 328
1694620623911 0.3353285893839895 329
1694620623954 0.33071682253499596 330
1694620623996 0.3261963905497892 331
1694620624054 0.32176547733156147 332
1694620624097 0.3174223029109213 333
1694620624137 0.3131651227270857 334
1694620624174 0.3089922269233689 335
1694620624209 0.30490193965670115 336
1694620624238 0.30089261842087506 337
1694620624267 0.29696265338327005 338
1694620624295 0.2931104667347679 339
1694620624321 0.289334512052607 340
1694620624347 0.2856332736759136 341
1694620624375 0.2820052660936642 342
1694620624405 0.27844903334481863 343
1694620624436 0.27496314843039765 344
1694620624463 0.27154621273725543 345
1694620624492 0.2681968554733175 346
1694620624523 0.2649137331140582 347
1694620624552 0.2616955288599956 348
1694620624584 0.2585409521049746 349
1694620624615 0.25544873791503625 350
1694620624646 0.25241764651765164 351
1694620624674 0.2494464628011289 352
1694620624702 0.2465339958239665 353
1694620624735 0.24367907833398508 354
1694620624769 0.24088056629701368 355
1694620624796 0.238137338434967 356
1694620624821 0.23544829577310367 357
1694620624849 0.23281236119629883 358
1694620624877 0.23022847901414648 359
1694620624911 0.22769561453471193 360
1694620624942 0.22521275364677026 361
1694620624980 0.22277890241035223 362
1694620625013 0.2203930866554399 363
1694620625042 0.21805435158864994 364
1694620625072 0.21576176140773975 365
1694620625099 0.21351439892378252 366
1694620625135 0.21131136519086682 367
1694620625175 0.20915177914315616 368
1694620625211 0.20703477723917715 369
1694620625245 0.20495951311318095 370
1694620625277 0.20292515723344365 371
1694620625309 0.20093089656736549 372
1694620625340 0.19897593425323168 373
1694620625375 0.19705948927851005 374
1694620625412 0.19518079616454187 375
1694620625447 0.193339104657512 376
1694620625477 0.1915336794255678 377
1694620625508 0.1897637997619587 378
1694620625538 0.18802875929409268 379
1694620625569 0.18632786569837062 380
1694620625597 0.18466044042070326 381
1694620625625 0.18302581840258292 382
1694620625651 0.18142334781260916 383
1694620625680 0.17985238978335558 384
1694620625713 0.1783123181534719 385
1694620625750 0.17680251921491624 386
1694620625787 0.17532239146521778 387
1694620625818 0.17387134536466928 388
1694620625848 0.17244880309835012 389
1694620625881 0.1710541983428815 390
1694620625916 0.16968697603782748 391
1694620625953 0.1683465921616408 392
1694620625985 0.16703251351206738 393
1694620626014 0.1657442174909185 394
1694620626045 0.16448119189313015 395
1694620626077 0.16324293470001253 396
1694620626113 0.16202895387661803 397
1694620626150 0.16083876717313975 398
1694620626183 0.1596719019302587 399
1694620626213 0.15852789488836938 400
1694620626243 0.15740629200059403 401
1694620626274 0.15630664824952245 402
1694620626308 0.15522852746759658 403
1694620626338 0.15417150216106737 404
1694620626367 0.15313515333745512 405
1694620626398 0.15211907033644445 406
1694620626426 0.15112285066413733 407
1694620626453 0.1501460998306133 408
1694620626481 0.149188431190714 409
1694620626509 0.1482494657879966 410
1694620626536 0.14732883220179468 411
1694620626566 0.14642616639732145 412
1694620626596 0.14554111157875044 413
1694620626633 0.1446733180452256 414
1694620626661 0.14382244304973255 415
1694620626697 0.14298815066077725 416
1694620626736 0.1421701116268182 417
1694620626774 0.14136800324339588 418
1694620626808 0.140581509222904 419
1694620626841 0.1398103195669526 420
1694620626875 0.13905413044126988 421
1694620626910 0.1383126440530945 422
1694620626943 0.13758556853100554 423
1694620626980 0.13687261780714255 424
1694620627021 0.1361735115017712 425
1694620627060 0.13548797481014316 426
1694620627100 0.1348157383916078 427
1694620627138 0.13415653826093044 428
1694620627175 0.1335101156817712 429
1694620627214 0.13287621706228464 430
1694620627254 0.1322545938527954 431
1694620627294 0.13164500244550995 432
1694620627335 0.13104720407622328 433
1694620627369 0.13046096472798055 434
1694620627399 0.12988605503665632 435
1694620627430 0.12932225019841187 436
1694620627464 0.1287693298789924 437
1694620627496 0.12822707812482897 438
1694620627527 0.12769528327591195 439
1694620627562 0.12717373788039352 440
1694620627595 0.12666223861089093 441
1694620627631 0.12616058618245424 442
1694620627670 0.12566858527216732 443
1694620627707 0.12518604444034692 444
1694620627741 0.12471277605330994 445
1694620627774 0.1242485962076757 446
1694620627814 0.12379332465617607 447
1694620627853 0.12334678473494193 448
1694620627891 0.12290880329223237 449
1694620627925 0.12247921061858552 450
1694620627961 0.12205784037835742 451
1694620627997 0.1216445295426221 452
1694620628028 0.1212391183234083 453
1694620628062 0.12084145010924204 454
1694620628094 0.12045137140197337 455
1694620628129 0.1200687317548592 456
1694620628161 0.11969338371187749 457
1694620628192 0.11932518274824848 458
1694620628225 0.11896398721213994 459
1694620628261 0.11860965826753055 460
1694620628293 0.11826205983821202 461
1694620628329 0.1179210585529031 462
1694620628361 0.11758652369145645 463
1694620628391 0.11725832713213556 464
1694620628419 0.11693634329993939 465
1694620628449 0.1166204491159564 466
1694620628479 0.11631052394772473 467
1694620628512 0.11600644956058152 468
1694620628546 0.11570811006997667 469
1694620628581 0.11541539189473943 470
1694620628619 0.11512818371127173 471
1694620628653 0.1148463764086528 472
1694620628688 0.11456986304463816 473
1694620628731 0.11429853880253231 474
1694620628773 0.11403230094892082 475
1694620628813 0.1137710487922425 476
1694620628854 0.11351468364218369 477
1694620628895 0.11326310876988437 478
1694620628931 0.11301622936893205 479
1694620628963 0.11277395251713346 480
1694620628998 0.11253618713904603 481
1694620629035 0.11230284396925443 482
1694620629068 0.11207383551637766 483
1694620629104 0.11184907602779356 484
1694620629139 0.11162848145506157 485
1694620629178 0.11141196942003678 486
1694620629209 0.11119945918165626 487
1694620629238 0.11099087160338561 488
1694620629269 0.11078612912131469 489
1694620629306 0.1105851557128852 490
1694620629339 0.11038787686624364 491
1694620629373 0.11019421955020116 492
1694620629406 0.11000411218479193 493
1694620629437 0.10981748461241729 494
1694620629466 0.10963426806956376 495
1694620629496 0.10945439515908242 496
1694620629523 0.10927779982302145 497
1694620629548 0.10910441731599757 498
1694620629575 0.10893418417909817 499
1694620629601 0.10876703821430116 500
1694620629627 0.10860291845940552 501
1694620629652 0.1084417651634588 502
1694620629680 0.1082835197626733 503
1694620629711 0.10812812485682231 504
1694620629742 0.1079755241861065 505
1694620629770 0.10782566260847666 506
1694620629798 0.10767848607741241 507
1694620629827 0.10753394162013893 508
1694620629860 0.1073919773162793 509
1694620629887 0.10725254227693008 510
1694620629913 0.10711558662415387 511
1694620629940 0.10698106147087898 512
1694620629978 0.10684891890119946 513
1694620630026 0.10671911195106683 514
1694620630059 0.10659159458936517 515
1694620630088 0.10646632169936407 516
1694620630117 0.10634324906053824 517
1694620630148 0.10622233333075054 518
1694620630182 0.10610353202878908 519
1694620630211 0.10598680351725052 520
1694620630238 0.10587210698576495 521
1694620630268 0.10575940243455353 522
1694620630297 0.10564865065831355 523
1694620630329 0.10553981323042423 524
1694620630355 0.1054328524874664 525
1694620630380 0.10532773151404944 526
1694620630406 0.10522441412794063 527
1694620630432 0.10512286486549058 528
1694620630459 0.10502304896734707 529
1694620630486 0.10492493236445445 530
1694620630515 0.10482848166433115 531
1694620630543 0.10473366413761914 532
1694620630570 0.10464044770490213 533
1694620630598 0.10454880092378499 534
1694620630627 0.10445869297623074 535
1694620630652 0.10437009365614873 536
1694620630679 0.10428297335723036 537
1694620630707 0.10419730306102568 538
1694620630736 0.1041130543252591 539
1694620630761 0.10403019927237396 540
1694620630787 0.1039487105783088 541
1694620630812 0.1038685614614944 542
1694620630838 0.10378972567207005 543
1694620630864 0.10371217748131446 544
1694620630890 0.10363589167128713 545
1694620630915 0.1035608435246753 546
1694620630941 0.10348700881484252 547
1694620630974 0.10341436379607599 548
1694620631000 0.10334288519402639 549
1694620631032 0.10327255019634024 550
1694620631066 0.10320333644347539 551
1694620631098 0.10313522201970174 552
1694620631127 0.10306818544427922 553
1694620631153 0.10300220566281271 554
1694620631182 0.10293726203877708 555
1694620631208 0.10287333434521269 556
1694620631235 0.10281040275658396 557
1694620631263 0.1027484478408017 558
1694620631290 0.10268745055140288 559
1694620631318 0.10262739221988616 560
1694620631346 0.10256825454819984 561
1694620631373 0.10251001960137975 562
1694620631397 0.10245266980033238 563
1694620631423 0.1023961879147626 564
1694620631448 0.10234055705624123 565
1694620631476 0.10228576067141032 566
1694620631513 0.10223178253532542 567
1694620631553 0.10217860674492714 568
1694620631594 0.10212621771264466 569
1694620631638 0.10207460016012589 570
1694620631680 0.10202373911209295 571
1694620631721 0.10197361989031782 572
1694620631764 0.10192422810772003 573
1694620631804 0.10187554966258043 574
1694620631844 0.10182757073287045 575
1694620631883 0.10178027777069372 576
1694620631923 0.10173365749683858 577
1694620631959 0.10168769689543916 578
1694620631996 0.10164238320874124 579
1694620632031 0.1015977039319744 580
1694620632073 0.10155364680832339 581
1694620632114 0.10151019982400243 582
1694620632154 0.10146735120342501 583
1694620632189 0.1014250894044708 584
1694620632219 0.10138340311384664 585
1694620632247 0.10134228124253929 586
1694620632274 0.10130171292135957 587
1694620632299 0.10126168749657415 588
1694620632326 0.10122219452562374 589
1694620632352 0.1011832237729282 590
1694620632377 0.10114476520577335 591
1694620632403 0.10110680899028018 592
1694620632427 0.10106934548745432 593
1694620632453 0.10103236524931393 594
1694620632481 0.1009958590150943 595
1694620632507 0.10095981770752821 596
1694620632553 0.10092423242920048 597
1694620632597 0.10088909445897393 598
1694620632638 0.10085439524848817 599
1694620632676 0.10082012641872584 600
1694620632709 0.1007862797566484 601
1694620632759 0.1007528472118996 602
1694620632803 0.10071982089357244 603
1694620632843 0.10068719306704146 604
1694620632873 0.10065495615085863 605
1694620632907 0.10062310271370963 606
1694620632940 0.10059162547143155 607
1694620632969 0.10056051728408992 608
1694620632996 0.10052977115311275 609
1694620633022 0.100499380218483 610
1694620633047 0.10046933775598593 611
1694620633073 0.10043963717451125 612
1694620633102 0.10041027201340964 613
1694620633129 0.1003812359399 614
1694620633157 0.10035252274653106 615
1694620633183 0.10032412634869077 616
1694620633236 0.10029604078216603 617
1694620633291 0.10026826020075215 618
1694620633355 0.10024077887390832 619
1694620633412 0.10021359118445972 620
1694620633477 0.10018669162634702 621
1694620633527 0.10016007480241776 622
1694620633567 0.10013373542226481 623
1694620633613 0.10010766830010495 624
1694620633652 0.10008186835270161 625
1694620633694 0.10005633059732791 626
1694620633733 0.10003105014977044 627
1694620633777 0.10000602222237286 628
1694620633826 0.09998124212211804 629
1694620633876 0.09995670524874822 630
1694620633920 0.09993240709292411 631
1694620633954 0.09990834323441765 632
1694620633984 0.09988450934034301 633
1694620634017 0.09986090116342254 634
1694620634061 0.09983751454028592 635
1694620634094 0.09981434538980426 636
1694620634123 0.09979138971145723 637
1694620634150 0.0997686435837315 638
1694620634188 0.09974610316255289 639
1694620634225 0.09972376467974783 640
1694620634267 0.09970162444153695 641
1694620634315 0.09967967882705685 642
1694620634369 0.09965792428691343 643
1694620634407 0.09963635734176213 644
1694620634455 0.09961497458091682 645
1694620634500 0.09959377266098732 646
1694620634545 0.0995727483045429 647
1694620634586 0.09955189829880262 648
1694620634625 0.09953121949435126 649
1694620634654 0.09951070880388262 650
1694620634687 0.09949036320096492 651
1694620634728 0.09947017971883354 652
1694620634772 0.09945015544920541 653
1694620634815 0.0994302875411188 654
1694620634858 0.0994105731997949 655
1694620634898 0.09939100968552243 656
1694620634938 0.0993715943125653 657
1694620634978 0.09935232444808986 658
1694620635018 0.09933319751111593 659
1694620635055 0.09931421097148688 660
1694620635091 0.0992953623488607 661
1694620635119 0.09927664921172198 662
1694620635147 0.0992580691764116 663
1694620635176 0.09923961990617794 664
1694620635204 0.09922129911024516 665
1694620635233 0.09920310454290122 666
1694620635261 0.0991850340026026 667
1694620635292 0.0991670853310987 668
1694620635320 0.09914925641257233 669
1694620635357 0.09913154517279722 670
1694620635392 0.09911394957831272 671
1694620635424 0.0990964676356153 672
1694620635451 0.09907909739036495 673
1694620635478 0.09906183692660857 674
1694620635503 0.0990446843660178 675
1694620635537 0.09902763786714251 676
1694620635575 0.0990106956246795 677
1694620635623 0.09899385586875452 678
1694620635658 0.09897711686421982 679
1694620635698 0.09896047690996508 680
1694620635738 0.09894393433824154 681
1694620635777 0.09892748751400114 682
1694620635812 0.09891113483424659 683
1694620635842 0.09889487472739653 684
1694620635870 0.0988787056526612 685
1694620635899 0.09886262609943283 686
1694620635925 0.09884663458668572 687
1694620635954 0.09883072966239034 688
1694620635980 0.09881490990293738 689
1694620636008 0.09879917391257469 690
1694620636036 0.09878352032285428 691
1694620636062 0.09876794779209085 692
1694620636093 0.09875245500483092 693
1694620636120 0.09873704067133299 694
1694620636158 0.09872170352705661 695
1694620636200 0.09870644233216366 696
1694620636251 0.09869125587102785 697
1694620636290 0.09867614295175468 698
1694620636320 0.09866110240571103 699
1694620636350 0.09864613308706333 700
1694620636378 0.09863123387232614 701
1694620636407 0.09861640365991874 702
1694620636434 0.0986016413697303 703
1694620636462 0.09858694594269538 704
1694620636488 0.09857231634037524 705
1694620636516 0.09855775154455007 706
1694620636543 0.09854325055681767 707
1694620636570 0.09852881239819983 708
1694620636596 0.09851443610875928 709
1694620636632 0.09850012074721969 710
1694620636679 0.09848586539059803 711
1694620636713 0.0984716691338403 712
1694620636746 0.09845753108946728 713
1694620636780 0.09844345038722552 714
1694620636813 0.09842942617374616 715
1694620636846 0.09841545761221038 716
1694620636879 0.09840154388202164 717
1694620636910 0.09838768417848304 718
1694620636943 0.09837387771248407 719
1694620636975 0.0983601237101904 720
1694620637005 0.09834642141274155 721
1694620637036 0.0983327700759541 722
1694620637066 0.09831916897003141 723
1694620637094 0.09830561737927812 724
1694620637126 0.09829211460182087 725
1694620637155 0.09827865994933434 726
1694620637183 0.0982652527467732 727
1694620637210 0.09825189233210904 728
1694620637236 0.09823857805607224 729
1694620637265 0.09822530928189933 730
1694620637291 0.09821208538508557 731
1694620637323 0.09819890575314202 732
1694620637353 0.09818576978535767 733
1694620637382 0.09817267689256573 734
1694620637410 0.09815962649691577 735
1694620637440 0.09814661803164926 736
1694620637468 0.09813365094087988 737
1694620637496 0.09812072467937867 738
1694620637522 0.0981078387123626 739
1694620637547 0.09809499251528771 740
1694620637573 0.09808218557364724 741
1694620637601 0.09806941738277211 742
1694620637626 0.09805668744763633 743
1694620637652 0.09804399528266684 744
1694620637680 0.09803134041155545 745
1694620637713 0.0980187223670761 746
1694620637752 0.09800614069090535 747
1694620637788 0.09799359493344537 748
1694620637822 0.0979810846536523 749
1694620637854 0.09796860941886626 750
1694620637884 0.09795616880464617 751
1694620637914 0.09794376239460637 752
1694620637943 0.09793138978025791 753
1694620637975 0.09791905056085243 754
1694620638005 0.09790674434322857 755
1694620638037 0.09789447074166226 756
1694620638067 0.09788222937771957 757
1694620638097 0.09787001988011262 758
1694620638124 0.09785784188455816 759
1694620638149 0.09784569503363957 760
1694620638179 0.09783357897667022 761
1694620638208 0.09782149336956156 762
1694620638238 0.09780943787469144 763
1694620638271 0.09779741216077802 764
1694620638302 0.09778541590275236 765
1694620638331 0.09777344878163732 766
1694620638360 0.09776151048442669 767
1694620638387 0.09774960070396722 768
1694620638413 0.09773771913884256 769
1694620638439 0.09772586549326073 770
1694620638465 0.09771403947694261 771
1694620638490 0.09770224080501276 772
1694620638515 0.09769046919789347 773
1694620638542 0.09767872438119957 774
1694620638567 0.09766700608563603 775
1694620638594 0.09765531404689767 776
1694620638619 0.09764364800557039 777
1694620638644 0.09763200770703488 778
1694620638696 0.09762039290137178 779
1694620638745 0.09760880334326914 780
1694620638796 0.09759723879193136 781
1694620638826 0.09758569901099022 782
1694620638854 0.0975741837684172 783
1694620638880 0.09756269283643854 784
1694620638906 0.09755122599145083 785
1694620638931 0.09753978301393854 786
1694620638977 0.09752836368839408 787
1694620639031 0.09751696780323858 788
1694620639086 0.0975055951507439 789
1694620639134 0.09749424552695758 790
1694620639181 0.09748291873162786 791
1694620639231 0.0974716145681308 792
1694620639272 0.09746033284339908 793
1694620639313 0.09744907336785168 794
1694620639343 0.09743783595532528 795
1694620639372 0.09742662042300716 796
1694620639399 0.0974154265913689 797
1694620639425 0.09740425428410178 798
1694620639450 0.09739310332805357 799
1694620639478 0.09738197355316647 800
1694620639505 0.09737086479241563 801
1694620639531 0.09735977688175028 802
1694620639557 0.09734870966003487 803
1694620639583 0.09733766296899124 804
1694620639611 0.09732663665314326 805
1694620639636 0.09731563055976111 806
1694620639664 0.09730464453880794 807
1694620639691 0.09729367844288597 808
1694620639725 0.09728273212718555 809
1694620639762 0.0972718054494337 810
1694620639801 0.09726089826984471 811
1694620639842 0.09725001045107066 812
1694620639878 0.09723914185815453 813
1694620639912 0.09722829235848224 814
1694620639942 0.09721746182173702 815
1694620639973 0.0972066501198547 816
1694620640003 0.097195857126979 817
1694620640035 0.09718508271941852 818
1694620640081 0.09717432677560396 819
1694620640128 0.09716358917604667 820
1694620640170 0.09715286980329824 821
1694620640204 0.09714216854190964 822
1694620640237 0.09713148527839294 823
1694620640269 0.09712081990118229 824
1694620640299 0.09711017230059626 825
1694620640326 0.09709954236880136 826
1694620640353 0.09708892999977564 827
1694620640381 0.09707833508927312 828
1694620640410 0.09706775753478887 829
1694620640441 0.09705719723552572 830
1694620640471 0.09704665409235975 831
1694620640500 0.09703612800780845 832
1694620640527 0.09702561888599819 833
1694620640555 0.09701512663263302 834
1694620640582 0.09700465115496361 835
1694620640621 0.096994192361757 836
1694620640662 0.09698375016326732 837
1694620640704 0.09697332447120656 838
1694620640759 0.09696291519871583 839
1694620640817 0.09695252226033817 840
1694620640863 0.09694214557199043 841
1694620640910 0.09693178505093696 842
1694620640956 0.09692144061576324 843
1694620641004 0.09691111218635007 844
1694620641047 0.09690079968384824 845
1694620641093 0.09689050303065404 846
1694620641132 0.09688022215038511 847
1694620641167 0.0968699569678557 848
1694620641203 0.0968597074090553 849
1694620641243 0.09684947340112336 850
1694620641287 0.09683925487232913 851
1694620641329 0.0968290517520483 852
1694620641370 0.09681886397074209 853
1694620641406 0.09680869145993595 854
1694620641440 0.09679853415219897 855
1694620641473 0.09678839198112404 856
1694620641516 0.09677826488130695 857
1694620641552 0.09676815278832804 858
1694620641601 0.09675805563873248 859
1694620641681 0.09674797337001195 860
1694620641746 0.09673790592058572 861
1694620641797 0.09672785322978358 862
1694620641844 0.09671781523782738 863
1694620641893 0.0967077918858143 864
1694620641932 0.09669778311569974 865
1694620641970 0.09668778887028057 866
1694620642000 0.09667780909317948 867
1694620642029 0.09666784372882804 868
1694620642070 0.09665789272245232 869
1694620642108 0.09664795602005645 870
1694620642149 0.09663803356840814 871
1694620642190 0.09662812531502409 872
1694620642230 0.0966182312081553 873
1694620642270 0.09660835119677327 874
1694620642310 0.09659848523055548 875
1694620642347 0.09658863325987249 876
1694620642386 0.0965787952357745 877
1694620642423 0.09656897110997797 878
1694620642456 0.09655916083485322 879
1694620642488 0.09654936436341148 880
1694620642521 0.09653958164929301 881
1694620642564 0.09652981264675489 882
1694620642601 0.09652005731065919 883
1694620642636 0.09651031559646135 884
1694620642668 0.09650058746019885 885
1694620642700 0.0964908728584803 886
1694620642731 0.09648117174847429 887
1694620642762 0.0964714840878985 888
1694620642789 0.09646180983501 889
1694620642833 0.09645214894859419 890
1694620642885 0.09644250138795504 891
1694620642938 0.09643286711290538 892
1694620642989 0.09642324608375669 893
1694620643038 0.09641363826131055 894
1694620643079 0.09640404360684816 895
1694620643125 0.0963944620821224 896
1694620643167 0.09638489364934814 897
1694620643206 0.09637533827119359 898
1694620643246 0.09636579591077195 899
1694620643291 0.09635626653163301 900
1694620643325 0.09634675009775454 901
1694620643362 0.09633724657353462 902
1694620643401 0.09632775592378336 903
1694620643459 0.09631827811371545 904
1694620643515 0.09630881310894263 905
1694620643566 0.09629936087546563 906
1694620643621 0.09628992137966726 907
1694620643672 0.09628049458830547 908
1694620643721 0.09627108046850608 909
1694620643771 0.09626167898775545 910
1694620643814 0.09625229011389465 911
1694620643849 0.09624291381511205 912
1694620643881 0.09623355005993721 913
1694620643914 0.09622419881723435 914
1694620643956 0.09621486005619632 915
1694620643996 0.09620553374633813 916
1694620644033 0.09619621985749156 917
1694620644066 0.09618691835979842 918
1694620644099 0.09617762922370564 919
1694620644133 0.09616835241995916 920
1694620644168 0.09615908791959839 921
1694620644203 0.09614983569395086 922
1694620644245 0.09614059571462728 923
1694620644285 0.09613136795351547 924
1694620644321 0.09612215238277608 925
1694620644358 0.09611294897483716 926
1694620644401 0.09610375770238928 927
1694620644445 0.09609457853838094 928
1694620644489 0.09608541145601353 929
1694620644537 0.09607625642873684 930
1694620644580 0.09606711343024465 931
1694620644625 0.09605798243446985 932
1694620644669 0.096048863415581 933
1694620644705 0.09603975634797701 934
1694620644745 0.09603066120628337 935
1694620644780 0.09602157796534824 936
1694620644810 0.0960125066002382 937
1694620644838 0.09600344708623433 938
1694620644866 0.09599439939882835 939
1694620644896 0.09598536351371897 940
1694620644927 0.09597633940680798 941
1694620644958 0.09596732705419643 942
1694620644991 0.09595832643218172 943
1694620645026 0.09594933751725304 944
1694620645060 0.09594036028608952 945
1694620645094 0.0959313947155549 946
1694620645123 0.09592244078269573 947
1694620645151 0.09591349846473761 948
1694620645184 0.09590456773908214 949
1694620645219 0.09589564858330339 950
1694620645259 0.09588674097514535 951
1694620645305 0.09587784489251897 952
1694620645349 0.0958689603134986 953
1694620645384 0.09586008721631974 954
1694620645417 0.09585122557937609 955
1694620645452 0.09584237538121662 956
1694620645483 0.09583353660054302 957
1694620645513 0.09582470921620681 958
1694620645542 0.09581589320720721 959
1694620645567 0.09580708855268812 960
1694620645591 0.09579829523193571 961
1694620645617 0.09578951322437605 962
1694620645646 0.09578074250957291 963
1694620645673 0.09577198306722491 964
1694620645705 0.09576323487716376 965
1694620645739 0.0957544979193515 966
1694620645770 0.09574577217387852 967
1694620645798 0.09573705762096155 968
1694620645827 0.09572835424094107 969
1694620645858 0.09571966201427977 970
1694620645887 0.09571098092156001 971
1694620645918 0.09570231094348192 972
1694620645948 0.09569365206086179 973
1694620645978 0.09568500425462967 974
1694620646011 0.09567636750582778 975
1694620646039 0.09566774179560827 976
1694620646067 0.09565912710523189 977
1694620646098 0.09565052341606584 978
1694620646127 0.09564193070958239 979
1694620646156 0.0956333489673566 980
1694620646186 0.09562477817106502 981
1694620646214 0.09561621830248399 982
1694620646244 0.0956076693434883 983
1694620646274 0.0955991312760486 984
1694620646306 0.09559060408223122 985
1694620646334 0.09558208774419574 986
1694620646364 0.09557358224419327 987
1694620646402 0.0955650875645661 988
1694620646437 0.09555660368774538 989
1694620646471 0.09554813059624935 990
1694620646502 0.09553966827268351 991
1694620646531 0.0955312166997373 992
1694620646560 0.09552277586018434 993
1694620646587 0.09551434573688035 994
1694620646616 0.0955059263127619 995
1694620646645 0.09549751757084543 996
1694620646674 0.09548911949422599 997
1694620646704 0.0954807320660756 998
1694620646732 0.09547235526964278 999
