1694623647666 0.0014874493765856256 0
1694623647694 0.001683091768249323 1
1694623647725 0.0032662692647037472 2
1694623647753 0.003633560947953307 3
1694623647781 0.004711241011836287 4
1694623647812 0.005304163367554571 5
1694623647846 0.0077811447647314624 6
1694623647878 0.00957221969445654 7
1694623647910 0.00892228050265853 8
1694623647942 0.014503991943394023 9
1694623647975 0.011872603057668463 10
1694623648005 0.014419961527203484 11
1694623648031 0.014537808107283334 12
1694623648056 0.0173872002573493 13
1694623648082 0.026592166019474894 14
1694623648111 0.025039195005225 15
1694623648140 0.029065545509083912 16
1694623648165 0.023702423503787262 17
1694623648189 0.03292010855614047 18
1694623648214 0.03510708247698857 19
1694623648238 0.034715967537580994 20
1694623648262 0.03731064819618768 21
1694623648287 0.04310649585538262 22
1694623648312 0.044802687256142004 23
1694623648337 0.05021257416650937 24
1694623648365 0.044915705496151315 25
1694623648390 0.04606807578864147 26
1694623648414 0.05481128552974612 27
1694623648438 0.05244732505387695 28
1694623648465 0.04603194840991953 29
1694623648500 0.0538921934170451 30
1694623648532 0.05366382735855901 31
1694623648566 0.04791676280065882 32
1694623648603 0.06788856211038419 33
1694623648635 0.06325120440439647 34
1694623648664 0.05069987881825733 35
1694623648691 0.07616886031288916 36
1694623648719 0.05614355021282891 37
1694623648750 0.06379939488355224 38
1694623648776 0.07962555626188683 39
1694623648803 0.06762572274386325 40
1694623648831 0.057133358600881756 41
1694623648861 0.07221884939242873 42
1694623648893 0.05370020479808646 43
1694623648925 0.06344758482980706 44
1694623648953 0.07581113397544437 45
1694623648982 0.047195886742302795 46
1694623649010 0.07365196089998738 47
1694623649039 0.05850779527990857 48
1694623649068 0.05934272343617997 49
1694623649099 0.07093765349494197 50
1694623649129 0.06525957198558452 51
1694623649158 0.06100466959973039 52
1694623649188 0.06872175326667129 53
1694623649218 0.054552241774010635 54
1694623649245 0.07663726463597242 55
1694623649275 0.06568589217533338 56
1694623649306 0.08118756104254332 57
1694623649335 0.056016326034363795 58
1694623649362 0.059848287938721656 59
1694623649388 0.07644029976912659 60
1694623649416 0.0675521490712323 61
1694623649443 0.06003992344647857 62
1694623649472 0.07151573776498799 63
1694623649496 0.0709221321526039 64
1694623649525 0.07410283386927896 65
1694623649554 0.05935270101956325 66
1694623649582 0.05872524735462625 67
1694623649614 0.04540273589519206 68
1694623649643 0.0737050344198491 69
1694623649676 0.0672304770250921 70
1694623649705 0.06662444471256379 71
1694623649733 0.0766372584365752 72
1694623649761 0.06484172500599839 73
1694623649788 0.06243967559373387 74
1694623649816 0.06872783898794577 75
1694623649844 0.07487688473880749 76
1694623649874 0.07066014694457601 77
1694623649902 0.0718861860315736 78
1694623649932 0.07549006234406852 79
1694623649962 0.05483326913825881 80
1694623649990 0.0715971663965076 81
1694623650019 0.06451571632344189 82
1694623650049 0.06338986304353234 83
1694623650077 0.06059194892585962 84
