1694623647658 144.93025199250633 0
1694623647688 117.31044740208793 1
1694623647718 95.32535393054506 2
1694623647745 78.00609700674352 3
1694623647775 63.82119874565877 4
1694623647804 52.51774575137799 5
1694623647839 43.982609214970566 6
1694623647871 37.09378136797352 7
1694623647903 31.18805470333274 8
1694623647935 26.954232708838603 9
1694623647969 22.823112301034488 10
1694623647997 20.469902127042197 11
1694623648025 17.772052803289125 12
1694623648050 15.773060616943807 13
1694623648076 13.692722533283211 14
1694623648105 12.277969755610185 15
1694623648134 11.377104498287153 16
1694623648158 10.54649654463147 17
1694623648183 9.549507462516093 18
1694623648208 9.073327329731722 19
1694623648233 8.424065756754779 20
1694623648256 7.651628682015262 21
1694623648281 7.460602549335169 22
1694623648306 6.96775071033618 23
1694623648331 6.916622813053158 24
1694623648358 6.477695792515799 25
1694623648385 6.568364482099273 26
1694623648408 6.255727545735548 27
1694623648433 5.838481248792277 28
1694623648458 5.963850156884736 29
1694623648491 5.802744406282163 30
1694623648524 5.607765125069482 31
1694623648558 5.256753416216248 32
1694623648593 5.335837115287849 33
1694623648628 5.431597585792364 34
1694623648658 5.325854962583636 35
1694623648685 5.177880660923121 36
1694623648713 5.063765714023283 37
1694623648741 5.251093773499692 38
1694623648770 5.054564536110126 39
1694623648797 5.041663581158395 40
1694623648824 5.063057389351095 41
1694623648854 5.06338808322742 42
1694623648886 4.914573409994355 43
1694623648916 5.024687296994043 44
1694623648946 4.988906469342095 45
1694623648975 4.865969827221757 46
1694623649004 4.792239647330695 47
1694623649033 4.970885933763239 48
1694623649060 5.038544413047502 49
1694623649091 4.936850047706176 50
1694623649122 5.100468444034546 51
1694623649151 4.952785162526015 52
1694623649181 4.9184283589839115 53
1694623649210 4.991222209504117 54
1694623649239 4.959410429949015 55
1694623649269 4.864950293991677 56
1694623649298 5.016923947658244 57
1694623649328 4.842074510513195 58
1694623649356 4.837671243915618 59
1694623649382 5.00931074575652 60
1694623649410 4.752536135905321 61
1694623649437 4.866730271771476 62
1694623649465 4.848631599718217 63
1694623649491 4.990063628303356 64
1694623649519 4.786840903614129 65
1694623649545 4.739787760622701 66
1694623649575 4.970321361682362 67
1694623649606 4.835322435088159 68
1694623649637 4.856993051955104 69
1694623649667 5.025565520477405 70
1694623649698 4.907944073366717 71
1694623649728 4.928097914441502 72
1694623649755 4.718404742925272 73
1694623649782 4.935853715453984 74
1694623649808 4.797572667760662 75
1694623649837 4.7205656209679185 76
1694623649867 4.7691056712278765 77
1694623649895 4.814949052324954 78
1694623649925 4.7802795966599 79
1694623649955 4.8034063901327 80
1694623649984 4.981125461317484 81
1694623650012 4.896989759137109 82
1694623650041 4.752839072324608 83
1694623650071 4.911673292154913 84
