1694638240354 0.0 0
1694638240952 0.0 1
1694638241569 0.0 2
1694638242182 0.0 3
1694638242815 0.0 4
1694638243406 0.0 5
1694638243994 0.0 6
1694638244619 0.0 7
1694638245179 0.0 8
1694638245811 0.0 9
1694638246331 0.0 10
1694638246937 0.0 11
1694638247568 0.0 12
1694638248190 0.0 13
1694638248797 0.0 14
1694638249397 0.0 15
1694638250024 0.0 16
1694638250668 0.0 17
1694638251282 0.0 18
1694638251879 0.0 19
1694638252474 0.0 20
1694638253133 0.0 21
1694638253789 0.0 22
1694638254280 0.0 23
1694638254904 0.0 24
1694638255547 0.0 25
1694638256139 0.0 26
1694638256755 0.0 27
1694638257337 0.0 28
1694638257900 0.0 29
1694638258486 0.0 30
1694638259104 0.0 31
1694638259719 0.0 32
1694638260342 0.0 33
1694638261218 0.0 34
1694638261863 0.0 35
1694638262396 0.0 36
1694638262911 0.0 37
1694638263540 0.0 38
1694638264150 0.0 39
1694638264792 0.0 40
1694638265412 0.0 41
1694638266042 0.0 42
1694638266675 0.0 43
1694638267269 0.0 44
1694638267883 0.0 45
1694638268470 0.0 46
1694638269073 0.0 47
1694638269686 0.0 48
1694638270348 0.0 49
1694638270932 0.0 50
1694638271622 0.0 51
1694638272217 0.0 52
1694638272902 0.0 53
1694638273271 0.0 54
1694638273456 0.0 55
1694638273878 0.0 56
1694638274471 0.0 57
1694638275140 0.0 58
1694638275769 0.0 59
1694638276356 0.0 60
1694638276946 0.0 61
1694638277453 0.0 62
1694638278017 0.0 63
1694638278647 0.0 64
1694638279205 0.0 65
1694638279791 0.0 66
1694638280384 0.0 67
1694638280981 0.0 68
1694638281674 0.0 69
1694638282273 0.0 70
1694638282915 0.0 71
1694638283533 0.0 72
1694638284133 0.0 73
1694638284743 0.0 74
1694638285390 0.0 75
1694638286004 0.0 76
1694638286640 0.0 77
1694638287249 0.0 78
1694638287911 0.0 79
1694638288437 0.0 80
1694638289019 0.0 81
1694638289635 0.0 82
1694638290234 0.0 83
1694638290851 0.0 84
1694638291437 0.0 85
1694638292111 0.0 86
1694638292702 0.0 87
1694638293290 0.0 88
1694638293915 0.0 89
1694638294496 0.0 90
1694638295156 0.0 91
1694638295649 0.0 92
1694638296220 0.0 93
1694638296820 0.0 94
1694638297401 0.0 95
1694638297966 0.0 96
1694638298535 0.0 97
1694638299062 0.0 98
1694638299662 0.0 99
1694638300271 0.0 100
1694638300855 0.0 101
1694638301367 0.0 102
1694638301998 0.0 103
1694638302593 0.0 104
1694638303203 0.0 105
1694638303832 0.0 106
1694638304403 0.0 107
1694638304998 0.0 108
1694638305598 0.0 109
1694638306167 0.0 110
1694638306797 0.0 111
1694638307387 0.0 112
1694638307956 0.0 113
1694638308522 0.0 114
1694638309114 0.0 115
1694638309690 0.0 116
1694638310277 0.0 117
1694638310864 0.0 118
1694638311466 0.0 119
1694638312101 0.0 120
1694638312705 0.0 121
1694638313287 0.0 122
1694638313888 0.0 123
1694638314457 0.0 124
1694638315046 0.0 125
1694638315680 0.0 126
1694638316260 0.0 127
1694638316839 0.0 128
1694638317410 0.0 129
1694638317979 0.0 130
1694638318570 0.0 131
1694638319150 0.0 132
1694638319709 0.0 133
1694638320321 0.0 134
1694638320893 0.0 135
1694638321480 0.0 136
1694638322074 0.0 137
1694638322689 0.0 138
1694638323304 0.0 139
1694638323909 0.0 140
1694638324528 0.0 141
1694638325112 0.0 142
1694638325739 0.0 143
1694638326251 0.0 144
1694638326846 0.0 145
1694638327443 0.0 146
1694638328056 0.0 147
1694638328619 0.0 148
1694638329198 0.0 149
1694638329780 0.0 150
1694638330388 0.0 151
1694638331030 0.0 152
1694638331651 0.0 153
1694638332285 0.0 154
1694638332897 0.0 155
1694638333604 0.0 156
1694638334166 0.0 157
1694638334768 0.0 158
1694638335314 0.0 159
1694638335946 0.0 160
1694638336499 0.0 161
1694638337026 0.0 162
1694638337569 0.0 163
1694638338125 0.0 164
1694638338699 0.0 165
1694638339287 0.0 166
1694638339908 0.0 167
1694638340470 0.0 168
1694638341091 0.0 169
1694638341758 0.0 170
1694638342518 0.0 171
1694638343100 0.0 172
1694638343695 0.0 173
1694638344298 0.0 174
1694638344929 0.0 175
1694638345547 0.0 176
1694638346217 0.0 177
1694638346793 0.0 178
1694638347385 0.0 179
1694638347976 0.0 180
1694638348660 0.0 181
1694638349378 0.0 182
1694638349968 0.0 183
1694638350560 0.0 184
1694638351169 0.0 185
1694638351764 0.0 186
1694638352341 0.0 187
1694638353095 0.0 188
1694638353667 0.0 189
1694638354270 0.0 190
1694638354895 0.0 191
1694638355500 0.0 192
1694638356089 0.0 193
1694638356655 0.0 194
1694638357186 0.0 195
1694638357783 0.0 196
1694638358376 0.0 197
1694638358973 0.0 198
1694638359565 0.0 199
1694638360148 0.0 200
1694638360763 0.0 201
1694638361442 0.0 202
1694638362030 0.0 203
1694638362637 0.0 204
1694638363304 0.0 205
1694638363889 0.0 206
1694638364480 0.0 207
1694638365071 0.0 208
1694638365666 0.0 209
1694638366277 0.0 210
1694638366884 0.0 211
1694638367511 0.0 212
1694638368137 0.0 213
1694638368795 0.0 214
1694638369451 0.0 215
1694638370108 0.0 216
1694638370703 0.0 217
1694638371310 0.0 218
1694638372027 0.0 219
1694638372642 0.0 220
1694638373265 0.0 221
1694638373863 0.0 222
1694638374477 0.0 223
1694638375060 0.0 224
1694638375660 0.0 225
1694638376247 0.0 226
1694638376882 0.0 227
1694638377465 0.0 228
1694638378100 0.0 229
1694638378716 0.0 230
1694638379326 0.0 231
1694638379951 0.0 232
1694638380585 0.0 233
1694638381163 0.0 234
1694638381778 0.0 235
1694638382379 0.0 236
1694638382977 0.0 237
1694638383577 0.0 238
1694638384155 0.0 239
1694638384762 0.0 240
1694638385342 0.0 241
1694638385931 0.0 242
1694638386567 0.0 243
1694638387190 0.0 244
1694638387766 0.0 245
1694638388349 0.0 246
1694638388953 0.0 247
1694638389519 0.0 248
1694638390094 0.0 249
1694638390711 0.0 250
1694638391323 0.0 251
1694638391914 0.0 252
1694638392471 0.0 253
1694638393061 0.0 254
1694638393643 0.0 255
1694638394245 0.0 256
1694638394845 0.0 257
1694638395434 0.0 258
1694638396035 0.0 259
1694638396632 0.0 260
1694638397234 0.0 261
1694638397822 0.0 262
1694638398392 0.0 263
1694638398969 0.0 264
1694638399574 0.0 265
1694638400175 0.0 266
1694638400763 0.0 267
1694638401364 0.0 268
1694638401977 0.0 269
1694638402598 0.0 270
1694638403172 0.0 271
1694638403772 0.0 272
1694638404330 0.0 273
1694638404925 0.0 274
1694638405563 0.0 275
1694638406135 0.0 276
1694638406701 0.0 277
1694638407320 0.0 278
1694638407874 0.0 279
1694638408459 0.0 280
1694638409048 0.0 281
1694638409719 0.0 282
1694638410426 0.0 283
1694638410993 0.0 284
1694638411541 0.0 285
1694638412120 0.0 286
1694638412697 0.0 287
1694638413272 0.0 288
1694638413842 0.0 289
1694638414435 0.0 290
1694638415037 0.0 291
1694638415638 0.0 292
1694638416251 0.0 293
1694638416847 0.0 294
1694638417471 0.0 295
1694638418028 0.0 296
1694638418608 0.0 297
1694638419254 0.0 298
1694638419824 0.0 299
1694638420412 0.0 300
1694638421013 0.0 301
1694638421602 0.0 302
1694638422158 0.0 303
1694638422748 0.0 304
1694638423412 0.0 305
1694638424009 0.0 306
1694638424571 0.0 307
1694638425140 0.0 308
1694638425651 0.0 309
1694638426195 0.0 310
1694638426793 0.0 311
1694638427455 0.0 312
1694638427885 0.0 313
1694638428447 0.0 314
1694638429083 0.0 315
1694638429687 0.0 316
1694638430316 0.0 317
1694638430985 0.0 318
1694638431584 0.0 319
1694638432225 0.0 320
1694638432812 0.0 321
1694638433370 0.0 322
1694638434039 0.0 323
1694638434611 0.0 324
1694638435182 0.0 325
1694638435820 0.0 326
1694638436590 0.0 327
1694638437161 0.0 328
1694638437813 0.0 329
1694638438406 0.0 330
1694638439056 0.0 331
1694638439655 0.0 332
1694638440265 0.0 333
1694638440862 0.0 334
1694638441460 0.0 335
1694638442092 0.0 336
1694638442695 0.0 337
1694638443310 0.0 338
1694638443980 0.0 339
1694638444489 0.0 340
1694638445067 0.0 341
1694638445636 0.0 342
1694638446245 0.0 343
1694638446868 0.0 344
1694638447414 0.0 345
1694638448045 0.0 346
1694638448643 0.0 347
1694638449233 0.0 348
1694638449815 0.0 349
1694638450402 0.0 350
1694638450990 0.0 351
1694638451594 0.0 352
1694638452226 0.0 353
1694638452748 0.0 354
1694638453305 0.0 355
1694638453913 0.0 356
1694638454535 0.0 357
1694638455105 0.0 358
1694638455709 0.0 359
1694638456300 0.0 360
1694638456921 0.0 361
1694638457525 0.0 362
1694638458188 0.0 363
1694638458776 0.0 364
1694638459406 0.0 365
1694638460041 0.0 366
1694638460701 0.0 367
1694638461236 0.0 368
1694638461869 0.0 369
1694638462484 0.0 370
1694638463072 0.0 371
1694638463790 0.0 372
1694638464421 0.0 373
1694638465047 0.0 374
1694638465678 0.0 375
1694638466382 0.0 376
1694638467013 0.0 377
1694638467645 0.0 378
1694638468303 0.0 379
1694638468887 0.0 380
1694638469465 0.0 381
1694638470068 0.0 382
1694638470744 0.0 383
1694638471399 0.0 384
1694638471957 0.0 385
1694638472522 0.0 386
1694638473118 0.0 387
1694638473735 0.0 388
1694638474358 0.0 389
1694638474947 0.0 390
1694638475566 0.0 391
1694638476201 0.0 392
1694638476801 0.0 393
1694638477471 0.0 394
1694638478062 0.0 395
1694638478719 0.0 396
1694638479306 0.0 397
1694638479913 0.0 398
1694638480533 0.0 399
1694638481128 0.0 400
1694638481710 0.0 401
1694638482306 0.0 402
1694638482965 0.0 403
1694638483546 0.0 404
1694638484201 0.0 405
1694638484812 0.0 406
1694638485476 0.0 407
1694638486067 0.0 408
1694638486668 0.0 409
1694638487253 0.0 410
1694638487840 0.0 411
1694638488457 0.0 412
1694638489027 0.0 413
1694638489640 0.0 414
1694638490222 0.0 415
1694638490837 0.0 416
1694638491442 0.0 417
1694638492044 0.0 418
1694638492655 0.0 419
1694638493258 0.0 420
1694638493891 0.0 421
1694638494587 0.0 422
1694638495208 0.0 423
1694638495805 0.0 424
1694638496431 0.0 425
1694638497169 0.0 426
1694638497773 0.0 427
1694638498349 0.0 428
1694638498976 0.0 429
1694638499573 0.0 430
1694638500165 0.0 431
1694638500744 0.0 432
1694638501372 0.0 433
1694638501983 0.0 434
1694638502550 0.0 435
1694638503151 0.0 436
1694638503753 0.0 437
1694638504419 0.0 438
1694638505003 0.0 439
1694638505615 0.0 440
1694638506243 0.0 441
1694638506849 0.0 442
1694638507486 0.0 443
1694638508068 0.0 444
1694638508655 0.0 445
1694638509243 0.0 446
1694638509864 0.0 447
1694638510491 0.0 448
1694638511089 0.0 449
1694638511720 0.0 450
1694638512345 0.0 451
1694638512972 0.0 452
1694638513626 0.0 453
1694638514244 0.0 454
1694638514944 0.0 455
1694638515546 0.0 456
1694638516135 0.0 457
1694638516702 0.0 458
1694638517273 0.0 459
1694638517870 0.0 460
1694638518510 0.0 461
1694638519084 0.0 462
1694638519702 0.0 463
1694638520323 0.0 464
1694638520886 0.0 465
1694638521409 0.0 466
1694638521986 0.0 467
1694638522633 0.0 468
1694638523251 0.0 469
1694638523872 0.0 470
1694638524561 0.0 471
1694638525169 0.0 472
1694638525794 0.0 473
1694638526403 0.0 474
1694638526955 0.0 475
1694638527535 0.0 476
1694638528231 0.0 477
1694638528647 0.0 478
1694638529261 0.0 479
1694638529850 0.0 480
1694638530467 0.0 481
1694638531135 0.0 482
1694638531785 0.0 483
1694638532487 0.0 484
1694638533077 0.0 485
1694638533687 0.0 486
1694638534293 0.0 487
1694638534984 0.0 488
1694638535573 0.0 489
1694638536181 0.0 490
1694638536788 0.0 491
1694638537415 0.0 492
1694638538025 0.0 493
1694638538610 0.0 494
1694638539253 0.0 495
1694638539833 0.0 496
1694638540424 0.0 497
1694638540949 0.0 498
1694638541587 0.0 499
1694638542215 0.0 500
1694638542859 0.0 501
1694638543506 0.0 502
1694638544106 0.0 503
1694638544699 0.0 504
1694638545318 0.0 505
1694638545910 0.0 506
1694638546504 0.0 507
1694638547123 0.0 508
1694638547719 0.0 509
1694638548325 0.0 510
1694638548962 0.0 511
1694638549610 0.0 512
1694638550188 0.0 513
1694638550821 0.0 514
1694638551446 0.0 515
1694638552060 0.0 516
1694638552686 0.0 517
1694638553294 0.0 518
1694638553927 0.0 519
1694638554542 0.0 520
1694638555191 0.0 521
1694638555818 0.0 522
1694638556426 0.0 523
1694638557033 0.0 524
1694638557629 0.0 525
1694638558237 0.0 526
1694638558843 0.0 527
1694638559418 0.0 528
1694638560054 0.0 529
1694638560558 0.0 530
1694638561185 0.0 531
1694638561832 0.0 532
1694638562598 0.0 533
1694638563187 0.0 534
1694638563738 0.0 535
1694638564391 0.0 536
1694638564990 0.0 537
1694638565706 0.0 538
1694638566285 0.0 539
1694638566929 0.0 540
1694638567530 0.0 541
1694638568195 0.0 542
1694638568800 0.0 543
1694638569399 0.0 544
1694638570046 0.0 545
1694638570658 0.0 546
1694638571261 0.0 547
1694638571834 0.0 548
1694638572440 0.0 549
1694638573055 0.0 550
1694638573669 0.0 551
1694638574248 0.0 552
1694638574837 0.0 553
1694638575424 0.0 554
1694638576074 0.0 555
1694638576726 0.0 556
1694638577341 0.0 557
1694638577962 0.0 558
1694638578580 0.0 559
1694638579193 0.0 560
1694638579805 0.0 561
1694638580413 0.0 562
1694638581022 0.0 563
1694638581623 0.0 564
1694638582223 0.0 565
1694638582840 0.0 566
1694638583465 0.0 567
1694638584036 0.0 568
1694638584650 0.0 569
1694638585207 0.0 570
1694638585792 0.0 571
1694638586425 0.0 572
1694638587062 0.0 573
1694638587654 0.0 574
1694638588189 0.0 575
1694638588767 0.0 576
1694638589355 0.0 577
1694638590008 0.0 578
1694638590612 0.0 579
1694638591102 0.0 580
1694638591772 0.0 581
1694638592384 0.0 582
1694638593028 0.0 583
1694638593639 0.0 584
1694638594225 0.0 585
1694638594836 0.0 586
1694638595453 0.0 587
1694638596088 0.0 588
1694638596713 0.0 589
1694638597316 0.0 590
1694638597925 0.0 591
1694638598531 0.0 592
1694638599176 0.0 593
1694638599791 0.0 594
1694638600470 0.0 595
1694638601036 0.0 596
1694638601635 0.0 597
1694638602256 0.0 598
1694638602885 0.0 599
1694638603509 0.0 600
1694638604137 0.0 601
1694638604730 0.0 602
1694638605342 0.0 603
1694638605993 0.0 604
1694638606609 0.0 605
1694638607234 0.0 606
1694638607852 0.0 607
1694638608442 0.0 608
1694638609033 0.0 609
1694638609698 0.0 610
1694638610264 0.0 611
1694638610868 0.0 612
1694638611470 0.0 613
1694638612077 0.0 614
1694638612693 0.0 615
1694638613313 0.0 616
1694638613939 0.0 617
1694638614553 0.0 618
1694638615177 0.0 619
1694638615768 0.0 620
1694638616498 0.0 621
1694638617075 0.0 622
1694638617655 0.0 623
1694638618293 0.0 624
1694638618895 0.0 625
1694638619496 0.0 626
1694638620087 0.0 627
1694638620710 0.0 628
1694638621339 0.0 629
1694638621865 0.0 630
1694638622479 0.0 631
1694638623083 0.0 632
1694638623658 0.0 633
1694638624260 0.0 634
1694638624854 0.0 635
1694638625439 0.0 636
1694638626046 0.0 637
1694638626754 0.0 638
1694638627331 0.0 639
1694638627998 0.0 640
1694638628608 0.0 641
1694638629173 0.0 642
1694638629770 0.0 643
1694638630393 0.0 644
1694638630985 0.0 645
1694638631580 0.0 646
1694638632156 0.0 647
1694638632740 0.0 648
1694638633307 0.0 649
1694638633904 0.0 650
1694638634586 0.0 651
1694638635177 0.0 652
1694638635757 0.0 653
1694638636339 0.0 654
1694638636973 0.0 655
1694638637558 0.0 656
1694638638186 0.0 657
1694638638817 0.0 658
1694638639411 0.0 659
1694638640008 0.0 660
1694638640604 0.0 661
1694638641238 0.0 662
1694638641812 0.0 663
1694638642421 0.0 664
1694638643060 0.0 665
1694638643653 0.0 666
1694638644254 0.0 667
1694638644847 0.0 668
1694638645424 0.0 669
1694638646015 0.0 670
1694638646623 0.0 671
1694638647236 0.0 672
1694638647830 0.0 673
1694638648379 0.0 674
1694638648949 0.0 675
1694638649518 0.0 676
1694638650102 0.0 677
1694638650711 0.0 678
1694638651440 0.0 679
1694638652050 0.0 680
1694638652638 0.0 681
1694638653237 0.0 682
1694638653825 0.0 683
1694638654430 0.0 684
1694638655022 0.0 685
1694638655653 0.0 686
1694638656230 0.0 687
1694638656835 0.0 688
1694638657419 0.0 689
1694638658035 0.0 690
1694638658628 0.0 691
1694638659237 0.0 692
1694638659841 0.0 693
1694638660416 0.0 694
1694638661000 0.0 695
1694638661602 0.0 696
1694638662201 0.0 697
1694638662771 0.0 698
1694638663353 0.0 699
1694638663965 0.0 700
1694638664584 0.0 701
1694638665161 0.0 702
1694638665745 0.0 703
1694638666335 0.0 704
1694638667030 0.0 705
1694638667668 0.0 706
1694638668243 0.0 707
1694638668822 0.0 708
1694638669421 0.0 709
1694638670009 0.0 710
1694638670501 0.0 711
1694638671012 0.0 712
1694638671659 0.0 713
1694638672209 0.0 714
1694638672800 0.0 715
1694638673410 0.0 716
1694638673993 0.0 717
1694638674567 0.0 718
1694638675143 0.0 719
1694638675757 0.0 720
1694638676388 0.0 721
1694638677007 0.0 722
1694638677618 0.0 723
1694638678188 0.0 724
1694638678781 0.0 725
1694638679360 0.0 726
1694638679940 0.0 727
1694638680557 0.0 728
1694638681210 0.0 729
1694638681789 0.0 730
1694638682004 0.0 731
1694638682199 0.0 732
1694638682764 0.0 733
1694638683354 0.0 734
1694638683970 0.0 735
1694638684762 0.0 736
1694638685401 0.0 737
1694638686046 0.0 738
1694638686442 0.0 739
1694638686643 0.0 740
1694638687199 0.0 741
1694638687844 0.0 742
1694638688447 0.0 743
1694638689023 0.0 744
1694638689610 0.0 745
1694638690241 0.0 746
1694638690857 0.0 747
1694638691450 0.0 748
1694638692075 0.0 749
1694638692536 0.0 750
1694638693149 0.0 751
1694638693824 0.0 752
1694638694477 0.0 753
1694638695089 0.0 754
1694638695726 0.0 755
1694638696268 0.0 756
1694638696920 0.0 757
1694638697558 0.0 758
1694638698149 0.0 759
1694638698793 0.0 760
1694638699396 0.0 761
1694638699970 0.0 762
1694638700585 0.0 763
1694638701146 0.0 764
1694638701760 0.0 765
1694638702371 0.0 766
1694638703012 0.0 767
1694638703597 0.0 768
1694638704166 0.0 769
1694638704735 0.0 770
1694638705317 0.0 771
1694638705887 0.0 772
1694638706498 0.0 773
1694638707076 0.0 774
1694638707682 0.0 775
1694638708286 0.0 776
1694638708917 0.0 777
1694638709499 0.0 778
1694638710094 0.0 779
1694638710704 0.0 780
1694638711330 0.0 781
1694638712043 0.0 782
1694638712637 0.0 783
1694638713226 0.0 784
1694638713813 0.0 785
1694638714405 0.0 786
1694638715041 0.0 787
1694638715794 0.0 788
1694638716348 0.0 789
1694638716973 0.0 790
1694638717631 0.0 791
1694638718240 0.0 792
1694638718811 0.0 793
1694638719441 0.0 794
1694638719985 0.0 795
1694638720579 0.0 796
1694638721165 0.0 797
1694638721794 0.0 798
1694638722455 0.0 799
1694638723032 0.0 800
1694638723639 0.0 801
1694638724259 0.0 802
1694638724851 0.0 803
1694638725408 0.0 804
1694638725992 0.0 805
1694638726623 0.0 806
1694638727228 0.0 807
1694638727860 0.0 808
1694638728474 0.0 809
1694638729071 0.0 810
1694638729651 0.0 811
1694638730206 0.0 812
1694638730784 0.0 813
1694638731461 0.0 814
1694638732043 0.0 815
1694638732659 0.0 816
1694638733293 0.0 817
1694638734041 0.0 818
1694638734649 0.0 819
1694638735252 0.0 820
1694638735868 0.0 821
1694638736418 0.0 822
1694638737028 0.0 823
1694638737689 0.0 824
1694638738268 0.0 825
1694638738869 0.0 826
1694638739453 0.0 827
1694638740049 0.0 828
1694638740614 0.0 829
1694638741184 0.0 830
1694638741901 0.0 831
1694638742495 0.0 832
1694638743023 0.0 833
1694638743634 0.0 834
1694638744234 0.0 835
1694638744838 0.0 836
1694638745425 0.0 837
1694638746010 0.0 838
1694638746607 0.0 839
1694638747197 0.0 840
1694638747896 0.0 841
1694638748494 0.0 842
1694638749095 0.0 843
1694638749692 0.0 844
1694638750281 0.0 845
1694638750876 0.0 846
1694638751460 0.0 847
1694638752037 0.0 848
1694638752662 0.0 849
1694638753291 0.0 850
1694638753873 0.0 851
1694638754448 0.0 852
1694638755056 0.0 853
1694638755658 0.0 854
1694638756243 0.0 855
1694638756852 0.0 856
1694638757440 0.0 857
1694638758078 0.0 858
1694638758684 0.0 859
1694638759311 0.0 860
1694638759954 0.0 861
1694638760578 0.0 862
1694638761209 0.0 863
1694638761806 0.0 864
1694638762368 0.0 865
1694638763045 0.0 866
1694638763567 0.0 867
1694638764190 0.0 868
1694638764711 0.0 869
1694638765264 0.0 870
1694638765862 0.0 871
1694638766470 0.0 872
1694638767073 0.0 873
1694638767666 0.0 874
1694638768262 0.0 875
1694638768841 0.0 876
1694638769491 0.0 877
1694638770077 0.0 878
1694638770678 0.0 879
1694638771269 0.0 880
1694638771865 0.0 881
1694638772425 0.0 882
1694638773015 0.0 883
1694638773612 0.0 884
1694638774195 0.0 885
1694638774772 0.0 886
1694638775403 0.0 887
1694638776138 0.0 888
1694638776786 0.0 889
1694638777356 0.0 890
1694638777923 0.0 891
1694638778520 0.0 892
1694638779113 0.0 893
1694638779713 0.0 894
1694638780291 0.0 895
1694638780861 0.0 896
1694638781424 0.0 897
1694638781956 0.0 898
1694638782574 0.0 899
1694638783190 0.0 900
1694638783773 0.0 901
1694638784385 0.0 902
1694638784976 0.0 903
1694638785535 0.0 904
1694638786209 0.0 905
1694638786806 0.0 906
1694638787388 0.0 907
1694638788000 0.0 908
1694638788587 0.0 909
1694638789164 0.0 910
1694638789792 0.0 911
1694638790399 0.0 912
1694638791012 0.0 913
1694638791585 0.0 914
1694638792183 0.0 915
1694638792771 0.0 916
1694638793366 0.0 917
1694638793953 0.0 918
1694638794486 0.0 919
1694638795108 0.0 920
1694638795716 0.0 921
1694638796282 0.0 922
1694638796907 0.0 923
1694638797545 0.0 924
1694638798146 0.0 925
1694638798754 0.0 926
1694638799342 0.0 927
1694638799919 0.0 928
1694638800511 0.0 929
1694638801106 0.0 930
1694638801700 0.0 931
1694638802317 0.0 932
1694638802874 0.0 933
1694638803498 0.0 934
1694638804095 0.0 935
1694638804698 0.0 936
1694638805272 0.0 937
1694638805850 0.0 938
1694638806345 0.0 939
1694638806930 0.0 940
1694638807525 0.0 941
1694638808123 0.0 942
1694638808745 0.0 943
1694638809367 0.0 944
1694638809973 0.0 945
1694638810581 0.0 946
1694638811035 0.0 947
1694638811216 0.0 948
1694638811446 0.0 949
1694638812030 0.0 950
1694638812620 0.0 951
1694638813192 0.0 952
1694638813794 0.0 953
1694638814363 0.0 954
1694638814960 0.0 955
1694638815533 0.0 956
1694638816108 0.0 957
1694638816706 0.0 958
1694638817297 0.0 959
1694638817889 0.0 960
1694638818547 0.0 961
1694638819197 0.0 962
1694638819830 0.0 963
1694638820424 0.0 964
1694638820991 0.0 965
1694638821592 0.0 966
1694638822195 0.0 967
1694638822778 0.0 968
1694638823367 0.0 969
1694638824009 0.0 970
1694638824580 0.0 971
1694638825234 0.0 972
1694638825801 0.0 973
1694638826443 0.0 974
1694638827063 0.0 975
1694638827689 0.0 976
1694638828245 0.0 977
1694638829163 0.0 978
1694638829759 0.0 979
1694638830312 0.0 980
1694638830897 0.0 981
1694638831507 0.0 982
1694638832080 0.0 983
1694638832655 0.0 984
1694638833236 0.0 985
1694638833820 0.0 986
1694638834482 0.0 987
1694638834990 0.0 988
1694638835622 0.0 989
1694638836311 0.0 990
1694638836870 0.0 991
1694638837455 0.0 992
1694638838106 0.0 993
1694638838699 0.0 994
1694638839349 0.0 995
1694638839964 0.0 996
1694638840572 0.0 997
1694638841178 0.0 998
1694638841803 0.0 999
