1694638240335 0.0015777428170193747 0
1694638240932 0.9457729766100327 1
1694638241549 0.2718634857970668 2
1694638242163 0.016388597094957658 3
1694638242797 0.0016495988053687445 4
1694638243386 1.629128479785092 5
1694638243974 0.1437504064304342 6
1694638244602 0.0294646840866458 7
1694638245162 0.00027974963566663314 8
1694638245794 8.6977619078329e-08 9
1694638246313 0.006543215719785178 10
1694638246920 0.06293692142617241 11
1694638247549 0.3967841424316776 12
1694638248169 0.007413120855691215 13
1694638248779 0.06861618887805952 14
1694638249378 0.22261875895959649 15
1694638250006 0.08561599256525151 16
1694638250649 0.14351650364222757 17
1694638251259 0.041280977525715704 18
1694638251857 0.018424296471053862 19
1694638252454 0.03172630394819829 20
1694638253114 0.2478563253456007 21
1694638253773 0.002720166153002516 22
1694638254263 0.11651929723256939 23
1694638254882 0.22690229476148888 24
1694638255529 0.05334000824530093 25
1694638256117 0.007758303593028126 26
1694638256736 0.0010045683444808626 27
1694638257318 0.09570994685892599 28
1694638257883 0.61594676429332 29
1694638258468 0.053104693485127974 30
1694638259071 0.3660626263170667 31
1694638259700 0.12597298142438035 32
1694638260325 0.0011659738591614892 33
1694638261200 0.020592980489994375 34
1694638261839 0.0012048058783843169 35
1694638262381 0.47241117060686005 36
1694638262889 0.3081740390021566 37
1694638263520 0.023718179161819473 38
1694638264131 0.08868168615686048 39
1694638264773 0.001496908090022334 40
1694638265392 0.018060985954689177 41
1694638266023 0.02184293994580686 42
1694638266657 0.0025095245765720626 43
1694638267252 0.04936056639930022 44
1694638267858 0.025162667169382157 45
1694638268451 0.12703508769483204 46
1694638269054 0.3005905410546678 47
1694638269668 0.017576820496478834 48
1694638270327 0.038054276043432124 49
1694638270916 0.11011319702294796 50
1694638271603 0.22560935536063237 51
1694638272195 0.004123553671507336 52
1694638272886 0.0014418116480396667 53
1694638273262 0.2871549079015461 54
1694638273449 0.010513137962547233 55
1694638273853 0.00016666087033157935 56
1694638274450 0.017027483520408435 57
1694638275122 0.048120996645612174 58
1694638275749 0.024566906500147603 59
1694638276339 0.00012935502263805506 60
1694638276927 0.014467114296062806 61
1694638277438 0.10761759926139675 62
1694638277997 0.01961081234807031 63
1694638278604 0.06518436423659398 64
1694638279188 0.16323114041857884 65
1694638279774 0.03657619589483043 66
1694638280364 0.15016002123521652 67
1694638280961 0.07697498328130524 68
1694638281651 8.416467248993256e-05 69
1694638282232 0.006485620258245517 70
1694638282894 0.042534510186334896 71
1694638283510 0.03104185244614069 72
1694638284115 0.20808717211824093 73
1694638284724 0.018920646793962232 74
1694638285374 0.38769548396600645 75
1694638285986 0.060098932194882035 76
1694638286619 0.20820893244841976 77
1694638287231 0.04938063641999286 78
1694638287888 0.003161799583113336 79
1694638288421 0.1794629956595707 80
1694638288999 0.04039266652179112 81
1694638289615 0.0386204594948047 82
1694638290216 0.5808820645058833 83
1694638290835 0.01636038857835616 84
1694638291418 0.001460556119606341 85
1694638292095 0.04023905631263479 86
1694638292685 1.5656710325342893 87
1694638293269 0.11932779291096979 88
1694638293896 1.5670520622127736e-05 89
1694638294473 0.13414393439072145 90
1694638295129 0.4387377298578348 91
1694638295633 0.4768562028436001 92
1694638296204 0.0334816279670072 93
1694638296771 0.24722517727730428 94
1694638297383 0.09729100024483604 95
1694638297947 0.0022012739218474973 96
1694638298517 0.40809861442970197 97
1694638299047 0.07044857621313054 98
1694638299635 0.01458908153264244 99
1694638300253 0.07255974232029175 100
1694638300834 0.09300599189458691 101
1694638301349 0.3680356724606993 102
1694638301979 0.1422316635594706 103
1694638302572 0.1386830168598386 104
1694638303186 0.09890383383965679 105
1694638303815 0.005483458659558958 106
1694638304388 0.04953959007887242 107
1694638304980 0.14821821021870382 108
1694638305581 0.021523747616033404 109
1694638306145 0.0003642669292966176 110
1694638306782 0.06999252924933252 111
1694638307371 1.064095287122018 112
1694638307939 0.01688126540330189 113
1694638308505 0.06691094474652938 114
1694638309096 0.04244002468031126 115
1694638309672 0.5846622106075613 116
1694638310255 0.08756919181658145 117
1694638310805 2.549027635611862e-07 118
1694638311447 0.000792481656351777 119
1694638312083 0.09975463533009206 120
1694638312687 0.10525155330601926 121
1694638313269 0.0005470807680144115 122
1694638313867 0.0036130199817139856 123
1694638314439 0.28067141679391766 124
1694638315027 0.14980551977867415 125
1694638315661 0.008073602122768675 126
1694638316245 0.5512252027833522 127
1694638316819 0.018147864013602737 128
1694638317394 0.054600615367790296 129
1694638317960 2.357692395325237e-05 130
1694638318550 0.00014117896758248952 131
1694638319131 0.007158553405407887 132
1694638319693 0.16077297658521997 133
1694638320306 0.02068844533229803 134
1694638320871 0.05348083911762258 135
1694638321461 0.09095020301098126 136
1694638322057 0.10465358636351968 137
1694638322669 0.037886755378754806 138
1694638323285 0.15864600016514746 139
1694638323889 0.016625091805106563 140
1694638324510 0.028345527489952668 141
1694638325090 0.028609408221347412 142
1694638325715 7.485747205377518e-05 143
1694638326234 0.011210946096730985 144
1694638326825 0.045015705771863986 145
1694638327425 0.05785183177273684 146
1694638328036 0.17234039333077772 147
1694638328603 0.0002779699644599506 148
1694638329178 0.1781477966372754 149
1694638329762 0.002154603149589516 150
1694638330367 0.0009925720647404877 151
1694638331006 0.09229738980146036 152
1694638331634 0.05085386318471482 153
1694638332266 0.006587880941701749 154
1694638332875 0.021108410711787214 155
1694638333589 0.37360083271957056 156
1694638334149 0.1012930468243521 157
1694638334750 0.07256422068563184 158
1694638335297 0.01280114145415981 159
1694638335930 0.003559411532208493 160
1694638336474 0.29257101438270267 161
1694638337011 0.023126207402988912 162
1694638337551 0.1364661770360536 163
1694638338108 0.05632225827289342 164
1694638338683 0.05467101630764247 165
1694638339266 0.16645972401388515 166
1694638339883 0.1495818369750113 167
1694638340451 0.06573580322189793 168
1694638341070 0.49382038347971247 169
1694638341741 1.7700320204011617 170
1694638342500 0.22557271324922237 171
1694638343084 0.003205055028001703 172
1694638343678 0.10120374366411858 173
1694638344279 0.0018049486198069356 174
1694638344911 0.026630177248057302 175
1694638345531 0.05749673528416985 176
1694638346196 0.020596346427292807 177
1694638346774 0.10978627699964304 178
1694638347360 0.01308545546023565 179
1694638347958 0.00835995817279675 180
1694638348641 0.0013655374334496976 181
1694638349360 0.006053197069197403 182
1694638349950 0.00136848951603874 183
1694638350540 0.047372816052243506 184
1694638351150 0.0014537786390220095 185
1694638351746 0.026436348511963307 186
1694638352323 0.011641203955497706 187
1694638353074 0.0015534386763932351 188
1694638353649 0.0548827335040519 189
1694638354251 0.0025566027696342602 190
1694638354873 0.05594093619378461 191
1694638355479 0.09451275130875958 192
1694638356067 0.1086109277031263 193
1694638356639 0.001424716941751107 194
1694638357167 0.042276374708464064 195
1694638357764 0.0005447455552198169 196
1694638358355 0.2250038308477265 197
1694638358956 0.0010210964768489288 198
1694638359549 0.024311360845238893 199
1694638360131 0.09732174394003061 200
1694638360745 0.006991600850576064 201
1694638361425 0.002418187105501349 202
1694638362015 9.149296164008085e-05 203
1694638362619 0.06168646115706138 204
1694638363283 0.38655504358186615 205
1694638363867 0.000756565541746208 206
1694638364459 0.0005890690545016508 207
1694638365056 0.000894207863064774 208
1694638365646 0.044538379673037296 209
1694638366255 2.1655180160900307e-06 210
1694638366868 0.003644473767784249 211
1694638367492 0.005181330019443713 212
1694638368114 0.016429200694395973 213
1694638368774 0.08515355260234578 214
1694638369429 0.13862161130377867 215
1694638370087 0.2093418512439056 216
1694638370685 0.2905264706516096 217
1694638371285 0.02989256912741968 218
1694638372007 0.0025538347496948523 219
1694638372623 0.0006919508125421116 220
1694638373249 0.027144048701451668 221
1694638373843 0.000440958043758726 222
1694638374457 0.022769857307974154 223
1694638375041 0.0058204733143133736 224
1694638375639 0.14414992765510137 225
1694638376223 0.12823351862455637 226
1694638376862 0.0055878463897029995 227
1694638377444 0.15669737747469067 228
1694638378082 0.1800156778289284 229
1694638378697 0.002100994842036352 230
1694638379307 0.05148958017393109 231
1694638379934 0.22925744427068007 232
1694638380567 0.06596045940424991 233
1694638381143 0.032759050231042426 234
1694638381759 0.005147464388279043 235
1694638382360 0.021142813436780095 236
1694638382960 0.02798176815845877 237
1694638383559 0.007589420863285766 238
1694638384135 0.047471545465050474 239
1694638384744 0.18693162489147547 240
1694638385325 0.1178307882545576 241
1694638385914 0.0273259629266995 242
1694638386546 0.12371613900144536 243
1694638387173 0.017410305076351686 244
1694638387746 0.04198687889923751 245
1694638388333 1.9892524514920635e-05 246
1694638388934 0.006342663304588012 247
1694638389502 0.08960066327258807 248
1694638390075 0.0011806674328906181 249
1694638390690 0.006175291645093524 250
1694638391304 0.15544686983939232 251
1694638391889 0.1691107461480556 252
1694638392450 0.0190851172296706 253
1694638393038 0.00046337136659535246 254
1694638393623 0.003685323609738741 255
1694638394222 0.00880831601219878 256
1694638394830 0.1144848455552826 257
1694638395416 0.2318104077841506 258
1694638396017 0.06790665826344827 259
1694638396607 0.10939114650957237 260
1694638397219 0.29130205650782237 261
1694638397805 0.0655471463701612 262
1694638398373 0.0009066557705157933 263
1694638398952 0.00851240289214424 264
1694638399558 0.002484244071060872 265
1694638400157 0.15524647702306343 266
1694638400744 0.06237394955656634 267
1694638401345 0.09798369074562982 268
1694638401954 0.0018683084626648979 269
1694638402578 0.0468998275833298 270
1694638403152 0.04604320708366958 271
1694638403755 0.012017098163397301 272
1694638404314 0.20886770721140102 273
1694638404906 0.28438736318346575 274
1694638405542 0.021224161235131885 275
1694638406119 0.006323546342409757 276
1694638406682 0.018791287295175887 277
1694638407303 0.014535925183783013 278
1694638407857 0.07216325091734066 279
1694638408440 0.02841112129273877 280
1694638409030 0.019918877028228744 281
1694638409698 0.07468251359771304 282
1694638410409 0.003608691670452069 283
1694638410975 0.055169743451039116 284
1694638411525 0.0034802443542712104 285
1694638412100 0.037711606303753926 286
1694638412681 0.23461105844302318 287
1694638413255 0.08400066522581366 288
1694638413824 0.03225762340340637 289
1694638414415 0.1517612208703551 290
1694638415019 0.04820311049655328 291
1694638415619 0.008508106676798376 292
1694638416230 0.012175476753576902 293
1694638416828 0.026936554805623115 294
1694638417454 0.03447895554557558 295
1694638418010 0.05416844607696568 296
1694638418592 0.0685290660998441 297
1694638419234 0.3603621519503372 298
1694638419809 0.13975786827299053 299
1694638420392 0.02156743442853908 300
1694638420993 0.1626874494541854 301
1694638421583 0.030272621283135934 302
1694638422138 0.12934304949578038 303
1694638422728 0.0010393791430295405 304
1694638423394 0.05308888921714758 305
1694638423989 0.34905227010755646 306
1694638424553 0.0015533808701150308 307
1694638425121 5.66387466798457e-07 308
1694638425632 3.44929393797727e-05 309
1694638426176 0.07519657940708568 310
1694638426774 0.3872203736764883 311
1694638427438 0.06776545548457436 312
1694638427864 0.23704390251247306 313
1694638428430 0.028829460571123382 314
1694638429065 0.0115677538974123 315
1694638429669 0.02546430906432556 316
1694638430301 0.02107903529297514 317
1694638430964 0.0026161905858124155 318
1694638431566 0.044387285422624635 319
1694638432203 0.3679447103210448 320
1694638432789 0.22113817637035155 321
1694638433349 0.017030561179169783 322
1694638434020 0.0013680491197233962 323
1694638434592 0.0911580902700888 324
1694638435165 0.01758423963736443 325
1694638435800 0.03037431909556416 326
1694638436570 0.004175190415838662 327
1694638437142 0.014588608190671504 328
1694638437794 0.0009334038333211242 329
1694638438389 0.018179889803498855 330
1694638439036 0.00196993591754301 331
1694638439637 0.0015984718980574888 332
1694638440248 0.03634230149679562 333
1694638440845 0.001690156614213887 334
1694638441437 0.9038146477511552 335
1694638442073 9.198939076360411e-05 336
1694638442678 0.020862008207374973 337
1694638443293 0.017608371487594955 338
1694638443959 0.007409553923856767 339
1694638444468 0.0001965185502902569 340
1694638445047 0.0051993583253592355 341
1694638445617 0.10741174736178873 342
1694638446230 0.00015700742849710387 343
1694638446846 0.15449882695298464 344
1694638447398 1.5650511408943734e-08 345
1694638448029 0.023330853639844835 346
1694638448626 0.003834673772021457 347
1694638449213 0.03810802389858583 348
1694638449799 0.17603117147615047 349
1694638450386 0.008461331411162185 350
1694638450972 0.025102815087464418 351
1694638451573 0.0058736807967472065 352
1694638452203 0.008039271173891077 353
1694638452730 0.013516839265643272 354
1694638453275 0.03765796524172693 355
1694638453893 0.03442862528617843 356
1694638454516 0.2416368669201826 357
1694638455087 1.3208853242673522 358
1694638455691 0.29325569396040224 359
1694638456282 0.018781367324213108 360
1694638456899 0.0017021855498529754 361
1694638457505 0.41114746273827446 362
1694638458172 0.03587298052210395 363
1694638458756 0.005034431250408383 364
1694638459387 0.02166142088567437 365
1694638460019 0.052961936677838016 366
1694638460684 0.1894395378796046 367
1694638461218 0.0013816357872811988 368
1694638461850 0.057213807111382534 369
1694638462466 0.4516237490833015 370
1694638463054 0.01943165173078481 371
1694638463771 0.017622691572503398 372
1694638464401 0.0016439064199198022 373
1694638465028 1.4587131703461738 374
1694638465660 0.0008114039698314372 375
1694638466357 0.1912645277398371 376
1694638466993 0.1360432701635075 377
1694638467627 0.0021631904508400985 378
1694638468286 0.12363134494700183 379
1694638468868 0.030410365073054384 380
1694638469444 0.006918300526850479 381
1694638470047 0.31198218283713997 382
1694638470725 0.038508007322605856 383
1694638471381 0.29265967746097554 384
1694638471942 0.7834919747642352 385
1694638472504 0.28842048248007046 386
1694638473098 0.09311487560710753 387
1694638473716 0.460084657766568 388
1694638474341 0.09547449823925402 389
1694638474929 0.0007445623710565087 390
1694638475550 6.341018719642617e-05 391
1694638476182 3.3437990015074313e-06 392
1694638476785 3.374688997405472e-07 393
1694638477453 0.11077823068397438 394
1694638478044 0.021752871618174213 395
1694638478702 0.0005969707560963674 396
1694638479287 0.1128221593391894 397
1694638479893 0.09574640008499985 398
1694638480514 0.0613917269649583 399
1694638481110 0.0417856637399734 400
1694638481693 0.0012136033148108663 401
1694638482285 0.1746675858766554 402
1694638482944 0.0597509887434351 403
1694638483529 0.0606173975871436 404
1694638484179 0.017671622924936712 405
1694638484794 0.019987269131189936 406
1694638485457 0.09044556565890316 407
1694638486050 0.0076216828576911875 408
1694638486647 0.046672986327430256 409
1694638487233 1.7567915036866424 410
1694638487823 0.08632637119163127 411
1694638488433 0.06852941729714591 412
1694638489005 0.15088979521083765 413
1694638489622 0.0002629105652382192 414
1694638490203 0.008517535627778256 415
1694638490819 0.10076137359521035 416
1694638491425 0.013433570479861228 417
1694638492025 0.061005342933330445 418
1694638492638 0.005466211027169661 419
1694638493242 0.06547844707081295 420
1694638493874 8.680276584538663e-05 421
1694638494571 0.0008763028876907596 422
1694638495190 0.008101639022335879 423
1694638495788 0.06700787925097303 424
1694638496413 0.0001210905579926301 425
1694638497142 0.060699574657152644 426
1694638497756 0.0033038351905241574 427
1694638498332 0.19757094842417167 428
1694638498955 0.0037731715683093406 429
1694638499556 0.15741617925937068 430
1694638500147 0.06918073661953814 431
1694638500725 0.017697329147372074 432
1694638501354 0.026981402331993167 433
1694638501965 0.039937753787108586 434
1694638502532 0.0337782099372459 435
1694638503133 0.03705163795431543 436
1694638503733 0.04049950874821091 437
1694638504393 0.057001164553449 438
1694638504984 0.24501034094361113 439
1694638505595 0.05026677444701828 440
1694638506225 0.030250657754018626 441
1694638506829 0.07320682555357218 442
1694638507463 0.03700976071326912 443
1694638508052 0.4913361191401476 444
1694638508632 0.018365321117338927 445
1694638509225 0.020427269104703938 446
1694638509844 0.007222815601456165 447
1694638510469 0.005564209689682592 448
1694638511070 0.1145238762797488 449
1694638511702 0.0033958713378246796 450
1694638512328 0.0008739644551785563 451
1694638512953 0.0018247858684216735 452
1694638513605 0.10667990441480137 453
1694638514227 0.017947609979695828 454
1694638514922 0.032158863887666804 455
1694638515528 0.10009452053482693 456
1694638516115 0.19709380349886893 457
1694638516685 0.028790507955542922 458
1694638517255 0.011814748095002643 459
1694638517849 0.026074412957170057 460
1694638518486 0.045238233226418345 461
1694638519066 0.0029823031965180353 462
1694638519685 0.1293482613430787 463
1694638520303 0.08941889615123201 464
1694638520868 0.0874202438005765 465
1694638521393 0.12788164858757514 466
1694638521963 0.020337383928421347 467
1694638522613 0.0020433827506238155 468
1694638523230 0.09807030197780475 469
1694638523851 0.005098042483110815 470
1694638524541 0.03564681118982896 471
1694638525148 0.22831882870766623 472
1694638525774 0.005758724016772475 473
1694638526385 0.010408776088630915 474
1694638526936 0.033241067699973204 475
1694638527518 0.00039041475250485444 476
1694638528213 0.05200479915475897 477
1694638528640 0.0314932795562259 478
1694638529244 0.049948066206976664 479
1694638529829 0.11338282794260696 480
1694638530447 0.0609604087291025 481
1694638531115 0.03457048819465592 482
1694638531765 0.2051230744526419 483
1694638532466 0.26773334172321 484
1694638533060 0.032397984847992056 485
1694638533669 0.009958820644691837 486
1694638534273 0.04155432312864599 487
1694638534961 0.0022965336084800683 488
1694638535555 0.0642147960837964 489
1694638536163 0.06563224364735923 490
1694638536771 0.0032467203442598292 491
1694638537393 0.2604837144655579 492
1694638538008 0.04273127550966677 493
1694638538587 0.011086977586713282 494
1694638539228 0.08464010208652127 495
1694638539812 0.028412495134368915 496
1694638540406 0.30889943990761753 497
1694638540928 0.0011515372079452186 498
1694638541570 0.0004408479486742147 499
1694638542199 0.0010596004919059385 500
1694638542841 0.017729852046223887 501
1694638543481 0.1324853493461178 502
1694638544087 0.08513579756007976 503
1694638544681 0.001394939499374951 504
1694638545298 0.08518170512233952 505
1694638545894 0.023867054340585732 506
1694638546481 0.04097957605940687 507
1694638547106 0.14440441878808483 508
1694638547693 0.05202353078713097 509
1694638548306 0.5216677821951331 510
1694638548941 0.006858890284235591 511
1694638549593 0.0026396081203433025 512
1694638550168 0.003254106492394069 513
1694638550803 0.07662355768429904 514
1694638551423 0.002619254234383796 515
1694638552042 0.06272767489421853 516
1694638552666 0.1538522526649072 517
1694638553274 0.2651293190008981 518
1694638553911 0.062293678976626035 519
1694638554522 0.008255461699619613 520
1694638555171 0.004455746522584224 521
1694638555798 0.001487214368762948 522
1694638556406 0.33595615046626653 523
1694638557017 0.02975108024007883 524
1694638557612 0.0352912485450907 525
1694638558210 0.682212410776319 526
1694638558825 0.0010070001351635005 527
1694638559400 0.021208473320977105 528
1694638560036 0.23670702652841724 529
1694638560543 0.004212699129318391 530
1694638561164 0.21151370521588214 531
1694638561804 0.5966540219072706 532
1694638562581 0.009858355487266048 533
1694638563161 0.0005766701234680875 534
1694638563722 0.004661151501200501 535
1694638564372 0.19347774951030983 536
1694638564972 0.3513244115104011 537
1694638565681 0.05175233263855587 538
1694638566267 0.005782844537742422 539
1694638566912 0.004782979971406846 540
1694638567513 0.1237059088993126 541
1694638568176 0.06771162296882377 542
1694638568781 0.0001663119047052267 543
1694638569380 0.053736724244215564 544
1694638570027 0.035772975608902344 545
1694638570638 0.0918213177239872 546
1694638571241 0.011159506178745825 547
1694638571812 0.20815966051984194 548
1694638572419 0.039868569501624505 549
1694638573037 0.190750713930662 550
1694638573648 0.051531717981512466 551
1694638574229 3.853272334765909e-05 552
1694638574821 0.046831982562155094 553
1694638575406 0.006849795759573192 554
1694638576027 0.005419791537257738 555
1694638576709 0.00832379972924249 556
1694638577319 0.036187597350457464 557
1694638577942 0.0044408349214493615 558
1694638578562 0.031500213584161954 559
1694638579176 0.10311839393114228 560
1694638579787 0.10966184035358663 561
1694638580392 0.053893196854236235 562
1694638581005 0.0144458000161674 563
1694638581606 0.025944990814743402 564
1694638582205 0.001532694204515389 565
1694638582820 0.05826778073551773 566
1694638583443 0.00032642062591953973 567
1694638584019 0.012843257690565818 568
1694638584629 0.03637735312581255 569
1694638585192 0.01374909101611159 570
1694638585773 0.41332073500413724 571
1694638586408 0.20139000301374027 572
1694638587045 0.041031557306753993 573
1694638587634 0.23336244111466878 574
1694638588173 0.14167345830730357 575
1694638588748 0.0754186671962885 576
1694638589338 0.05408552214590674 577
1694638589984 0.005149558238434824 578
1694638590593 0.0008948629511915839 579
1694638591085 0.15735928308462893 580
1694638591751 0.009103486308722717 581
1694638592366 0.011187153241033474 582
1694638593010 0.15544168767923114 583
1694638593621 0.007194174822047371 584
1694638594207 0.1394801833859528 585
1694638594817 0.003178823361948667 586
1694638595435 0.026903942812963308 587
1694638596069 0.08569452254765778 588
1694638596694 0.0016870900413072825 589
1694638597298 0.04569165364097308 590
1694638597903 0.14108081961009838 591
1694638598510 0.10020548467783989 592
1694638599155 0.007237280352497059 593
1694638599773 0.006274520900951131 594
1694638600454 0.6554768860163992 595
1694638601017 0.9733833540437019 596
1694638601617 0.004358586987579763 597
1694638602237 0.01663581013112929 598
1694638602863 0.08377346613353169 599
1694638603487 0.03443679017679379 600
1694638604118 0.006495047324628223 601
1694638604711 0.0322994445839826 602
1694638605324 0.4568419460679573 603
1694638605975 0.0016271151266715246 604
1694638606589 0.011207544104970251 605
1694638607216 0.00868075310597407 606
1694638607835 0.243587222735181 607
1694638608426 0.13909658519747084 608
1694638609015 0.075217308610822 609
1694638609680 0.07826033658575224 610
1694638610245 0.12160485800381975 611
1694638610850 0.0007660803026097877 612
1694638611451 0.23842372853213048 613
1694638612056 0.15794722619098966 614
1694638612675 0.03079704371563305 615
1694638613295 0.1015362889503256 616
1694638613922 0.004399355392898536 617
1694638614535 0.6266780155307023 618
1694638615157 0.0926139015012263 619
1694638615749 0.010621134173133965 620
1694638616469 0.134799042718323 621
1694638617059 0.15568725975893066 622
1694638617634 0.049794970541715326 623
1694638618274 0.22904115898466948 624
1694638618878 0.00492646842672185 625
1694638619461 0.029992809081443625 626
1694638620065 0.10998098862050024 627
1694638620695 0.08986856530321437 628
1694638621322 0.02573194723780225 629
1694638621846 0.09873565342565101 630
1694638622460 1.4786159190216046e-05 631
1694638623061 0.030497514109478742 632
1694638623638 0.1505979866994496 633
1694638624242 0.08585315436363145 634
1694638624838 0.34121814207949785 635
1694638625421 0.02288015191242012 636
1694638626029 0.00045071055617506797 637
1694638626735 0.08008671070595909 638
1694638627312 0.008007514601071597 639
1694638627980 0.16729233375214006 640
1694638628590 0.0014955895518124539 641
1694638629145 0.003365174162588643 642
1694638629749 0.18143341210281408 643
1694638630377 0.01505186839246874 644
1694638630967 0.016810394163860817 645
1694638631561 0.0020612586492581367 646
1694638632141 0.13123125875182398 647
1694638632723 0.010853874081833855 648
1694638633288 0.005451852821203406 649
1694638633882 0.08695940035768265 650
1694638634573 0.041321678960141106 651
1694638635159 0.013734803601271767 652
1694638635739 0.04121390972846339 653
1694638636321 0.007138864678079918 654
1694638636949 0.0005071732006125724 655
1694638637540 0.004801326633682133 656
1694638638161 0.035561836023809384 657
1694638638796 0.09750463148708395 658
1694638639392 1.0518045869179027 659
1694638639989 0.03513103719183264 660
1694638640585 0.07956942465965366 661
1694638641220 0.0007606137278498165 662
1694638641793 0.03881850409102518 663
1694638642402 0.035359745472630745 664
1694638643042 0.006937198875618206 665
1694638643636 0.00013374360757345397 666
1694638644236 0.05110927278408033 667
1694638644831 0.05860947774112071 668
1694638645407 0.016809923668225986 669
1694638645996 0.13714206068302343 670
1694638646595 0.006538769400195192 671
1694638647215 0.014538522156776153 672
1694638647814 0.014636088408709929 673
1694638648362 0.006167084897749895 674
1694638648930 0.12263390280840751 675
1694638649494 0.013933872457379712 676
1694638650085 0.06048576771023589 677
1694638650689 0.0032971962626684092 678
1694638651420 0.12782257400685176 679
1694638652031 0.03481438916673836 680
1694638652622 0.07699686433293024 681
1694638653220 0.13065576107941101 682
1694638653804 0.23683936913950943 683
1694638654411 7.036232709286564e-05 684
1694638655004 0.17720779976172377 685
1694638655632 0.11920761311833974 686
1694638656210 0.00744303373917033 687
1694638656819 0.11695070458396664 688
1694638657403 0.0855158543212344 689
1694638658018 0.03317727959439159 690
1694638658610 2.408286353342326e-07 691
1694638659214 0.0015025446941448542 692
1694638659825 0.004776484928539665 693
1694638660398 0.10857865455468363 694
1694638660983 0.0007226001568239449 695
1694638661586 0.10682527430863868 696
1694638662184 0.014584668740651422 697
1694638662754 0.06632579869437652 698
1694638663312 0.034069842891787744 699
1694638663944 0.03374081154951782 700
1694638664567 0.13512590596518742 701
1694638665143 0.03946316747761173 702
1694638665726 0.07830706057986653 703
1694638666318 0.04274631672861659 704
1694638667011 0.03628476801242463 705
1694638667651 0.02853828360448841 706
1694638668225 0.07943696306500608 707
1694638668803 0.029069971315473262 708
1694638669403 0.03779170717836365 709
1694638669990 0.001413648704205547 710
1694638670481 0.0027973064013434162 711
1694638671001 0.3144689239560845 712
1694638671642 0.046846106512040186 713
1694638672191 0.03618881221008767 714
1694638672781 0.27762715424027085 715
1694638673391 0.08943212068482803 716
1694638673976 0.23677431916804992 717
1694638674550 0.09051025726050721 718
1694638675125 0.024059340569712387 719
1694638675738 0.06803922940510646 720
1694638676362 0.03659621224267534 721
1694638676989 0.08082937780738093 722
1694638677598 0.002329742636782335 723
1694638678171 0.08238290095968918 724
1694638678762 0.06032933021271998 725
1694638679343 0.000498112873511889 726
1694638679923 0.7167284080753276 727
1694638680534 0.18567979639953516 728
1694638681185 0.008784841546752865 729
1694638681776 0.06084120344531293 730
1694638681993 0.08064512027129643 731
1694638682191 0.017769224417854824 732
1694638682745 0.09661505097643225 733
1694638683337 0.014388714162821427 734
1694638683950 0.17054518284407005 735
1694638684740 0.0029982518418889903 736
1694638685379 0.0236972043032422 737
1694638686033 0.15180645282232114 738
1694638686434 0.0047512790458495765 739
1694638686634 0.0009250750508947868 740
1694638687182 0.014141196679143467 741
1694638687827 0.020378787568842142 742
1694638688430 0.1011879914667628 743
1694638689006 0.11386738645638358 744
1694638689593 0.00013067991898964157 745
1694638690222 0.0788251968376489 746
1694638690839 0.006096448067898076 747
1694638691429 0.3003013964367849 748
1694638692058 0.10922035502984138 749
1694638692516 0.001371941215135281 750
1694638693130 0.05583510793450442 751
1694638693805 0.6272566054856692 752
1694638694452 0.0015770893697770751 753
1694638695067 0.0001480688941982038 754
1694638695704 0.047683853123698036 755
1694638696254 0.6209102832118502 756
1694638696897 0.5957736619889229 757
1694638697542 0.00932054405291618 758
1694638698135 0.01459363286342019 759
1694638698773 0.02054175354059462 760
1694638699376 0.005600970489647098 761
1694638699951 0.07646732274707921 762
1694638700566 0.045490980367546 763
1694638701127 0.1674436721615746 764
1694638701743 0.009864174717123787 765
1694638702352 0.46719514245190075 766
1694638702996 0.022860276541674454 767
1694638703578 0.0031424154997733134 768
1694638704146 0.027660066921528066 769
1694638704718 0.0005050415029173741 770
1694638705298 0.017015656979834294 771
1694638705869 0.003046932736254847 772
1694638706473 0.00226839629025237 773
1694638707061 5.875190932972292e-07 774
1694638707664 0.040108715589142634 775
1694638708263 0.1386456298268083 776
1694638708900 0.0007910645434390516 777
1694638709477 0.17168052170674158 778
1694638710076 0.0002674063972613913 779
1694638710684 0.010178273641665531 780
1694638711314 0.023078565922090153 781
1694638712018 0.004833838331742194 782
1694638712620 0.006202121757904706 783
1694638713207 0.013084527788867817 784
1694638713790 0.0037364706771942117 785
1694638714388 0.0253135417538861 786
1694638715019 0.011982137118280013 787
1694638715776 0.005925644595746216 788
1694638716332 0.002379766612721787 789
1694638716954 0.03857172830824107 790
1694638717612 0.37005116051155346 791
1694638718223 0.002222748522006775 792
1694638718792 0.0005429425908454628 793
1694638719424 0.006933006019926196 794
1694638719965 0.026917341599596706 795
1694638720563 0.005321298886854941 796
1694638721147 0.06857464461359822 797
1694638721776 0.0003767850886098078 798
1694638722437 0.05085921209234306 799
1694638723013 0.0035818479101449455 800
1694638723621 0.007297280741111544 801
1694638724240 0.009820611208751946 802
1694638724835 0.0012286413247069897 803
1694638725387 0.009104796389829493 804
1694638725970 0.12296491315369454 805
1694638726605 0.042354040999761686 806
1694638727209 0.0010052226388222658 807
1694638727846 0.16118835406328852 808
1694638728458 0.007913686753869064 809
1694638729053 0.0020153653363045405 810
1694638729630 0.01452787069141886 811
1694638730189 0.16531205056861706 812
1694638730768 0.14450424829766453 813
1694638731447 0.0078562106961795 814
1694638732025 1.3389580374371888 815
1694638732642 0.16643830873108 816
1694638733269 0.4359326194977875 817
1694638734016 0.024111134863992016 818
1694638734634 0.05329611553444699 819
1694638735234 0.07449127100440828 820
1694638735846 0.01019785775226759 821
1694638736404 0.3079808717809084 822
1694638737006 0.0009063128827388528 823
1694638737672 0.0026701391769611642 824
1694638738252 0.0035517791013039784 825
1694638738855 0.10655407491391782 826
1694638739434 0.0006256882780779729 827
1694638740034 0.017626113234553965 828
1694638740595 0.2709761219002494 829
1694638741166 0.007244217514254942 830
1694638741882 0.12805546909902019 831
1694638742469 0.029019410547211282 832
1694638743002 0.03779513638611824 833
1694638743615 0.012550218014685111 834
1694638744214 0.03632200182425469 835
1694638744819 0.07821605916234442 836
1694638745407 5.247852062488462e-07 837
1694638745990 0.23371828370767173 838
1694638746586 0.011533490297571915 839
1694638747181 0.028457952021575916 840
1694638747877 0.062054668169044876 841
1694638748470 0.017288153145564276 842
1694638749076 8.453328589638996e-05 843
1694638749674 0.006266880570091765 844
1694638750259 0.10226958391128 845
1694638750858 0.0643196177592404 846
1694638751444 0.1886543829552719 847
1694638752018 0.08828135526687314 848
1694638752643 0.006011958955500055 849
1694638753272 0.028407947044959404 850
1694638753854 0.28329010965679746 851
1694638754432 0.07235762575426778 852
1694638755036 0.058792870914290335 853
1694638755639 7.558186525174411e-05 854
1694638756225 0.07556547622145252 855
1694638756835 3.26256631384966e-05 856
1694638757422 0.033200587275394884 857
1694638758060 0.08471910035391078 858
1694638758666 0.013153527053531762 859
1694638759287 0.05224104549401461 860
1694638759935 0.026229423255114966 861
1694638760558 0.014817809905694215 862
1694638761191 0.025205176195430647 863
1694638761787 0.03905397460275106 864
1694638762353 0.012530910599548343 865
1694638763029 0.17270695434316227 866
1694638763546 0.41024671705445065 867
1694638764172 0.002041796407808781 868
1694638764694 0.02280594363370703 869
1694638765246 0.05192279405442916 870
1694638765844 0.037653548228479695 871
1694638766450 0.0006921922199303344 872
1694638767057 0.012028128493494319 873
1694638767649 0.2440776083984316 874
1694638768246 0.00017355014392620455 875
1694638768824 0.038016798974727394 876
1694638769464 0.053975013669688564 877
1694638770059 0.07720969298003744 878
1694638770659 0.0038460057106433024 879
1694638771249 0.03269052386104814 880
1694638771847 0.02627304336551144 881
1694638772407 0.001193377062347488 882
1694638772984 0.008732440420105743 883
1694638773594 0.1312677528730121 884
1694638774179 0.9068401842421551 885
1694638774755 0.12989469002721404 886
1694638775362 0.030389584228535875 887
1694638776117 0.07472826854323868 888
1694638776766 0.05626472336120665 889
1694638777339 0.1441543731087932 890
1694638777906 0.0014881061385227405 891
1694638778503 0.00797748584960418 892
1694638779089 0.18499287710956816 893
1694638779695 0.1789616087948236 894
1694638780274 0.005741112027923707 895
1694638780845 0.06837774074409124 896
1694638781406 0.02560191729860006 897
1694638781939 0.1449001427877673 898
1694638782557 0.12835412127167206 899
1694638783164 0.10638418349565622 900
1694638783754 0.14919570223950215 901
1694638784370 0.0004340094648861487 902
1694638784958 0.027712993807877135 903
1694638785515 0.025249678833650004 904
1694638786193 0.09637253842717998 905
1694638786787 0.008603140799846727 906
1694638787369 0.00393249487215869 907
1694638787982 0.031776000034370484 908
1694638788570 0.011099377273247927 909
1694638789147 0.09947716657329432 910
1694638789772 0.07256943045154975 911
1694638790382 0.3440166378359807 912
1694638790991 0.0005654144732478391 913
1694638791567 0.007225837727491414 914
1694638792166 0.00023662909639212052 915
1694638792751 0.013841744346289686 916
1694638793343 0.03900273524718241 917
1694638793933 0.026239707919795383 918
1694638794471 0.07949457212527496 919
1694638795091 0.046707307593722235 920
1694638795696 0.027138664265861173 921
1694638796265 0.7792605951285368 922
1694638796888 0.028682839695029737 923
1694638797524 0.00019789907552946666 924
1694638798123 0.12613942522958227 925
1694638798736 0.0004322992787382246 926
1694638799325 0.017150676028153716 927
1694638799899 0.03083314300331225 928
1694638800485 0.0033312592502443964 929
1694638801088 0.06016058759512891 930
1694638801682 0.0050796702788165555 931
1694638802301 0.03212193652129359 932
1694638802858 0.18019102534104778 933
1694638803477 0.30817550832425705 934
1694638804076 0.025946367627245014 935
1694638804681 0.158782608396537 936
1694638805250 0.025962762446753097 937
1694638805831 0.14550843277112352 938
1694638806327 1.0152216571609469e-05 939
1694638806913 0.10110921669799858 940
1694638807500 0.00201057300878577 941
1694638808107 0.11731767627349443 942
1694638808726 0.20081145140389936 943
1694638809350 0.0006199388227067666 944
1694638809953 0.0035505214536105203 945
1694638810561 0.13854869747139764 946
1694638811025 0.031106339358928724 947
1694638811208 0.0002793317660376306 948
1694638811428 0.22963847359712447 949
1694638812007 0.03573367382391905 950
1694638812602 0.21310150334769315 951
1694638813176 0.006169951934656984 952
1694638813776 0.06172635546307064 953
1694638814345 0.06185309552459248 954
1694638814941 0.0002983861657478269 955
1694638815515 0.10013344304427751 956
1694638816091 0.328042438782698 957
1694638816687 0.05063562990671402 958
1694638817280 0.022417186907607873 959
1694638817870 0.02002122553709239 960
1694638818527 0.004629869026353796 961
1694638819180 0.038262231047103405 962
1694638819810 0.1505246336943829 963
1694638820402 0.7137172153704939 964
1694638820973 0.14819381465105438 965
1694638821573 0.000579560555916002 966
1694638822176 0.010752240235733783 967
1694638822759 0.176135047687616 968
1694638823350 0.0029793984939061736 969
1694638823985 0.003452534466982376 970
1694638824563 0.03183067321628646 971
1694638825215 0.010244816726771341 972
1694638825782 0.015561207610634002 973
1694638826417 0.4036615189160274 974
1694638827048 0.000914874023353537 975
1694638827669 0.035247630412789714 976
1694638828227 0.4294821787710512 977
1694638829146 0.04033316503031585 978
1694638829739 0.04371739829045194 979
1694638830298 0.09374619584121843 980
1694638830878 0.02095777677172139 981
1694638831486 0.23720110066991673 982
1694638832062 0.15903174767364392 983
1694638832633 7.356832447325441e-05 984
1694638833213 1.7375295043142438e-07 985
1694638833804 0.08383324788104878 986
1694638834469 0.0015493716809978275 987
1694638834973 0.011122148943057724 988
1694638835605 0.05091768921485071 989
1694638836293 0.0020494922533735456 990
1694638836853 0.047813101956130345 991
1694638837436 0.010877960755673766 992
1694638838087 0.07635898677509712 993
1694638838680 0.00042457313640950216 994
1694638839328 0.021531271060537687 995
1694638839948 0.0008365779444345506 996
1694638840554 0.12724710306248285 997
1694638841160 0.2848629582041095 998
1694638841784 0.022566061774987493 999
