1694624412788 -0.007592394786430701 0
1694624412877 -0.0075901705833245625 1
1694624412954 -0.0075879361902986275 2
1694624413023 -0.0075856915923531165 3
1694624413085 -0.0075834367744793685 4
1694624413129 -0.007581171721660729 5
1694624413162 -0.007578896418873438 6
1694624413194 -0.0075766108510828545 7
1694624413229 -0.007574315003248344 8
1694624413261 -0.0075720088603208335 9
1694624413301 -0.007569692407242812 10
1694624413340 -0.00756736562894833 11
1694624413423 -0.0075650285103641135 12
1694624413553 -0.0075626810364093355 13
1694624413651 -0.007560323191993845 14
1694624413712 -0.007557954962020608 15
1694624413781 -0.0075555763313837065 16
1694624413838 -0.007553187284971008 17
1694624413922 -0.007550787807660608 18
1694624413991 -0.007548377884325497 19
1694624414072 -0.007545957499827338 20
1694624414191 -0.007543526639022913 21
1694624414258 -0.0075410852867596745 22
1694624414313 -0.0075386334278801925 23
1694624414372 -0.007536171047215268 24
1694624414427 -0.007533698129590816 25
1694624414489 -0.007531214659824759 26
1694624414533 -0.0075287206227276915 27
1694624414601 -0.007526216003101993 28
1694624414651 -0.007523700785743825 29
1694624414704 -0.007521174955440912 30
1694624414753 -0.007518638496973429 31
1694624414797 -0.007516091395115332 32
1694624414832 -0.007513533634632585 33
1694624414874 -0.007510965200283826 34
1694624414914 -0.0075083860768210275 35
1694624414958 -0.0075057962489886165 36
1694624415005 -0.007503195701523913 37
1694624415057 -0.007500584419156908 38
1694624415108 -0.007497962386610935 39
1694624415158 -0.0074953295886022175 40
1694624415200 -0.007492686009840099 41
1694624415234 -0.007490031635026373 42
1694624415268 -0.007487366448856392 43
1694624415303 -0.00748469043601907 44
1694624415343 -0.007482003581195329 45
1694624415376 -0.007479305869060537 46
1694624415409 -0.007476597284282516 47
1694624415449 -0.0074738778115224225 48
1694624415483 -0.007471147435434977 49
1694624415517 -0.00746840614066846 50
1694624415549 -0.007465653911864267 51
1694624415584 -0.007462890733656469 52
1694624415620 -0.007460116590674248 53
1694624415683 -0.007457331467538797 54
1694624415738 -0.007454535348865976 55
1694624415791 -0.007451728219264098 56
1694624415870 -0.007448910063336589 57
1694624415920 -0.0074460808656791055 58
1694624415965 -0.00744324061088153 59
1694624416008 -0.007440389283527971 60
1694624416045 -0.007437526868194766 61
1694624416082 -0.007434653349454923 62
1694624416120 -0.007431768711873676 63
1694624416171 -0.007428872940007825 64
1694624416219 -0.007425966018413277 65
1694624416275 -0.007423047931634841 66
1694624416316 -0.007420118664214881 67
1694624416364 -0.007417178200687102 68
1694624416398 -0.007414226525583212 69
1694624416433 -0.007411263623424036 70
1694624416475 -0.0074082894787279585 71
1694624416519 -0.007405304076008035 72
1694624416569 -0.0074023073997684374 73
1694624416611 -0.007399299434511564 74
1694624416651 -0.007396280164730484 75
1694624416692 -0.00739324957491494 76
1694624416726 -0.007390207649549785 77
1694624416759 -0.0073871543731112155 78
1694624416799 -0.0073840897300723185 79
1694624416831 -0.007381013704901962 80
1694624416866 -0.007377926282060132 81
1694624416900 -0.007374827446003485 82
1694624416940 -0.007371717181184234 83
1694624416988 -0.007368595472046602 84
1694624417021 -0.0073654623030336985 85
1694624417091 -0.007362317658579087 86
1694624417170 -0.0073591615231138885 87
1694624417216 -0.0073559938810634495 88
1694624417290 -0.007352814716847789 89
1694624417338 -0.007349624014882261 90
1694624417400 -0.007346421759577559 91
1694624417440 -0.0073432079353383806 92
1694624417486 -0.007339982526565869 93
1694624417535 -0.00733674551765473 94
1694624417587 -0.007333496892998115 95
1694624417620 -0.007330236636980292 96
1694624417670 -0.007326964733982644 97
1694624417709 -0.007323681168383889 98
1694624417769 -0.007320385924553863 99
1694624417816 -0.007317078986861958 100
1694624417867 -0.007313760339671793 101
1694624417910 -0.007310429967340548 102
1694624417950 -0.00730708785422296 103
1694624418005 -0.007303733984669547 104
1694624418050 -0.007300368343025498 105
1694624418100 -0.007296990913632229 106
1694624418136 -0.007293601680826933 107
1694624418177 -0.007290200628941257 108
1694624418215 -0.007286787742306622 109
1694624418250 -0.007283363005245791 110
1694624418290 -0.007279926402079306 111
1694624418323 -0.007276477917124602 112
1694624418365 -0.007273017534692894 113
1694624418396 -0.0072695452390951765 114
1694624418435 -0.0072660610146335625 115
1694624418471 -0.007262564845611719 116
1694624418516 -0.007259056716325318 117
1694624418552 -0.007255536611068036 118
1694624418591 -0.007252004514129995 119
1694624418622 -0.007248460409797097 120
1694624418652 -0.007244904282351916 121
1694624418691 -0.0072413361160748035 122
1694624418730 -0.0072377558952392285 123
1694624418766 -0.00723416360411866 124
1694624418805 -0.007230559226981903 125
1694624418858 -0.007226942748095322 126
1694624418927 -0.007223314151718618 127
1694624419017 -0.007219673422111494 128
1694624419071 -0.007216020543531876 129
1694624419124 -0.007212355500229695 130
1694624419164 -0.007208678276454439 131
1694624419203 -0.007204988856454042 132
1694624419263 -0.007201287224471775 133
1694624419326 -0.00719757336474669 134
1694624419382 -0.007193847261517616 135
1694624419420 -0.007190108899018277 136
1694624419457 -0.007186358261480841 137
1694624419491 -0.007182595333134589 138
1694624419538 -0.007178820098205696 139
1694624419590 -0.007175032540918114 140
1694624419656 -0.007171232645494019 141
1694624419710 -0.007167420396149815 142
1694624419774 -0.007163595777103238 143
1694624419835 -0.007159758772566915 144
1694624419890 -0.007155909366753255 145
1694624419932 -0.007152047543869999 146
1694624419966 -0.007148173288124227 147
1694624420011 -0.007144286583720572 148
1694624420055 -0.007140387414860783 149
1694624420096 -0.007136475765744388 150
1694624420142 -0.007132551620570471 151
1694624420186 -0.007128614963533897 152
1694624420239 -0.007124665778828865 153
1694624420385 -0.007120704050647131 154
1694624420490 -0.007116729763179119 155
1694624420606 -0.007112742900612368 156
1694624420724 -0.007108743447133525 157
1694624420800 -0.007104731386927021 158
1694624420941 -0.007100706704177506 159
1694624421053 -0.007096669383064302 160
1694624421159 -0.007092619407768286 161
1694624421275 -0.007088556762467224 162
1694624421339 -0.0070844814313371085 163
1694624421391 -0.007080393398555929 164
1694624421443 -0.007076292648295013 165
1694624421591 -0.007072179164728576 166
1694624421679 -0.00706805293202728 167
1694624421743 -0.007063913934362009 168
1694624421797 -0.007059762155901206 169
1694624421867 -0.007055597580813533 170
1694624421896 -0.007051420193265656 171
1694624421929 -0.007047229977423575 172
1694624421985 -0.007043026917452622 173
1694624422041 -0.007038810997515688 174
1694624422103 -0.00703458220177855 175
1694624422169 -0.0070303405144021 176
1694624422245 -0.0070260859195481196 177
1694624422299 -0.007021818401378388 178
1694624422389 -0.007017537944053576 179
1694624422441 -0.007013244531733243 180
1694624422477 -0.007008938148577837 181
1694624422530 -0.007004618778745142 182
1694624422567 -0.007000286406395162 183
1694624422604 -0.0069959410156859025 184
1694624422668 -0.006991582590775369 185
1694624422716 -0.00698721111582179 186
1694624422761 -0.006982826574982726 187
1694624422798 -0.00697842895241596 188
1694624422849 -0.006974018232279056 189
1694624422912 -0.006969594398729795 190
1694624422966 -0.006965157435925962 191
1694624423027 -0.0069607073280248954 192
1694624423078 -0.006956244059185046 193
1694624423144 -0.006951767613564863 194
1694624423218 -0.0069472779753227965 195
1694624423273 -0.006942775128617074 196
1694624423343 -0.006938259057607921 197
1694624423395 -0.006933729746454231 198
1694624423450 -0.006929187179317564 199
1694624423504 -0.006924631340357479 200
1694624423571 -0.006920062213736644 201
1694624423635 -0.006915479783616396 202
1694624423688 -0.006910884034159848 203
1694624423741 -0.0069062749495316655 204
1694624423784 -0.006901652513895629 205
1694624423838 -0.006897016711417514 206
1694624423876 -0.006892367526263321 207
1694624423911 -0.006887704942602824 208
1694624423947 -0.006883028944602465 209
1694624423979 -0.0068783395164324634 210
1694624424014 -0.006873636642265701 211
1694624424056 -0.006868920306271953 212
1694624424089 -0.006864190492627875 213
1694624424147 -0.006859447185507017 214
1694624424206 -0.006854690369085148 215
1694624424276 -0.006849920027542256 216
1694624424333 -0.006845136145057218 217
1694624424395 -0.006840338705810911 218
1694624424443 -0.006835527693987098 219
1694624424494 -0.006830703093771318 220
1694624424553 -0.006825864889348665 221
1694624424602 -0.006821013064908454 222
1694624424655 -0.006816147604641554 223
1694624424697 -0.006811268492739053 224
1694624424738 -0.0068063757133980385 225
1694624424785 -0.006801469250812042 226
1694624424828 -0.006796549089183479 227
1694624424881 -0.0067916152127105445 228
1694624424927 -0.0067866676055969855 229
1694624424995 -0.006781706252049879 230
1694624425077 -0.00677673113627697 231
1694624425131 -0.006771742242488887 232
1694624425177 -0.006766739554899814 233
1694624425208 -0.006761723057723934 234
1694624425292 -0.006756692735180758 235
1694624425372 -0.006751648571491575 236
1694624425452 -0.00674659055088056 237
1694624425486 -0.006741518657573664 238
1694624425525 -0.0067364328758035 239
1694624425577 -0.006731333189800459 240
1694624425626 -0.006726219583801152 241
1694624425701 -0.006721092042045074 242
1694624425784 -0.006715950548773275 243
1694624425831 -0.006710795088233912 244
1694624425902 -0.006705625644672919 245
1694624425985 -0.006700442202344226 246
1694624426069 -0.006695244745503093 247
1694624426136 -0.006690033258407224 248
1694624426200 -0.006684807725322317 249
1694624426254 -0.006679568130512292 250
1694624426293 -0.006674314458247732 251
1694624426331 -0.006669046692802549 252
1694624426367 -0.006663764818453988 253
1694624426409 -0.006658468819483732 254
1694624426458 -0.006653158680177018 255
1694624426492 -0.006647834384822637 256
1694624426527 -0.0066424959177167064 257
1694624426577 -0.006637143263154233 258
1694624426621 -0.006631776405436884 259
1694624426664 -0.006626395328873214 260
1694624426698 -0.006621000017769996 261
1694624426726 -0.0066155904564455525 262
1694624426760 -0.006610166629218428 263
1694624426799 -0.006604728520410941 264
1694624426832 -0.006599276114352293 265
1694624426865 -0.006593809395375683 266
1694624426893 -0.00658832834781875 267
1694624426926 -0.006582832956024465 268
1694624426964 -0.006577323204340235 269
1694624427008 -0.0065717990771179124 270
1694624427068 -0.00656626055871512 271
1694624427112 -0.006560707633494811 272
1694624427144 -0.006555140285823713 273
1694624427198 -0.006549558500075436 274
1694624427252 -0.006543962260627811 275
1694624427314 -0.006538351551863331 276
1694624427448 -0.006532726358172036 277
1694624427521 -0.006527086663946857 278
1694624427585 -0.006521432453588494 279
1694624427619 -0.006515763711502087 280
1694624427654 -0.00651008042209833 281
1694624427693 -0.0065043825697941315 282
1694624427730 -0.006498670139011065 283
1694624427772 -0.0064929431141798055 284
1694624427824 -0.006487201479732585 285
1694624427875 -0.0064814452201102934 286
1694624427913 -0.0064756743197593725 287
1694624427951 -0.006469888763131593 288
1694624427992 -0.0064640885346878285 289
1694624428025 -0.006458273618890953 290
1694624428057 -0.0064524440002131644 291
1694624428091 -0.006446599663131991 292
1694624428141 -0.006440740592131622 293
1694624428190 -0.006434866771703129 294
1694624428227 -0.006428978186343581 295
1694624428262 -0.006423074820557151 296
1694624428302 -0.006417156658854006 297
1694624428342 -0.006411223685753198 298
1694624428397 -0.006405275885779549 299
1694624428436 -0.0063993132434625455 300
1694624428491 -0.006393335743342332 301
1694624428535 -0.006387343369963716 302
1694624428582 -0.00638133610787972 303
1694624428615 -0.0063753139416509175 304
1694624428644 -0.006369276855844319 305
1694624428680 -0.006363224835034709 306
1694624428714 -0.006357157863804197 307
1694624428754 -0.0063510759267428885 308
1694624428793 -0.006344979008447993 309
1694624428830 -0.00633886709352427 310
1694624428879 -0.006332740166584916 311
1694624428914 -0.006326598212250234 312
1694624428951 -0.00632044121514852 313
1694624428996 -0.00631426915991562 314
1694624429030 -0.006308082031197593 315
1694624429079 -0.006301879813646272 316
1694624429114 -0.006295662491921927 317
1694624429151 -0.006289430050693046 318
1694624429185 -0.006283182474637439 319
1694624429219 -0.00627691974844069 320
1694624429264 -0.0062706418567970434 321
1694624429313 -0.006264348784407625 322
1694624429357 -0.0062580405159862185 323
1694624429394 -0.006251717036250826 324
1694624429429 -0.006245378329929885 325
1694624429496 -0.00623902438176116 326
1694624429608 -0.006232655176491075 327
1694624429655 -0.006226270698874492 328
1694624429724 -0.0062198709336758196 329
1694624429769 -0.006213455865668571 330
1694624429806 -0.006207025479634032 331
1694624429840 -0.006200579760366587 332
1694624429881 -0.006194118692664841 333
1694624429916 -0.006187642261340276 334
1694624429953 -0.006181150451212369 335
1694624429996 -0.0061746432471110335 336
1694624430027 -0.006168120633874841 337
1694624430061 -0.006161582596353243 338
1694624430102 -0.006155029119404132 339
1694624430135 -0.006148460187896054 340
1694624430188 -0.006141875786707329 341
1694624430217 -0.006135275900726045 342
1694624430253 -0.0061286605148505036 343
1694624430285 -0.006122029613989444 344
1694624430324 -0.006115383183061374 345
1694624430374 -0.006108721206994794 346
1694624430411 -0.006102043670729307 347
1694624430455 -0.006095350559213619 348
1694624430495 -0.006088641857409538 349
1694624430528 -0.006081917550287974 350
1694624430559 -0.00607517762282872 351
1694624430596 -0.0060684220600237815 352
1694624430631 -0.006061650846878264 353
1694624430672 -0.006054863968403712 354
1694624430715 -0.006048061409625216 355
1694624430749 -0.006041243155580522 356
1694624430796 -0.006034409191314261 357
1694624430824 -0.006027559501885271 358
1694624430855 -0.006020694072362831 359
1694624430900 -0.006013812887827763 360
1694624430944 -0.006006915933371548 361
1694624431000 -0.0060000031940981025 362
1694624431038 -0.0059930746551226655 363
1694624431077 -0.0059861303015715794 364
1694624431117 -0.005979170118583177 365
1694624431159 -0.005972194091308003 366
1694624431208 -0.005965202204907483 367
1694624431251 -0.005958194444556142 368
1694624431307 -0.005951170795439831 369
1694624431350 -0.005944131242756168 370
1694624431400 -0.005937075771716094 371
1694624431437 -0.0059300043675416525 372
1694624431476 -0.0059229170154668775 373
1694624431524 -0.005915813700741124 374
1694624431570 -0.005908694408622184 375
1694624431622 -0.005901559124381839 376
1694624431659 -0.005894407833306969 377
1694624431694 -0.005887240520693338 378
1694624431727 -0.005880057171851805 379
1694624431852 -0.005872857772105444 380
1694624431920 -0.005865642306790653 381
1694624432019 -0.005858410761256039 382
1694624432101 -0.0058511631208642 383
1694624432181 -0.005843899370990169 384
1694624432250 -0.005836619497022522 385
1694624432352 -0.005829323484363602 386
1694624432423 -0.005822011318428411 387
1694624432490 -0.005814682984645492 388
1694624432555 -0.005807338468457601 389
1694624432612 -0.0057999777553205956 390
1694624432671 -0.005792600830703876 391
1694624432743 -0.0057852076800914976 392
1694624432818 -0.005777798288980618 393
1694624432878 -0.005770372642882382 394
1694624432946 -0.005762930727321924 395
1694624433009 -0.005755472527838812 396
1694624433063 -0.005747998029986823 397
1694624433153 -0.0057405072193330575 398
1694624433245 -0.0057330000814621584 399
1694624433373 -0.0057254766019676495 400
1694624433440 -0.005717936766462373 401
1694624433510 -0.005710380560571604 402
1694624433646 -0.005702807969935719 403
1694624433704 -0.0056952189802090825 404
1694624433751 -0.005687613577063821 405
1694624433793 -0.0056799917461825 406
1694624433833 -0.00567235347326478 407
1694624433891 -0.005664698744028307 408
1694624433950 -0.005657027544200055 409
1694624434027 -0.005649339859526092 410
1694624434093 -0.005641635675767365 411
1694624434165 -0.005633914978699028 412
1694624434233 -0.005626177754112893 413
1694624434337 -0.005618423987815646 414
1694624434427 -0.005610653665628629 415
1694624434495 -0.005602866773392501 416
1694624434553 -0.005595063296959246 417
1694624434662 -0.005587243222198612 418
1694624434793 -0.005579406534997222 419
1694624434906 -0.005571553221255465 420
1694624435022 -0.005563683266892383 421
1694624435105 -0.005555796657841006 422
1694624435159 -0.005547893380052127 423
1694624435220 -0.0055399734194918615 424
1694624435312 -0.005532036762143644 425
1694624435385 -0.0055240833940064515 426
1694624435455 -0.005516113301096581 427
1694624435530 -0.005508126469446539 428
1694624435613 -0.005500122885105707 429
1694624435659 -0.005492102534140564 430
1694624435707 -0.005484065402633798 431
1694624435748 -0.005476011476686304 432
1694624435802 -0.005467940742414523 433
1694624435868 -0.005459853185953101 434
1694624435937 -0.005451748793453337 435
1694624435996 -0.005443627551084074 436
1694624436066 -0.00543548944503125 437
1694624436127 -0.005427334461500566 438
1694624436179 -0.005419162586711046 439
1694624436242 -0.005410973806902142 440
1694624436307 -0.005402768108329736 441
1694624436375 -0.005394545477270585 442
1694624436451 -0.005386305900014765 443
1694624436534 -0.005378049362872783 444
1694624436587 -0.005369775852173353 445
1694624436641 -0.0053614853542629515 446
1694624436717 -0.005353177855506042 447
1694624436763 -0.005344853342285516 448
1694624436809 -0.0053365118010011425 449
1694624436859 -0.005328153218076004 450
1694624436912 -0.005319777579945395 451
1694624436963 -0.00531138487306726 452
1694624437014 -0.005302975083916861 453
1694624437062 -0.005294548198987892 454
1694624437128 -0.005286104204794695 455
1694624437191 -0.005277643087870043 456
1694624437243 -0.005269164834762252 457
1694624437308 -0.005260669432044729 458
1694624437348 -0.005252156866304647 459
1694624437386 -0.005243627124151606 460
1694624437426 -0.005235080192213637 461
1694624437464 -0.005226516057138086 462
1694624437499 -0.005217934705592064 463
1694624437530 -0.0052093361242619984 464
1694624437566 -0.005200720299854966 465
1694624437605 -0.005192087219095809 466
1694624437635 -0.005183436868731572 467
1694624437673 -0.00517476923552751 468
1694624437710 -0.005166084306269969 469
1694624437751 -0.005157382067764615 470
1694624437792 -0.0051486625068375425 471
1694624437841 -0.005139925610335494 472
1694624437888 -0.00513117136512542 473
1694624437932 -0.005122399758092699 474
1694624437971 -0.005113610776148914 475
1694624438016 -0.005104804406218966 476
1694624438058 -0.005095980635253072 477
1694624438109 -0.005087139450221212 478
1694624438154 -0.005078280838112681 479
1694624438208 -0.005069404785942089 480
1694624438258 -0.005060511280739144 481
1694624438299 -0.005051600309558868 482
1694624438336 -0.005042671859475156 483
1694624438406 -0.005033725917585441 484
1694624438462 -0.00502476247100625 485
1694624438505 -0.005015781506876094 486
1694624438540 -0.005006783012358129 487
1694624438573 -0.004997766974631501 488
1694624438618 -0.004988733380900667 489
1694624438655 -0.0049796822183918454 490
1694624438704 -0.00497061347435146 491
1694624438742 -0.004961527136049693 492
1694624438785 -0.004952423190776045 493
1694624438825 -0.0049433016258477736 494
1694624438863 -0.004934162428597011 495
1694624438925 -0.004925005586382758 496
1694624438982 -0.0049158310865848875 497
1694624439038 -0.004906638916607031 498
1694624439082 -0.0048974290638721385 499
1694624439141 -0.0048882015158311365 500
1694624439184 -0.004878956259953382 501
1694624439219 -0.004869693283730658 502
1694624439253 -0.004860412574681838 503
1694624439289 -0.004851114120343558 504
1694624439328 -0.004841797908278878 505
1694624439364 -0.004832463926072839 506
1694624439404 -0.004823112161334242 507
1694624439447 -0.004813742601694759 508
1694624439487 -0.0048043552348089325 509
1694624439525 -0.004794950048355506 510
1694624439558 -0.0047855270300369845 511
1694624439593 -0.004776086167578963 512
1694624439629 -0.00476662744872991 513
1694624439663 -0.004757150861262938 514
1694624439696 -0.004747656392977584 515
1694624439736 -0.004738144031692704 516
1694624439774 -0.004728613765253353 517
1694624439813 -0.004719065581528792 518
1694624439845 -0.004709499468412703 519
1694624439878 -0.004699915413822975 520
1694624439914 -0.004690313405700808 521
1694624439950 -0.004680693432013161 522
1694624439989 -0.004671055480751418 523
1694624440029 -0.004661399539930944 524
1694624440067 -0.004651725597591749 525
1694624440118 -0.004642033641799825 526
1694624440163 -0.004632323660644477 527
1694624440203 -0.0046225956422401016 528
1694624440243 -0.004612849574729738 529
1694624440283 -0.004603085446275523 530
1694624440337 -0.004593303245069125 531
1694624440378 -0.004583502959325747 532
1694624440421 -0.00457368457728724 533
1694624440466 -0.0045638480872198794 534
1694624440509 -0.0045539934774159185 535
1694624440544 -0.004544120736192925 536
1694624440577 -0.004534229851894889 537
1694624440622 -0.004524320812890226 538
1694624440666 -0.004514393607575329 539
1694624440726 -0.004504448224371238 540
1694624440769 -0.0044944846517245285 541
1694624440821 -0.004484502878109309 542
1694624440873 -0.0044745028920241126 543
1694624440942 -0.004464484681997671 544
1694624440993 -0.004454448236580033 545
1694624441046 -0.0044443935443503335 546
1694624441098 -0.004434320593914354 547
1694624441144 -0.004424229373903632 548
1694624441182 -0.004414119872979239 549
1694624441221 -0.00440399207982467 550
1694624441278 -0.004393845983152955 551
1694624441337 -0.00438368157170399 552
1694624441385 -0.004373498834244094 553
1694624441436 -0.004363297759568008 554
1694624441483 -0.004353078336495564 555
1694624441533 -0.004342840553876348 556
1694624441575 -0.004332584400585482 557
1694624441614 -0.00432230986552562 558
1694624441654 -0.004312016937630503 559
1694624441687 -0.0043017056058556324 560
1694624441720 -0.00429137585918804 561
1694624441756 -0.00428102768664429 562
1694624441790 -0.004270661077263371 563
1694624441839 -0.004260276020116915 564
1694624441882 -0.004249872504302976 565
1694624441925 -0.004239450518947807 566
1694624441967 -0.004229010053206306 567
1694624442006 -0.004218551096261347 568
1694624442043 -0.004208073637324006 569
1694624442083 -0.004197577665634888 570
1694624442152 -0.004187063170461913 571
1694624442204 -0.004176530141102086 572
1694624442255 -0.004165978566883499 573
1694624442300 -0.004155408437157337 574
1694624442352 -0.004144819741311645 575
1694624442417 -0.00413421246875556 576
1694624442477 -0.004123586608931751 577
1694624442555 -0.004112942151313748 578
1694624442595 -0.004102279085399507 579
1694624442637 -0.004091597400718738 580
1694624442675 -0.0040808970868302374 581
1694624442707 -0.004070178133325886 582
1694624442761 -0.004059440529819769 583
1694624442794 -0.004048684265962388 584
1694624442830 -0.004037909331430667 585
1694624442869 -0.0040271157159321724 586
1694624442913 -0.004016303409204003 587
1694624442956 -0.004005472401015009 588
1694624442991 -0.003994622681161575 589
1694624443029 -0.003983754239472059 590
1694624443064 -0.003972867065804353 591
1694624443101 -0.003961961150047211 592
1694624443148 -0.003951036482119585 593
1694624443185 -0.003940093051970406 594
1694624443217 -0.003929130849580131 595
1694624443255 -0.003918149864959419 596
1694624443293 -0.003907150088149791 597
1694624443328 -0.0038961315092238546 598
1694624443370 -0.0038850941182846377 599
1694624443408 -0.0038740379054655882 600
1694624443448 -0.003862962860934571 601
1694624443481 -0.003851868974886319 602
1694624443508 -0.00384075623754887 603
1694624443534 -0.0038296246391822386 604
1694624443576 -0.0038184741700753033 605
1694624443612 -0.003807304820553803 606
1694624443651 -0.003796116580968789 607
1694624443689 -0.0037849094417059526 608
1694624443726 -0.0037736833931836244 609
1694624443768 -0.003762438425850334 610
1694624443803 -0.0037511745301872512 611
1694624443835 -0.0037398916967077422 612
1694624443873 -0.003728589915957148 613
1694624443913 -0.003717269178512117 614
1694624443948 -0.0037059294749821614 615
1694624443978 -0.0036945707960120977 616
1694624444012 -0.003683193132273166 617
1694624444052 -0.0036717964744734655 618
1694624444101 -0.003660380813352182 619
1694624444165 -0.003648946139682474 620
1694624444206 -0.0036374924442688084 621
1694624444236 -0.0036260197179491804 622
1694624444269 -0.0036145279515942264 623
1694624444303 -0.003603017136107445 624
1694624444335 -0.0035914872624265293 625
1694624444369 -0.0035799383215211478 626
1694624444406 -0.0035683703043933868 627
1694624444446 -0.0035567832020835244 628
1694624444478 -0.00354517700565804 629
1694624444508 -0.0035335517062209387 630
1694624444544 -0.0035219072949121966 631
1694624444596 -0.0035102437628993233 632
1694624444631 -0.0034985611013882423 633
1694624444671 -0.0034868593016177396 634
1694624444746 -0.003475138354859242 635
1694624444807 -0.0034633982524194806 636
1694624444849 -0.0034516389856391605 637
1694624444887 -0.0034398605458925147 638
1694624444919 -0.003428062924587527 639
1694624444969 -0.0034162461131685973 640
1694624445011 -0.0034044101031112106 641
1694624445064 -0.0033925548859294885 642
1694624445106 -0.003380680453170415 643
1694624445157 -0.003368786796412504 644
1694624445213 -0.003356873907272906 645
1694624445264 -0.0033449417774025214 646
1694624445299 -0.003332990398486002 647
1694624445333 -0.003321019762244859 648
1694624445385 -0.0033090298604325774 649
1694624445418 -0.003297020684843499 650
1694624445455 -0.0032849922273006094 651
1694624445485 -0.0032729444796650853 652
1694624445516 -0.003260877433834075 653
1694624445572 -0.0032487910817398102 654
1694624445615 -0.003236685415348939 655
1694624445671 -0.0032245604266645245 656
1694624445708 -0.003212416107726268 657
1694624445742 -0.0032002524506076213 658
1694624445779 -0.0031880694474191174 659
1694624445810 -0.0031758670903072606 660
1694624445854 -0.0031636453714540824 661
1694624445935 -0.0031514042830775857 662
1694624446067 -0.0031391438174328545 663
1694624446138 -0.003126863966810056 664
1694624446187 -0.0031145647235366614 665
1694624446226 -0.003102246079975224 666
1694624446267 -0.003089908028526489 667
1694624446318 -0.0030775505616262855 668
1694624446373 -0.003065173671747967 669
1694624446425 -0.0030527773514013035 670
1694624446464 -0.003040361593132257 671
1694624446505 -0.003027926389524982 672
1694624446534 -0.003015471733199604 673
1694624446566 -0.003002997616813108 674
1694624446609 -0.002990504033060226 675
1694624446643 -0.002977990974672773 676
1694624446690 -0.002965458434419199 677
1694624446724 -0.002952906405105926 678
1694624446784 -0.002940334879576678 679
1694624446823 -0.002927743850712261 680
1694624446886 -0.0029151333114316724 681
1694624446925 -0.0029025032546909912 682
1694624446983 -0.002889853673484266 683
1694624447022 -0.002877184560842627 684
1694624447073 -0.002864495909838727 685
1694624447110 -0.0028517877135767478 686
1694624447147 -0.0028390599652037274 687
1694624447190 -0.0028263126579033404 688
1694624447250 -0.0028135457848976753 689
1694624447313 -0.002800759339447012 690
1694624447358 -0.0027879533148496005 691
1694624447396 -0.002775127704442326 692
1694624447434 -0.0027622825016013763 693
1694624447485 -0.00274941769974002 694
1694624447526 -0.0027365332923110497 695
1694624447573 -0.0027236292728063383 696
1694624447615 -0.0027107056347550618 697
1694624447660 -0.0026977623717259203 698
1694624447703 -0.0026847994773298023 699
1694624447739 -0.002671816945210681 700
1694624447780 -0.0026588147690553843 701
1694624447812 -0.0026457929425895976 702
1694624447847 -0.0026327514595774204 703
1694624447880 -0.002619690313822476 704
1694624447909 -0.0026066094991683553 705
1694624447940 -0.0025935090094975077 706
1694624447983 -0.0025803888387319063 707
1694624448023 -0.002567248980833492 708
1694624448083 -0.0025540894298028416 709
1694624448124 -0.002540910179684497 710
1694624448175 -0.002527711224555862 711
1694624448211 -0.002514492558538306 712
1694624448249 -0.0025012541757956086 713
1694624448293 -0.0024879960705261883 714
1694624448331 -0.0024747182369719845 715
1694624448383 -0.002461420669414238 716
1694624448424 -0.002448103362174825 717
1694624448469 -0.0024347663096142558 718
1694624448518 -0.002421409506138783 719
1694624448573 -0.0024080329461877437 720
1694624448622 -0.0023946366242444395 721
1694624448664 -0.002381220534836581 722
1694624448713 -0.0023677846725258522 723
1694624448752 -0.002354329031917679 724
1694624448801 -0.002340853607661675 725
1694624448838 -0.0023273583944423137 726
1694624448876 -0.002313843386988923 727
1694624448910 -0.00230030858007102 728
1694624448958 -0.002286753968499422 729
1694624449019 -0.002273179547125803 730
1694624449095 -0.0022595853108431374 731
1694624449150 -0.0022459712545863653 732
1694624449195 -0.0022323373733315055 733
1694624449254 -0.002218683662094545 734
1694624449303 -0.0022050101159380997 735
1694624449341 -0.002191316729959203 736
1694624449396 -0.002177603499301517 737
1694624449426 -0.0021638704191495606 738
1694624449462 -0.0021501174847289306 739
1694624449513 -0.0021363446913076345 740
1694624449553 -0.002122552034195868 741
1694624449615 -0.0021087395087442395 742
1694624449685 -0.00209490711034932 743
1694624449752 -0.0020810548344474267 744
1694624449807 -0.002067182676515067 745
1694624449849 -0.002053290632074045 746
1694624449902 -0.002039378696688132 747
1694624449941 -0.0020254468659628433 748
1694624449982 -0.0020114951355467703 749
1694624450023 -0.0019975235011313597 750
1694624450063 -0.0019835319584493583 751
1694624450117 -0.001969520503278366 752
1694624450185 -0.0019554891314366163 753
1694624450249 -0.0019414378387871967 754
1694624450305 -0.0019273666212347162 755
1694624450339 -0.0019132754747275271 756
1694624450386 -0.001899164395256836 757
1694624450439 -0.0018850333788573703 758
1694624450504 -0.001870882421606268 759
1694624450564 -0.001856711519625076 760
1694624450627 -0.0018425206690777518 761
1694624450701 -0.0018283098661719954 762
1694624450746 -0.00181407910715925 763
1694624450810 -0.001799828388334257 764
1694624450857 -0.001785557706035279 765
1694624450904 -0.0017712670566447652 766
1694624450944 -0.0017569564365873536 767
1694624451004 -0.0017426258423358654 768
1694624451053 -0.0017282752704006477 769
1694624451100 -0.0017139047173406752 770
1694624451127 -0.0016995141797573332 771
1694624451175 -0.001685103654296194 772
1694624451215 -0.0016706731376461281 773
1694624451256 -0.0016562226265441904 774
1694624451316 -0.001641752117765627 775
1694624451393 -0.0016272616081340896 776
1694624451469 -0.001612751094515863 777
1694624451532 -0.0015982205738251931 778
1694624451577 -0.001583670043015184 779
1694624451614 -0.0015690994990875673 780
1694624451652 -0.0015545089390864852 781
1694624451687 -0.001539898360105596 782
1694624451720 -0.0015252677592758612 783
1694624451759 -0.0015106171337784247 784
1694624451810 -0.0014959464808368406 785
1694624451847 -0.001481255797723957 786
1694624451882 -0.001466545081750814 787
1694624451921 -0.0014518143302788555 788
1694624451960 -0.00143706354071238 789
1694624452025 -0.0014222927105014271 790
1694624452072 -0.001407501837142 791
1694624452122 -0.0013926909181742886 792
1694624452178 -0.00137785995118489 793
1694624452224 -0.001363008933804588 794
1694624452264 -0.0013481378637116848 795
1694624452312 -0.0013332467386280022 796
1694624452359 -0.001318335556321104 797
1694624452420 -0.001303404314608736 798
1694624452481 -0.001288453011346835 799
1694624452569 -0.001273481644442409 800
1694624452636 -0.0012584902118475405 801
1694624452729 -0.001243478711558943 802
1694624452835 -0.0012284471416208476 803
1694624452908 -0.0012133955001214503 804
1694624452992 -0.0011983237852000173 805
1694624453058 -0.0011832319950351167 806
1694624453114 -0.0011681201278557207 807
1694624453168 -0.0011529881819365428 808
1694624453199 -0.0011378361555984817 809
1694624453231 -0.0011226640472086213 810
1694624453274 -0.001107471855180675 811
1694624453321 -0.0010922595779752076 812
1694624453359 -0.001077027214098747 813
1694624453406 -0.0010617747621048945 814
1694624453458 -0.0010465022205938812 815
1694624453525 -0.0010312095882127892 816
1694624453569 -0.00101589686365533 817
1694624453613 -0.0010005640456620668 818
1694624453650 -0.0009852111330193036 819
1694624453681 -0.0009698381245653032 820
1694624453721 -0.000954445019178296 821
1694624453769 -0.0009390318157880273 822
1694624453811 -0.0009235985133699831 823
1694624453842 -0.0009081451109469452 824
1694624453927 -0.0008926716075918772 825
1694624453995 -0.0008771780024192655 826
1694624454067 -0.0008616642945955544 827
1694624454113 -0.0008461304833327077 828
1694624454156 -0.0008305765678908728 829
1694624454190 -0.0008150025475766043 830
1694624454230 -0.0007994084217477493 831
1694624454288 -0.0007837941898041212 832
1694624454340 -0.0007681598511968257 833
1694624454374 -0.0007525054054242641 834
1694624454407 -0.0007368308520321332 835
1694624454440 -0.000721136190613425 836
1694624454474 -0.0007054214208126464 837
1694624454508 -0.0006896865423164922 838
1694624454541 -0.0006739315548622837 839
1694624454574 -0.0006581564582393007 840
1694624454606 -0.0006423612522776789 841
1694624454643 -0.000626545936860623 842
1694624454675 -0.0006107105119181888 843
1694624454708 -0.0005948549774292822 844
1694624454745 -0.0005789793334196602 845
1694624454778 -0.0005630835799654843 846
1694624454810 -0.000547167717189323 847
1694624454845 -0.000531231745263927 848
1694624454879 -0.0005152756644088985 849
1694624454908 -0.0004992994748940216 850
1694624454940 -0.0004833031770350438 851
1694624454977 -0.0004672867712027795 852
1694624455034 -0.0004512502578075672 853
1694624455073 -0.00043519363731547855 854
1694624455109 -0.0004191169102378822 855
1694624455161 -0.0004030200771367731 856
1694624455207 -0.0003869031386225519 857
1694624455255 -0.00037076609535402483 858
1694624455305 -0.0003546089480401804 859
1694624455362 -0.0003384316974377466 860
1694624455418 -0.0003222343443529674 861
1694624455474 -0.0003060168896416027 862
1694624455520 -0.00028977933420804014 863
1694624455567 -0.0002735216790066275 864
1694624455641 -0.00025724392504011817 865
1694624455694 -0.0002409460733614477 866
1694624455762 -0.00022462812507018093 867
1694624455820 -0.0002082900813227262 868
1694624455873 -0.00019193194331479368 869
1694624455940 -0.00017555371229849293 870
1694624455989 -0.000159155389573451 871
1694624456027 -0.0001427369764888109 872
1694624456077 -0.0001262984744436757 873
1694624456168 -0.00010983988488577623 874
1694624456250 -9.336120931635605e-05 875
1694624456316 -7.686244927884722e-05 876
1694624456367 -6.034360637618974e-05 877
1694624456411 -4.380468225240186e-05 878
1694624456452 -2.7245678606346857e-05 879
1694624456492 -1.0666597185737814e-05 880
1694624456540 5.932560212418281e-06 881
1694624456591 2.2551791741709515e-05 882
1694624456636 3.919109550054589e-05 883
1694624456670 5.5850469545482007e-05 884
1694624456702 7.252991187722824e-05 885
1694624456748 8.922942044731208e-05 886
1694624456786 0.00010594899315841122 887
1694624456820 0.00012268862786135593 888
1694624456871 0.0001394483223593479 889
1694624456914 0.00015622807439941155 890
1694624456958 0.0001730278816857167 891
1694624457001 0.00018984774186658893 892
1694624457066 0.00020668765254272525 893
1694624457108 0.00022354761126286427 894
1694624457162 0.0002404276155256735 895
1694624457206 0.00025732766277963837 896
1694624457247 0.000274247750421841 897
1694624457291 0.00029118787579895944 898
1694624457335 0.00030814803620804465 899
1694624457382 0.00032512822889518844 900
1694624457423 0.0003421284510517486 901
1694624457455 0.00035914869982478503 902
1694624457504 0.00037618897230784487 903
1694624457560 0.0003932492655394082 904
1694624457602 0.0004103295765146564 905
1694624457641 0.0004274299021725936 906
1694624457674 0.0004445502394029299 907
1694624457718 0.0004616905850449715 908
1694624457758 0.00047885093588295735 909
1694624457800 0.0004960312886569396 910
1694624457861 0.0005132316400501269 911
1694624457900 0.0005304519866984325 912
1694624457931 0.0005476923251812593 913
1694624457964 0.0005649526520338233 914
1694624457998 0.0005822329637353851 915
1694624458039 0.0005995332567152456 916
1694624458077 0.0006168535273513021 917
1694624458114 0.0006341937719699375 918
1694624458168 0.0006515539868469089 919
1694624458207 0.0006689341682052374 920
1694624458243 0.0006863343122193166 921
1694624458276 0.0007037544150056974 922
1694624458317 0.0007211944726380759 923
1694624458366 0.000738654481132861 924
1694624458408 0.0007561344364565015 925
1694624458452 0.0007736343345247088 926
1694624458501 0.0007911541711974612 927
1694624458546 0.0008086939422905504 928
1694624458588 0.0008262536435593715 929
1694624458626 0.0008438332707157992 930
1694624458665 0.0008614328194149756 931
1694624458699 0.0008790522852611948 932
1694624458747 0.0008966916638074585 933
1694624458784 0.0009143509505553649 934
1694624458818 0.000932030140954665 935
1694624458854 0.0009497292303993765 936
1694624458891 0.0009674482142384422 937
1694624458924 0.0009851870877642943 938
1694624458959 0.001002945846218517 939
1694624458995 0.001020724484790847 940
1694624459031 0.0010385229986183964 941
1694624459067 0.001056341382787207 942
1694624459102 0.0010741796323305852 943
1694624459151 0.0010920377422302119 944
1694624459189 0.0011099157074166976 945
1694624459223 0.0011278135227628105 946
1694624459258 0.001145731183098131 947
1694624459299 0.0011636686831941745 948
1694624459351 0.0011816260177716087 949
1694624459387 0.0011996031814986985 950
1694624459425 0.0012176001689919724 951
1694624459483 0.0012356169748153345 952
1694624459527 0.0012536535934801751 953
1694624459562 0.0012717100194461484 954
1694624459593 0.001289786247121727 955
1694624459639 0.001307882270857319 956
1694624459673 0.0013259980849593678 957
1694624459710 0.0013441336836779172 958
1694624459743 0.0013622890612075 959
1694624459799 0.0013804642116934662 960
1694624459857 0.0013986591292308725 961
1694624459907 0.0014168738078588206 962
1694624459971 0.0014351082415646754 963
1694624460039 0.0014533624242836218 964
1694624460105 0.0014716363498981089 965
1694624460159 0.0014899300122384052 966
1694624460205 0.0015082434050815996 967
1694624460257 0.001526576522154155 968
1694624460304 0.0015449293571246914 969
1694624460344 0.00156330190361742 970
1694624460387 0.0015816941551944907 971
1694624460426 0.0016001061053755317 972
1694624460469 0.0016185377476167773 973
1694624460511 0.0016369890753308303 974
1694624460581 0.00165546008187345 975
1694624460620 0.001673950760547438 976
1694624460661 0.0016924611046054139 977
1694624460694 0.0017109911072410444 978
1694624460727 0.0017295407616038094 979
1694624460775 0.001748110060784458 980
1694624460814 0.001766698997823446 981
1694624460849 0.0017853075657074946 982
1694624460900 0.0018039357573698123 983
1694624460969 0.001822583565692426 984
1694624461038 0.0018412509835034063 985
1694624461085 0.0018599380035786428 986
1694624461139 0.0018786446186398464 987
1694624461192 0.0018973708213594342 988
1694624461227 0.001916116604348872 989
1694624461272 0.001934881960177104 990
1694624461313 0.0019536668813535663 991
1694624461348 0.001972471360335848 992
1694624461390 0.0019912953895306895 993
1694624461424 0.0020101389612878773 994
1694624461465 0.0020290020679079035 995
1694624461496 0.0020478847016353052 996
1694624461533 0.002066786854666658 997
1694624461575 0.002085708519139917 998
1694624461609 0.002104649687144522 999
