1694620746684 177.00034218396445 0
1694620746731 176.6343963749144 1
1694620746832 176.26931653061325 2
1694620746865 175.9050993609545 3
1694620746900 175.5417416009012 4
1694620746930 175.17924001021487 5
1694620746959 174.81759137318767 6
1694620746983 174.45679249837744 7
1694620747008 174.096840218346 8
1694620747035 173.73773138940055 9
1694620747060 173.37946289133828 10
1694620747084 173.02203162719346 11
1694620747109 172.6654345229881 12
1694620747133 172.30966852748514 13
1694620747158 171.95473061194483 14
1694620747182 171.6006177698836 15
1694620747207 171.24732701683612 16
1694620747232 170.89485539012 17
1694620747258 170.54319994860333 18
1694620747283 170.19235777247468 19
1694620747308 169.8423259630163 20
1694620747332 169.49310164237934 21
1694620747357 169.1446819533624 22
1694620747382 168.79706405919202 23
1694620747406 168.45024514330638 24
1694620747436 168.1042224091408 25
1694620747473 167.75899307991654 26
1694620747512 167.41455439843148 27
1694620747541 167.07090362685355 28
1694620747568 166.72803804651647 29
1694620747592 166.38595495771781 30
1694620747617 166.0446516795198 31
1694620747642 165.70412554955183 32
1694620747667 165.3643739238158 33
1694620747692 165.02539417649362 34
1694620747721 164.6871836997567 35
1694620747749 164.34973990357807 36
1694620747775 164.01306021554635 37
1694620747799 163.6771420806821 38
1694620747824 163.34198296125626 39
1694620747850 163.00758033661066 40
1694620747875 162.67393170298072 41
1694620747900 162.34103457332014 42
1694620747924 162.00888647712767 43
1694620747950 161.67748496027585 44
1694620747974 161.34682758484183 45
1694620748000 161.01691192894017 46
1694620748026 160.6877355865575 47
1694620748054 160.35929616738912 48
1694620748081 160.03159129667756 49
1694620748110 159.704618615053 50
1694620748139 159.37837577837558 51
1694620748167 159.05286045757938 52
1694620748195 158.72807033851853 53
1694620748221 158.40400312181472 54
1694620748250 158.08065652270687 55
1694620748275 157.75802827090223 56
1694620748305 157.43611611042945 57
1694620748334 157.11491779949313 58
1694620748364 156.79443111033027 59
1694620748395 156.47465382906833 60
1694620748424 156.15558375558484 61
1694620748453 155.83721870336862 62
1694620748478 155.5195564993829 63
1694620748506 155.2025949839297 64
1694620748533 154.88633201051593 65
1694620748574 154.57076544572092 66
1694620748602 154.25589316906573 67
1694620748627 153.9417130728838 68
1694620748653 153.628223062193 69
1694620748736 153.31542105456938 70
1694620748803 153.00330498002236 71
1694620748847 152.69187278087114 72
1694620748892 152.3811224116226 73
1694620748924 152.07105183885108 74
1694620748952 151.7616590410787 75
1694620748986 151.45294200865794 76
1694620749014 151.14489874365486 77
1694620749045 150.83752725973412 78
1694620749074 150.53082558204505 79
1694620749101 150.2247917471094 80
1694620749131 149.91942380270984 81
1694620749161 149.6147198077804 82
1694620749188 149.31067783229742 83
1694620749217 149.00729595717243 84
1694620749244 148.70457227414593 85
1694620749272 148.4025048856825 86
1694620749302 148.10109190486696 87
1694620749331 147.8003314553018 88
1694620749359 147.50022167100602 89
1694620749389 147.20076069631475 90
1694620749418 146.9019466857803 91
1694620749445 146.60377780407413 92
1694620749473 146.30625222589026 93
1694620749501 146.00936813584943 94
1694620749529 145.71312372840453 95
1694620749557 145.41751720774718 96
1694620749586 145.12254678771524 97
1694620749616 144.82821069170154 98
1694620749653 144.53450715256335 99
1694620749691 144.24143441253335 100
1694620749727 143.94899072313112 101
1694620749764 143.65717434507604 102
1694620749794 143.36598354820097 103
1694620749823 143.07541661136696 104
1694620749850 142.78547182237904 105
1694620749880 142.49614747790255 106
1694620749910 142.20744188338122 107
1694620749939 141.91935335295534 108
1694620749968 141.63188020938145 109
1694620749996 141.34502078395252 110
1694620750025 141.05877341641946 111
1694620750052 140.7731364549131 112
1694620750080 140.48810825586744 113
1694620750110 140.20368718394352 114
1694620750138 139.91987161195414 115
1694620750164 139.6366599207897 116
1694620750191 139.35405049934448 117
1694620750219 139.07204174444425 118
1694620750250 138.7906320607742 119
1694620750279 138.50981986080794 120
1694620750309 138.22960356473737 121
1694620750337 137.9499816004033 122
1694620750376 137.6709524032266 123
1694620750406 137.39251441614041 124
1694620750435 137.11466608952313 125
1694620750462 136.83740588113207 126
1694620750489 136.56073225603765 127
1694620750520 136.2846436865588 128
1694620750550 136.0091386521986 129
1694620750579 135.7342156395811 130
1694620750609 135.45987314238837 131
1694620750638 135.18610966129881 132
1694620750668 134.91292370392554 133
1694620750702 134.64031378475605 134
1694620750733 134.36827842509214 135
1694620750769 134.09681615299067 136
1694620750801 133.82592550320513 137
1694620750829 133.55560501712733 138
1694620750858 133.28585324273064 139
1694620750890 133.01666873451288 140
1694620750917 132.74805005344055 141
1694620750945 132.47999576689347 142
1694620750976 132.2125044486098 143
1694620751007 131.94557467863208 144
1694620751041 131.67920504325366 145
1694620751072 131.4133941349656 146
1694620751103 131.14814055240453 147
1694620751134 130.8834429003006 148
1694620751165 130.61929978942652 149
1694620751192 130.35570983654677 150
1694620751221 130.0926716643675 151
1694620751252 129.83018390148715 152
1694620751281 129.5682451823473 153
1694620751311 129.3068541471845 154
1694620751355 129.04600944198205 155
1694620751402 128.7857097184228 156
1694620751433 128.52595363384236 157
1694620751461 128.2667398511827 158
1694620751488 128.00806703894634 159
1694620751516 127.74993387115101 160
1694620751545 127.49233902728493 161
1694620751575 127.23528119226239 162
1694620751605 126.97875905638006 163
1694620751639 126.72277131527339 164
1694620751676 126.46731666987411 165
1694620751713 126.2123938263674 166
1694620751760 125.9580014961503 167
1694620751808 125.70413839579012 168
1694620751848 125.45080324698331 169
1694620751893 125.19799477651502 170
1694620751933 124.94571171621888 171
1694620751981 124.69395280293743 172
1694620752030 124.44271677848268 173
1694620752075 124.19200238959738 174
1694620752126 123.94180838791668 175
1694620752175 123.69213352992996 176
1694620752231 123.44297657694335 177
1694620752278 123.19433629504262 178
1694620752332 122.94621145505624 179
1694620752381 122.6986008325192 180
1694620752424 122.45150320763686 181
1694620752469 122.20491736524951 182
1694620752516 121.95884209479706 183
1694620752558 121.71327619028428 184
1694620752596 121.46821845024624 185
1694620752633 121.22366767771443 186
1694620752672 120.97962268018289 187
1694620752717 120.73608226957487 188
1694620752759 120.49304526220993 189
1694620752799 120.2505104787712 190
1694620752841 120.00847674427322 191
1694620752889 119.76694288802985 192
1694620752933 119.52590774362272 193
1694620752975 119.2853701488701 194
1694620753011 119.0453289457958 195
1694620753053 118.80578298059858 196
1694620753090 118.56673110362205 197
1694620753128 118.32817216932449 198
1694620753158 118.0901050362494 199
1694620753188 117.85252856699611 200
1694620753217 117.61544162819078 201
1694620753247 117.3788430904576 202
1694620753278 117.14273182839061 203
1694620753310 116.9071067205254 204
1694620753339 116.67196664931151 205
1694620753368 116.4373105010847 206
1694620753398 116.20313716603985 207
1694620753425 115.96944553820403 208
1694620753449 115.73623451540996 209
1694620753474 115.50350299926933 210
1694620753498 115.27124989514705 211
1694620753526 115.03947411213525 212
1694620753554 114.80817456302775 213
1694620753589 114.57735016429481 214
1694620753617 114.34699983605809 215
1694620753647 114.11712250206594 216
1694620753679 113.88771708966883 217
1694620753707 113.65878252979509 218
1694620753736 113.43031775692708 219
1694620753765 113.20232170907721 220
1694620753793 112.97479332776464 221
1694620753823 112.74773155799191 222
1694620753853 112.52113534822192 223
1694620753884 112.29500365035526 224
1694620753911 112.06933541970754 225
1694620753942 111.84412961498715 226
1694620753974 111.61938519827311 227
1694620754010 111.3951011349933 228
1694620754043 111.17127639390277 229
1694620754071 110.9479099470624 230
1694620754099 110.72500076981751 231
1694620754130 110.50254784077707 232
1694620754159 110.28055014179296 233
1694620754188 110.05900665793926 234
1694620754219 109.837916377492 235
1694620754250 109.61727829190899 236
1694620754278 109.39709139580992 237
1694620754309 109.1773546869566 238
1694620754336 108.95806716623346 239
1694620754364 108.73922783762809 240
1694620754390 108.52083570821225 241
1694620754419 108.30288978812287 242
1694620754448 108.0853890905433 243
1694620754477 107.8683326316846 244
1694620754505 107.65171943076736 245
1694620754534 107.43554851000339 246
1694620754562 107.21981889457771 247
1694620754589 107.0045296126306 248
1694620754616 106.78967969524022 249
1694620754644 106.5752681764048 250
1694620754673 106.36129409302549 251
1694620754700 106.14775648488917 252
1694620754730 105.9346543946515 253
1694620754759 105.72198686782014 254
1694620754787 105.50975295273793 255
1694620754816 105.29795170056664 256
1694620754844 105.0865821652705 257
1694620754873 104.87564340360011 258
1694620754901 104.66513447507639 259
1694620754931 104.4550544419747 260
1694620754961 104.24540236930932 261
1694620754989 104.03617732481766 262
1694620755020 103.82737837894504 263
1694620755058 103.6190046048295 264
1694620755089 103.41105507828641 265
1694620755118 103.20352887779394 266
1694620755145 102.99642508447792 267
1694620755171 102.78974278209729 268
1694620755195 102.58348105702962 269
1694620755222 102.37763899825667 270
1694620755246 102.17221569735021 271
1694620755273 101.96721024845782 272
1694620755301 101.76262174828899 273
1694620755327 101.55844929610122 274
1694620755353 101.35469199368632 275
1694620755380 101.15134894535692 276
1694620755406 100.94841925793283 277
1694620755452 100.74590204072796 278
1694620755531 100.54379640553685 279
1694620755585 100.34210146662178 280
1694620755660 100.1408163406998 281
1694620755715 99.93994014692977 282
1694620755778 99.73947200689977 283
1694620755824 99.53941104461451 284
1694620755865 99.3397563864827 285
1694620755901 99.14050716130485 286
1694620755937 98.94166250026097 287
1694620755980 98.74322153689839 288
1694620756022 98.54518340711982 289
1694620756064 98.34754724917126 290
1694620756099 98.15031220363049 291
1694620756142 97.95347741339505 292
1694620756184 97.7570420236709 293
1694620756218 97.56100518196084 294
1694620756256 97.36536603805298 295
1694620756292 97.17012374400979 296
1694620756327 96.97527745415667 297
1694620756363 96.7808263250709 298
1694620756398 96.5867695155708 299
1694620756432 96.39310618670473 300
1694620756468 96.19983550174027 301
1694620756505 96.00695662615375 302
1694620756545 95.81446872761946 303
1694620756579 95.62237097599922 304
1694620756617 95.43066254333198 305
1694620756653 95.23934260382357 306
1694620756689 95.04841033383636 307
1694620756727 94.85786491187928 308
1694620756772 94.66770551859763 309
1694620756821 94.47793133676322 310
1694620756871 94.28854155126457 311
1694620756918 94.09953534909698 312
1694620756952 93.91091191935294 313
1694620756985 93.72267045321253 314
1694620757013 93.53481014393381 315
1694620757043 93.34733018684348 316
1694620757069 93.16022977932741 317
1694620757093 92.9735081208215 318
1694620757121 92.78716441280238 319
1694620757146 92.60119785877829 320
1694620757172 92.41560766428006 321
1694620757207 92.23039303685215 322
1694620757237 92.04555318604375 323
1694620757265 91.86108732339997 324
1694620757290 91.67699466245305 325
1694620757322 91.49327441871381 326
1694620757353 91.30992580966291 327
1694620757385 91.12694805474243 328
1694620757416 90.94434037534737 329
1694620757447 90.76210199481726 330
1694620757480 90.58023213842793 331
1694620757514 90.39873003338316 332
1694620757550 90.21759490880655 333
1694620757592 90.03682599573345 334
1694620757634 89.85642252710285 335
1694620757671 89.67638373774945 336
1694620757706 89.49670886439569 337
1694620757744 89.31739714564404 338
1694620757778 89.13844782196904 339
1694620757811 88.95986013570972 340
1694620757848 88.78163333106185 341
1694620757890 88.60376665407044 342
1694620757926 88.4262593526221 343
1694620757960 88.24911067643762 344
1694620757992 88.07231987706457 345
1694620758018 87.89588620786994 346
1694620758046 87.71980892403273 347
1694620758072 87.54408728253694 348
1694620758103 87.36872054216417 349
1694620758130 87.19370796348657 350
1694620758160 87.01904880885985 351
1694620758196 86.84474234241611 352
1694620758239 86.670787830057 353
1694620758300 86.49718453944675 354
1694620758356 86.32393174000534 355
1694620758411 86.15102870290174 356
1694620758453 85.97847470104706 357
1694620758485 85.80626900908797 358
1694620758521 85.63441090339992 359
1694620758562 85.46289966208069 360
1694620758611 85.29173456494374 361
1694620758657 85.12091489351175 362
1694620758705 84.95043993101024 363
1694620758750 84.78030896236096 364
1694620758796 84.61052127417584 365
1694620758839 84.44107615475045 366
1694620758877 84.27197289405782 367
1694620758914 84.10321078374231 368
1694620758951 83.93478911711327 369
1694620758987 83.76670718913911 370
1694620759030 83.5989642964411 371
1694620759065 83.43155973728736 372
1694620759101 83.26449281158696 373
1694620759144 83.09776282088389 374
1694620759177 82.93136906835113 375
1694620759213 82.76531085878497 376
1694620759250 82.59958749859896 377
1694620759288 82.43419829581832 378
1694620759317 82.26914256007413 379
1694620759345 82.10441960259764 380
1694620759372 81.94002873621467 381
1694620759401 81.77596927533996 382
1694620759427 81.61224053597158 383
1694620759461 81.44884183568541 384
1694620759500 81.28577249362974 385
1694620759541 81.12303183051964 386
1694620759577 80.96061916863171 387
1694620759614 80.79853383179864 388
1694620759648 80.6367751454038 389
1694620759682 80.47534243637605 390
1694620759717 80.31423503318443 391
1694620759755 80.15345226583285 392
1694620759786 79.99299346585502 393
1694620759821 79.83285796630922 394
1694620759857 79.67304510177316 395
1694620759893 79.51355420833892 396
1694620759929 79.3543846236079 397
1694620759967 79.19553568668573 398
1694620760008 79.03700673817737 399
1694620760044 78.87879712018209 400
1694620760078 78.72090617628855 401
1694620760118 78.56333325156994 402
1694620760153 78.40607769257912 403
1694620760187 78.24913884734373 404
1694620760219 78.09251606536144 405
1694620760256 77.93620869759518 406
1694620760294 77.78021609646842 407
1694620760331 77.62453761586042 408
1694620760369 77.46917261110157 409
1694620760406 77.31412043896881 410
1694620760440 77.15938045768091 411
1694620760475 77.00495202689395 412
1694620760510 76.85083450769675 413
1694620760549 76.69702726260634 414
1694620760597 76.54352965556343 415
1694620760649 76.39034105192799 416
1694620760694 76.23746081847479 417
1694620760752 76.08488832338895 418
1694620760799 75.93262293626161 419
1694620760844 75.78066402808545 420
1694620760889 75.62901097125054 421
1694620760940 75.47766313953984 422
1694620760980 75.32661990812505 423
1694620761014 75.1758806535623 424
1694620761048 75.02544475378791 425
1694620761077 74.87531158811419 426
1694620761104 74.72548053722528 427
1694620761136 74.57595098317299 428
1694620761164 74.42672230937262 429
1694620761194 74.27779390059894 430
1694620761231 74.12916514298196 431
1694620761266 73.98083542400312 432
1694620761305 73.83280413249093 433
1694620761348 73.6850706586173 434
1694620761389 73.53763439389324 435
1694620761459 73.39049473116512 436
1694620761508 73.24365106461059 437
1694620761546 73.09710278973475 438
1694620761581 72.95084930336618 439
1694620761611 72.80489000365316 440
1694620761642 72.65922429005965 441
1694620761675 72.51385156336168 442
1694620761707 72.36877122564331 443
1694620761740 72.22398268029302 444
1694620761780 72.07948533199983 445
1694620761822 71.93527858674969 446
1694620761858 71.79136185182153 447
1694620761887 71.64773453578373 448
1694620761915 71.50439604849042 449
1694620761940 71.36134580107775 450
1694620761966 71.21858320596026 451
1694620761992 71.07610767682729 452
1694620762017 70.93391862863936 453
1694620762048 70.79201547762455 454
1694620762073 70.65039764127492 455
1694620762101 70.50906453834305 456
1694620762127 70.36801558883847 457
1694620762153 70.22725021402407 458
1694620762177 70.0867678364127 459
1694620762203 69.94656787976368 460
1694620762228 69.80664976907927 461
1694620762254 69.66701293060137 462
1694620762281 69.52765679180794 463
1694620762323 69.38858078140974 464
1694620762362 69.2497843293468 465
1694620762398 69.11126686678519 466
1694620762427 68.97302782611357 467
1694620762455 68.83506664093991 468
1694620762482 68.69738274608817 469
1694620762508 68.55997557759491 470
1694620762534 68.42284457270617 471
1694620762562 68.28598916987403 472
1694620762595 68.14940880875346 473
1694620762623 68.0131029301991 474
1694620762650 67.87707097626193 475
1694620762677 67.74131239018621 476
1694620762702 67.60582661640613 477
1694620762728 67.4706131005428 478
1694620762765 67.33567128940099 479
1694620762804 67.20100063096596 480
1694620762832 67.06660057440051 481
1694620762869 66.9324705700416 482
1694620762910 66.79861006939747 483
1694620762949 66.66501852514448 484
1694620762977 66.53169539112402 485
1694620763003 66.39864012233949 486
1694620763031 66.26585217495324 487
1694620763058 66.13333100628356 488
1694620763089 66.00107607480166 489
1694620763115 65.86908684012869 490
1694620763141 65.7373627630327 491
1694620763167 65.60590330542577 492
1694620763194 65.4747079303609 493
1694620763220 65.3437761020293 494
1694620763246 65.21310728575716 495
1694620763276 65.082700948003 496
1694620763307 64.95255655635461 497
1694620763336 64.82267357952628 498
1694620763367 64.69305148735577 499
1694620763398 64.56368975080157 500
1694620763427 64.43458784194003 501
1694620763459 64.30574523396243 502
1694620763486 64.17716140117224 503
1694620763515 64.04883581898234 504
1694620763548 63.920767963912134 505
1694620763577 63.792957313584736 506
1694620763606 63.66540334672433 507
1694620763635 63.53810554315325 508
1694620763668 63.41106338378933 509
1694620763696 63.284276350643154 510
1694620763725 63.1577439268152 511
1694620763753 63.03146559649331 512
1694620763785 62.90544084494987 513
1694620763812 62.77966915853912 514
1694620763848 62.65415002469448 515
1694620763877 62.52888293192587 516
1694620763906 62.40386736981709 517
1694620763932 62.27910282902312 518
1694620763957 62.15458880126748 519
1694620763985 62.03032477933961 520
1694620764010 61.90631025709228 521
1694620764039 61.782544729438925 522
1694620764067 61.65902769235113 523
1694620764092 61.535758642855896 524
1694620764117 61.41273707903325 525
1694620764143 61.28996250001355 526
1694620764168 61.16743440597492 527
1694620764193 61.04515229814084 528
1694620764217 60.923115678777435 529
1694620764243 60.80132405119103 530
1694620764268 60.679776919725725 531
1694620764295 60.55847378976069 532
1694620764320 60.43741416770782 533
1694620764345 60.31659756100922 534
1694620764370 60.1960234781347 535
1694620764395 60.075691428579304 536
1694620764420 59.95560092286087 537
1694620764446 59.8357514725176 538
1694620764470 59.71614259010557 539
1694620764495 59.596773789196334 540
1694620764519 59.477644584374524 541
1694620764549 59.35875449123533 542
1694620764574 59.24010302638231 543
1694620764600 59.12168970742476 544
1694620764624 59.00351405297543 545
1694620764649 58.885575582648244 546
1694620764674 58.76787381705573 547
1694620764699 58.65040827780683 548
1694620764725 58.53317848750449 549
1694620764754 58.41618396974332 550
1694620764780 58.29942424910724 551
1694620764805 58.182898851167195 552
1694620764830 58.06660730247879 553
1694620764857 57.950549130580065 554
1694620764885 57.83472386398912 555
1694620764916 57.71913103220182 556
1694620764944 57.6037701656896 557
1694620764970 57.48864079589709 558
1694620764998 57.373742455239885 559
1694620765025 57.25907467710232 560
1694620765059 57.144636995835185 561
1694620765087 57.03042894675347 562
1694620765116 56.91645006613415 563
1694620765145 56.80269989121397 564
1694620765174 56.68917796018722 565
1694620765202 56.575883812203486 566
1694620765228 56.462816987365514 567
1694620765255 56.34997702672695 568
1694620765280 56.23736347229014 569
1694620765307 56.124975867004096 570
1694620765332 56.012813754762064 571
1694620765358 55.900876680399655 572
1694620765383 55.78916418969239 573
1694620765409 55.677675829353824 574
1694620765436 55.56641114703316 575
1694620765462 55.455369691313315 576
1694620765487 55.34455101170862 577
1694620765512 55.23395465866283 578
1694620765539 55.1235801835469 579
1694620765566 55.013427138657 580
1694620765593 54.90349507721224 581
1694620765618 54.79378355335274 582
1694620765643 54.6842921221375 583
1694620765669 54.5750203395422 584
1694620765697 54.4659677624573 585
1694620765722 54.35713394868585 586
1694620765750 54.24851845694149 587
1694620765775 54.140120846846344 588
1694620765801 54.03194067892904 589
1694620765827 53.923977514622564 590
1694620765853 53.816230916262384 591
1694620765879 53.708700447084226 592
1694620765909 53.60138567122221 593
1694620765945 53.49428615370679 594
1694620765986 53.387401460462684 595
1694620766022 53.28073115830693 596
1694620766053 53.17427481494688 597
1694620766082 53.068031998978206 598
1694620766110 52.96200227988291 599
1694620766137 52.85618522802738 600
1694620766162 52.75058041466032 601
1694620766189 52.645187411910904 602
1694620766217 52.54000579278676 603
1694620766244 52.43503513117197 604
1694620766276 52.33027500182524 605
1694620766307 52.22572498037781 606
1694620766334 52.121384643331666 607
1694620766360 52.017253568057484 608
1694620766389 51.91333133279279 609
1694620766417 51.809617516639996 610
1694620766445 51.70611169956449 611
1694620766471 51.602813462392774 612
1694620766499 51.49972238681051 613
1694620766526 51.396838055360625 614
1694620766554 51.294160051441466 615
1694620766581 51.191687959304836 616
1694620766608 51.08942136405423 617
1694620766635 50.98735985164284 618
1694620766660 50.8855030088718 619
1694620766686 50.783850423388195 620
1694620766711 50.68240168368333 621
1694620766739 50.581156379090814 622
1694620766763 50.48011409978468 623
1694620766789 50.37927443677765 624
1694620766813 50.27863698191919 625
1694620766839 50.17820132789373 626
1694620766865 50.07796706821887 627
1694620766892 49.97793379724344 628
1694620766919 49.87810111014586 629
1694620766944 49.77846860293219 630
1694620766970 49.67903587243439 631
1694620766996 49.57980251630847 632
1694620767026 49.480768133032804 633
1694620767060 49.381932321906184 634
1694620767088 49.28329468304617 635
1694620767114 49.18485481738724 636
1694620767139 49.08661232667906 637
1694620767165 48.988566813484645 638
1694620767190 48.89071788117869 639
1694620767217 48.793065133945746 640
1694620767243 48.69560817677842 641
1694620767270 48.59834661547578 642
1694620767297 48.50128005664149 643
1694620767322 48.404408107682045 644
1694620767356 48.30773037680513 645
1694620767384 48.21124647301785 646
1694620767410 48.114956006124984 647
1694620767437 48.01885858672728 648
1694620767472 47.92295382621977 649
1694620767509 47.82724133678998 650
1694620767553 47.731720731416324 651
1694620767614 47.636391623866295 652
1694620767683 47.54125362869486 653
1694620767742 47.44630636124272 654
1694620767790 47.35154943763462 655
1694620767837 47.25698247477771 656
1694620767889 47.16260509035975 657
1694620767954 47.068416902847616 658
1694620768019 46.97441753148544 659
1694620768086 46.880606596293106 660
1694620768138 46.78698371806448 661
1694620768199 46.69354851836577 662
1694620768252 46.60030061953394 663
1694620768304 46.50723964467496 664
1694620768352 46.41436521766225 665
1694620768392 46.321676963135005 666
1694620768426 46.22917450649652 667
1694620768454 46.136857473912656 668
1694620768480 46.0447254923101 669
1694620768508 45.952778189374826 670
1694620768538 45.86101519355045 671
1694620768566 45.7694361340366 672
1694620768594 45.67804064078733 673
1694620768620 45.5868283445095 674
1694620768646 45.49579887666116 675
1694620768674 45.40495186945 676
1694620768700 45.314286955831726 677
1694620768727 45.22380376950842 678
1694620768757 45.133501944927076 679
1694620768783 45.04338111727791 680
1694620768813 44.9534409224928 681
1694620768842 44.863680997243776 682
1694620768881 44.774100978941384 683
1694620768917 44.68470050573317 684
1694620768950 44.595479216502056 685
1694620768986 44.50643675086483 686
1694620769035 44.41757274917062 687
1694620769086 44.328886852499245 688
1694620769125 44.2403787026598 689
1694620769173 44.15204794218899 690
1694620769216 44.06389421434969 691
1694620769262 43.97591716312932 692
1694620769298 43.8881164332384 693
1694620769338 43.80049167010901 694
1694620769375 43.713042519893186 695
1694620769406 43.62576862946149 696
1694620769435 43.538669646401466 697
1694620769463 43.45174521901614 698
1694620769493 43.364994996322466 699
1694620769520 43.2784186280499 700
1694620769546 43.19201576463881 701
1694620769574 43.105786057239065 702
1694620769599 43.019729157708504 703
1694620769625 42.93384471861141 704
1694620769650 42.848132393217085 705
1694620769684 42.76259183549835 706
1694620769716 42.67722270013006 707
1694620769757 42.59202464248761 708
1694620769794 42.50699731864552 709
1694620769834 42.422140385375904 710
1694620769875 42.337453500147035 711
1694620769916 42.252936321121915 712
1694620769962 42.168588507156755 713
1694620770013 42.08440971779957 714
1694620770063 42.000399613288735 715
1694620770112 41.91655785455145 716
1694620770153 41.83288410320245 717
1694620770192 41.74937802154243 718
1694620770231 41.66603927255667 719
1694620770280 41.5828675199136 720
1694620770337 41.499862427963365 721
1694620770386 41.41702366173641 722
1694620770435 41.33435088694202 723
1694620770484 41.251843769966946 724
1694620770526 41.16950197787397 725
1694620770557 41.0873251784005 726
1694620770586 41.00531303995713 727
1694620770615 40.923465231626324 728
1694620770643 40.841781423160874 729
1694620770673 40.76026128498265 730
1694620770700 40.67890448818108 731
1694620770726 40.597710704511854 732
1694620770754 40.51667960639545 733
1694620770781 40.43581086691582 734
1694620770814 40.35510415981901 735
1694620770845 40.27455915951169 736
1694620770874 40.19417554105987 737
1694620770902 40.1139529801875 738
1694620770928 40.03389115327511 739
1694620770960 39.953989737358384 740
1694620771005 39.8742484101269 741
1694620771038 39.79466684992269 742
1694620771070 39.71524473573893 743
1694620771101 39.63598174721852 744
1694620771129 39.55687756465283 745
1694620771156 39.477931868980285 746
1694620771183 39.39914434178502 747
1694620771211 39.320514665295576 748
1694620771241 39.242042522383564 749
1694620771271 39.16372759656227 750
1694620771304 39.085569571985395 751
1694620771334 39.00756813344569 752
1694620771361 38.92972296637362 753
1694620771390 38.85203375683608 754
1694620771418 38.774500191535054 755
1694620771445 38.69712195780629 756
1694620771473 38.619898743617966 757
1694620771508 38.54283023756949 758
1694620771539 38.46591612889002 759
1694620771569 38.389156107437316 760
1694620771610 38.31254986369635 761
1694620771666 38.236097088778024 762
1694620771731 38.159797474417914 763
1694620771770 38.08365071297491 764
1694620771804 38.007656497430006 765
1694620771838 37.931814521384915 766
1694620771866 37.8561244790609 767
1694620771898 37.78058606529739 768
1694620771943 37.70519897555077 769
1694620771985 37.62996290589309 770
1694620772018 37.554877553010755 771
1694620772055 37.479942614203324 772
1694620772086 37.40515778738219 773
1694620772114 37.33052277106931 774
1694620772141 37.25603726439602 775
1694620772168 37.18170096710167 776
1694620772195 37.10751357953247 777
1694620772219 37.03347480264017 778
1694620772245 36.95958433798084 779
1694620772271 36.8858418877136 780
1694620772304 36.81224715459942 781
1694620772335 36.738799841999835 782
1694620772368 36.66549965387573 783
1694620772399 36.59234629478609 784
1694620772432 36.51933946988681 785
1694620772468 36.44647888492938 786
1694620772506 36.373764246259746 787
1694620772541 36.301195260817046 788
1694620772581 36.22877163613239 789
1694620772622 36.156493080327635 790
1694620772653 36.08435930211417 791
1694620772680 36.01237001079175 792
1694620772707 35.94052491624719 793
1694620772749 35.86882372895325 794
1694620772791 35.797266159967386 795
1694620772877 35.72585192093054 796
1694620772923 35.65458072406596 797
1694620772962 35.58345228217801 798
1694620772998 35.512466308650936 799
1694620773029 35.44162251744772 800
1694620773059 35.370920623108844 801
1694620773085 35.30036034075116 802
1694620773117 35.22994138606665 803
1694620773151 35.159663475321295 804
1694620773185 35.08952632535384 805
1694620773216 35.019529653574665 806
1694620773246 34.94967317796457 807
1694620773276 34.87995661707368 808
1694620773307 34.81037969002017 809
1694620773339 34.74094211648919 810
1694620773371 34.67164361673162 811
1694620773408 34.602483911563006 812
1694620773439 34.53346272236232 813
1694620773466 34.464579771070845 814
1694620773492 34.395834780190995 815
1694620773518 34.32722747278517 816
1694620773544 34.258757572474664 817
1694620773572 34.19042480343841 818
1694620773597 34.122228890411954 819
1694620773624 34.05416955868621 820
1694620773653 33.986246534106414 821
1694620773685 33.91845954307092 822
1694620773713 33.85080831253009 823
1694620773743 33.783292569985164 824
1694620773771 33.71591204348715 825
1694620773798 33.64866646163567 826
1694620773823 33.58155555357782 827
1694620773850 33.51457904900711 828
1694620773878 33.44773667816229 829
1694620773903 33.381028171826294 830
1694620773928 33.31445326132502 831
1694620773956 33.24801167852632 832
1694620773982 33.18170315583886 833
1694620774008 33.11552742621101 834
1694620774044 33.04948422312972 835
1694620774091 32.98357328061946 836
1694620774133 32.917794333241076 837
1694620774171 32.852147116090734 838
1694620774203 32.78663136479879 839
1694620774231 32.721246815528716 840
1694620774261 32.655993204976006 841
1694620774295 32.590870270367105 842
1694620774323 32.5258777494583 843
1694620774349 32.46101538053464 844
1694620774376 32.396282902408856 845
1694620774403 32.33168005442029 846
1694620774436 32.26720657643383 847
1694620774468 32.20286220883881 848
1694620774502 32.13864669254797 849
1694620774535 32.07455976899632 850
1694620774570 32.01060118014018 851
1694620774606 31.946770668456015 852
1694620774641 31.883067976939433 853
1694620774676 31.8194928491041 854
1694620774714 31.756045028980697 855
1694620774758 31.692724261115853 856
1694620774797 31.62953029057109 857
1694620774833 31.566462862921767 858
1694620774868 31.50352172425607 859
1694620774901 31.440706621173906 860
1694620774931 31.37801730078593 861
1694620774961 31.315453510712423 862
1694620774989 31.2530149990823 863
1694620775021 31.190701514532083 864
1694620775050 31.128512806204824 865
1694620775079 31.066448623749118 866
1694620775108 31.00450871731802 867
1694620775135 30.94269283756809 868
1694620775167 30.881000735658272 869
1694620775206 30.81943216324896 870
1694620775250 30.75798687250091 871
1694620775308 30.69666461607425 872
1694620775355 30.635465147127473 873
1694620775396 30.57438821931638 874
1694620775437 30.513433586793113 875
1694620775485 30.452601004205114 876
1694620775528 30.391890226694127 877
1694620775568 30.33130100989519 878
1694620775615 30.270833109935616 879
1694620775653 30.210486283434033 880
1694620775702 30.150260287499325 881
1694620775759 30.09015487972966 882
1694620775806 30.030169818211526 883
1694620775857 29.970304861518674 884
1694620775904 29.910559768711156 885
1694620775952 29.850934299334376 886
1694620776008 29.791428213418012 887
1694620776047 29.732041271475108 888
1694620776092 29.672773234501076 889
1694620776128 29.613623863972666 890
1694620776159 29.554592921847036 891
1694620776190 29.49568017056077 892
1694620776226 29.436885373028876 893
1694620776262 29.378208292643826 894
1694620776297 29.31964869327461 895
1694620776331 29.26120633926572 896
1694620776367 29.202880995436225 897
1694620776402 29.144672427078756 898
1694620776429 29.0865803999586 899
1694620776458 29.028604680312686 900
1694620776487 28.9707450348487 901
1694620776520 28.913001230744026 902
1694620776558 28.85537303564487 903
1694620776594 28.797860217665278 904
1694620776630 28.740462545386187 905
1694620776666 28.683179787854456 906
1694620776698 28.626011714581978 907
1694620776725 28.56895809554467 908
1694620776761 28.512018701181542 909
1694620776793 28.45519330239381 910
1694620776832 28.398481670543873 911
1694620776870 28.341883577454432 912
1694620776910 28.28539879540757 913
1694620776944 28.22902709714375 914
1694620776976 28.172768255860937 915
1694620777008 28.116622045213653 916
1694620777042 28.060588239312054 917
1694620777071 28.004666612720985 918
1694620777098 27.948856940459123 919
1694620777125 27.89315899799793 920
1694620777151 27.837572561260874 921
1694620777177 27.78209740662241 922
1694620777209 27.72673331090709 923
1694620777240 27.671480051388695 924
1694620777274 27.61633740578925 925
1694620777308 27.561305152278166 926
1694620777342 27.50638306947132 927
1694620777370 27.451570936430127 928
1694620777397 27.39686853266066 929
1694620777425 27.342275638112756 930
1694620777456 27.287792033179066 931
1694620777491 27.233417498694212 932
1694620777521 27.17915181593385 933
1694620777557 27.12499476661381 934
1694620777593 27.070946132889176 935
1694620777624 27.017005697353387 936
1694620777655 26.9631732430374 937
1694620777690 26.909448553408733 938
1694620777727 26.855831412370605 939
1694620777765 26.80232160426109 940
1694620777799 26.74891891385218 941
1694620777829 26.69562312634894 942
1694620777854 26.642434027388607 943
1694620777880 26.589351403039736 944
1694620777907 26.536375039801293 945
1694620777931 26.483504724601808 946
1694620777960 26.43074024479853 947
1694620777993 26.37808138817647 948
1694620778031 26.325527942947623 949
1694620778066 26.273079697750056 950
1694620778096 26.220736441647066 951
1694620778125 26.168497964126296 952
1694620778151 26.116364055098895 953
1694620778176 26.06433450489864 954
1694620778200 26.01240910428109 955
1694620778225 25.960587644422734 956
1694620778250 25.908869916920143 957
1694620778275 25.85725571378907 958
1694620778302 25.8057448274637 959
1694620778327 25.754337050795687 960
1694620778352 25.70303217705339 961
1694620778377 25.65182999992101 962
1694620778401 25.60073031349772 963
1694620778428 25.54973291229684 964
1694620778453 25.49883759124499 965
1694620778479 25.448044145681298 966
1694620778506 25.397352371356497 967
1694620778530 25.346762064432145 968
1694620778555 25.29627302147973 969
1694620778580 25.24588503947992 970
1694620778606 25.19559791582168 971
1694620778631 25.145411448301463 972
1694620778656 25.095325435122362 973
1694620778681 25.045339674893324 974
1694620778706 24.995453966628297 975
1694620778734 24.945668109745416 976
1694620778762 24.895981904066193 977
1694620778789 24.846395149814708 978
1694620778817 24.796907647616774 979
1694620778843 24.747519198499113 980
1694620778869 24.698229603888592 981
1694620778895 24.64903866561138 982
1694620778922 24.599946185892108 983
1694620778953 24.55095196735312 984
1694620778987 24.50205581301366 985
1694620779013 24.453257526289025 986
1694620779047 24.404556910989804 987
1694620779087 24.355953771321055 988
1694620779131 24.307447911881532 989
1694620779172 24.259039137662864 990
1694620779207 24.21072725404877 991
1694620779237 24.162512066814248 992
1694620779267 24.114393382124803 993
1694620779295 24.06637100653568 994
1694620779325 24.018444746991005 995
1694620779359 23.97061441082308 996
1694620779396 23.922879805751514 997
1694620779427 23.875240739882507 998
1694620779457 23.827697021708065 999
