1694626745439 8.423898664221344 0
1694626745805 5.946964998975933 1
1694626746111 4.407709685260253 2
1694626746425 4.2315847126348025 3
1694626746730 4.962205503281458 4
1694626746990 4.3715925979046295 5
1694626747309 3.6247241156079855 6
1694626747571 5.502431850491838 7
1694626747871 4.5656711631827385 8
1694626748103 6.571926604800854 9
1694626748390 4.5297458634436465 10
1694626748654 3.3039232862088364 11
1694626748922 5.60380443278589 12
1694626749195 4.260711603521757 13
1694626749476 4.8787935875382775 14
1694626749741 7.8699672024101535 15
1694626749995 4.041892206738809 16
1694626750245 2.915385535102491 17
1694626750532 4.2676369752353125 18
1694626750799 4.202272003881079 19
1694626751055 3.572842582888679 20
1694626751330 8.14031124810006 21
1694626751583 3.7633544967905856 22
1694626751826 4.590086942656097 23
1694626752118 2.501600383284363 24
1694626752377 4.363192429373418 25
1694626752672 5.229244033038201 26
1694626752987 4.683551580837282 27
1694626753357 2.848031928720111 28
1694626753659 4.3468061230457 29
1694626753964 6.787408781407731 30
1694626754273 4.481632415332045 31
1694626754597 4.821713425939869 32
1694626754877 8.102528754151667 33
1694626755199 4.664240727798698 34
1694626755509 4.65806821991622 35
1694626755794 5.1844747514749 36
1694626756132 4.535433468927104 37
1694626756438 4.591345895166064 38
1694626756705 4.414513158208838 39
1694626757005 3.32793719574286 40
1694626757301 7.222753574016708 41
1694626757654 4.060795288058318 42
1694626757915 5.468154099989132 43
1694626758205 9.29665398119869 44
1694626758479 5.76479721132251 45
1694626758802 5.672273386163311 46
1694626759087 4.678986722094817 47
1694626759412 3.7262282632226924 48
1694626759724 1.6495296423444892 49
1694626759957 6.41221383175782 50
1694626760254 3.242061154231327 51
1694626760499 2.8651323110075606 52
1694626760786 5.046809582049785 53
1694626761085 3.596567453771608 54
1694626761429 5.192192077190536 55
1694626761729 3.657548730951911 56
1694626762024 5.554175140456871 57
1694626762344 1.9202917041118481 58
1694626762632 6.137574815186756 59
1694626762950 4.209361257537949 60
1694626763238 5.579247415807436 61
1694626763590 3.5700419250306963 62
1694626763882 3.2176880722474053 63
1694626764190 2.631665017212441 64
1694626764496 6.510607988715892 65
1694626764806 7.486139580528097 66
1694626765045 2.48174295863747 67
1694626765295 4.776672736765022 68
1694626765583 5.379856966421926 69
1694626765840 4.338692291396653 70
1694626766121 3.628784827503276 71
1694626766389 5.2368318261500955 72
1694626766660 3.950734694119723 73
1694626766930 5.31411430833146 74
1694626767221 5.260922694155688 75
1694626767501 3.654088874636011 76
1694626767743 5.515708586107327 77
1694626768045 7.215395391994608 78
1694626768418 6.260365513203482 79
1694626768723 6.6294225099318265 80
1694626769008 4.120080412421785 81
1694626769303 3.4858339839410024 82
1694626769640 2.937141720030364 83
1694626769945 6.145653551528733 84
1694626770191 4.26287320878292 85
1694626770451 6.428336124766986 86
1694626770689 6.222655839069848 87
1694626770955 2.0647688784074325 88
1694626771190 3.1467220212809788 89
1694626771457 4.089542953496049 90
1694626771723 5.088402671764539 91
1694626772033 8.112041909086185 92
1694626772297 5.143860131170781 93
1694626772567 6.449219644368541 94
1694626772835 3.6576501382537114 95
1694626773097 5.282831308832731 96
1694626773369 4.682295029466535 97
1694626773587 4.847467241390005 98
1694626773821 5.041244128148407 99
1694626774091 5.234973223044301 100
1694626774364 7.670619704210094 101
1694626774597 5.676931105770062 102
1694626774889 5.587999191699176 103
1694626775147 6.639572247534855 104
1694626775402 4.007361163405199 105
1694626775623 5.479217543561328 106
1694626775875 4.1079113551002315 107
1694626776129 5.53893959181365 108
1694626776425 6.4581028431869 109
1694626776724 4.17973440122766 110
1694626777002 5.377454088989025 111
1694626777265 4.554301604261291 112
1694626777527 5.499045285522289 113
1694626777739 5.225866879451514 114
1694626778034 6.168153742125044 115
1694626778289 5.441452598829975 116
1694626778553 6.148652763144034 117
1694626778783 5.377616675544941 118
1694626779074 5.619778667422781 119
1694626779316 6.1102711467532576 120
1694626779582 4.07473317782047 121
1694626779825 4.379584723995156 122
1694626780104 4.809767255692806 123
1694626780374 5.32625932657129 124
1694626780630 7.315753733221442 125
1694626780840 4.991804539758494 126
1694626781136 4.929124491676353 127
1694626781405 5.2778857171840405 128
1694626781660 5.624520108917512 129
1694626781938 3.6389229279424185 130
1694626782200 4.034874435130107 131
1694626782463 4.521219002072285 132
1694626782737 5.559179567268713 133
1694626783021 5.897915245187186 134
1694626783275 2.4346517323459613 135
1694626783540 4.060877854484049 136
1694626783770 3.282451740166319 137
1694626784047 3.919375679071166 138
1694626784294 3.0830741835975655 139
1694626784566 6.601771603568896 140
1694626784800 6.358779719118947 141
1694626785044 5.499122364873978 142
1694626785306 4.026402078015617 143
1694626785580 5.413399053097999 144
1694626785807 6.775545369955856 145
1694626786071 2.2252290380732056 146
1694626786360 3.6500556386828724 147
1694626786624 4.959639984584285 148
1694626786889 5.960692421715655 149
1694626787168 5.505968851488547 150
1694626787503 4.8192916462885576 151
1694626787691 4.745286447628405 152
1694626788006 4.365851927512124 153
1694626788248 4.7936729810111265 154
1694626788561 1.373808710851744 155
1694626788807 6.147016191390247 156
1694626789118 5.11427217169448 157
1694626789410 5.186897077581925 158
1694626789639 10.220474984276764 159
1694626789924 10.413622310326701 160
1694626790182 4.329147441515975 161
1694626790450 4.589008661456859 162
1694626790689 2.926189070438556 163
1694626790977 5.6750410284744035 164
1694626791260 6.785400463254525 165
1694626791519 5.61455670992895 166
1694626791766 4.091921244737924 167
1694626792060 4.733614707819118 168
1694626792441 4.175278558600265 169
1694626792659 5.157640465734729 170
1694626792914 9.377208765817965 171
1694626793174 4.394488089064512 172
1694626793468 7.246590197376662 173
1694626793702 6.053638335596777 174
1694626793987 5.970560416016638 175
1694626794208 5.152661589977351 176
1694626794521 4.392195730581583 177
1694626794763 5.2197498405132965 178
1694626795040 3.296203732414603 179
1694626795303 6.029091274875689 180
1694626795577 5.8449677267919995 181
1694626795796 1.5546082498513065 182
1694626796055 6.151970661904826 183
1694626796306 2.4598192012982367 184
1694626796595 5.311921093268916 185
1694626796843 2.4948398012557247 186
1694626797102 2.896387766741687 187
1694626797370 4.654177390266159 188
1694626797638 6.081619615630652 189
1694626797874 5.457035948695065 190
1694626798097 3.3688795358127273 191
1694626798347 6.499341503361927 192
1694626798574 2.5210338501527425 193
1694626798813 1.7974485180934614 194
1694626799038 5.354856819461807 195
1694626799314 5.527826798305292 196
1694626799568 6.085837189173086 197
1694626799812 6.5808665334597904 198
1694626800028 3.7918397436829157 199
1694626800296 3.4918877231192633 200
1694626800513 4.373506472662336 201
1694626800736 3.657705273288679 202
1694626800975 2.568952285659922 203
1694626801194 4.916620179178778 204
1694626801434 4.418706759129381 205
1694626801673 6.287218100097692 206
1694626801925 10.138937196258478 207
1694626802144 5.313754638942979 208
1694626802382 5.411094600057647 209
1694626802621 4.339133472438301 210
1694626802887 5.877786009179141 211
1694626803209 6.102089151844415 212
1694626803495 2.5697136688971973 213
1694626803771 7.220529997122663 214
1694626804055 5.286805470793481 215
1694626804288 5.120230652628892 216
1694626804554 5.3022580414888845 217
1694626804834 6.833624555808494 218
1694626805156 7.00008216741036 219
1694626805474 4.436793554907547 220
1694626805767 3.2593205909978966 221
1694626806083 5.739382366291602 222
1694626806468 6.037352515050839 223
1694626806877 6.428389383984668 224
1694626807187 4.9562376282389895 225
1694626807483 4.81910008834131 226
1694626807727 7.1542404012010685 227
1694626808009 4.725688299240683 228
1694626808245 6.437229044668617 229
1694626808503 5.322047079801155 230
1694626808749 4.747607339392256 231
1694626809013 4.045661588586678 232
1694626809262 6.1220679138533 233
1694626809501 4.854483019939168 234
1694626809771 5.973607311759228 235
1694626810056 3.780477565068507 236
1694626810298 5.490286391622169 237
1694626810566 5.94669337309562 238
1694626810853 2.1591081074235583 239
1694626811117 5.411740058084573 240
1694626811397 3.6990543723441305 241
1694626811626 5.0305219877019995 242
1694626811908 3.435528217552643 243
1694626812156 5.141281390814135 244
1694626812449 2.6770619772477096 245
1694626812673 5.1921511653158205 246
1694626812925 5.542592075579426 247
1694626813213 5.331713530422466 248
1694626813471 4.27791180759419 249
1694626813754 3.2060116029969 250
1694626813992 5.31905200457013 251
1694626814276 7.098208016057954 252
1694626814535 4.6679593823711905 253
1694626814809 1.780051417811765 254
1694626815069 5.5295631088736386 255
1694626815346 4.228789074856523 256
1694626815571 3.5249110840344646 257
1694626815880 4.65070687761776 258
1694626816137 5.107173300529221 259
1694626816373 6.435706547233033 260
1694626816655 4.744654014076753 261
1694626816916 5.896712991418723 262
1694626817139 5.729621060551503 263
1694626817425 3.007447649129685 264
1694626817694 4.167436233410731 265
1694626817980 7.112843935416413 266
1694626818188 2.640047550722666 267
1694626818476 3.1193387943872306 268
1694626818724 5.350259546102738 269
1694626818951 2.766139142786676 270
1694626819189 5.117797676089173 271
1694626819483 3.474693009915179 272
1694626819720 3.0867187811469163 273
1694626819963 6.103599216227283 274
1694626820207 0.9004866551869621 275
1694626820476 6.260988551659841 276
1694626820702 7.2483330993018855 277
1694626820981 2.298765695694541 278
1694626821221 3.9996799727927845 279
1694626821490 4.821586266309258 280
1694626821759 6.68209315201971 281
1694626822034 6.4296994875730125 282
1694626822350 4.687092042294363 283
1694626822595 2.629203390989549 284
1694626822885 7.384854549109348 285
1694626823148 4.369488582932496 286
1694626823453 5.275269884993751 287
1694626823696 3.97202327463378 288
1694626823999 4.882409779353041 289
1694626824299 5.293697693328568 290
1694626824536 5.33590108234695 291
1694626824799 4.445116599881472 292
1694626825040 3.5515388467564954 293
1694626825290 3.9553199282795366 294
1694626825589 5.524505686802465 295
1694626825848 5.929185531533549 296
1694626826078 3.736517761611094 297
1694626826356 4.51684571567355 298
1694626826698 7.174860704474417 299
1694626827025 5.5347923569335755 300
1694626827288 3.714881199662962 301
1694626827581 4.028778156197815 302
1694626827831 3.1975418300628307 303
1694626828123 4.29075036865804 304
1694626828403 3.1592537315139415 305
1694626828628 3.9502085265623537 306
1694626828933 5.13718705012464 307
1694626829233 4.5635469193890765 308
1694626829481 2.726092956084889 309
1694626829793 3.789482640790596 310
1694626830073 5.527062444848199 311
1694626830380 7.463452726786368 312
1694626830639 4.3617352155843845 313
1694626830964 4.107838824845401 314
1694626831291 5.457064005735894 315
1694626831562 5.299366021271462 316
1694626831818 5.047542470542647 317
1694626832151 5.897541706388283 318
1694626832433 6.953310279159216 319
1694626832725 7.672698931735217 320
1694626833052 7.373086467507805 321
1694626833339 4.35446134556238 322
1694626833607 4.314569959468121 323
1694626833883 4.969791743185405 324
1694626834152 3.335148911345318 325
1694626834448 4.011803915425385 326
1694626834703 4.6833192579519185 327
1694626834935 4.924147444221122 328
1694626835209 7.56042227396504 329
1694626835527 3.5142911723216175 330
1694626835777 5.702082165778634 331
1694626836019 4.368668426154348 332
1694626836292 4.7697532625539605 333
1694626836613 5.41991712155189 334
1694626836870 6.3290613635901085 335
1694626837160 4.213375085375493 336
1694626837458 5.860564092357578 337
1694626837699 7.687687660540434 338
1694626837991 6.012652243088021 339
1694626838264 4.968380054083469 340
1694626838536 4.9392459228426135 341
1694626838769 5.824897257420904 342
1694626839051 5.004150795750434 343
1694626839305 4.506733593131098 344
1694626839530 5.940120974273046 345
1694626839763 3.6880756727310953 346
1694626840077 7.14346692950095 347
1694626840391 5.1366812315645545 348
1694626840609 6.162322193153292 349
1694626840873 1.7226197028865446 350
1694626841157 4.7167062691280615 351
1694626841423 5.431146071741862 352
1694626841654 5.284421698053098 353
1694626841858 3.5652261548196007 354
1694626842177 5.791431463846932 355
1694626842454 5.502643485060653 356
1694626842721 3.5202280428669344 357
1694626843001 4.768760875714089 358
1694626843422 6.107933332283033 359
1694626843624 3.963261567347404 360
1694626843958 5.910053594301508 361
1694626844239 3.595119672915321 362
1694626844475 9.422687275544922 363
1694626844749 4.808058446922659 364
1694626844983 3.6106126998086516 365
1694626845216 4.906002825905771 366
1694626845499 3.607815069297941 367
1694626845772 1.4935799737146331 368
1694626846080 6.305107028455514 369
1694626846356 4.935269356672545 370
1694626846609 7.190927647768107 371
1694626846888 4.237377898309468 372
1694626847194 4.097985567756909 373
1694626847514 6.511105863961155 374
1694626847785 3.661118064026884 375
1694626848066 1.918478342472248 376
1694626848305 4.034583303767397 377
1694626848615 4.85565603467765 378
1694626848882 4.484667164194422 379
1694626849120 3.8512226078094343 380
1694626849423 6.389889033798741 381
1694626849722 4.575719084235789 382
1694626849987 0.7313220740579836 383
1694626850283 5.2553293845055755 384
1694626850538 5.188664442988196 385
1694626850812 6.342875578246051 386
1694626851089 2.7671537124367473 387
1694626851356 4.4713938896417265 388
1694626851665 7.568731374580204 389
1694626851915 4.780291849200138 390
1694626852149 4.142728332848383 391
1694626852503 4.503924395823719 392
1694626852813 2.1785184421086026 393
1694626853156 3.215237331402159 394
1694626853413 5.724261391852058 395
1694626853693 2.533238087234934 396
1694626853978 5.2858351514580395 397
1694626854231 4.50701795107806 398
1694626854531 1.533097558789205 399
1694626854840 1.5788176941485519 400
1694626855128 5.580904404641655 401
1694626855381 3.89735448764496 402
1694626855677 5.920145281421007 403
1694626855921 5.577903193390366 404
1694626856168 5.888312359846581 405
1694626856455 5.644719641234056 406
1694626856748 3.1547276499566497 407
1694626857002 3.8634859918106765 408
1694626857300 4.840415935153438 409
1694626857579 4.216333911108753 410
1694626857858 2.8863591583727803 411
1694626858139 4.498974739830547 412
1694626858476 6.781547522223044 413
1694626858758 3.743482423799397 414
1694626859031 5.535638648477336 415
1694626859266 3.7298815698657033 416
1694626859574 5.28702654948335 417
1694626859827 3.434891113590137 418
1694626860088 3.1732860498630204 419
1694626860373 5.386252934691592 420
1694626860653 3.0603776619884684 421
1694626860889 4.324742128559869 422
1694626861161 5.207107900735249 423
1694626861444 5.705142107380991 424
1694626861703 3.3994840392258765 425
1694626862008 6.371076889258581 426
1694626862292 3.8269801882983683 427
1694626862553 1.175848646433349 428
1694626862822 4.065390392290622 429
1694626863081 3.819264365277227 430
1694626863355 3.1355385665701534 431
1694626863720 4.199596338837274 432
1694626863950 4.653354946694453 433
1694626864224 4.004810370545263 434
1694626864437 5.719928237124271 435
1694626864715 6.398343141582976 436
1694626864961 5.113680450427019 437
1694626865201 3.3924862460586724 438
1694626865465 5.777543195295595 439
1694626865703 2.63317917249967 440
1694626865942 4.071958328499518 441
1694626866203 3.3843913763534035 442
1694626866474 6.128856225737063 443
1694626866716 4.814950693431124 444
1694626866977 5.2969287136453405 445
1694626867308 6.299025934970215 446
1694626867701 5.090557119465151 447
1694626868013 5.990683986352754 448
1694626868238 5.784589422015282 449
1694626868488 6.1374501176078455 450
1694626868718 5.018543762621173 451
1694626868991 3.9271524591185454 452
1694626869280 0.9545714879835868 453
1694626869551 6.195712999588338 454
1694626869818 5.0635470258240005 455
1694626870085 3.453013135232057 456
1694626870368 6.883781414216788 457
1694626870597 5.390599518388125 458
1694626870871 3.627064030036156 459
1694626871194 3.740934620490003 460
1694626871470 2.941015368124504 461
1694626871755 4.240201784100514 462
1694626872029 6.178368363812635 463
1694626872316 4.604829959063478 464
1694626872578 5.6133687762173805 465
1694626872904 3.9484049265499457 466
1694626873195 7.542078264186475 467
1694626873455 3.1387777051352073 468
1694626873709 4.025206307435438 469
1694626873973 4.05383679521053 470
1694626874212 6.146605747107057 471
1694626874487 4.837484381188417 472
1694626874778 3.1554068075113335 473
1694626875005 4.409880657042196 474
1694626875257 4.45276320243147 475
1694626875488 5.997316580989233 476
1694626875767 5.08408075114625 477
1694626875992 2.0934867210070456 478
1694626876217 8.97503727589387 479
1694626876496 4.861482472004195 480
1694626876778 4.840211548984167 481
1694626877079 6.162121666478369 482
1694626877366 3.752070134117989 483
1694626877651 1.449272789390506 484
1694626877967 7.274667015914418 485
1694626878236 3.4320980791197884 486
1694626878502 3.4619968037040545 487
1694626878773 2.5947824921371128 488
1694626879031 7.100363120971625 489
1694626879349 4.580051897129901 490
1694626879574 5.724075671274083 491
1694626879865 4.387802661869317 492
1694626880156 5.323542415954741 493
1694626880419 4.369965547237099 494
1694626880699 3.2794325133896947 495
1694626880923 6.32852121280303 496
1694626881229 3.9806775137999484 497
1694626881521 7.390569079757669 498
1694626881779 4.336025489799765 499
1694626882062 5.102026934621466 500
1694626882366 5.769823890898193 501
1694626882592 4.784023516611105 502
1694626882881 5.201141471811706 503
1694626883170 3.611501637916244 504
1694626883460 5.23778590856976 505
1694626883705 3.7605357865953914 506
1694626883993 6.858676639041786 507
1694626884247 3.060567656250279 508
1694626884503 6.529897219548692 509
1694626884783 5.745177620522394 510
1694626885012 2.4791375746724955 511
1694626885313 5.066060370981984 512
1694626885594 3.1444256005556137 513
1694626885805 5.78344580435176 514
1694626886091 5.698392955035844 515
1694626886346 6.426097865218701 516
1694626886627 4.126477784325703 517
1694626886871 6.130108376541773 518
1694626887152 4.865124531977858 519
1694626887419 7.575486020363399 520
1694626887713 5.761182346400587 521
1694626888015 4.278550989459326 522
1694626888267 6.1887700523344265 523
1694626888542 6.0907371030493165 524
1694626888901 5.273599942335935 525
1694626889188 8.390466826838129 526
1694626889467 5.254999320960266 527
1694626889757 6.234193117498174 528
1694626890047 2.6592042610359106 529
1694626890298 5.943783402807689 530
1694626890580 3.599579048890286 531
1694626890821 8.582496802848722 532
1694626891091 4.374164533430878 533
1694626891376 2.177624170876664 534
1694626891654 5.896609689072504 535
1694626891928 5.185640787997332 536
1694626892207 9.553409281705054 537
1694626892499 3.4081003135664374 538
1694626892730 4.174467370798954 539
1694626892997 5.278137614600668 540
1694626893282 3.5361731456693604 541
1694626893558 4.697038377520814 542
1694626893825 5.569197087333724 543
1694626894083 4.617728973052975 544
1694626894367 4.682084690775087 545
1694626894610 3.7336584712269745 546
1694626894858 6.201513560363584 547
1694626895130 5.300573488223817 548
1694626895410 2.5502640283957296 549
1694626895614 4.871089845736528 550
1694626895887 2.699280630469697 551
1694626896165 4.690361442020629 552
1694626896448 4.5966517505292295 553
1694626896674 5.47483452221594 554
1694626896941 8.6637361818791 555
1694626897231 5.223887224722471 556
1694626897551 3.771928929509731 557
1694626897813 3.4257899428416625 558
1694626898191 4.931143917126619 559
1694626898477 4.654782623023951 560
1694626898770 6.866772310384837 561
1694626899013 4.461324661068189 562
1694626899298 4.3456227963626 563
1694626899578 7.66355915224132 564
1694626899810 4.083193533258316 565
1694626900075 2.4404465184319037 566
1694626900331 3.194281019455447 567
1694626900622 4.13966853590688 568
1694626900862 6.024784094670939 569
1694626901151 3.7399984935208783 570
1694626901445 3.4098822410236074 571
1694626901719 5.586311620402224 572
1694626902001 1.7336107211027907 573
1694626902260 5.110918257976898 574
1694626902526 4.950719102105249 575
1694626902790 5.19476107647435 576
1694626903049 5.405748018792867 577
1694626903330 4.2503750545667325 578
1694626903635 4.955975273907869 579
1694626903917 2.2315330882205 580
