1694619918358 134.96522117414918 0
1694619918408 106.92046115215436 1
1694619918446 86.15922314016211 2
1694619918494 68.99603885156398 3
1694619918561 55.53840568083408 4
1694619918673 43.919930135355344 5
1694619918767 35.39621684739034 6
1694619918844 28.812807510625248 7
1694619918932 22.71197413335552 8
1694619919051 18.276996652239685 9
1694619919117 14.672551963614255 10
1694619919193 11.70482345840031 11
1694619919305 9.446430803363278 12
1694619919407 7.552841462589424 13
1694619919490 6.002295411862106 14
1694619919573 5.018567440014146 15
1694619919650 3.9371528613815303 16
1694619919773 3.069686552667515 17
1694619919862 2.593868788199395 18
1694619919966 2.0462686183497025 19
1694619920024 1.6805714505205505 20
1694619920056 1.3542643602101934 21
1694619920089 1.0744518047029301 22
1694619920153 0.9494229200413087 23
1694619920253 0.7739829437620128 24
1694619920333 0.6378659052663102 25
1694619920419 0.5348572483843862 26
1694619920472 0.46147197494911163 27
1694619920548 0.3803226237329744 28
1694619920598 0.3414484296439657 29
1694619920645 0.2477150553837315 30
1694619920691 0.274102753706103 31
1694619920741 0.20383365216864102 32
1694619920787 0.17472098210022996 33
1694619920844 0.1522845372229633 34
1694619920898 0.1526583471647448 35
1694619920938 0.13540649935284813 36
1694619920969 0.11527549050858618 37
1694619921011 0.10722970598765971 38
1694619921049 0.11789841569454064 39
1694619921116 0.10259478392650193 40
1694619921179 0.1103721884113468 41
1694619921235 0.10226494845847968 42
1694619921318 0.09265399174749193 43
1694619921414 0.1140425282355718 44
1694619921445 0.09287863433509257 45
1694619921483 0.10969882592478818 46
1694619921514 0.11280776083068937 47
1694619921544 0.10487555054714329 48
1694619921580 0.09358591565194033 49
1694619921614 0.09947160961593733 50
1694619921647 0.0946700720759352 51
1694619921683 0.11307900805667301 52
1694619921719 0.10487361470546211 53
1694619921760 0.1147259258930941 54
1694619921797 0.11047620245224832 55
1694619921831 0.0825041212410425 56
1694619921866 0.08355986796112289 57
1694619921896 0.08999994444861062 58
1694619921931 0.09874263993651876 59
1694619921966 0.09898839912441099 60
1694619922000 0.11617054007923505 61
1694619922037 0.07904696365758283 62
1694619922072 0.07950262783777678 63
1694619922109 0.09051846172997498 64
1694619922143 0.07953319405580793 65
1694619922184 0.0912903979819578 66
1694619922217 0.10161193753790487 67
1694619922247 0.0928416015683988 68
1694619922282 0.10747083781160277 69
1694619922320 0.09044822283053437 70
1694619922351 0.09384135308528248 71
1694619922387 0.12411688010540207 72
1694619922421 0.09824075119775065 73
1694619922454 0.10088370397494396 74
1694619922492 0.09215793983261086 75
1694619922534 0.12219783830983912 76
1694619922576 0.09341372404391955 77
1694619922616 0.09146112790532132 78
1694619922650 0.12075968005194522 79
1694619922691 0.10940985166887164 80
1694619922731 0.0806360960420835 81
1694619922775 0.08165799147788863 82
1694619922816 0.08482889341569257 83
1694619922861 0.10284428668438456 84
1694619922897 0.08303081096117414 85
1694619922945 0.14346654392479682 86
1694619922983 0.10612300736525317 87
1694619923020 0.09353732159754971 88
1694619923054 0.10841853684419353 89
1694619923084 0.09058622832517643 90
1694619923119 0.09399299298827647 91
1694619923156 0.0974823497175098 92
1694619923196 0.08103669996118099 93
1694619923234 0.11250772077479382 94
1694619923267 0.10559081847412649 95
1694619923303 0.0946525822865902 96
1694619923337 0.11283109812359504 97
1694619923395 0.09173154016949388 98
1694619923430 0.09801781294025913 99
1694619923467 0.10155465127156461 100
1694619923501 0.0862049295021821 101
1694619923536 0.09740050142335614 102
1694619923570 0.09118237525890749 103
1694619923611 0.09129522770065125 104
1694619923653 0.09341456309030809 105
1694619923704 0.11852126376052209 106
1694619923749 0.09672805640667359 107
1694619923799 0.09548188691528231 108
1694619923843 0.10995100482817237 109
1694619923894 0.11347422051010618 110
1694619923939 0.09451278348089041 111
1694619923987 0.09310286824065553 112
1694619924018 0.08885978997674562 113
1694619924050 0.0934329835835602 114
1694619924081 0.08638172338540277 115
1694619924150 0.08682527130207984 116
1694619924207 0.11052446471547973 117
1694619924236 0.08428539821335437 118
1694619924268 0.10169113839664007 119
1694619924303 0.07772347796686269 120
1694619924338 0.08621473669638431 121
1694619924378 0.10249644599555133 122
1694619924412 0.0930025929535236 123
1694619924449 0.08179631288737267 124
1694619924481 0.08185121091181358 125
1694619924517 0.0897517944707251 126
1694619924559 0.08759988638816091 127
1694619924600 0.10717934454844281 128
1694619924636 0.09111011509772554 129
1694619924717 0.10085750782346219 130
1694619924783 0.08533313982338155 131
1694619924833 0.08934837980191034 132
1694619924870 0.09474086465637258 133
1694619924917 0.11319647411878846 134
1694619924962 0.09202195106902178 135
1694619924998 0.09185412054904203 136
1694619925029 0.08971820476795456 137
1694619925070 0.09234941476578577 138
1694619925104 0.12940852397831046 139
1694619925147 0.10125119360380692 140
1694619925188 0.08498482196834918 141
1694619925267 0.0734112902508341 142
1694619925333 0.0957867359786698 143
