1694628134592 161.35960880415064 0
1694628134673 161.03878132229838 1
1694628134728 160.71859596908263 2
1694628134850 160.39905145185855 3
1694628134905 160.0801464806036 4
1694628134961 159.76187976791246 5
1694628135033 159.4442500289916 6
1694628135088 159.12725598165392 7
1694628135148 158.81089634631326 8
1694628135198 158.4951698459793 9
1694628135254 158.18007520625193 10
1694628135339 157.8656111553163 11
1694628135419 157.55177642393713 12
1694628135535 157.23856974545376 13
1694628135637 156.92598985577453 14
1694628135751 156.61403549337177 15
1694628135874 156.30270539927648 16
1694628135933 155.99199831707293 17
1694628136003 155.68191299289364 18
1694628136066 155.37244817541387 19
1694628136127 155.06360261584675 20
1694628136204 154.75537506793776 21
1694628136286 154.44776428795973 22
1694628136344 154.1407690347075 23
1694628136429 153.83438806949295 24
1694628136502 153.52862015613957 25
1694628136551 153.2234640609776 26
1694628136602 152.9189185528385 27
1694628136647 152.61498240305033 28
1694628136707 152.31165438543215 29
1694628136794 152.00893327628913 30
1694628136851 151.70681785440752 31
1694628136893 151.40530690104939 32
1694628136959 151.10439919994758 33
1694628137007 150.8040935373008 34
1694628137050 150.50438870176833 35
1694628137095 150.20528348446513 36
1694628137132 149.9067766789568 37
1694628137176 149.6088670812545 38
1694628137215 149.3115534898099 39
1694628137266 149.01483470551022 40
1694628137308 148.7187095316734 41
1694628137347 148.4231767740427 42
1694628137399 148.1282352407822 43
1694628137446 147.8338837424715 44
1694628137488 147.54012109210092 45
1694628137540 147.24694610506648 46
1694628137617 146.95435759916506 47
1694628137673 146.6623543945894 48
1694628137757 146.37093531392324 49
1694628137814 146.08009918213634 50
1694628137878 145.78984482657967 51
1694628137931 145.50017107698045 52
1694628138005 145.21107676543744 53
1694628138064 144.92256072641584 54
1694628138158 144.63462179674264 55
1694628138261 144.34725881560163 56
1694628138349 144.0604706245288 57
1694628138436 143.7742560674071 58
1694628138480 143.48861399046214 59
1694628138521 143.20354324225707 60
1694628138600 142.91904267368776 61
1694628138654 142.63511113797824 62
1694628138695 142.35174749067576 63
1694628138736 142.06895058964605 64
1694628138778 141.78671929506868 65
1694628138840 141.50505246943217 66
1694628138896 141.22394897752932 67
1694628138952 140.94340768645253 68
1694628138993 140.66342746558908 69
1694628139041 140.38400718661632 70
1694628139111 140.10514572349715 71
1694628139184 139.8268419524752 72
1694628139236 139.54909475207023 73
1694628139274 139.27190300307345 74
1694628139318 138.9952655885428 75
1694628139377 138.71918139379844 76
1694628139450 138.44364930641805 77
1694628139534 138.16866821623225 78
1694628139596 137.89423701531976 79
1694628139646 137.6203545980032 80
1694628139682 137.34701986084409 81
1694628139716 137.0742317026386 82
1694628139763 136.8019890244127 83
1694628139830 136.5302907294178 84
1694628139885 136.2591357231261 85
1694628139962 135.98852291322598 86
1694628140006 135.71845120961763 87
1694628140065 135.4489195244084 88
1694628140153 135.1799267719083 89
1694628140196 134.91147186862545 90
1694628140241 134.6435537332618 91
1694628140312 134.37617128670826 92
1694628140397 134.10932345204057 93
1694628140459 133.84300915451465 94
1694628140524 133.5772273215622 95
1694628140586 133.31197688278615 96
1694628140654 133.0472567699564 97
1694628140696 132.78306591700522 98
1694628140751 132.51940326002287 99
1694628140809 132.25626773725318 100
1694628140865 131.99365828908927 101
1694628140914 131.73157385806894 102
1694628140962 131.47001338887034 103
1694628141008 131.20897582830779 104
1694628141040 130.94846012532707 105
1694628141077 130.68846523100146 106
1694628141114 130.42899009852695 107
1694628141151 130.17003368321826 108
1694628141183 129.91159494250437 109
1694628141229 129.65367283592403 110
1694628141268 129.39626632512184 111
1694628141348 129.1393743738435 112
1694628141428 128.88299594793187 113
1694628141471 128.62713001532245 114
1694628141517 128.37177554603915 115
1694628141592 128.1169315121902 116
1694628141648 127.86259688796353 117
1694628141718 127.6087706496229 118
1694628141781 127.3554517755034 119
1694628141840 127.10263924600727 120
1694628141904 126.85033204359978 121
1694628141961 126.59852915280486 122
1694628142011 126.34722956020101 123
1694628142058 126.09643225441697 124
1694628142110 125.84613622612771 125
1694628142198 125.59634046805009 126
1694628142313 125.34704397493873 127
1694628142355 125.0982457435819 128
1694628142426 124.84994477279726 129
1694628142503 124.60214006342785 130
1694628142557 124.35483061833776 131
1694628142622 124.10801544240823 132
1694628142687 123.86169354253332 133
1694628142748 123.61586392761592 134
1694628142810 123.37052560856363 135
1694628142857 123.12567759828451 136
1694628142958 122.88131891168334 137
1694628143020 122.63744856565711 138
1694628143075 122.39406557909132 139
1694628143126 122.15116897285569 140
1694628143178 121.90875776980015 141
1694628143231 121.66683099475084 142
1694628143289 121.42538767450607 143
1694628143342 121.1844268378323 144
1694628143399 120.94394751545995 145
1694628143460 120.70417571897744 146
1694628143524 120.4650848544533 147
1694628143593 120.22647078093777 148
1694628143646 119.98833254363079 149
1694628143711 119.75066918965273 150
1694628143800 119.51347976804058 151
1694628143893 119.27676332974421 152
1694628143986 119.04051892762232 153
1694628144098 118.80474561643862 154
1694628144163 118.569442452858 155
1694628144226 118.33460849544272 156
1694628144267 118.10024280464845 157
1694628144312 117.86634444282055 158
1694628144388 117.63291247419022 159
1694628144452 117.39994596487067 160
1694628144538 117.1674439828533 161
1694628144582 116.93540559800388 162
1694628144661 116.70382988205887 163
1694628144707 116.47271590862148 164
1694628144758 116.24206275315798 165
1694628144792 116.01186949299395 166
1694628144834 115.78213520731043 167
1694628144867 115.55285897714029 168
1694628144896 115.32403988536433 169
1694628144935 115.09567701670764 170
1694628144965 114.8677694577359 171
1694628144994 114.64031629685157 172
1694628145040 114.41331662429022 173
1694628145079 114.1867695321168 174
1694628145123 113.96067411422197 175
1694628145190 113.73502946631831 176
1694628145239 113.50983468593688 177
1694628145284 113.2850888724232 178
1694628145317 113.06079112693381 179
1694628145353 112.83694055243255 180
1694628145386 112.61353625368692 181
1694628145419 112.3905773372644 182
1694628145458 112.16806291152879 183
1694628145492 111.94599208663665 184
1694628145535 111.72436397453362 185
1694628145572 111.50317768895077 186
1694628145616 111.28243234540113 187
1694628145656 111.06212706117583 188
1694628145699 110.84226095534088 189
1694628145743 110.62283314873312 190
1694628145795 110.40384276395702 191
1694628145829 110.18528892538097 192
1694628145863 109.96717075913365 193
1694628145900 109.74948739310057 194
1694628145946 109.53223795692037 195
1694628145994 109.31542158198154 196
1694628146038 109.09903740141858 197
1694628146089 108.88308455010872 198
1694628146153 108.66756216466818 199
1694628146240 108.45246938344884 200
1694628146303 108.23780534653461 201
1694628146346 108.02356919573792 202
1694628146424 107.80976007459635 203
1694628146461 107.59637712836903 204
1694628146528 107.38341950403318 205
1694628146594 107.17088635028067 206
1694628146647 106.95877681751449 207
1694628146690 106.74709005784534 208
1694628146731 106.53582522508823 209
1694628146821 106.32498147475887 210
1694628146892 106.11455796407047 211
1694628146941 105.90455385192995 212
1694628147020 105.69496829893498 213
1694628147079 105.4858004673702 214
1694628147133 105.27704952120389 215
1694628147182 105.06871462608473 216
1694628147221 104.86079494933813 217
1694628147259 104.65328965996312 218
1694628147293 104.44619792862875 219
1694628147345 104.23951892767082 220
1694628147384 104.03325183108852 221
1694628147435 103.82739581454095 222
1694628147485 103.62195005534403 223
1694628147580 103.41691373246677 224
1694628147667 103.21228602652825 225
1694628147720 103.00806611979414 226
1694628147791 102.80425319617342 227
1694628147832 102.60084644121501 228
1694628147888 102.3978450421045 229
1694628148005 102.1952481876608 230
1694628148060 101.9930550683329 231
1694628148111 101.79126487619654 232
1694628148165 101.58987680495088 233
1694628148211 101.38889004991532 234
1694628148296 101.18830380802613 235
1694628148362 100.98811727783321 236
1694628148448 100.78832965949688 237
1694628148532 100.58894015478455 238
1694628148579 100.38994796706758 239
1694628148623 100.19135230131789 240
1694628148659 99.99315236410479 241
1694628148707 99.79534736359183 242
1694628148794 99.5979365095335 243
1694628148878 99.40091901327195 244
1694628148981 99.20429408773401 245
1694628149048 99.00806094742772 246
1694628149102 98.8122188084393 247
1694628149161 98.61676688842992 248
1694628149227 98.4217044066325 249
1694628149304 98.22703058384856 250
1694628149361 98.03274464244501 251
1694628149432 97.8388458063511 252
1694628149496 97.6453333010551 253
1694628149566 97.45220635360126 254
1694628149649 97.2594641925866 255
1694628149710 97.06710604815795 256
1694628149767 96.8751311520085 257
1694628149814 96.68353873737497 258
1694628149884 96.49232803903439 259
1694628149923 96.30149829330091 260
1694628149962 96.1110487380228 261
1694628149996 95.9209786125793 262
1694628150044 95.73128715787759 263
1694628150120 95.5419736163496 264
1694628150163 95.35303723194906 265
1694628150203 95.16447725014824 266
1694628150245 94.97629291793513 267
1694628150288 94.78848348381013 268
1694628150345 94.60104819778319 269
1694628150412 94.41398631137064 270
1694628150505 94.22729707759221 271
1694628150555 94.040979750968 272
1694628150595 93.85503358751535 273
1694628150673 93.66945784474596 274
1694628150723 93.4842517816628 275
1694628150781 93.29941465875706 276
1694628150835 93.1149457380052 277
1694628150894 92.93084428286598 278
1694628150940 92.74710955827736 279
1694628151008 92.56374083065363 280
1694628151051 92.38073736788235 281
1694628151095 92.19809843932141 282
1694628151136 92.01582331579604 283
1694628151173 91.83391126959589 284
1694628151210 91.65236157447202 285
1694628151247 91.47117350563398 286
1694628151280 91.29034633974688 287
1694628151317 91.10987935492837 288
1694628151362 90.92977183074584 289
1694628151402 90.75002304821336 290
1694628151450 90.57063228978886 291
1694628151498 90.39159883937117 292
1694628151554 90.21292198229708 293
1694628151596 90.03460100533853 294
1694628151640 89.85663519669961 295
1694628151696 89.67902384601375 296
1694628151729 89.5017662443408 297
1694628151763 89.3248616841641 298
1694628151815 89.1483094593877 299
1694628151925 88.97210886533345 300
1694628151982 88.79625919873813 301
1694628152037 88.6207597577506 302
1694628152094 88.44560984192896 303
1694628152143 88.27080875223766 304
1694628152209 88.09635579104476 305
1694628152268 87.92225026211901 306
1694628152322 87.74849147062702 307
1694628152398 87.5750787231305 308
1694628152439 87.40201132758341 309
1694628152483 87.22928859332916 310
1694628152551 87.05690983109773 311
1694628152589 86.88487435300306 312
1694628152687 86.71318147254 313
1694628152737 86.54183050458181 314
1694628152786 86.3708207653771 315
1694628152821 86.20015157254724 316
1694628152866 86.02982224508355 317
1694628152911 85.85983210334444 318
1694628152966 85.69018046905285 319
1694628153030 85.52086666529327 320
1694628153106 85.35189001650913 321
1694628153159 85.18324984850007 322
1694628153211 85.0149454884191 323
1694628153249 84.84697626476999 324
1694628153282 84.6793415074044 325
1694628153326 84.51204054751933 326
1694628153360 84.34507271765429 327
1694628153518 84.17843735168863 328
1694628153584 84.01213378483878 329
1694628153635 83.84616135365566 330
1694628153682 83.68051939602191 331
1694628153730 83.51520725114922 332
1694628153775 83.35022425957565 333
1694628153838 83.18556976316295 334
1694628153903 83.02124310509387 335
1694628153973 82.85724362986961 336
1694628154033 82.693570683307 337
1694628154084 82.5302236125359 338
1694628154117 82.36720176599661 339
1694628154149 82.20450449343717 340
1694628154181 82.04213114591072 341
1694628154213 81.88008107577289 342
1694628154254 81.71835363667921 343
1694628154291 81.55694818358238 344
1694628154344 81.39586407272976 345
1694628154405 81.23510066166071 346
1694628154452 81.07465730920397 347
1694628154507 80.91453337547509 348
1694628154552 80.75472822187385 349
1694628154613 80.5952412110816 350
1694628154651 80.43607170705876 351
1694628154703 80.27721907504218 352
1694628154731 80.1186826815426 353
1694628154761 79.96046189434203 354
1694628154802 79.80255608249131 355
1694628154837 79.64496461630732 356
1694628154882 79.48768686737074 357
1694628154923 79.33072220852318 358
1694628154962 79.1740700138649 359
1694628155010 79.01772965875212 360
1694628155091 78.86170051979448 361
1694628155158 78.70598197485266 362
1694628155206 78.5505734030357 363
1694628155263 78.39547418469853 364
1694628155321 78.2406837014395 365
1694628155397 78.08620133609784 366
1694628155468 77.93202647275116 367
1694628155544 77.7781584967129 368
1694628155616 77.62459679452999 369
1694628155682 77.47134075398019 370
1694628155744 77.31838976406968 371
1694628155782 77.16574321503064 372
1694628155815 77.01340049831869 373
1694628155858 76.86136100661047 374
1694628155895 76.70962413380113 375
1694628155933 76.55818927500194 376
1694628155966 76.4070558265378 377
1694628156017 76.25622318594482 378
1694628156056 76.10569075196784 379
1694628156095 75.95545792455803 380
1694628156144 75.80552410487041 381
1694628156179 75.65588869526148 382
1694628156230 75.50655109928674 383
1694628156268 75.35751072169835 384
1694628156304 75.20876696844266 385
1694628156357 75.06031924665777 386
1694628156393 74.91216696467123 387
1694628156433 74.76430953199755 388
1694628156468 74.61674635933589 389
1694628156503 74.46947685856756 390
1694628156536 74.32250044275376 391
1694628156573 74.17581652613308 392
1694628156607 74.02942452411926 393
1694628156638 73.88332385329873 394
1694628156674 73.73751393142825 395
1694628156710 73.59199417743257 396
1694628156746 73.4467640114021 397
1694628156779 73.30182285459053 398
1694628156814 73.15717012941249 399
1694628156850 73.01280525944121 400
1694628156890 72.86872766940617 401
1694628156939 72.72493678519085 402
1694628156980 72.58143203383025 403
1694628157040 72.43821284350877 404
1694628157079 72.29527864355768 405
1694628157116 72.15262886445298 406
1694628157162 72.01026293781301 407
1694628157201 71.86818029639616 408
1694628157263 71.72638037409858 409
1694628157302 71.5848626059519 410
1694628157360 71.44362642812092 411
1694628157398 71.30267127790133 412
1694628157435 71.1619965937174 413
1694628157470 71.02160181511985 414
1694628157508 70.88148638278334 415
1694628157549 70.74164973850442 416
1694628157590 70.60209132519917 417
1694628157642 70.46281058690094 418
1694628157677 70.32380696875815 419
1694628157712 70.18507991703201 420
1694628157743 70.04662887909426 421
1694628157775 69.90845330342496 422
1694628157807 69.77055263961029 423
1694628157841 69.63292633834021 424
1694628157878 69.49557385140639 425
1694628157932 69.35849463169986 426
1694628157975 69.22168813320883 427
1694628158010 69.08515381101654 428
1694628158041 68.94889112129898 429
1694628158082 68.81289952132275 430
1694628158131 68.6771784694428 431
1694628158179 68.54172742510025 432
1694628158217 68.40654584882029 433
1694628158257 68.27163320220984 434
1694628158293 68.13698894795553 435
1694628158332 68.00261254982141 436
1694628158368 67.86850347264684 437
1694628158404 67.7346611823443 438
1694628158439 67.60108514589724 439
1694628158478 67.46777483135796 440
1694628158510 67.33472970784528 441
1694628158547 67.20194924554269 442
1694628158581 67.06943291569594 443
1694628158617 66.93718019061104 444
1694628158652 66.80519054365207 445
1694628158685 66.67346344923914 446
1694628158724 66.54199838284605 447
1694628158762 66.4107948209984 448
1694628158799 66.27985224127141 449
1694628158847 66.1491701222877 450
1694628158886 66.01874794371528 451
1694628158933 65.88858518626547 452
1694628158973 65.75868133169067 453
1694628159009 65.6290358627824 454
1694628159076 65.49964826336915 455
1694628159125 65.37051801831424 456
1694628159210 65.24164461351386 457
1694628159258 65.11302753589487 458
1694628159301 64.9846662734128 459
1694628159344 64.85656031504973 460
1694628159389 64.72870915081225 461
1694628159425 64.60111227172943 462
1694628159461 64.47376916985067 463
1694628159493 64.34667933824372 464
1694628159527 64.21984227099264 465
1694628159562 64.09325746319566 466
1694628159597 63.96692441096326 467
1694628159634 63.840842611416015 468
1694628159669 63.715011562682676 469
1694628159712 63.58943076389805 470
1694628159757 63.464099715201 471
1694628159807 63.33901791773247 472
1694628159865 63.214184873633386 473
1694628159941 63.089600086042694 474
1694628160001 62.965263059095356 475
1694628160066 62.84117329792035 476
1694628160169 62.71733030863855 477
1694628160216 62.59373359836099 478
1694628160254 62.47038267518656 479
1694628160309 62.34727704820026 480
1694628160377 62.2244162274711 481
1694628160472 62.101799724050096 482
1694628160526 61.979427049968386 483
1694628160599 61.8572977182352 484
1694628160662 61.73541124283589 485
1694628160726 61.61376713872999 486
1694628160771 61.492364921849195 487
1694628160826 61.37120410909554 488
1694628160866 61.250284218339274 489
1694628160900 61.12960476841702 490
1694628160934 61.009165279129775 491
1694628160996 60.88896527124109 492
1694628161029 60.76900426647492 493
1694628161063 60.64928178751389 494
1694628161101 60.52979735799725 495
1694628161132 60.41055050251904 496
1694628161165 60.291540746626005 497
1694628161203 60.172767616815904 498
1694628161234 60.05423064053541 499
1694628161277 59.9359293461783 500
1694628161317 59.817863263083495 501
1694628161350 59.7000319215332 502
1694628161382 59.58243485275096 503
1694628161417 59.46507158889984 504
1694628161446 59.34794166308043 505
1694628161479 59.23104460932907 506
1694628161528 59.11437996261583 507
1694628161559 58.99794725884281 508
1694628161598 58.88174603484211 509
1694628161634 58.76577582837403 510
1694628161669 58.65003617812518 511
1694628161707 58.53452662370662 512
1694628161740 58.419246705652014 513
1694628161774 58.304195965415765 514
1694628161809 58.18937394537115 515
1694628161845 58.074780188808504 516
1694628161877 57.96041423993332 517
1694628161911 57.84627564386445 518
1694628161950 57.73236394663227 519
1694628161993 57.61867869517681 520
1694628162032 57.505219437345986 521
1694628162074 57.39198572189368 522
1694628162128 57.278977098478016 523
1694628162166 57.16619311765947 524
1694628162214 57.05363333089909 525
1694628162251 56.94129729055668 526
1694628162286 56.82918454988898 527
1694628162323 56.71729466304785 528
1694628162391 56.60562718507852 529
1694628162427 56.49418167191773 530
1694628162461 56.382957680392 531
1694628162498 56.27195476821576 532
1694628162541 56.16117249398965 533
1694628162578 56.05061041719867 534
1694628162617 55.94026809821047 535
1694628162654 55.83014509827346 536
1694628162692 55.72024097951519 537
1694628162743 55.610555304940426 538
1694628162793 55.50108763842953 539
1694628162831 55.39183754473658 540
1694628162867 55.28280458948768 541
1694628162920 55.1739883391792 542
1694628162967 55.065388361176026 543
1694628163033 54.95700422370974 544
1694628163076 54.848835495876976 545
1694628163113 54.740881747637644 546
1694628163148 54.63314254981322 547
1694628163179 54.525617474084925 548
1694628163214 54.418306092992104 549
1694628163251 54.311207979930394 550
1694628163283 54.20432270915011 551
1694628163324 54.097649855754476 552
1694628163358 53.99118899569786 553
1694628163392 53.88493970578416 554
1694628163430 53.778901563665016 555
1694628163467 53.67307414783817 556
1694628163506 53.56745703764567 557
1694628163548 53.4620498132723 558
1694628163583 53.35685205574375 559
1694628163618 53.25186334692504 560
1694628163665 53.14708326951877 561
1694628163718 53.04251140706344 562
1694628163764 52.938147343931774 563
1694628163815 52.83399066532905 564
1694628163866 52.73004095729144 565
1694628163916 52.62629780668432 566
1694628163951 52.52276080120057 567
1694628163990 52.419429529358965 568
1694628164025 52.31630358050252 569
1694628164062 52.21338254479674 570
1694628164098 52.11066601322809 571
1694628164143 52.00815357760228 572
1694628164195 51.90584483054257 573
1694628164240 51.803739365488234 574
1694628164277 51.701836776692836 575
1694628164315 51.60013665922266 576
1694628164349 51.49863860895499 577
1694628164382 51.39734222257657 578
1694628164415 51.296247097581876 579
1694628164452 51.19535283227158 580
1694628164498 51.094659025750936 581
1694628164542 50.99416527792806 582
1694628164582 50.89387118951243 583
1694628164626 50.7937763620132 584
1694628164668 50.693880397737594 585
1694628164713 50.594182899789374 586
1694628164749 50.494683472067145 587
1694628164782 50.39538171926285 588
1694628164818 50.29627724686008 589
1694628164850 50.197369661132555 590
1694628164884 50.0986585691425 591
1694628164922 50.00014357873904 592
1694628164960 49.90182429855675 593
1694628164998 49.80370033801383 594
1694628165034 49.705771307310755 595
1694628165068 49.60803681742865 596
1694628165100 49.51049648012759 597
1694628165133 49.41314990794525 598
1694628165176 49.315996714195144 599
1694628165217 49.21903651296517 600
1694628165257 49.12226891911606 601
1694628165291 49.025693548279754 602
1694628165326 48.929310016857926 603
1694628165358 48.83311794202039 604
1694628165389 48.73711694170357 605
1694628165444 48.64130663460899 606
1694628165508 48.545686640201666 607
1694628165569 48.45025657870863 608
1694628165614 48.355016071117376 609
1694628165667 48.25996473917432 610
1694628165717 48.16510220538332 611
1694628165769 48.07042809300411 612
1694628165808 47.9759420260508 613
1694628165848 47.88164362929034 614
1694628165880 47.78753252824101 615
1694628165917 47.69360834917098 616
1694628165948 47.59987071909667 617
1694628165983 47.50631926578138 618
1694628166032 47.41295361773367 619
1694628166075 47.31977340420596 620
1694628166124 47.22677825519301 621
1694628166162 47.133967801430394 622
1694628166219 47.041341674393024 623
1694628166260 46.94889950629368 624
1694628166293 46.85664093008151 625
1694628166342 46.764565579440585 626
1694628166377 46.672673088788365 627
1694628166417 46.58096309327428 628
1694628166457 46.48943522877821 629
1694628166493 46.398089131909074 630
1694628166544 46.30692444000333 631
1694628166579 46.21594079112347 632
1694628166619 46.12513782405669 633
1694628166658 46.03451517831326 634
1694628166696 45.94407249412522 635
1694628166731 45.85380941244487 636
1694628166764 45.76372557494331 637
1694628166815 45.673820624009004 638
1694628166857 45.584094202746385 639
1694628166893 45.49454595497431 640
1694628166929 45.40517552522478 641
1694628166964 45.31598255874131 642
1694628167002 45.226966701477714 643
1694628167042 45.138127600096496 644
1694628167075 45.04946490196753 645
1694628167117 44.96097825516662 646
1694628167155 44.87266730847405 647
1694628167199 44.78453171137321 648
1694628167251 44.696571114049156 649
1694628167302 44.60878516738721 650
1694628167352 44.52117352297156 651
1694628167391 44.433735833083816 652
1694628167423 44.34647175070168 653
1694628167456 44.25938092949747 654
1694628167493 44.1724630238368 655
1694628167533 44.08571768877713 656
1694628167578 43.99914458006639 657
1694628167628 43.91274335414162 658
1694628167675 43.82651366812754 659
1694628167718 43.740455179835195 660
1694628167757 43.65456754776059 661
1694628167792 43.568850431083305 662
1694628167827 43.48330348966508 663
1694628167864 43.39792638404851 664
1694628167902 43.31271877545563 665
1694628167950 43.22768032578658 666
1694628167996 43.142810697618216 667
1694628168046 43.05810955420279 668
1694628168091 42.973576559466544 669
1694628168132 42.88921137800837 670
1694628168177 42.8050136750985 671
1694628168218 42.72098311667711 672
1694628168251 42.63711936935301 673
1694628168291 42.55342210040224 674
1694628168329 42.46989097776681 675
1694628168360 42.3865256700533 676
1694628168391 42.303325846531564 677
1694628168425 42.220291177133376 678
1694628168461 42.137421332451126 679
1694628168498 42.05471598373644 680
1694628168537 41.97217480289893 681
1694628168575 41.88979746250478 682
1694628168610 41.80758363577554 683
1694628168648 41.725532996586715 684
1694628168691 41.6436452194665 685
1694628168758 41.56191997959444 686
1694628168809 41.48035695280017 687
1694628168860 41.39895581556205 688
1694628168902 41.31771624500588 689
1694628168948 41.23663791890365 690
1694628168990 41.155720515672144 691
1694628169034 41.074963714371755 692
1694628169064 40.994367194705134 693
1694628169096 40.91393063701588 694
1694628169135 40.83365372228729 695
1694628169173 40.75353613214106 696
1694628169215 40.673577548836036 697
1694628169256 40.593777655266855 698
1694628169287 40.51413613496276 699
1694628169336 40.434652672086266 700
1694628169375 40.355326951431906 701
1694628169417 40.27615865842498 702
1694628169465 40.19714747912024 703
1694628169514 40.11829310020069 704
1694628169558 40.03959520897625 705
1694628169601 39.96105349338259 706
1694628169657 39.88266764197978 707
1694628169700 39.8044373439511 708
1694628169741 39.72636228910176 709
1694628169776 39.64844216785765 710
1694628169809 39.57067667126413 711
1694628169845 39.49306549098472 712
1694628169880 39.41560831929993 713
1694628169917 39.33830484910595 714
1694628169960 39.2611547739135 715
1694628169996 39.18415778784652 716
1694628170032 39.10731358564096 717
1694628170074 39.03062186264358 718
1694628170110 38.954082314810684 719
1694628170149 38.87769463870693 720
1694628170184 38.801458531504075 721
1694628170233 38.72537369097978 722
1694628170265 38.6494398155164 723
1694628170297 38.57365660409976 724
1694628170334 38.498023756317906 725
1694628170368 38.42254097235996 726
1694628170398 38.34720795301488 727
1694628170440 38.272024399670265 728
1694628170474 38.19699001431112 729
1694628170517 38.12210449951873 730
1694628170563 38.04736755846938 731
1694628170611 37.972778894933235 732
1694628170673 37.898338213273064 733
1694628170711 37.82404521844313 734
1694628170751 37.74989961598798 735
1694628170790 37.67590111204122 736
1694628170824 37.60204941332436 737
1694628170857 37.52834422714569 738
1694628170886 37.454785261398996 739
1694628170916 37.38137222456245 740
1694628170950 37.30810482569744 741
1694628170979 37.23498277444736 742
1694628171010 37.16200578103649 743
1694628171051 37.089173556268804 744
1694628171082 37.01648581152678 745
1694628171111 36.9439422587703 746
1694628171150 36.87154261053544 747
1694628171180 36.799286579933344 748
1694628171216 36.72717388064905 749
1694628171257 36.65520422694033 750
1694628171292 36.583377333636584 751
1694628171325 36.51169291613764 752
1694628171373 36.440150690412665 753
1694628171409 36.36875037299897 754
1694628171448 36.29749168100087 755
1694628171480 36.22637433208862 756
1694628171524 36.155398044497176 757
1694628171557 36.08456253702513 758
1694628171590 36.01386752903356 759
1694628171626 35.943312740444924 760
1694628171680 35.87289789174188 761
1694628171724 35.80262270396619 762
1694628171777 35.73248689871763 763
1694628171813 35.662490198152824 764
1694628171857 35.59263232498413 765
1694628171892 35.52291300247856 766
1694628171927 35.453331954456644 767
1694628171968 35.3838889052913 768
1694628172008 35.314583579906774 769
1694628172047 35.24541570377747 770
1694628172091 35.1763850029269 771
1694628172133 35.10749120392658 772
1694628172171 35.03873403389488 773
1694628172210 34.970113220496 774
1694628172247 34.901628491938794 775
1694628172282 34.833279576975734 776
1694628172318 34.765066204901814 777
1694628172371 34.69698810555344 778
1694628172408 34.629045009307355 779
1694628172447 34.56123664707956 780
1694628172480 34.49356275032421 781
1694628172519 34.42602305103257 782
1694628172567 34.3586172817319 783
1694628172598 34.29134517548441 784
1694628172629 34.22420646588616 785
1694628172674 34.157200887066026 786
1694628172708 34.090328173684576 787
1694628172746 34.02358806093305 788
1694628172798 33.956980284532285 789
1694628172842 33.89050458073165 790
1694628172878 33.824160686307955 791
1694628172915 33.757948338564454 792
1694628172967 33.69186727532973 793
1694628173002 33.62591723495669 794
1694628173041 33.56009795632146 795
1694628173075 33.49440917882238 796
1694628173108 33.428850642378954 797
1694628173145 33.36342208743076 798
1694628173184 33.298123254936485 799
1694628173224 33.232953886372776 800
1694628173266 33.16791372373331 801
1694628173307 33.10300250952766 802
1694628173348 33.03821998678038 803
1694628173384 32.973565899029836 804
1694628173420 32.90903999032726 805
1694628173466 32.8446420052357 806
1694628173509 32.780371688829 807
1694628173561 32.71622878669074 808
1694628173597 32.652213044913296 809
1694628173635 32.58832421009672 810
1694628173683 32.52456202934778 811
1694628173721 32.460926250278916 812
1694628173762 32.39741662100729 813
1694628173793 32.33403289015366 814
1694628173828 32.270774806841466 815
1694628173863 32.207642120695795 816
1694628173896 32.14463458184235 817
1694628173929 32.08175194090647 818
1694628173969 32.01899394901214 819
1694628174007 31.956360357780955 820
1694628174047 31.89385091933114 821
1694628174076 31.83146538627656 822
1694628174113 31.769203511725713 823
1694628174151 31.70706504928076 824
1694628174197 31.645049753036492 825
1694628174245 31.583157377579404 826
1694628174314 31.521387677986645 827
1694628174355 31.45974040982507 828
1694628174399 31.398215329150258 829
1694628174443 31.336812192505526 830
1694628174474 31.275530756920936 831
1694628174514 31.214370779912347 832
1694628174567 31.15333201948041 833
1694628174607 31.09241423410962 834
1694628174643 31.031617182767338 835
1694628174693 30.97094062490282 836
1694628174736 30.91038432044625 837
1694628174775 30.84994802980778 838
1694628174808 30.789631513876554 839
1694628174842 30.729434534019777 840
1694628174875 30.669356852081712 841
1694628174908 30.609398230382777 842
1694628174944 30.54955843171855 843
1694628174979 30.48983721935882 844
1694628175016 30.430234357046636 845
1694628175062 30.370749608997404 846
1694628175096 30.311382739897866 847
1694628175130 30.252133514905196 848
1694628175167 30.193001699646054 849
1694628175200 30.133987060215645 850
1694628175235 30.075089363176776 851
1694628175269 30.01630837555891 852
1694628175301 29.957643864857236 853
1694628175340 29.899095599031757 854
1694628175384 29.840663346506307 855
1694628175428 29.78234687616769 856
1694628175471 29.724145957364676 857
1694628175518 29.666060359907124 858
1694628175563 29.608089854065064 859
1694628175607 29.55023421056772 860
1694628175642 29.492493200602663 861
1694628175681 29.43486659581484 862
1694628175723 29.37735416830566 863
1694628175759 29.319955690632103 864
1694628175793 29.26267093580579 865
1694628175832 29.205499677292057 866
1694628175880 29.14844168900909 867
1694628175917 29.09149674532697 868
1694628175952 29.0346646210668 869
1694628175986 28.977945091499784 870
1694628176059 28.921337932346304 871
1694628176123 28.86484291977508 872
1694628176229 28.808459830402207 873
1694628176285 28.752188441290304 874
1694628176333 28.696028529947593 875
1694628176379 28.639979874327004 876
1694628176427 28.58404225282531 877
1694628176484 28.528215444282193 878
1694628176548 28.472499227979412 879
1694628176596 28.41689338363985 880
1694628176645 28.361397691426713 881
1694628176702 28.306011931942557 882
1694628176752 28.250735886228483 883
1694628176813 28.195569335763192 884
1694628176855 28.140512062462168 885
1694628176918 28.085563848676774 886
1694628177013 28.03072447719337 887
1694628177094 27.975993731232453 888
1694628177161 27.92137139444778 889
1694628177244 27.86685725092552 890
1694628177363 27.812451085183337 891
1694628177441 27.758152682169598 892
1694628177517 27.703961827262447 893
1694628177562 27.649878306268974 894
1694628177609 27.59590190542435 895
1694628177663 27.542032411390945 896
1694628177715 27.488269611257532 897
1694628177776 27.43461329253837 898
1694628177829 27.381063243172363 899
1694628177913 27.327619251522236 900
1694628177983 27.274281106373675 901
1694628178031 27.221048596934462 902
1694628178082 27.16792151283365 903
1694628178143 27.1148996441207 904
1694628178210 27.061982781264653 905
1694628178294 27.009170715153264 906
1694628178342 26.956463237092237 907
1694628178390 26.90386013880426 908
1694628178433 26.8513612124283 909
1694628178482 26.79896625051868 910
1694628178533 26.746675046044277 911
1694628178580 26.69448739238771 912
1694628178627 26.642403083344472 913
1694628178680 26.590421913122128 914
1694628178755 26.538543676339486 915
1694628178827 26.48676816802575 916
1694628178887 26.43509518361976 917
1694628178945 26.38352451896909 918
1694628179006 26.33205597032929 919
1694628179050 26.28068933436301 920
1694628179101 26.229424408139256 921
1694628179147 26.17826098913253 922
1694628179195 26.12719887522201 923
1694628179244 26.07623786469077 924
1694628179301 26.02537775622496 925
1694628179361 25.974618348912955 926
1694628179424 25.92395944224466 927
1694628179475 25.873400836110545 928
1694628179551 25.82294233080101 929
1694628179621 25.772583727005447 930
1694628179682 25.722324825811526 931
1694628179717 25.672165428704364 932
1694628179749 25.62210533756572 933
1694628179787 25.572144354673213 934
1694628179818 25.52228228269955 935
1694628179854 25.47251892471168 936
1694628179884 25.42285408417006 937
1694628179918 25.373287564927814 938
1694628179964 25.323819171230017 939
1694628180026 25.27444870771282 940
1694628180109 25.225175979402756 941
1694628180167 25.176000791715893 942
1694628180232 25.126922950457086 943
1694628180301 25.077942261819153 944
1694628180351 25.02905853238217 945
1694628180396 24.98027156911265 946
1694628180447 24.93158117936277 947
1694628180505 24.882987170869598 948
1694628180550 24.83448935175433 949
1694628180592 24.786087530521527 950
1694628180642 24.737781516058313 951
1694628180703 24.689571117633662 952
1694628180758 24.64145614489759 953
1694628180809 24.593436407880397 954
1694628180863 24.545511716991932 955
1694628180905 24.497681883020793 956
1694628180945 24.449946717133603 957
1694628180981 24.40230603087423 958
1694628181026 24.354759636163045 959
1694628181068 24.307307345296167 960
1694628181106 24.259948970944688 961
1694628181147 24.212684326153948 962
1694628181180 24.165513224342774 963
1694628181215 24.118435479302743 964
1694628181251 24.0714509051974 965
1694628181307 24.02455931656157 966
1694628181340 23.977760528300568 967
1694628181371 23.931054355689458 968
1694628181399 23.884440614372338 969
1694628181431 23.837919120361594 970
1694628181465 23.791489690037146 971
1694628181509 23.745152140145738 972
1694628181546 23.698906287800156 973
1694628181582 23.65275195047854 974
1694628181625 23.606688946023638 975
1694628181663 23.560717092642097 976
1694628181707 23.514836208903674 977
1694628181743 23.469046113740568 978
1694628181777 23.423346626446662 979
1694628181834 23.377737566676807 980
1694628181894 23.332218754446124 981
1694628181933 23.286790010129238 982
1694628181970 23.24145115445957 983
1694628182008 23.196202008528626 984
1694628182043 23.151042393785325 985
1694628182077 23.105972132035177 986
1694628182114 23.06099104543968 987
1694628182155 23.016098956515506 988
1694628182244 22.971295688133896 989
1694628182330 22.926581063519862 990
1694628182431 22.881954906251497 991
1694628182491 22.837417040259304 992
1694628182571 22.792967289825462 993
1694628182627 22.748605479583137 994
1694628182681 22.70433143451573 995
1694628182731 22.66014497995626 996
1694628182777 22.616045941586588 997
1694628182826 22.572034145436756 998
1694628182871 22.52810941788429 999
