1694631564914 165.91589581015364 0
1694631564946 162.61317155346268 1
1694631564975 159.37833951133675 2
1694631565013 156.20997482598838 3
1694631565042 153.10668313939516 4
1694631565075 150.06709992417086 5
1694631565156 147.0898898296345 6
1694631565199 144.1737460427153 7
1694631565236 141.31738966333916 8
1694631565267 138.51956909395372 9
1694631565300 135.77905944285556 10
1694631565334 133.0946619409926 11
1694631565381 130.46520337192334 12
1694631565424 127.88953551462146 13
1694631565453 125.3665345988234 14
1694631565498 122.89510077262304 15
1694631565532 120.47415758202581 16
1694631565567 118.1026514621811 17
1694631565601 115.77955124001952 18
1694631565636 113.5038476480276 19
1694631565675 111.27455284889994 20
1694631565712 109.09069997081441 21
1694631565743 106.95134265308326 22
1694631565778 104.85555460193835 23
1694631565814 102.80242915621483 24
1694631565847 100.7910788627036 25
1694631565891 98.82063506094852 26
1694631565930 96.8902474772695 27
1694631565965 94.99908382779824 28
1694631565999 93.14757212869036 29
1694631566033 91.33360637008599 30
1694631566074 89.55640871859285 31
1694631566120 87.81521772130885 32
1694631566153 86.1092879549196 33
1694631566193 84.43788968248523 34
1694631566230 82.80030851774299 35
1694631566263 81.19584509675495 36
1694631566297 79.62381475673544 37
1694631566326 78.08454146709393 38
1694631566363 76.57633988896214 39
1694631566401 75.09856873093518 40
1694631566436 73.65060014875381 41
1694631566492 72.23181945900919 42
1694631566529 70.84162485906194 43
1694631566560 69.47942715303675 44
1694631566591 68.14464948375726 45
1694631566626 66.83746949710577 46
1694631566664 65.55655001179225 47
1694631566714 64.30135139300775 48
1694631566744 63.071345261559856 49
1694631566778 61.86601425609511 50
1694631566811 60.68485180042005 51
1694631566850 59.527361875809156 52
1694631566886 58.393058798190836 53
1694631566925 57.2814670001044 54
1694631566965 56.192120817324046 55
1694631566996 55.12456428004772 56
1694631567029 54.078350908551236 57
1694631567061 53.05304351321058 58
1694631567096 52.048213998796605 59
1694631567130 51.063443172949626 60
1694631567165 50.09832055874259 61
1694631567196 49.15244421124399 62
1694631567227 48.225420537993536 63
1694631567260 47.3168641233056 64
1694631567293 46.4263975563174 65
1694631567323 45.5536512627004 66
1694631567364 44.69826333995585 67
1694631567395 43.85987939621645 68
1694631567430 43.03815239247845 69
1694631567465 42.23274248818974 70
1694631567503 41.44331689012147 71
1694631567560 40.66954970445203 72
1694631567624 39.9111217919941 73
1694631567678 39.16772062649693 74
1694631567711 38.43904015595722 75
1694631567760 37.724780666873954 76
1694631567801 37.024648651383565 77
1694631567836 36.33835667721334 78
1694631567875 35.665623260392415 79
1694631567915 35.00617274066101 80
1694631567947 34.35973515951969 81
1694631567987 33.726046140862046 82
1694631568027 33.10484677413513 83
1694631568060 32.49588349997342 84
1694631568091 31.89890799825303 85
1694631568122 31.31367707851448 86
1694631568154 30.739952572702876 87
1694631568185 30.17750123017607 88
1694631568219 29.62609461493197 89
1694631568253 29.085509005007637 90
1694631568293 28.555525294003488 91
1694631568332 28.03592889468718 92
1694631568366 27.526509644632693 93
1694631568399 27.027061713851026 94
1694631568428 26.537383514369882 95
1694631568463 26.057277611720874 96
1694631568500 25.586550638293208 97
1694631568530 25.125013208514282 98
1694631568570 24.67247983581791 99
1694631568609 24.228768851362357 100
1694631568643 23.79370232446042 101
1694631568681 23.367105984685605 102
1694631568713 22.94880914561811 103
1694631568745 22.538644630196067 104
1694631568777 22.13644869763772 105
1694631568809 21.74206097190106 106
1694631568841 21.355324371648262 107
1694631568875 20.97608504168278 108
1694631568907 20.604192285828056 109
1694631568937 20.23949850121686 110
1694631568969 19.88185911396144 111
1694631569017 19.531132516175234 112
1694631569067 19.18718000431724 113
1694631569116 18.849865718831097 114
1694631569164 18.51905658505139 115
1694631569210 18.194622255350207 116
1694631569251 17.87643505249769 117
1694631569298 17.5643699142109 118
1694631569336 17.258304338865674 119
1694631569376 16.958118332346988 120
1694631569417 16.663694356013483 121
1694631569453 16.374917275752825 122
1694631569527 16.09167431210457 123
1694631569587 15.813854991428085 124
1694631569640 15.541351098093376 125
1694631569693 15.274056627673088 126
1694631569741 15.011867741114692 127
1694631569773 14.754682719871932 128
1694631569807 14.502401921975418 129
1694631569842 14.254927739022392 130
1694631569876 14.012164554066404 131
1694631569912 13.774018700387677 132
1694631569941 13.540398421125765 133
1694631569969 13.311213829756227 134
1694631570003 13.086376871393433 135
1694631570036 12.865801284902203 136
1694631570065 12.649402565801136 137
1694631570095 12.43709792994097 138
1694631570127 12.22880627794155 139
1694631570160 12.024448160371568 140
1694631570193 11.823945743655296 141
1694631570229 11.627222776690987 142
1694631570263 11.434204558166108 143
1694631570301 11.244817904554543 144
1694631570334 11.058991118781519 145
1694631570365 10.876653959542171 146
1694631570398 10.697737611260006 147
1694631570430 10.522174654671788 148
1694631570464 10.349899038025638 149
1694631570500 10.18084604887954 150
1694631570533 10.014952286487526 151
1694631570562 9.8521556347613 152
1694631570592 9.692395235795058 153
1694631570630 9.535611463941866 154
1694631570668 9.381745900429783 155
1694631570708 9.2307413085066 156
1694631570744 9.082541609101963 157
1694631570786 8.937091856996076 158
1694631570832 8.794338217484341 159
1694631570881 8.654227943527498 160
1694631570917 8.516709353377099 161
1694631570952 8.381731808666405 162
1694631570987 8.249245692956787 163
1694631571029 8.119202390730297 164
1694631571063 7.991554266818837 165
1694631571098 7.866254646260916 166
1694631571133 7.7432577945770085 167
1694631571168 7.622518898454665 168
1694631571203 7.503994046834939 169
1694631571237 7.38764021239156 170
1694631571268 7.273415233394728 171
1694631571302 7.161277795951475 172
1694631571336 7.051187416614657 173
1694631571367 6.943104425352885 174
1694631571401 6.836989948873913 175
1694631571432 6.732805894293898 176
1694631571466 6.630514933145537 177
1694631571509 6.530080485717842 178
1694631571548 6.431466705720584 179
1694631571598 6.334638465266778 180
1694631571634 6.239561340166413 181
1694631571665 6.14620159552497 182
1694631571697 6.054526171640383 183
1694631571727 5.964502670192188 184
1694631571758 5.876099340716705 185
1694631571786 5.789285067362397 186
1694631571818 5.704029355919425 187
1694631571849 5.62030232111775 188
1694631571879 5.5380746741881675 189
1694631571911 5.4573177106807504 190
1694631571942 5.378003298535384 191
1694631571975 5.300103866399063 192
1694631572009 5.22359239218484 193
1694631572041 5.148442391867424 194
1694631572074 5.0746279085104105 195
1694631572109 5.002123501520339 196
1694631572142 4.930904236122914 197
1694631572176 4.860945673056666 198
1694631572208 4.792223858479543 199
1694631572240 4.724715314084074 200
1694631572271 4.658397027416604 201
1694631572303 4.593246442396522 202
1694631572337 4.529241450031157 203
1694631572374 4.466360379322408 204
1694631572408 4.404581988360984 205
1694631572441 4.34388545560446 206
1694631572479 4.284250371335228 207
1694631572515 4.225656729294677 208
1694631572553 4.168084918489872 209
1694631572593 4.1115157151691895 210
1694631572633 4.055930274963338 211
1694631572663 4.0013101251884 212
1694631572700 3.947637157307445 213
1694631572752 3.894893619547467 214
1694631572797 3.843062109668403 215
1694631572829 3.7921255678810604 216
1694631572862 3.7420672699108675 217
1694631572893 3.692870820204403 218
1694631572927 3.6445201452757847 219
1694631572962 3.596999487189906 220
1694631572997 3.5502933971798196 221
1694631573029 3.5043867293953475 222
1694631573061 3.459264634780282 223
1694631573094 3.414912555075448 224
1694631573129 3.371316216945082 225
1694631573163 3.32846162622387 226
1694631573194 3.2863350622822347 227
1694631573226 3.24492307250737 228
1694631573257 3.2042124668976144 229
1694631573287 3.1641903127678326 230
1694631573319 3.1248439295634896 231
1694631573350 3.0861608837811936 232
1694631573385 3.0481289839934114 233
1694631573418 3.010736275975333 234
1694631573449 2.9739710379316326 235
1694631573483 2.9378217758211376 236
1694631573520 2.902277218777362 237
1694631573558 2.8673263146228836 238
1694631573596 2.83295822547566 239
1694631573629 2.7991623234453593 240
1694631573666 2.7659281864178435 241
1694631573702 2.7332455939259725 242
1694631573735 2.701104523104972 243
1694631573768 2.66949514473054 244
1694631573802 2.6384078193380964 245
1694631573835 2.607833093421365 246
1694631573884 2.577761695708748 247
1694631573927 2.5481845335158195 248
1694631573968 2.51909268917241 249
1694631574013 2.490477416522708 250
1694631574051 2.4623301374968682 251
1694631574097 2.4346424387526597 252
1694631574136 2.407406068385705 253
1694631574181 2.380612932706897 254
1694631574214 2.35425509308557 255
1694631574246 2.3283247628571258 256
1694631574281 2.302814304293732 257
1694631574313 2.2777162256367935 258
1694631574346 2.253023178189967 259
1694631574384 2.228727953471409 260
1694631574418 2.20482348042407 261
1694631574451 2.181302822682831 262
1694631574483 2.15815917589729 263
1694631574514 2.1353858651090873 264
1694631574548 2.1129763421825927 265
1694631574579 2.090924183287909 266
1694631574610 2.069223086435058 267
1694631574645 2.0478668690583497 268
1694631574677 2.0268494656498484 269
1694631574711 2.006164925440956 270
1694631574747 1.985807410131106 271
1694631574779 1.9657711916625917 272
1694631574813 1.9460506500406054 273
1694631574848 1.9266402711975312 274
1694631574883 1.907534644900581 275
1694631574925 1.8887284627018937 276
1694631574963 1.8702165159302004 277
1694631574993 1.8519936937232473 278
1694631575025 1.8340549811000673 279
1694631575058 1.8163954570723564 280
1694631575088 1.7990102927940728 281
1694631575131 1.7818947497485413 282
1694631575163 1.765044177972252 283
1694631575196 1.7484540143145952 284
1694631575246 1.7321197807328224 285
1694631575280 1.716037082621491 286
1694631575313 1.7002016071756765 287
1694631575344 1.6846091217872705 288
1694631575377 1.6692554724736888 289
1694631575415 1.6541365823383116 290
1694631575450 1.6392484500619964 291
1694631575491 1.6245871484250631 292
1694631575522 1.610148822859075 293
1694631575558 1.5959296900278461 294
1694631575591 1.5819260364370513 295
1694631575625 1.568134217071857 296
1694631575658 1.5545506540620124 297
1694631575692 1.5411718353737982 298
1694631575727 1.5279943135283418 299
1694631575763 1.5150147043457072 300
1694631575795 1.5022296857142454 301
1694631575827 1.4896359963847106 302
1694631575859 1.4772304347885952 303
1694631575893 1.4650098578802249 304
1694631575924 1.452971180002096 305
1694631575956 1.4411113717730049 306
1694631575986 1.429427458998494 307
1694631576016 1.4179165216031453 308
1694631576050 1.4065756925842872 309
1694631576082 1.3954021569866757 310
1694631576118 1.384393150897726 311
1694631576153 1.3735459604628502 312
1694631576185 1.362857920920527 313
1694631576221 1.3523264156566641 314
1694631576251 1.3419488752778876 315
1694631576285 1.3317227767033524 316
1694631576319 1.3216456422746972 317
1694631576350 1.3117150388838008 318
1694631576391 1.3019285771179296 319
1694631576426 1.2922839104219506 320
1694631576463 1.2827787342772783 321
1694631576498 1.2734107853971635 322
1694631576534 1.2641778409380389 323
1694631576568 1.2550777177265735 324
1694631576601 1.246108271502115 325
1694631576643 1.2372673961742053 326
1694631576674 1.2285530230948725 327
1694631576711 1.219963120345394 328
1694631576747 1.211495692037218 329
1694631576784 1.2031487776267988 330
1694631576825 1.194920451244007 331
1694631576866 1.186808821033886 332
1694631576897 1.178812028511454 333
1694631576927 1.1709282479293004 334
1694631576961 1.163155685657715 335
1694631576992 1.1554925795770814 336
1694631577030 1.1479371984823172 337
1694631577068 1.1404878414990656 338
1694631577104 1.1331428375114676 339
1694631577138 1.1259005446012094 340
1694631577170 1.1187593494976653 341
1694631577203 1.1117176670388886 342
1694631577235 1.1047739396432528 343
1694631577270 1.0979266367914886 344
1694631577302 1.0911742545189318 345
1694631577334 1.084515314917789 346
1694631577364 1.077948365649192 347
1694631577398 1.0714719794648433 348
1694631577440 1.0650847537380714 349
1694631577485 1.0587853100041198 350
1694631577520 1.0525722935094308 351
1694631577552 1.0464443727698072 352
1694631577580 1.0404002391372174 353
1694631577610 1.0344386063751116 354
1694631577641 1.0285582102420447 355
1694631577680 1.0227578080834585 356
1694631577712 1.017036178431454 357
1694631577744 1.0113921206123773 358
1694631577784 1.0058244543620993 359
1694631577819 1.0003320194487846 360
1694631577863 0.9949136753030297 361
1694631577897 0.989568300655228 362
1694631577931 0.9842947931799978 363
1694631577966 0.9790920691475209 364
1694631577999 0.973959063081698 365
1694631578029 0.9688947274249247 366
1694631578063 0.9638980322094122 367
1694631578095 0.9589679647348701 368
1694631578130 0.9541035292524673 369
1694631578162 0.949303746654906 370
1694631578192 0.94456765417252 371
1694631578230 0.9398943050752512 372
1694631578261 0.9352827683804035 373
1694631578292 0.9307321285660469 374
1694631578330 0.9262414852899572 375
1694631578362 0.9218099531139986 376
1694631578396 0.9174366612338171 377
1694631578434 0.9131207532137502 378
1694631578475 0.9088613867268529 379
1694631578513 0.9046577332999216 380
1694631578554 0.9005089780634277 381
1694631578591 0.8964143195062763 382
1694631578625 0.8923729692352546 383
1694631578664 0.8883841517391187 384
1694631578696 0.8844471041571963 385
1694631578729 0.8805610760524281 386
1694631578763 0.8767253291887651 387
1694631578797 0.8729391373128179 388
1694631578832 0.8692017859396896 389
1694631578867 0.8655125721428953 390
1694631578901 0.8618708043483012 391
1694631578938 0.8582758021319918 392
1694631578984 0.8547268960219907 393
1694631579027 0.8512234273037613 394
1694631579061 0.847764747829402 395
1694631579092 0.8443502198304845 396
1694631579120 0.8409792157344342 397
1694631579152 0.8376511179844047 398
1694631579183 0.8343653188625677 399
1694631579216 0.8311212203167565 400
1694631579247 0.8279182337903764 401
1694631579282 0.8247557800555535 402
1694631579317 0.82163328904943 403
1694631579358 0.8185501997135404 404
1694631579397 0.8155059598362356 405
1694631579442 0.8125000258980654 406
1694631579486 0.8095318629200828 407
1694631579519 0.8066009443149894 408
1694631579559 0.8037067517410988 409
1694631579596 0.8008487749590197 410
1694631579635 0.7980265116910494 411
1694631579667 0.7952394674831882 412
1694631579720 0.7924871555697438 413
1694631579778 0.7897690967404717 414
1694631579817 0.7870848192101992 415
1694631579869 0.7844338584908724 416
1694631579913 0.7818157572660083 417
1694631579951 0.7792300652674731 418
1694631579999 0.776676339154561 419
1694631580046 0.7741541423953188 420
1694631580095 0.7716630451500787 421
1694631580140 0.7692026241571509 422
1694631580192 0.76677246262064 423
1694631580228 0.7643721501003321 424
1694631580260 0.7620012824036257 425
1694631580292 0.7596594614794605 426
1694631580325 0.7573462953141955 427
1694631580362 0.7550613978294235 428
1694631580411 0.7528043887816525 429
1694631580446 0.7505748936638522 430
1694631580482 0.7483725436087907 431
1694631580515 0.7461969752941544 432
1694631580547 0.7440478308494184 433
1694631580580 0.7419247577644126 434
1694631580614 0.7398274087995605 435
1694631580649 0.7377554418977686 436
1694631580682 0.735708520097919 437
1694631580717 0.7336863114499369 438
1694631580752 0.7316884889314133 439
1694631580787 0.7297147303657473 440
1694631580819 0.7277647183417659 441
1694631580854 0.7258381401348123 442
1694631580886 0.7239346876292617 443
1694631580919 0.722054057242442 444
1694631580956 0.7201959498499363 445
1694631580988 0.718360070712225 446
1694631581026 0.7165461294026637 447
1694631581070 0.7147538397367517 448
1694631581126 0.712982919702676 449
1694631581181 0.7112330913931086 450
1694631581215 0.7095040809382299 451
1694631581258 0.7077956184399392 452
1694631581296 0.7061074379072705 453
1694631581328 0.7044392771929407 454
1694631581368 0.7027908779310392 455
1694631581409 0.7011619854758401 456
1694631581447 0.6995523488416939 457
1694631581494 0.6979617206439882 458
1694631581534 0.6963898570411716 459
1694631581593 0.6948365176777951 460
1694631581629 0.6933014656285711 461
1694631581680 0.6917844673434164 462
1694631581716 0.6902852925934766 463
1694631581765 0.6888037144180953 464
1694631581803 0.6873395090727299 465
1694631581845 0.685892455977774 466
1694631581876 0.6844623376682901 467
1694631581909 0.6830489397446166 468
1694631581947 0.6816520508238503 469
1694631581991 0.6802714624921764 470
1694631582026 0.6789069692580271 471
1694631582060 0.6775583685060746 472
1694631582093 0.6762254604520034 473
1694631582125 0.6749080480980979 474
1694631582159 0.6736059371895822 475
1694631582201 0.672318936171729 476
1694631582234 0.6710468561477113 477
1694631582285 0.6697895108371849 478
1694631582320 0.6685467165355842 479
1694631582360 0.66731829207413 480
1694631582391 0.6661040587805176 481
1694631582427 0.6649038404402874 482
1694631582464 0.6637174632588673 483
1694631582502 0.6625447558242489 484
1694631582537 0.6613855490703264 485
1694631582569 0.6602396762408481 486
1694631582600 0.6591069728539869 487
1694631582636 0.657987276667529 488
1694631582669 0.656880427644634 489
1694631582703 0.6557862679201979 490
1694631582736 0.6547046417677844 491
1694631582767 0.6536353955671045 492
1694631582809 0.652578377772068 493
1694631582854 0.65153343887936 494
1694631582896 0.6505004313975514 495
1694631582928 0.6494792098167409 496
1694631582961 0.6484696305786999 497
1694631582993 0.6474715520475167 498
1694631583025 0.6464848344807441 499
1694631583061 0.6455093400010186 500
1694631583097 0.6445449325681736 501
1694631583127 0.6435914779517953 502
1694631583164 0.6426488437042547 503
1694631583202 0.6417168991341855 504
1694631583233 0.640795515280394 505
1694631583265 0.6398845648862213 506
1694631583310 0.6389839223743095 507
1694631583351 0.6380934638217992 508
1694631583395 0.6372130669359369 509
1694631583436 0.6363426110300756 510
1694631583476 0.6354819770000892 511
1694631583516 0.6346310473011493 512
1694631583563 0.6337897059249116 513
1694631583600 0.6329578383770524 514
1694631583634 0.6321353316551926 515
1694631583667 0.6313220742271634 516
1694631583703 0.630517956009644 517
1694631583747 0.6297228683471411 518
1694631583809 0.6289367039913095 519
1694631583862 0.6281593570806041 520
1694631583908 0.62739072312027 521
1694631583946 0.6266306989626573 522
1694631583997 0.6258791827878418 523
1694631584028 0.6251360740845713 524
1694631584064 0.6244012736315171 525
1694631584109 0.6236746834788192 526
1694631584147 0.6229562069299354 527
1694631584181 0.6222457485237778 528
1694631584225 0.6215432140171336 529
1694631584264 0.6208485103673722 530
1694631584312 0.6201615457154249 531
1694631584366 0.619482229369033 532
1694631584426 0.6188104717862672 533
1694631584468 0.6181461845593 534
1694631584511 0.6174892803984505 535
1694631584547 0.6168396731164633 536
1694631584580 0.6161972776130502 537
1694631584613 0.6155620098596599 538
1694631584644 0.6149337868845086 539
1694631584698 0.6143125267578252 540
1694631584730 0.6136981485773347 541
1694631584762 0.6130905724539817 542
1694631584798 0.6124897194978507 543
1694631584830 0.6118955118043272 544
1694631584862 0.6113078724404684 545
1694631584898 0.6107267254315843 546
1694631584930 0.6101519957480224 547
1694631584965 0.6095836092921683 548
1694631585002 0.6090214928856398 549
1694631585040 0.6084655742566696 550
1694631585079 0.6079157820277065 551
1694631585123 0.6073720457031818 552
1694631585164 0.6068342956574794 553
1694631585197 0.6063024631230866 554
1694631585229 0.6057764801789162 555
1694631585262 0.605256279738827 556
1694631585303 0.6047417955402997 557
1694631585336 0.6042329621332925 558
1694631585376 0.6037297148692676 559
1694631585421 0.6032319898903845 560
1694631585454 0.6027397241188528 561
1694631585500 0.6022528552464493 562
1694631585532 0.6017713217241855 563
1694631585563 0.601295062752146 564
1694631585598 0.6008240182694607 565
1694631585633 0.6003581289444454 566
1694631585672 0.5998973361648751 567
1694631585705 0.5994415820284108 568
1694631585742 0.5989908093331656 569
1694631585776 0.5985449615684171 570
1694631585809 0.5981039829054451 571
1694631585842 0.597667818188525 572
1694631585878 0.5972364129260294 573
1694631585917 0.5968097132816875 574
1694631585966 0.5963876660659508 575
1694631586018 0.5959702187275026 576
1694631586060 0.5955573193448802 577
1694631586098 0.5951489166182309 578
1694631586131 0.594744959861177 579
1694631586162 0.5943453989928102 580
1694631586202 0.5939501845297978 581
1694631586251 0.5935592675786038 582
1694631586295 0.5931725998278249 583
1694631586325 0.5927901335406339 584
1694631586353 0.5924118215473416 585
1694631586385 0.592037617238055 586
1694631586418 0.5916674745554468 587
1694631586448 0.5913013479876313 588
1694631586481 0.5909391925611377 589
1694631586514 0.5905809638339916 590
1694631586547 0.5902266178888859 591
1694631586578 0.589876111326459 592
1694631586614 0.5895294012586589 593
1694631586645 0.5891864453022156 594
1694631586674 0.5888472015721925 595
1694631586710 0.5885116286756377 596
1694631586741 0.5881796857053219 597
1694631586770 0.5878513322335684 598
1694631586800 0.5875265283061649 599
1694631586835 0.5872052344363672 600
1694631586867 0.5868874115989839 601
1694631586903 0.5865730212245409 602
1694631586952 0.5862620251935368 603
1694631586986 0.5859543858307742 604
1694631587018 0.585650065899767 605
1694631587059 0.585349028597224 606
1694631587112 0.5850512375476256 607
1694631587160 0.5847566567978536 608
1694631587215 0.5844652508119099 609
1694631587247 0.5841769844657095 610
1694631587283 0.5838918230419321 611
1694631587318 0.5836097322249635 612
1694631587352 0.5833306780958858 613
1694631587397 0.5830546271275546 614
1694631587454 0.5827815461797383 615
1694631587511 0.5825114024943198 616
1694631587559 0.5822441636905643 617
1694631587599 0.5819797977604575 618
1694631587636 0.5817182730641051 619
1694631587668 0.5814595583251946 620
1694631587699 0.5812036226265131 621
1694631587730 0.5809504354055379 622
1694631587762 0.5806999664500754 623
1694631587797 0.5804521858939659 624
1694631587833 0.5802070642128462 625
1694631587866 0.5799645722199661 626
1694631587924 0.5797246810620585 627
1694631587967 0.5794873622152765 628
1694631588024 0.579252587481176 629
1694631588055 0.57902032898275 630
1694631588086 0.5787905591605235 631
1694631588119 0.5785632507686956 632
1694631588150 0.5783383768713359 633
1694631588186 0.578115910838627 634
1694631588225 0.5778958263431677 635
1694631588258 0.5776780973563078 636
1694631588293 0.577462698144545 637
1694631588325 0.5772496032659711 638
1694631588358 0.5770387875667509 639
1694631588398 0.5768302261776626 640
1694631588445 0.5766238945106756 641
1694631588492 0.5764197682555737 642
1694631588525 0.5762178233766305 643
1694631588553 0.5760180361093123 644
1694631588584 0.5758203829570409 645
1694631588618 0.5756248406879909 646
1694631588652 0.5754313863319271 647
1694631588687 0.5752399971770861 648
1694631588720 0.5750506507671005 649
1694631588751 0.5748633248979584 650
1694631588784 0.5746779976150016 651
1694631588817 0.5744946472099705 652
1694631588850 0.5743132522180782 653
1694631588886 0.5741337914151278 654
1694631588918 0.5739562438146665 655
1694631588952 0.5737805886651703 656
1694631588985 0.5736068054472749 657
1694631589018 0.5734348738710358 658
1694631589052 0.5732647738732206 659
1694631589089 0.5730964856146454 660
1694631589120 0.5729299894775348 661
1694631589154 0.5727652660629233 662
1694631589191 0.5726022961880846 663
1694631589228 0.5724410608839975 664
1694631589262 0.5722815413928434 665
1694631589302 0.5721237191655311 666
1694631589342 0.5719675758592593 667
1694631589381 0.5718130933351049 668
1694631589414 0.5716602536556435 669
1694631589444 0.5715090390826062 670
1694631589478 0.571359432074547 671
1694631589512 0.5712114152845663 672
1694631589541 0.5710649715580399 673
1694631589570 0.5709200839303865 674
1694631589608 0.5707767356248674 675
1694631589641 0.5706349100504056 676
1694631589677 0.5704945907994314 677
1694631589707 0.570355761645761 678
1694631589741 0.5702184065425044 679
1694631589776 0.570082509619984 680
1694631589810 0.569948055183697 681
1694631589841 0.5698150277122901 682
1694631589880 0.569683411855566 683
1694631589914 0.569553192432515 684
1694631589947 0.5694243544293646 685
1694631589980 0.569296882997659 686
1694631590010 0.5691707634523585 687
1694631590042 0.5690459812699705 688
1694631590076 0.5689225220866877 689
1694631590108 0.568800371696568 690
1694631590139 0.5686795160497222 691
1694631590185 0.5685599412505269 692
1694631590218 0.5684416335558685 693
1694631590280 0.5683245793733953 694
1694631590316 0.5682087652597972 695
1694631590348 0.5680941779191108 696
1694631590392 0.5679808042010352 697
1694631590440 0.5678686310992807 698
1694631590516 0.5677576457499223 699
1694631590573 0.567647835429788 700
1694631590636 0.5675391875548561 701
1694631590679 0.5674316896786762 702
1694631590717 0.5673253294908097 703
1694631590759 0.5672200948152901 704
1694631590793 0.5671159736090946 705
1694631590831 0.5670129539606434 706
1694631590868 0.5669110240883146 707
1694631590904 0.5668101723389704 708
1694631590943 0.5667103871865096 709
1694631590980 0.5666116572304346 710
1694631591017 0.5665139711944308 711
1694631591059 0.5664173179249724 712
1694631591099 0.5663216863899333 713
1694631591133 0.5662270656772279 714
1694631591181 0.5661334449934515 715
1694631591232 0.5660408136625549 716
1694631591268 0.5659491611245229 717
1694631591310 0.5658584769340712 718
1694631591347 0.5657687507593596 719
1694631591377 0.5656799723807218 720
1694631591409 0.5655921316894024 721
1694631591442 0.5655052186863252 722
1694631591482 0.5654192234808575 723
1694631591517 0.5653341362896022 724
1694631591560 0.5652499474351931 725
1694631591601 0.5651666473451161 726
1694631591636 0.5650842265505408 727
1694631591671 0.565002675685157 728
1694631591701 0.5649219854840337 729
1694631591731 0.564842146782493 730
1694631591761 0.5647631505149925 731
1694631591798 0.5646849877140179 732
1694631591830 0.5646076495089947 733
1694631591865 0.5645311271252128 734
1694631591897 0.56445541188276 735
1694631591929 0.5643804951954647 736
1694631591964 0.5643063685698645 737
1694631591997 0.564233023604172 738
1694631592029 0.5641604519872563 739
1694631592062 0.564088645497641 740
1694631592098 0.564017596002516 741
1694631592132 0.5639472954567482 742
1694631592168 0.5638777359019157 743
1694631592200 0.5638089094653488 744
1694631592231 0.5637408083591804 745
1694631592263 0.5636734248794121 746
1694631592297 0.5636067514049872 747
1694631592330 0.5635407803968714 748
1694631592367 0.5634755043971538 749
1694631592411 0.5634109160281496 750
1694631592458 0.5633470079915184 751
1694631592501 0.5632837730673877 752
1694631592547 0.5632212041134887 753
1694631592585 0.5631592940643064 754
1694631592619 0.5630980359302323 755
1694631592653 0.5630374227967292 756
1694631592682 0.5629774478235118 757
1694631592713 0.5629181042437216 758
1694631592747 0.5628593853631311 759
1694631592777 0.5628012845593409 760
1694631592811 0.5627437952809916 761
1694631592845 0.562686911046987 762
1694631592884 0.5626306254457257 763
1694631592952 0.5625749321343384 764
1694631593008 0.5625198248379318 765
1694631593049 0.56246529734885 766
1694631593086 0.5624113435259372 767
1694631593134 0.5623579572938083 768
1694631593184 0.562305132642134 769
1694631593225 0.5622528636249278 770
1694631593260 0.5622011443598391 771
1694631593297 0.5621499690274707 772
1694631593334 0.5620993318706765 773
1694631593365 0.5620492271938926 774
1694631593398 0.5619996493624645 775
1694631593431 0.5619505928019812 776
1694631593462 0.5619020519976201 777
1694631593498 0.5618540214934932 778
1694631593529 0.5618064958920154 779
1694631593560 0.5617594698532609 780
1694631593591 0.5617129380943376 781
1694631593624 0.5616668953887731 782
1694631593653 0.5616213365658936 783
1694631593684 0.5615762565102217 784
1694631593715 0.561531650160876 785
1694631593748 0.5614875125109796 786
1694631593781 0.5614438386070674 787
1694631593814 0.5614006235485158 788
1694631593845 0.5613578624869646 789
1694631593877 0.561315550625748 790
1694631593916 0.5612736832193399 791
1694631593947 0.5612322555727941 792
1694631593978 0.561191263041202 793
1694631594014 0.5611507010291455 794
1694631594048 0.5611105649901641 795
1694631594079 0.5610708504262241 796
1694631594113 0.5610315528871954 797
1694631594147 0.5609926679703324 798
1694631594183 0.5609541913197607 799
1694631594225 0.5609161186259756 800
1694631594268 0.5608784456253346 801
1694631594304 0.5608411680995643 802
1694631594338 0.5608042818752703 803
1694631594375 0.5607677828234565 804
1694631594412 0.5607316668590406 805
1694631594452 0.5606959299403831 806
1694631594493 0.5606605680688149 807
1694631594530 0.5606255772881823 808
1694631594566 0.5605909536843794 809
1694631594597 0.5605566933849006 810
1694631594631 0.5605227925583901 811
1694631594666 0.5604892474141967 812
1694631594698 0.5604560542019436 813
1694631594729 0.5604232092110845 814
1694631594763 0.5603907087704839 815
1694631594795 0.5603585492479839 816
1694631594826 0.5603267270499936 817
1694631594865 0.5602952386210689 818
1694631594894 0.560264080443506 819
1694631594945 0.5602332490369306 820
1694631594978 0.560202740957905 821
1694631595012 0.5601725527995198 822
1694631595047 0.5601426811910157 823
1694631595078 0.5601131227973799 824
1694631595113 0.5600838743189793 825
1694631595147 0.560054932491163 826
1694631595178 0.5600262940838991 827
1694631595217 0.559997955901401 828
1694631595253 0.5599699147817583 829
1694631595297 0.5599421675965728 830
1694631595351 0.5599147112506032 831
1694631595385 0.5598875426814072 832
1694631595420 0.5598606588589881 833
1694631595453 0.5598340567854493 834
1694631595491 0.5598077334946555 835
1694631595525 0.559781686051881 836
1694631595563 0.5597559115534847 837
1694631595593 0.5597304071265675 838
1694631595625 0.5597051699286554 839
1694631595662 0.5596801971473638 840
1694631595692 0.5596554860000796 841
1694631595726 0.5596310337336413 842
1694631595763 0.5596068376240276 843
1694631595796 0.5595828949760393 844
1694631595830 0.5595592031229999 845
1694631595863 0.5595357594264417 846
1694631595901 0.5595125612758137 847
1694631595950 0.559489606088177 848
1694631596003 0.5594668913079116 849
1694631596053 0.5594444144064235 850
1694631596096 0.5594221728818598 851
1694631596128 0.5594001642588189 852
1694631596160 0.5593783860880721 853
1694631596195 0.559356835946282 854
1694631596229 0.5593355114357265 855
1694631596268 0.559314410184027 856
1694631596315 0.5592935298438744 857
1694631596345 0.5592728680927707 858
1694631596377 0.5592524226327528 859
1694631596417 0.5592321911901378 860
1694631596448 0.5592121715152654 861
1694631596499 0.5591923613822375 862
1694631596535 0.5591727585886683 863
1694631596576 0.5591533609554312 864
1694631596611 0.5591341663264161 865
1694631596653 0.5591151725682767 866
1694631596692 0.5590963775701968 867
1694631596734 0.5590777792436463 868
1694631596774 0.5590593755221399 869
1694631596809 0.55904116436101 870
1694631596843 0.5590231437371697 871
1694631596880 0.5590053116488859 872
1694631596914 0.5589876661155485 873
1694631596945 0.5589702051774523 874
1694631596977 0.5589529268955677 875
1694631597011 0.5589358293513266 876
1694631597047 0.5589189106463989 877
1694631597077 0.5589021689024855 878
1694631597111 0.5588856022610971 879
1694631597147 0.5588692088833483 880
1694631597183 0.5588529869497498 881
1694631597215 0.5588369346599975 882
1694631597245 0.5588210502327781 883
1694631597277 0.5588053319055567 884
1694631597308 0.5587897779343863 885
1694631597342 0.5587743865937042 886
1694631597371 0.5587591561761397 887
1694631597404 0.5587440849923216 888
1694631597443 0.5587291713706836 889
1694631597480 0.5587144136572841 890
1694631597520 0.5586998102156052 891
1694631597566 0.5586853594263826 892
1694631597603 0.5586710596874133 893
1694631597640 0.5586569094133771 894
1694631597671 0.558642907035656 895
1694631597702 0.5586290510021622 896
1694631597736 0.5586153397771607 897
1694631597768 0.5586017718410898 898
1694631597801 0.5585883456903972 899
1694631597843 0.5585750598373691 900
1694631597879 0.5585619128099583 901
1694631597914 0.5585489031516248 902
1694631597950 0.5585360294211651 903
1694631597982 0.5585232901925551 904
1694631598014 0.5585106840547857 905
1694631598044 0.5584982096117023 906
1694631598075 0.5584858654818506 907
1694631598110 0.5584736502983241 908
1694631598145 0.5584615627086043 909
1694631598176 0.5584496013744117 910
1694631598209 0.5584377649715515 911
1694631598246 0.5584260521897677 912
1694631598281 0.5584144617325951 913
1694631598317 0.5584029923172149 914
1694631598364 0.5583916426743055 915
1694631598402 0.558380411547907 916
1694631598436 0.5583692976952707 917
1694631598470 0.5583582998867277 918
1694631598509 0.5583474169055477 919
1694631598544 0.5583366475477997 920
1694631598577 0.5583259906222179 921
1694631598609 0.5583154449500725 922
1694631598642 0.558305009365031 923
1694631598674 0.5582946827130295 924
1694631598703 0.5582844638521413 925
1694631598733 0.5582743516524543 926
1694631598765 0.5582643449959381 927
1694631598807 0.5582544427763185 928
1694631598849 0.5582446438989557 929
1694631598881 0.5582349472807235 930
1694631598912 0.5582253518498858 931
1694631598944 0.558215856545969 932
1694631598979 0.5582064603196576 933
1694631599010 0.5581971621326621 934
1694631599042 0.5581879609576147 935
1694631599071 0.5581788557779431 936
1694631599103 0.5581698455877636 937
1694631599133 0.5581609293917662 938
1694631599163 0.5581521062051006 939
1694631599194 0.5581433750532714 940
1694631599230 0.5581347349720245 941
1694631599263 0.5581261850072406 942
1694631599297 0.5581177242148286 943
1694631599332 0.558109351660615 944
1694631599363 0.5581010664202463 945
1694631599393 0.558092867579082 946
1694631599431 0.5580847542320923 947
1694631599459 0.5580767254837533 948
1694631599494 0.5580687804479569 949
1694631599529 0.5580609182479002 950
1694631599560 0.5580531380159932 951
1694631599592 0.5580454388937596 952
1694631599629 0.5580378200317423 953
1694631599664 0.5580302805894066 954
1694631599699 0.5580228197350475 955
1694631599734 0.5580154366456969 956
1694631599766 0.5580081305070312 957
1694631599803 0.5580009005132773 958
1694631599843 0.5579937458671267 959
1694631599881 0.5579866657796425 960
1694631599912 0.5579796594701761 961
1694631599945 0.557972726166273 962
1694631599981 0.5579658651035936 963
1694631600016 0.5579590755258229 964
1694631600047 0.5579523566845883 965
1694631600086 0.5579457078393764 966
1694631600135 0.5579391282574432 967
1694631600185 0.557932617213744 968
1694631600236 0.5579261739908434 969
1694631600279 0.5579197978788375 970
1694631600340 0.5579134881752756 971
1694631600380 0.5579072441850815 972
1694631600436 0.5579010652204747 973
1694631600496 0.557894950600894 974
1694631600559 0.5578888996529237 975
1694631600594 0.5578829117102159 976
1694631600628 0.5578769861134135 977
1694631600702 0.5578711222100824 978
1694631600755 0.5578653193546367 979
1694631600805 0.5578595769082648 980
1694631600878 0.5578538942388581 981
1694631600933 0.5578482707209405 982
1694631600978 0.5578427057356047 983
1694631601013 0.5578371986704319 984
1694631601046 0.5578317489194321 985
1694631601083 0.5578263558829736 986
1694631601116 0.557821018967716 987
1694631601151 0.5578157375865447 988
1694631601185 0.5578105111585043 989
1694631601220 0.5578053391087369 990
