1694635150074 172.52260575000827 0
1694635150105 176.18531861973898 1
1694635150137 173.84102682250398 2
1694635150171 174.6644129147961 3
1694635150206 174.5651818430459 4
1694635150241 174.08873874717452 5
1694635150277 173.31709003035024 6
1694635150319 170.4949953331696 7
1694635150357 171.78359527465213 8
1694635150392 170.50244068064887 9
1694635150422 170.69250518820897 10
1694635150458 171.67164046692295 11
1694635150492 172.68711610105387 12
1694635150524 171.35182592349372 13
1694635150557 167.43442530079417 14
1694635150591 166.88195661606045 15
1694635150624 165.45017305499147 16
1694635150657 168.66493681733184 17
1694635150689 165.90352560427695 18
1694635150722 164.62717059604284 19
1694635150755 168.49675821155842 20
1694635150789 167.88168225388736 21
1694635150821 166.65410281702077 22
1694635150854 163.8128763154193 23
1694635150889 163.82627455745816 24
1694635150922 165.12177062559672 25
1694635150955 164.48079683906224 26
1694635150986 162.77757266401954 27
1694635151016 163.0214494718865 28
1694635151048 164.4424187389705 29
1694635151082 162.63046734825346 30
1694635151113 161.73853993300068 31
1694635151145 163.70270720481486 32
1694635151178 160.13777368962516 33
1694635151209 165.1997577748844 34
1694635151240 162.00916031440764 35
1694635151274 162.41965312151544 36
1694635151308 161.92194355045652 37
1694635151339 157.9338035401404 38
1694635151372 160.9959482960996 39
1694635151405 161.47736520990924 40
1694635151437 162.1973650281094 41
1694635151469 158.2169391312832 42
1694635151504 161.31515682707985 43
1694635151537 157.12874649128312 44
1694635151569 158.67701580981438 45
1694635151601 158.44724028501193 46
1694635151632 158.50344798365524 47
1694635151663 156.6937726081057 48
1694635151698 155.4691559631605 49
1694635151729 156.64823034352614 50
1694635151760 153.55785836388392 51
1694635151792 153.20457924952558 52
1694635151826 155.00001808192093 53
1694635151859 153.7986736471897 54
1694635151892 155.46867607321275 55
1694635151926 153.7373867148485 56
1694635151958 155.12979853050007 57
1694635151995 152.83336651914226 58
1694635152030 152.58278141820884 59
1694635152066 154.6986181759551 60
1694635152098 153.01763159458935 61
1694635152129 152.16905102208617 62
1694635152161 150.18971481113434 63
1694635152194 149.97347909772017 64
1694635152225 153.33570215227095 65
1694635152255 150.8342188556247 66
1694635152286 151.47073742147816 67
1694635152318 148.78183795541642 68
1694635152350 151.05106880907002 69
1694635152383 148.79533962727422 70
1694635152417 147.94595783386868 71
1694635152448 149.6756746500874 72
1694635152481 150.31677689423034 73
1694635152515 149.63430249467388 74
1694635152547 145.79934673229297 75
1694635152581 146.23483635429344 76
1694635152617 146.7705537229754 77
1694635152650 145.10136931220563 78
1694635152684 145.9782953003231 79
1694635152717 146.68955908574586 80
1694635152750 143.99484974412772 81
1694635152785 146.90400694450375 82
1694635152817 143.75040269893321 83
1694635152849 144.31762039463726 84
1694635152883 145.31062909193648 85
1694635152917 143.48739067848024 86
1694635152949 146.65551570601647 87
1694635152984 142.87662167480823 88
1694635153017 146.52029586546973 89
1694635153050 144.3361833267304 90
1694635153083 142.59369913500902 91
1694635153118 143.05861014781922 92
1694635153148 139.2002454631228 93
1694635153182 140.26645738186045 94
1694635153217 139.09184207740952 95
1694635153250 142.30552272734133 96
1694635153282 139.84415586839086 97
1694635153316 139.56759721574412 98
1694635153351 140.95266976984735 99
1694635153384 139.15661027427666 100
1694635153420 140.38915577772832 101
1694635153455 138.5691107139704 102
1694635153491 141.2498645256574 103
1694635153525 140.24634871171142 104
1694635153559 140.72959116903107 105
1694635153594 138.4099722523916 106
1694635153630 136.9280385110287 107
1694635153662 136.03792399109287 108
1694635153698 138.31918701551342 109
1694635153731 138.5672585439361 110
1694635153763 137.582614172068 111
1694635153798 133.30596880110883 112
1694635153832 136.56220827582277 113
1694635153866 134.7655409476277 114
1694635153900 135.0696182044862 115
1694635153933 136.733040801189 116
1694635153967 133.04918059307855 117
1694635153999 133.2460975196588 118
1694635154030 132.81914572281138 119
1694635154064 135.19584411081212 120
1694635154097 135.19654918096268 121
1694635154130 134.19824535080713 122
1694635154163 134.38573649483118 123
1694635154196 133.785859920822 124
1694635154227 132.43338094194166 125
1694635154259 133.0306814409764 126
1694635154291 131.21757714884973 127
1694635154325 133.31644652892075 128
1694635154356 131.69079797568716 129
1694635154387 131.33218603957897 130
1694635154421 132.45352415324186 131
1694635154451 130.01863668994113 132
1694635154486 128.00748606593402 133
1694635154518 131.9459564437517 134
1694635154550 131.29138822039891 135
1694635154582 130.07607596624797 136
1694635154616 130.3198045848351 137
1694635154649 128.40282257520525 138
1694635154682 125.89052213910809 139
1694635154716 129.1775746079357 140
1694635154751 128.19221473429374 141
1694635154787 128.08166520190633 142
1694635154821 126.75975032326751 143
1694635154853 126.62812373308905 144
1694635154886 127.77366307721066 145
1694635154918 127.32065180508846 146
1694635154949 124.93749860599173 147
1694635154982 127.11058598837306 148
1694635155016 124.87918817804854 149
1694635155050 123.09630963759261 150
1694635155083 126.07572070252789 151
1694635155119 123.683181330007 152
1694635155153 126.64300906108829 153
1694635155184 124.87055614469344 154
1694635155219 123.49728318812178 155
1694635155252 123.87419073442048 156
1694635155285 121.82642831387847 157
1694635155319 124.52097529834462 158
1694635155353 122.82299448641538 159
1694635155384 122.96076206348727 160
1694635155417 121.59947710067274 161
1694635155449 121.35290326066051 162
1694635155488 122.77234663055991 163
1694635155521 122.20327163793591 164
1694635155553 121.68696200853417 165
1694635155587 121.02180407244316 166
1694635155620 121.25634795469762 167
1694635155653 122.86201394179275 168
1694635155684 120.94385810356417 169
1694635155716 120.76410034869153 170
1694635155748 118.60818040805576 171
1694635155781 120.04079646614267 172
1694635155813 118.93419972382645 173
1694635155846 116.91559205323752 174
1694635155881 120.09991477297028 175
1694635155916 119.53992928864417 176
1694635155947 117.85876607643009 177
1694635155979 117.89695300149049 178
1694635156014 118.43718178579327 179
1694635156049 115.92310509043548 180
1694635156082 116.68866474231852 181
1694635156118 115.87403727699868 182
1694635156152 116.29808893087242 183
1694635156186 116.21834193995294 184
1694635156221 117.01904225461178 185
1694635156250 117.67130130461439 186
1694635156281 115.35957200924656 187
1694635156316 114.46983618466805 188
1694635156346 114.3209185139739 189
1694635156379 114.29120526993157 190
1694635156415 115.50052295223266 191
1694635156446 114.00016829101037 192
1694635156483 112.94989725885335 193
1694635156517 112.15602755509778 194
1694635156555 114.6683572455712 195
1694635156594 111.7690279929436 196
1694635156630 112.87735290945182 197
1694635156661 114.385261209167 198
1694635156692 113.94510160727714 199
1694635156724 112.96068179616702 200
1694635156759 112.54421773123661 201
1694635156792 110.51401140945575 202
1694635156824 111.86726899408785 203
1694635156858 111.4361629974997 204
1694635156892 112.4042602854589 205
1694635156929 110.34005085948561 206
1694635156962 110.39802943882538 207
1694635156994 111.23608398882126 208
1694635157025 111.29771347459449 209
1694635157059 108.98797435929173 210
1694635157089 109.60414330193656 211
1694635157125 109.5602608392856 212
1694635157158 108.73115668800597 213
1694635157191 108.28092433776409 214
1694635157226 109.46958101732532 215
1694635157258 108.78844468530448 216
1694635157288 108.12942311346974 217
1694635157322 107.24535948304332 218
1694635157354 106.72643502531885 219
1694635157386 107.62216622285344 220
1694635157421 105.42247662380771 221
1694635157454 108.3773926497935 222
1694635157487 107.52300857656766 223
1694635157522 105.78167695581273 224
1694635157555 107.59613123291828 225
1694635157586 107.53779554389978 226
1694635157622 105.74838678643144 227
1694635157656 104.36994686725284 228
1694635157686 105.01193146993313 229
1694635157720 102.24972491096013 230
1694635157753 104.50720128014429 231
1694635157786 104.88361562448338 232
1694635157821 105.55956251382072 233
1694635157854 104.2038123517677 234
1694635157885 102.87404692254624 235
1694635157919 103.94149860065407 236
1694635157952 103.9782337761536 237
1694635157985 102.3937879533649 238
1694635158017 102.73022220759069 239
1694635158052 105.17694343127916 240
1694635158085 104.54922975095126 241
1694635158118 104.12532957877939 242
1694635158152 103.61406183978237 243
1694635158186 101.57835883031758 244
1694635158218 100.27678912606565 245
1694635158250 103.5093266504338 246
1694635158282 103.86590933177995 247
1694635158314 102.79372318746988 248
1694635158347 101.5870585153414 249
1694635158383 99.55998969741695 250
1694635158418 101.95202785159204 251
1694635158453 99.06257589805998 252
1694635158489 99.4078549303303 253
1694635158524 99.29061892524608 254
1694635158555 97.42423667114895 255
1694635158586 98.60079726439027 256
1694635158622 98.7168931806354 257
1694635158657 98.60459218052864 258
1694635158689 99.19655874109154 259
1694635158722 97.75458350157741 260
1694635158756 98.32480595557205 261
1694635158788 97.35664056700166 262
1694635158820 97.37488394064685 263
1694635158854 98.21301726495784 264
1694635158886 97.33003237792104 265
1694635158918 97.80561513767815 266
1694635158951 96.29700762502281 267
1694635158982 97.65129078821023 268
1694635159014 96.29517000514868 269
1694635159047 95.66772936878841 270
1694635159081 96.61962142234646 271
1694635159112 97.05862947271577 272
1694635159145 95.6052240950477 273
1694635159179 94.64526357698867 274
1694635159212 95.50270159322521 275
1694635159246 93.84524620419172 276
1694635159279 93.64636637418026 277
1694635159314 95.23450138316443 278
1694635159347 94.40062522405172 279
1694635159379 94.89910164036752 280
1694635159413 93.54366664712612 281
1694635159448 92.81497920006717 282
1694635159483 93.15998372598322 283
1694635159517 91.76257934269701 284
1694635159552 93.1832350519428 285
1694635159584 93.87817944245059 286
1694635159618 93.75309228173863 287
1694635159656 92.83736779103968 288
1694635159692 91.95292424455926 289
1694635159731 92.08027899403135 290
1694635159766 92.14167175342318 291
1694635159798 92.57358566865966 292
1694635159833 90.75778771829161 293
1694635159866 91.14461946602245 294
1694635159899 90.26459832835496 295
1694635159937 92.055001436607 296
1694635159969 90.93937304741837 297
1694635160000 90.51654978914347 298
1694635160032 89.87784183587421 299
1694635160066 90.68630723419302 300
1694635160097 91.39691117990526 301
1694635160131 90.40745533493441 302
1694635160163 89.55369327231246 303
1694635160198 89.25882249453807 304
1694635160231 88.06248716095935 305
1694635160263 88.2489736621935 306
1694635160294 90.64514380526381 307
1694635160327 87.70825542787132 308
1694635160358 89.60193269248047 309
1694635160391 88.57776792782956 310
1694635160426 87.1879747793289 311
1694635160458 87.11460507400348 312
1694635160489 88.13259884003357 313
1694635160524 86.68512001347979 314
1694635160559 87.44019405232851 315
1694635160593 87.01168629154708 316
1694635160626 88.72803770627127 317
1694635160660 87.02999973143861 318
1694635160692 85.73602283223634 319
1694635160727 86.33376015201237 320
1694635160758 87.06019199856165 321
1694635160791 86.90571653273014 322
1694635160823 85.24460704501335 323
1694635160855 85.08601825990684 324
1694635160888 84.41502962047561 325
1694635160921 85.08522875976406 326
1694635160951 84.68077424090903 327
1694635160985 85.38645495467524 328
1694635161018 85.23760984743069 329
1694635161054 84.05851651391195 330
1694635161086 84.34690697700998 331
1694635161118 82.29096002263586 332
1694635161150 83.73572267849082 333
1694635161184 82.63482667931412 334
1694635161218 83.12963916226805 335
1694635161253 83.85720442983374 336
1694635161284 84.37090456566158 337
1694635161319 82.06640145302615 338
1694635161351 82.8762942799481 339
1694635161382 81.37615779304686 340
1694635161414 83.34017519471726 341
1694635161450 80.72130693890841 342
1694635161488 81.82317464545751 343
1694635161525 82.63494231838233 344
1694635161558 81.60943973183157 345
1694635161589 81.76728230125802 346
1694635161621 82.13219790623775 347
1694635161654 80.88384656335329 348
1694635161686 81.13294572734186 349
1694635161718 79.50804998879833 350
1694635161752 81.6569287696142 351
1694635161785 79.98876226001101 352
1694635161817 79.37227917998378 353
1694635161853 79.96981968909117 354
1694635161886 80.03282895353878 355
1694635161919 80.56648988915114 356
1694635161952 81.29501121480392 357
1694635161985 79.1162668651804 358
1694635162017 78.96048507067017 359
1694635162053 79.72416917241966 360
1694635162086 80.00394518606376 361
1694635162118 79.17065908296809 362
1694635162152 77.99043234175504 363
1694635162183 79.3817479194681 364
1694635162213 78.49223257625833 365
1694635162246 78.11690773974875 366
1694635162276 79.11292138420221 367
1694635162309 78.5404033744174 368
1694635162343 76.86804303349997 369
1694635162376 77.20650229652693 370
1694635162408 77.22240762117347 371
1694635162441 76.03205839908021 372
1694635162475 76.15443374707324 373
1694635162509 78.00763356791165 374
1694635162542 77.05656306258174 375
1694635162574 76.30443888457147 376
1694635162605 75.49218533139148 377
1694635162638 75.4326658029061 378
1694635162672 75.72945338900088 379
1694635162705 76.46325060120218 380
1694635162738 75.41925320268125 381
1694635162772 76.11695117149428 382
1694635162805 74.95661656970874 383
1694635162839 75.10958834010765 384
1694635162870 74.33099779383633 385
1694635162902 74.59848815328675 386
1694635162935 73.74425387175116 387
1694635162969 73.9928989862983 388
1694635163001 74.83985549855548 389
1694635163033 73.20671156537016 390
1694635163068 74.48423672722198 391
1694635163101 73.90213356794959 392
1694635163134 72.97088750289942 393
1694635163166 73.5571710982702 394
1694635163199 73.75039463745377 395
1694635163231 73.54568559987564 396
1694635163265 72.52026789860473 397
1694635163299 73.74464133054012 398
1694635163336 72.66179852250629 399
1694635163368 72.12535344011046 400
1694635163403 72.09137869228428 401
1694635163434 72.20150594847087 402
1694635163467 72.87124083297525 403
1694635163501 72.62941095655675 404
1694635163533 71.3072165524721 405
1694635163570 72.28898503472152 406
1694635163603 71.56801084567532 407
1694635163635 70.3021763939139 408
1694635163672 71.49449113015251 409
1694635163703 70.51487843443357 410
1694635163734 70.94599448555101 411
1694635163765 70.93868239822146 412
1694635163798 71.03509660052721 413
1694635163831 69.45376214047458 414
1694635163865 70.71541707727955 415
1694635163899 70.95496585180005 416
1694635163933 69.92399642187898 417
1694635163968 69.62528949076511 418
1694635164000 69.39859337677596 419
1694635164034 69.54762208137514 420
1694635164069 69.48260154268714 421
1694635164102 68.15983111106056 422
1694635164136 67.9372353964789 423
1694635164171 69.10728402562958 424
1694635164204 68.60644198106597 425
1694635164239 68.16365408383426 426
1694635164272 67.35697313477392 427
1694635164308 69.36569847102646 428
1694635164339 67.22298629796181 429
1694635164374 67.13067967053642 430
1694635164407 67.78512909131302 431
1694635164439 68.90611800886818 432
1694635164475 66.64489505526521 433
1694635164508 67.47353318996596 434
1694635164541 68.06534883454422 435
1694635164573 66.99000213061151 436
1694635164603 66.4073640749559 437
1694635164636 66.59198532448465 438
1694635164670 66.19706625697034 439
1694635164702 66.73403681090292 440
1694635164734 66.4881502425579 441
1694635164769 66.51953797409523 442
1694635164802 67.07707649899538 443
1694635164834 65.87151994567213 444
1694635164869 65.30934878255465 445
1694635164901 65.57140960862856 446
1694635164933 65.55030871874179 447
1694635164970 65.03761084896503 448
1694635165005 64.3023114059596 449
1694635165037 65.2780763845652 450
1694635165073 63.99735786170384 451
1694635165108 64.64268386295691 452
1694635165142 64.6704145432159 453
1694635165176 65.2095172164431 454
1694635165208 65.20840160508875 455
1694635165241 64.9945242844306 456
1694635165276 63.692920879019916 457
1694635165308 63.39327961292114 458
1694635165339 63.38533348761072 459
1694635165371 63.41788872637981 460
1694635165404 63.52759546872974 461
1694635165437 63.0475893767535 462
1694635165471 63.25161278327599 463
1694635165508 63.96073151330809 464
1694635165541 63.642862483886596 465
1694635165577 62.786625634293614 466
1694635165612 63.59525831121562 467
1694635165645 61.79519486391194 468
1694635165677 62.1480528039444 469
1694635165708 63.07483597623553 470
1694635165739 62.91107270644977 471
1694635165772 61.536042483897276 472
1694635165805 61.5113399074876 473
1694635165838 61.07239850405483 474
1694635165872 62.00482437668982 475
1694635165904 61.068984971090245 476
1694635165938 60.581670463933385 477
1694635165973 60.677106428128546 478
1694635166004 61.1452012432328 479
1694635166036 60.27967488755862 480
1694635166072 59.7760845552995 481
1694635166105 60.48853665235562 482
1694635166139 59.86258498150059 483
1694635166175 60.75630484519155 484
1694635166208 60.48505278876123 485
1694635166242 59.732301533642236 486
1694635166276 60.28386154158534 487
1694635166310 59.06791127594833 488
1694635166341 60.244371609969 489
1694635166374 59.560615803762 490
1694635166407 59.62142542725311 491
1694635166438 58.676224375200626 492
1694635166471 58.576523704824325 493
1694635166506 59.26627726101911 494
1694635166538 58.987878168289924 495
1694635166571 58.82340322531236 496
1694635166603 58.62941685028417 497
1694635166635 58.30684446535625 498
1694635166676 57.639400636315465 499
1694635166716 58.123523256898636 500
1694635166750 57.79897395757841 501
1694635166786 57.16627140969603 502
1694635166821 56.82419958362124 503
1694635166853 58.37315713399411 504
1694635166887 57.259367458451266 505
1694635166922 58.16527487122711 506
1694635166956 57.32226451926698 507
1694635166991 57.687467622009976 508
1694635167024 57.1235263711297 509
1694635167057 57.120876969517006 510
1694635167088 57.85101396039261 511
1694635167120 56.959663455800815 512
1694635167152 55.80247690701506 513
1694635167185 57.31828558941586 514
1694635167216 55.461394936770446 515
1694635167250 56.151450682347345 516
1694635167285 56.42316221380106 517
1694635167316 55.69190844738901 518
1694635167347 55.23137741802595 519
1694635167379 55.13654266712707 520
1694635167412 55.31957697862018 521
1694635167446 55.84339312991056 522
1694635167482 55.59935293504936 523
1694635167518 54.9176874451514 524
1694635167551 55.268628059853015 525
1694635167587 53.985036326113324 526
1694635167620 55.04376636797743 527
1694635167652 54.461322055731436 528
1694635167687 54.51412379377525 529
1694635167720 53.82911738417829 530
1694635167751 54.10843353401902 531
1694635167784 54.57930810333554 532
1694635167817 53.384907667916686 533
1694635167849 54.08089289138633 534
1694635167884 53.309918593947586 535
1694635167919 53.5690037629304 536
1694635167950 53.33584884092656 537
1694635167986 52.96462497185368 538
1694635168018 53.82332644557802 539
1694635168050 53.38775871788286 540
1694635168084 53.840293396533646 541
1694635168118 53.797255183150284 542
1694635168152 53.303094536631676 543
1694635168187 53.69692872492891 544
1694635168217 52.984211158750796 545
1694635168250 52.51786683046655 546
1694635168282 51.630490193402565 547
1694635168316 51.91372363577463 548
1694635168347 52.64854945572566 549
1694635168381 51.36997080259077 550
1694635168413 51.8348168104352 551
1694635168446 51.671453483416016 552
1694635168485 52.78651649428176 553
1694635168518 51.095210077485895 554
1694635168551 51.66137885075428 555
1694635168583 50.71519490416265 556
1694635168615 51.31800055179348 557
1694635168647 51.57925527177712 558
1694635168681 51.110257268107475 559
1694635168713 50.73149865211436 560
1694635168747 51.10046638024131 561
1694635168781 50.0092232210068 562
1694635168812 50.24143174182745 563
1694635168844 50.86968846034102 564
1694635168879 50.07072154982056 565
1694635168913 50.70416449985989 566
1694635168944 50.910244636436595 567
1694635168977 49.418401416940114 568
1694635169007 49.588304132565426 569
1694635169039 50.17923985342855 570
1694635169072 49.60159971900884 571
1694635169104 49.57850294682954 572
1694635169134 48.44571301941549 573
1694635169165 48.78400842865505 574
1694635169198 48.853873492123356 575
1694635169228 49.914121535367784 576
1694635169258 48.93252391027167 577
1694635169292 49.064907201803734 578
1694635169323 49.09678593187116 579
1694635169357 48.987586482728155 580
1694635169389 48.732956611236425 581
1694635169425 48.77168738434664 582
1694635169458 47.8355479840958 583
1694635169491 48.67332634967138 584
1694635169525 48.36920853896751 585
1694635169558 48.40294764630294 586
1694635169592 48.02737053873544 587
1694635169628 48.137292739036695 588
1694635169663 48.128244119621336 589
1694635169698 47.08847616919144 590
1694635169732 47.37706911184653 591
1694635169767 47.69311933811619 592
1694635169801 47.0298305952216 593
1694635169836 47.02710521812786 594
1694635169869 46.84870864660447 595
1694635169902 47.589981454497206 596
1694635169934 46.91157240925796 597
1694635169967 46.61362163585656 598
1694635170000 46.09467428581427 599
1694635170033 46.00642140962853 600
1694635170065 46.38413041527057 601
1694635170098 46.93881087633374 602
1694635170129 45.82693105528914 603
1694635170162 45.5027565581394 604
1694635170199 46.55636630406738 605
1694635170232 45.756027265653906 606
1694635170266 45.742800387605044 607
1694635170302 46.267342924807785 608
1694635170335 45.56206575854242 609
1694635170370 46.15134905079856 610
1694635170404 44.757107727023 611
1694635170437 45.58573044458186 612
1694635170470 45.8712301465241 613
1694635170508 46.0385959809817 614
1694635170542 45.160211597821785 615
1694635170575 44.65656862509919 616
1694635170608 45.40480160781919 617
1694635170643 44.97686559883902 618
1694635170677 44.83815469287731 619
1694635170710 44.33120201544213 620
1694635170742 43.93128216846268 621
1694635170775 45.142786172592956 622
1694635170809 44.72404532870488 623
1694635170839 43.86398752435134 624
1694635170870 43.865683986566815 625
1694635170903 43.61722911001326 626
1694635170936 44.18502182840596 627
1694635170969 43.70648897100693 628
1694635171004 43.80812396819044 629
1694635171035 43.575883133973235 630
1694635171068 43.20342983581077 631
1694635171102 43.15641550303207 632
1694635171135 43.41581926779061 633
1694635171168 43.5091831493572 634
1694635171204 43.41059463514412 635
1694635171236 43.100227099658284 636
1694635171267 42.90489670588007 637
1694635171302 42.91496237167271 638
1694635171334 42.41638108102706 639
1694635171366 43.27069187455665 640
1694635171398 43.27682359102572 641
1694635171429 43.03838640617013 642
1694635171459 42.12291650954325 643
1694635171492 42.25745639594754 644
1694635171524 42.465722391874436 645
1694635171556 41.40049195672385 646
1694635171588 42.46594357095288 647
1694635171619 41.163473052985246 648
1694635171653 41.673989087775986 649
1694635171685 41.337709950185456 650
1694635171719 41.035762048407825 651
1694635171753 41.06314832879369 652
1694635171784 41.70156371544618 653
1694635171819 41.12919924859829 654
1694635171852 41.67845997354664 655
1694635171888 41.548396367285996 656
1694635171921 41.596259118908954 657
1694635171954 40.78135741514044 658
1694635171990 40.43051639233341 659
1694635172024 41.280566102612745 660
1694635172058 41.32854430049673 661
1694635172092 41.1364512882722 662
1694635172125 40.380614115625235 663
1694635172158 40.615145520688976 664
1694635172191 40.83949059145863 665
1694635172224 40.28035174136939 666
1694635172255 41.226275479675415 667
1694635172285 40.50179492005341 668
1694635172318 39.95223182152502 669
1694635172348 39.21195153529111 670
1694635172381 39.91817457821248 671
1694635172413 39.76871333622525 672
1694635172446 39.732184629797025 673
1694635172478 39.846135291964785 674
1694635172510 39.15731653012671 675
1694635172542 39.268123870415145 676
1694635172576 39.77693492637903 677
1694635172610 39.59794038584938 678
1694635172648 40.02631005367803 679
1694635172681 39.62512242458725 680
1694635172715 38.63090040399609 681
1694635172748 38.81976522164376 682
1694635172781 39.384238856442174 683
1694635172815 38.794540623261085 684
1694635172846 38.556450325506276 685
1694635172880 38.50232782924459 686
1694635172915 38.36826470186017 687
1694635172948 38.119742099988876 688
1694635172983 37.991378083471524 689
1694635173019 38.457004156854616 690
1694635173055 38.469917974021364 691
1694635173086 38.59861861798337 692
1694635173120 38.30057003640916 693
1694635173153 38.34031510135001 694
1694635173189 37.53667090967541 695
1694635173228 37.99243873441704 696
1694635173262 37.734920358920505 697
1694635173302 37.53548346232027 698
1694635173337 37.59466424264955 699
1694635173372 37.289103645598765 700
1694635173409 37.954544691789934 701
1694635173444 37.467170424273924 702
1694635173478 36.95204723268128 703
1694635173525 37.69629283024734 704
1694635173562 36.490433075855414 705
1694635173594 36.569608876677755 706
1694635173626 37.364416231958735 707
1694635173658 36.75182680225872 708
1694635173691 37.157744319953736 709
1694635173725 37.02344738361647 710
1694635173758 36.28886385844693 711
1694635173793 36.8049702793586 712
1694635173826 36.31807930650499 713
1694635173860 36.15160892007967 714
1694635173894 36.39403198309347 715
1694635173930 35.500437448038596 716
1694635173964 36.496823105325525 717
1694635173995 35.82481546004056 718
1694635174027 35.94221881271466 719
1694635174061 35.89589667541038 720
1694635174093 36.09457727981661 721
1694635174129 36.0196584073718 722
1694635174159 35.569478158487776 723
1694635174190 35.26269459287724 724
1694635174223 35.618281928774365 725
1694635174255 35.06739077127204 726
1694635174291 35.50708058248158 727
1694635174325 34.8113207077533 728
1694635174358 35.238552934429784 729
1694635174391 34.795440768988044 730
1694635174424 34.6183583703672 731
1694635174456 34.711217131567395 732
1694635174488 35.21591036989423 733
1694635174523 34.724235096340024 734
1694635174559 34.67532136106185 735
1694635174594 34.459331221036386 736
1694635174626 34.43022444693168 737
1694635174658 34.442668385035546 738
1694635174689 34.67020928670104 739
1694635174724 33.89374744249841 740
1694635174758 34.655229186342886 741
1694635174792 34.13963379507862 742
1694635174830 34.16537676358217 743
1694635174864 34.21503795499807 744
1694635174897 33.79295891752667 745
1694635174930 34.06247161650565 746
1694635174965 33.59805398203569 747
1694635174998 33.91415041213956 748
1694635175029 33.52326334246828 749
1694635175062 33.58113698275121 750
1694635175093 33.11476455295634 751
1694635175126 33.17094937811064 752
1694635175160 33.299970709643816 753
1694635175191 33.29197415234774 754
1694635175226 33.27536160827912 755
1694635175261 33.081720428089426 756
1694635175293 33.399028189180264 757
1694635175326 32.69774387143936 758
1694635175360 32.85511877298107 759
1694635175395 32.749074231556556 760
1694635175430 32.890515284682365 761
1694635175462 32.90893324381783 762
1694635175494 32.53710408802607 763
1694635175528 32.19182525372061 764
1694635175565 32.03089911596502 765
1694635175595 32.16547147484827 766
1694635175627 32.450868907251404 767
1694635175666 32.5787378732412 768
1694635175701 31.83430815670728 769
1694635175737 32.56530169476318 770
1694635175770 32.300962011701365 771
1694635175803 31.296035563834558 772
1694635175837 32.02192841085128 773
1694635175868 31.886198740413906 774
1694635175901 31.6811189601131 775
1694635175933 31.674816052417235 776
1694635175967 31.833618772976866 777
1694635176000 31.602212901600684 778
1694635176035 31.491145339027984 779
1694635176068 31.51697527467176 780
1694635176098 31.159903556312965 781
1694635176131 31.905434618130435 782
1694635176164 31.795635524313447 783
1694635176195 31.654742528629605 784
1694635176227 31.425111284605848 785
1694635176257 30.324525639467733 786
1694635176289 30.874089623064833 787
1694635176322 30.82459532574951 788
1694635176355 30.846883334116338 789
1694635176388 31.02600363852034 790
1694635176423 30.76879319471377 791
1694635176455 30.215152350554046 792
1694635176489 30.699297527739315 793
1694635176524 30.546116850394288 794
1694635176559 30.12599599896534 795
1694635176590 30.21143117607345 796
1694635176624 30.521017693740987 797
1694635176656 30.851754905252324 798
1694635176688 30.318900523813966 799
1694635176724 29.987306197118524 800
1694635176763 30.27643008342935 801
1694635176800 29.66120932520393 802
1694635176835 29.907369238612112 803
1694635176869 30.35798990613831 804
1694635176902 29.809544267282895 805
1694635176937 29.508952617034286 806
1694635176972 29.335926562403493 807
1694635177005 29.648678336750432 808
1694635177038 29.77374979733715 809
1694635177071 29.633146090705534 810
1694635177103 29.284836897461066 811
1694635177136 28.90092965683077 812
1694635177169 29.053778460052573 813
1694635177200 28.97822241139548 814
1694635177234 29.058170816268287 815
1694635177266 28.705621462345913 816
1694635177299 28.921183543447235 817
1694635177331 29.10545098217484 818
1694635177365 28.662668447541584 819
1694635177398 28.690752044958387 820
1694635177430 28.32684746612762 821
1694635177461 28.554829186936836 822
1694635177494 28.732390193253764 823
1694635177526 28.431723588850883 824
1694635177558 28.754464811410543 825
1694635177590 28.562015987644962 826
1694635177621 28.140389374887675 827
1694635177658 28.19071280768249 828
1694635177693 28.233739538329036 829
1694635177729 28.568701454919513 830
1694635177764 27.852421287110165 831
1694635177797 27.884115019502904 832
1694635177828 27.81193266668524 833
1694635177865 28.111355153699954 834
1694635177897 27.85617886492565 835
1694635177930 27.85125276427842 836
1694635177966 27.71199613964962 837
1694635178017 27.510150028185596 838
1694635178054 27.827139238243582 839
1694635178092 27.4901418601041 840
1694635178124 27.812772377801178 841
1694635178158 27.051978907242898 842
1694635178193 27.388769363283618 843
1694635178226 27.24708424342201 844
1694635178258 26.917770211025992 845
1694635178289 27.178417066346267 846
1694635178321 27.50196701088202 847
1694635178353 27.146811831875613 848
1694635178388 27.225595444197687 849
1694635178421 27.177822998535884 850
1694635178453 26.723512467660438 851
1694635178488 26.967310247450744 852
1694635178520 26.758903711147834 853
1694635178555 26.744218825151453 854
1694635178589 26.764111119113164 855
1694635178621 25.918125601711807 856
1694635178653 27.11941199894324 857
1694635178686 26.250893024833225 858
1694635178717 26.143525631519502 859
1694635178750 26.507131833454505 860
1694635178782 25.952078256319133 861
1694635178815 26.536025614194656 862
1694635178847 26.338464213149255 863
1694635178881 26.010017154991246 864
1694635178914 26.04567339102523 865
1694635178947 25.66147001036391 866
1694635178982 25.823313064292478 867
1694635179016 26.059412393817244 868
1694635179048 25.6573059563751 869
1694635179083 25.688387491329134 870
1694635179116 26.014892693635716 871
1694635179148 26.034065345998595 872
1694635179182 25.453295912818184 873
1694635179218 25.643573806168735 874
1694635179251 25.47349678984553 875
1694635179284 25.34764757252329 876
1694635179318 25.34164687446714 877
1694635179351 25.273603631439546 878
1694635179385 24.691232398633304 879
1694635179419 24.995530563600447 880
1694635179453 25.376153002228314 881
1694635179488 25.45646814862893 882
1694635179521 24.993947058431125 883
1694635179556 25.33307787615345 884
1694635179597 25.06940257833153 885
1694635179631 24.6610712869099 886
1694635179663 25.10956521990967 887
1694635179698 24.74185968880698 888
1694635179730 24.562100128776844 889
1694635179763 24.670306749387645 890
1694635179797 24.56445474891402 891
1694635179829 24.454003398729323 892
1694635179860 24.2133054446276 893
1694635179892 25.130451950554264 894
1694635179928 24.82663100711282 895
1694635179964 24.371059435975642 896
1694635179998 24.033386224062255 897
1694635180028 24.088106673226953 898
1694635180061 24.172015366381565 899
1694635180094 24.358617745987974 900
1694635180128 23.79243699471336 901
1694635180162 23.6641209181559 902
1694635180195 23.904541793573937 903
1694635180229 23.779047167215634 904
1694635180262 23.94466959039663 905
1694635180297 23.488437203795005 906
1694635180329 23.752829238019853 907
1694635180362 23.96047617223137 908
1694635180398 23.818995677702762 909
1694635180431 23.642182275283254 910
1694635180462 23.426462527836627 911
1694635180494 23.159809793644275 912
1694635180528 23.226653785229505 913
1694635180562 23.862284786723915 914
1694635180593 23.40558586071593 915
1694635180625 23.801356744689183 916
1694635180657 23.25418910344602 917
1694635180689 23.317450790338956 918
1694635180722 22.91897410957802 919
1694635180755 22.842201758325313 920
1694635180791 23.141189447952204 921
1694635180826 23.243959908551506 922
1694635180859 22.851084370364916 923
1694635180892 23.099182877744244 924
1694635180926 22.34687769177381 925
1694635180958 22.624801793833456 926
1694635180990 23.00718067586633 927
1694635181024 22.724870033470005 928
1694635181057 22.7633805550251 929
1694635181091 22.554653056693645 930
1694635181123 22.527928089069444 931
1694635181156 22.307049520939707 932
1694635181189 22.511786736091846 933
1694635181220 22.085293553439808 934
1694635181252 21.81656992476597 935
1694635181286 22.297704247755227 936
1694635181318 22.218458640910043 937
1694635181349 22.208121351592467 938
1694635181384 22.05654969211236 939
1694635181418 22.08129378282123 940
1694635181451 22.027245687548067 941
1694635181485 21.908693134428212 942
1694635181519 21.853244087453525 943
1694635181552 21.9440320004662 944
1694635181586 21.364623216294266 945
1694635181619 21.60923514210066 946
1694635181652 21.81699271586991 947
1694635181687 21.531328695218168 948
1694635181721 21.89423393682559 949
1694635181752 21.72792463540371 950
1694635181784 21.57428925503217 951
1694635181817 21.335064350518632 952
1694635181848 21.18336407214053 953
1694635181882 21.50687720526927 954
1694635181915 21.82784233861 955
1694635181946 21.329396790212055 956
1694635181981 21.272377720262618 957
1694635182014 21.302997726687682 958
1694635182051 21.54105184599617 959
1694635182086 21.315309417030377 960
1694635182118 20.800263694096685 961
1694635182150 20.912912201848005 962
1694635182183 21.223263008519012 963
1694635182216 20.98516574552111 964
1694635182251 20.6373662753157 965
1694635182284 20.993825223398673 966
1694635182315 21.013655809650565 967
1694635182347 21.16710532698754 968
1694635182382 20.96459179527358 969
1694635182414 20.61877646851096 970
1694635182446 20.727971557328058 971
1694635182482 20.64293095625788 972
1694635182516 20.156277675286812 973
1694635182548 19.989393492997998 974
1694635182581 20.402015534997183 975
1694635182609 20.62220392287033 976
1694635182643 20.47563458908808 977
1694635182676 20.428006628487648 978
1694635182711 20.326766098784738 979
1694635182745 20.085309774162106 980
1694635182780 19.95739198424795 981
1694635182813 20.072992522606484 982
1694635182846 19.68061004452724 983
1694635182882 19.916602213225353 984
1694635182917 19.620305441263266 985
1694635182951 19.910060277239378 986
1694635182983 19.888471640079846 987
1694635183016 19.952809642691673 988
1694635183046 19.690028433372458 989
1694635183079 19.68662077229277 990
1694635183115 20.146054891487626 991
1694635183148 19.68520467748271 992
1694635183182 19.640605146307355 993
1694635183220 19.624091787139353 994
1694635183252 19.56527326566747 995
1694635183285 20.056679297675327 996
1694635183317 19.716431741223502 997
1694635183349 19.636962404746082 998
1694635183379 19.527602275403076 999
