1694620394683 166.75528064737352 0
1694620394721 164.14921220093464 1
1694620394759 161.34074172625913 2
1694620394819 165.68488072770333 3
1694620394850 164.4139591119415 4
1694620394887 164.16103850602732 5
1694620394926 166.13993424157968 6
1694620394967 167.55136549366676 7
1694620395020 161.2437707396554 8
1694620395055 163.17808966429186 9
1694620395094 164.4280958394092 10
1694620395123 161.3385435707319 11
1694620395159 160.79245737738177 12
1694620395196 158.5417822615338 13
1694620395239 160.44544729504565 14
1694620395272 160.55341903741981 15
1694620395304 160.1749090591429 16
1694620395338 161.6884183829635 17
1694620395368 158.33203309605875 18
1694620395405 160.07749247273995 19
1694620395465 157.1740332365894 20
1694620395530 159.64699314189778 21
1694620395564 157.79499858913437 22
1694620395617 155.80593911438564 23
1694620395674 158.2020681853219 24
1694620395715 154.86724487177514 25
1694620395754 157.71506750138812 26
1694620395789 156.06636525374287 27
1694620395825 156.01049793643486 28
1694620395878 154.01092092836384 29
1694620395965 156.11664567003834 30
1694620396017 156.96368238185474 31
1694620396060 153.7902878784262 32
1694620396103 153.77643265596475 33
1694620396146 153.99617131484848 34
1694620396196 155.32430942933615 35
1694620396234 154.18105286003373 36
1694620396265 151.69511055787487 37
1694620396296 153.9727129211921 38
1694620396330 153.6841882768268 39
1694620396363 154.5721937408809 40
1694620396392 151.9980761394475 41
1694620396428 151.7990441822234 42
1694620396459 149.98960837626112 43
1694620396491 149.79033436658534 44
1694620396526 152.58275180160973 45
1694620396560 150.65442513748138 46
1694620396605 149.8779338527258 47
1694620396650 150.3984081221544 48
1694620396704 148.59198751923142 49
1694620396747 147.6175827876627 50
1694620396786 149.81253021096163 51
1694620396818 147.76820304778852 52
1694620396850 145.92915723211163 53
1694620396879 145.78719368741196 54
1694620396910 147.94511911340754 55
1694620396944 145.5251085033768 56
1694620396982 146.86395308112697 57
1694620397027 146.55161649026795 58
1694620397083 145.2691494112562 59
1694620397134 144.83394831511603 60
1694620397170 145.94679454694608 61
1694620397215 141.13855036857677 62
1694620397256 145.22907320574592 63
1694620397291 144.3177193020139 64
1694620397324 142.9046251257121 65
1694620397355 144.0591560248133 66
1694620397384 143.04727410662275 67
1694620397418 143.54138276908677 68
1694620397445 141.59607932819196 69
1694620397477 141.3996330290073 70
1694620397509 142.25360363613495 71
1694620397543 141.5780882069027 72
1694620397601 139.49033981619868 73
1694620397667 141.29699914086328 74
1694620397708 140.05605748593564 75
1694620397761 141.01254860144118 76
1694620397809 140.12064133750548 77
1694620397844 138.51563780550578 78
1694620397875 139.64082822890762 79
1694620397904 140.6112167402983 80
1694620397944 138.63845698348004 81
1694620397974 137.70014722640065 82
1694620398001 139.1815773850135 83
1694620398042 137.16498966450393 84
1694620398069 136.8664697348374 85
1694620398101 136.9408382960019 86
1694620398139 136.79263751224633 87
1694620398175 136.12186544193682 88
1694620398207 135.67187484743943 89
1694620398243 136.45601313262932 90
1694620398275 135.5737063093564 91
1694620398311 134.6618675504126 92
1694620398356 134.8864626855887 93
1694620398393 135.04234908889555 94
1694620398431 133.55317818634413 95
1694620398466 133.86993494659373 96
1694620398502 131.8303075896249 97
1694620398536 132.4521525307431 98
1694620398576 133.28831063817782 99
1694620398618 132.81222168435954 100
1694620398665 132.29495773313585 101
1694620398708 132.3838123424171 102
1694620398744 130.80223916723946 103
1694620398774 133.44011459156948 104
1694620398807 132.5110992139185 105
1694620398846 129.4110416503662 106
1694620398879 130.5455482269422 107
1694620398911 130.1075606291971 108
1694620398944 128.94840705770434 109
1694620398983 130.99408999882286 110
1694620399028 129.32803764896184 111
1694620399074 129.22142375815503 112
1694620399125 129.3267028020601 113
1694620399159 129.1745329596051 114
1694620399200 128.0416452565345 115
1694620399237 128.53471045124127 116
1694620399287 127.7001342503104 117
1694620399337 128.30035352770273 118
1694620399371 127.86051341692472 119
1694620399408 127.52879309609051 120
1694620399446 126.52732639882635 121
1694620399475 126.67679418338977 122
1694620399509 126.19400618341382 123
1694620399563 125.74428921450308 124
1694620399611 125.34158595637712 125
1694620399657 125.87630193718458 126
1694620399693 125.7321226901274 127
1694620399725 125.4596929866924 128
1694620399758 125.18285628660298 129
1694620399794 124.25065563780787 130
1694620399825 123.37458981110237 131
1694620399868 124.8794368365696 132
1694620399915 123.6846625866021 133
1694620399958 123.46987388687867 134
1694620399988 124.74708105776935 135
1694620400027 122.61569754536798 136
1694620400076 121.6254440030284 137
1694620400110 121.94547477481986 138
1694620400142 122.34214857400539 139
1694620400173 120.93255990390296 140
1694620400203 122.34786263419066 141
1694620400233 121.18134704698954 142
1694620400265 119.91887008664317 143
1694620400302 120.54973070400328 144
1694620400339 119.97696462525418 145
1694620400374 119.3321440851155 146
1694620400412 119.99089895396047 147
1694620400452 120.5844471866304 148
1694620400489 120.51812037427815 149
1694620400519 118.5305507639025 150
1694620400557 118.47991762475222 151
1694620400592 117.42141552851976 152
1694620400619 118.76793988087947 153
1694620400647 118.10510560315261 154
1694620400678 116.4799404580197 155
1694620400709 117.24767457732277 156
1694620400745 117.38183865218856 157
1694620400790 116.90198959276815 158
1694620400823 115.83214632637494 159
1694620400852 116.10262683977157 160
1694620400883 115.92059879282597 161
1694620400911 116.22792284468743 162
1694620400945 115.88186882537556 163
1694620400979 116.00608178322697 164
1694620401011 115.04790943277797 165
1694620401043 114.89086996208428 166
1694620401075 115.34931671018124 167
1694620401104 115.5313087678985 168
1694620401136 115.00681198179579 169
1694620401167 113.12511875827587 170
1694620401195 112.98799319470649 171
1694620401224 113.25890119390665 172
1694620401264 112.9043008501148 173
1694620401301 113.54698516791757 174
1694620401339 112.64108240319267 175
1694620401378 111.99338615711997 176
1694620401411 112.70453089813779 177
1694620401443 111.42684267952276 178
1694620401472 111.62080965536884 179
1694620401507 111.54436841649617 180
1694620401542 112.14053491650229 181
1694620401571 110.4823693271493 182
1694620401609 110.969773255297 183
1694620401646 110.0312239613677 184
1694620401677 110.56983259924498 185
1694620401718 109.80956620240417 186
1694620401760 109.01528597892148 187
1694620401792 110.28278205091992 188
1694620401821 109.02027655787546 189
1694620401862 108.5612246569345 190
1694620401902 109.44909095055485 191
1694620401937 109.54126524988446 192
1694620401972 107.82982617210692 193
1694620402017 108.39299872118036 194
1694620402068 107.56456857609855 195
1694620402101 107.47039044299315 196
1694620402133 108.0234579455886 197
1694620402167 107.06591585155986 198
1694620402207 106.703424824523 199
1694620402238 106.78230444454586 200
1694620402269 105.99581046119333 201
1694620402308 107.13152810940231 202
1694620402337 106.02177367493027 203
1694620402367 104.69937444621165 204
1694620402410 105.89170865876166 205
1694620402440 105.69044291223113 206
1694620402472 104.74707702436795 207
1694620402515 104.85612685902497 208
1694620402557 104.5382791051264 209
1694620402601 104.90531707587779 210
1694620402639 103.7809183878631 211
1694620402687 103.23957528740652 212
1694620402726 102.84633656090335 213
1694620402763 104.01599398561582 214
1694620402801 103.50123574432594 215
1694620402840 103.6689254447367 216
1694620402882 103.35339564328544 217
1694620402923 103.14634179193493 218
1694620402961 102.01642880500644 219
1694620402997 102.38713789851407 220
1694620403027 101.42806264180592 221
1694620403063 101.33233911565257 222
1694620403108 101.94083405340498 223
1694620403144 101.97820372879676 224
1694620403197 100.86407437723364 225
1694620403231 101.06611250050678 226
1694620403261 100.76983839232705 227
1694620403293 99.79258721757347 228
1694620403324 100.58769767771877 229
1694620403362 99.86991751612004 230
1694620403392 99.5740092549956 231
1694620403422 99.74293749123163 232
1694620403452 99.15304357424996 233
1694620403492 99.66896834662433 234
1694620403523 99.41064995794837 235
1694620403554 98.21068751121598 236
1694620403586 98.06195707684162 237
1694620403618 98.74352486714939 238
1694620403647 98.06434169154923 239
1694620403677 97.86162578080882 240
1694620403716 97.63116012827336 241
1694620403758 96.95753382497661 242
1694620403791 96.63431045216619 243
1694620403820 96.81053149319168 244
1694620403850 96.56562350349128 245
1694620403886 96.72920003871313 246
1694620403917 96.7167146677742 247
1694620403949 96.49197730059481 248
1694620403983 95.12286552559853 249
1694620404017 95.46434197407604 250
1694620404045 95.31118594065119 251
1694620404077 95.03879594878971 252
1694620404106 95.03919245618397 253
1694620404133 94.04923514011064 254
1694620404162 93.89643174754038 255
1694620404194 94.27731441744338 256
1694620404224 94.26366605741813 257
1694620404254 93.41506799176031 258
1694620404283 93.11666208402498 259
1694620404311 93.36864105470036 260
1694620404341 93.25197435038925 261
1694620404371 93.21443329747862 262
1694620404407 92.10051843779473 263
1694620404436 93.47365125316244 264
1694620404472 92.47718081587135 265
1694620404508 92.56608248570006 266
1694620404540 92.14095847116106 267
1694620404576 91.8632439371444 268
1694620404617 91.86677514581726 269
1694620404659 91.38427532565147 270
1694620404689 92.14540852512636 271
1694620404723 91.1409423743438 272
1694620404759 90.75518412946775 273
1694620404791 91.21273701932607 274
1694620404823 90.66293940926897 275
1694620404852 91.01674004350961 276
1694620404886 89.61448551806238 277
1694620404921 89.22981742751386 278
1694620404953 89.32720326598816 279
1694620404988 88.9945678275016 280
1694620405021 88.22308725173824 281
1694620405051 89.28968880799924 282
1694620405084 88.31716001873178 283
1694620405115 89.03760276668098 284
1694620405146 88.02041920234886 285
1694620405186 87.88778832856043 286
1694620405220 88.17773206906013 287
1694620405253 87.55549380974601 288
1694620405286 87.89854086529064 289
1694620405327 88.07687348581749 290
1694620405357 87.14359696221999 291
1694620405387 87.03390639674039 292
1694620405426 86.82479799333531 293
1694620405455 86.82092149119391 294
1694620405486 85.63599738367996 295
1694620405528 86.12476151079325 296
1694620405561 86.3044364011054 297
1694620405595 85.48615158144436 298
1694620405627 86.3402769831403 299
1694620405667 85.79461505680493 300
1694620405695 85.82924726604881 301
1694620405724 85.16419679162888 302
1694620405755 85.20841252840458 303
1694620405783 84.66058292288915 304
1694620405813 84.11017500172473 305
1694620405842 84.5128313274289 306
1694620405874 83.96792849627546 307
1694620405901 84.54083607199858 308
1694620405933 83.49333072420045 309
1694620405963 83.72972772536028 310
1694620405995 83.31804062530404 311
1694620406028 83.07349640813817 312
1694620406064 83.44932369837029 313
1694620406101 83.05997835725121 314
1694620406136 83.59330603447071 315
1694620406165 82.52018144505115 316
1694620406192 82.97723779433252 317
1694620406224 82.89552947831852 318
1694620406252 82.435901231097 319
1694620406285 81.92139897686718 320
1694620406323 82.32772704630301 321
1694620406353 81.17283622137587 322
1694620406384 82.03292331704951 323
1694620406412 81.2235625626263 324
1694620406440 80.70190214190562 325
1694620406472 80.5557778606878 326
1694620406499 80.75796296541881 327
1694620406527 80.49410003190121 328
1694620406555 79.977692437655 329
1694620406591 80.35753962683863 330
1694620406625 79.97253933970737 331
1694620406658 79.28450769265339 332
1694620406691 79.11527350059514 333
1694620406726 79.54600786405268 334
1694620406775 79.13071261915778 335
1694620406828 79.12939403177147 336
1694620406878 79.50036921619542 337
1694620406912 78.3674776974032 338
1694620406941 78.94067577660726 339
1694620406974 78.71809692432561 340
1694620407005 77.83623768055568 341
1694620407036 77.96706355012422 342
1694620407077 77.48693643993535 343
1694620407109 77.57800157094451 344
1694620407141 77.58841985675974 345
1694620407186 78.17832918862139 346
1694620407229 77.29369548135895 347
1694620407275 77.55562632422345 348
1694620407339 77.05275715913433 349
1694620407385 76.60619378383487 350
1694620407428 76.95048824508781 351
1694620407460 75.98535291220517 352
1694620407493 75.97565495847009 353
1694620407525 76.3902993852475 354
1694620407554 75.57024174609211 355
1694620407582 75.73302550217255 356
1694620407614 74.82594718810206 357
1694620407655 75.21684065273136 358
1694620407694 74.6264606398534 359
1694620407732 75.07966088160991 360
1694620407764 74.66911066715542 361
1694620407803 75.17834464191202 362
1694620407843 73.75023243489701 363
1694620407875 74.17829523139577 364
1694620407909 74.053837961075 365
1694620407952 73.96652011566344 366
1694620407993 73.69755798675689 367
1694620408036 73.54203466871078 368
1694620408083 72.98211782709753 369
1694620408112 73.77008175542198 370
1694620408160 73.72337621211548 371
1694620408206 73.20056408315952 372
1694620408243 73.18177849738957 373
1694620408285 73.0372352025117 374
1694620408316 72.60897247861232 375
1694620408359 72.58200454185182 376
1694620408397 72.01076869324257 377
1694620408437 72.01304499959932 378
1694620408478 72.33476147694223 379
1694620408513 71.4875820910314 380
1694620408544 70.90974483869101 381
1694620408576 71.50881099454656 382
1694620408609 71.06587131442046 383
1694620408640 70.64819086705273 384
1694620408671 71.42051918070084 385
1694620408702 70.93750375225581 386
1694620408743 70.61709662620183 387
1694620408773 70.92217815100076 388
1694620408802 70.65546520043785 389
1694620408839 69.79449555900976 390
1694620408876 70.25661616869458 391
1694620408911 70.09464084553116 392
1694620408955 69.91095624016046 393
1694620408990 69.64997905127741 394
1694620409026 69.7894840436667 395
1694620409061 69.40293146513368 396
1694620409110 68.72233148500185 397
1694620409150 68.43039650440463 398
1694620409185 68.79722996331803 399
1694620409220 69.04378833542087 400
1694620409253 68.49592850042681 401
1694620409294 68.48833500320207 402
1694620409339 68.57573775559683 403
1694620409377 68.20043877849467 404
1694620409409 67.4585415103128 405
1694620409445 67.50748037026035 406
1694620409476 67.20052282929375 407
1694620409506 67.10829412314335 408
1694620409547 67.52103262351004 409
1694620409590 67.16911049124022 410
1694620409621 67.01571242117447 411
1694620409650 66.25998026958472 412
1694620409680 66.26630348297923 413
1694620409716 66.56676333433953 414
1694620409753 66.28066833595543 415
1694620409786 66.14398650342099 416
1694620409815 66.00830438181049 417
1694620409844 65.77943752875726 418
1694620409873 66.43304794122358 419
1694620409905 66.02164322114687 420
1694620409942 65.77248425781622 421
1694620409979 65.40762227547755 422
1694620410008 65.63578019823535 423
1694620410050 64.99507467663716 424
1694620410088 64.94725332528543 425
1694620410119 64.87273093310868 426
1694620410147 65.12908746728638 427
1694620410179 64.33134348391344 428
1694620410214 64.64338964673108 429
1694620410256 64.10241160770218 430
1694620410292 64.10421473137686 431
1694620410323 63.84824249082666 432
1694620410354 63.79189826856417 433
1694620410383 64.04611608068352 434
1694620410416 63.461874939726115 435
1694620410444 63.87407388952108 436
1694620410475 63.219964612726244 437
1694620410505 63.35892919441069 438
1694620410540 62.94832281292211 439
1694620410570 62.71514361722585 440
1694620410611 62.81041378472379 441
1694620410649 62.638114758636085 442
1694620410691 62.10507715419572 443
1694620410720 62.32643326489477 444
1694620410753 62.21016713465111 445
1694620410794 61.73227317007094 446
1694620410835 61.67308852140915 447
1694620410871 61.58836490236494 448
1694620410910 61.486476685260655 449
1694620410955 61.444830564604906 450
1694620410995 61.02357562803662 451
1694620411039 61.75125989774742 452
1694620411070 60.94516585500797 453
1694620411108 60.81780064286784 454
1694620411148 60.59993882700763 455
1694620411179 60.883431146412946 456
1694620411220 60.96336522225224 457
1694620411261 60.23520832267214 458
1694620411299 60.51570031155703 459
1694620411330 60.386080226751595 460
1694620411365 59.7223843157264 461
1694620411403 60.099008911312715 462
1694620411438 59.3901209089593 463
1694620411472 59.57109009759201 464
1694620411506 59.00955700596777 465
1694620411543 59.712066813315026 466
1694620411574 59.56481489805337 467
1694620411610 58.80310757228198 468
1694620411652 59.00527860918805 469
1694620411707 58.83456872708053 470
1694620411758 58.87578787218167 471
1694620411798 59.0215445749262 472
1694620411843 58.125268746220414 473
1694620411872 58.559417948250086 474
1694620411911 58.1199398375567 475
1694620411947 57.69661478604522 476
1694620411989 57.63886414266372 477
1694620412021 58.19678070983201 478
1694620412057 57.78532088571097 479
1694620412093 57.458643158629506 480
1694620412126 57.55992031946115 481
1694620412161 57.170117740521256 482
1694620412191 57.34298796760137 483
1694620412220 56.610721377445145 484
1694620412255 56.68700528012849 485
1694620412285 56.68566426004094 486
1694620412318 56.907402888692395 487
1694620412359 56.650397641827965 488
1694620412389 56.819630996588444 489
1694620412419 57.15685942491244 490
1694620412457 55.81790430314402 491
1694620412486 55.807807786048606 492
1694620412513 55.895880326372634 493
1694620412540 55.420700033989746 494
1694620412568 55.91204295329158 495
1694620412598 55.319004474800714 496
1694620412625 55.51385179379639 497
1694620412658 55.7926340023956 498
1694620412692 54.94234323212901 499
1694620412719 54.70871283982799 500
1694620412773 55.13779115542321 501
1694620412819 54.094109782313865 502
1694620412857 55.09297773726691 503
1694620412888 54.53453512021277 504
1694620412920 54.72620789025506 505
1694620412958 54.41848350602897 506
1694620412996 54.60180887198062 507
1694620413029 54.20663704017485 508
1694620413069 53.85756546296217 509
1694620413109 53.76189265767429 510
1694620413148 53.754240277514086 511
1694620413176 53.93569991367219 512
1694620413214 53.32220000534525 513
1694620413245 53.24767805368887 514
1694620413276 53.157471780954694 515
1694620413306 53.42032131498649 516
1694620413338 52.969919523344544 517
1694620413368 52.64361694645832 518
1694620413410 53.07286783071346 519
1694620413438 52.80122165626448 520
1694620413466 52.68057243313604 521
1694620413493 52.7991750211478 522
1694620413521 52.64610496209621 523
1694620413555 52.46178570388334 524
1694620413584 52.43143891265021 525
1694620413612 51.8143002751867 526
1694620413640 52.16206293468687 527
1694620413671 52.20498301827993 528
1694620413704 51.01391760789878 529
1694620413733 51.03621236256722 530
1694620413767 51.3899495285283 531
1694620413797 51.421894147115125 532
1694620413834 51.201066651816134 533
1694620413867 51.43394158625287 534
1694620413901 51.17502252042183 535
1694620413934 50.83289853162706 536
1694620413967 50.792682728435636 537
1694620414005 50.494288691650915 538
1694620414035 50.17758115211784 539
1694620414067 50.255462277459905 540
1694620414099 50.156370691174864 541
1694620414129 50.449889640607665 542
1694620414172 50.01960621260971 543
1694620414208 50.05642149066526 544
1694620414244 50.17662629451942 545
1694620414278 50.10918706727755 546
1694620414314 49.53257562910826 547
1694620414357 49.441694989675376 548
1694620414391 49.37420055446975 549
1694620414419 49.27962223707458 550
1694620414446 49.211635096048184 551
1694620414478 49.477763751750935 552
1694620414507 49.25296533236036 553
1694620414539 48.49882964066104 554
1694620414570 48.649565375890894 555
1694620414603 48.66727769367476 556
1694620414654 49.01671498560793 557
1694620414689 48.46244653542498 558
1694620414721 48.4426469887261 559
1694620414758 48.445785669618274 560
1694620414789 48.463934137291325 561
1694620414822 48.83681220217837 562
1694620414859 48.50606642743866 563
1694620414906 47.59655977071511 564
1694620414951 47.82822280798868 565
1694620414989 47.17523664760236 566
1694620415027 47.07295269285368 567
1694620415064 47.671382848698165 568
1694620415094 47.09500819795418 569
1694620415125 47.39544765123013 570
1694620415153 47.225747938747396 571
1694620415187 47.389201349229324 572
1694620415224 46.9326595965684 573
1694620415266 46.70969305647483 574
1694620415309 46.96432404991447 575
1694620415340 46.75822556813935 576
1694620415374 46.229857050758305 577
1694620415404 46.32641161747298 578
1694620415437 46.265508496535716 579
1694620415473 46.02456509662071 580
1694620415501 46.15057106099036 581
1694620415537 46.27633813339088 582
1694620415574 45.63699110896361 583
1694620415606 45.76323345850776 584
1694620415637 45.20389974610125 585
1694620415672 45.613920293742005 586
1694620415698 45.71284685876535 587
1694620415728 45.54114258988964 588
1694620415758 45.289147832380706 589
1694620415790 45.47763219942797 590
1694620415823 45.16147116059707 591
1694620415851 45.40777576004369 592
1694620415878 44.84929130587641 593
1694620415909 44.476289030682025 594
1694620415944 45.06598418791485 595
1694620415991 45.03786536403337 596
1694620416035 44.42502135898552 597
1694620416085 44.42757738711528 598
1694620416127 44.04543891068051 599
1694620416164 44.39253418144029 600
1694620416197 44.17616461170075 601
1694620416235 44.113064044225325 602
1694620416279 43.75145549060305 603
1694620416325 43.989215054129104 604
1694620416366 43.86742121110211 605
1694620416407 43.3143613023888 606
1694620416458 43.954938747148084 607
1694620416502 43.20072063984464 608
1694620416548 43.09072896259942 609
1694620416587 42.80240790384016 610
1694620416626 43.33390246390618 611
1694620416660 43.127248634260184 612
1694620416694 43.01283088756424 613
1694620416727 42.58186351049963 614
1694620416758 43.01807983952473 615
1694620416790 43.00686111164949 616
1694620416831 42.636269055340435 617
1694620416874 42.59655752373744 618
1694620416918 42.27185607696692 619
1694620416963 42.90337229298307 620
1694620416995 42.187503094161706 621
1694620417039 42.014930590744115 622
1694620417077 42.81713607377826 623
1694620417111 41.74558850870396 624
1694620417143 41.840537545935256 625
1694620417173 41.780765616663174 626
1694620417204 41.239814458782604 627
1694620417236 41.99680870384493 628
1694620417266 41.37938620722345 629
1694620417295 41.86587691595319 630
1694620417325 41.141057181676494 631
1694620417356 41.51486177816486 632
1694620417402 41.102845624820176 633
1694620417445 41.099343915929246 634
1694620417481 40.91491104597036 635
1694620417514 41.13366004700598 636
1694620417545 40.83894138430737 637
1694620417577 40.47010218720181 638
1694620417608 41.022595756453555 639
1694620417645 40.19086783433977 640
1694620417678 40.3232406288774 641
1694620417722 40.35018945384072 642
1694620417754 40.3111810984403 643
1694620417792 40.05377570805778 644
1694620417823 39.94466947352493 645
1694620417857 40.56047275503665 646
1694620417893 39.939547154466105 647
1694620417926 39.60274116905628 648
1694620417960 39.703705629446596 649
1694620417994 39.86679146893025 650
1694620418025 39.78337596934392 651
1694620418055 39.5737976762915 652
1694620418097 39.34426646531349 653
1694620418139 39.42797950974044 654
1694620418171 39.802913134922385 655
1694620418205 38.69942787369278 656
1694620418244 39.09275268581539 657
1694620418274 38.77883154856373 658
1694620418306 39.25287388026199 659
1694620418341 38.84308945591089 660
1694620418376 38.53118825988984 661
1694620418412 38.50498606935086 662
1694620418454 37.969049428677394 663
1694620418495 38.60327043535535 664
1694620418535 38.24518135047705 665
1694620418568 37.99163928279168 666
1694620418645 38.22983214935866 667
1694620418700 37.74886464128662 668
1694620418745 38.275796734757655 669
1694620418796 37.632641792417296 670
1694620418835 37.79314384324153 671
1694620418863 38.031515232047134 672
1694620418896 37.85309657510051 673
1694620418925 37.372913560990945 674
1694620418959 37.69102970446409 675
1694620418989 37.79107789328261 676
1694620419041 36.86542302436684 677
1694620419077 37.21364797832636 678
1694620419123 37.26708065174482 679
1694620419154 37.557152880309985 680
1694620419190 37.47973166454639 681
1694620419230 36.866260829678026 682
1694620419261 36.93657334646333 683
1694620419294 36.99330259278407 684
1694620419343 37.04167073411375 685
1694620419375 36.59504133241371 686
1694620419403 36.61155706407281 687
1694620419443 36.74844362674187 688
1694620419479 36.340818355279055 689
1694620419512 36.72329028524919 690
1694620419548 36.14493061600405 691
1694620419580 36.135877975134 692
1694620419613 36.44392257303329 693
1694620419643 36.38780565289197 694
1694620419672 36.251659163828286 695
1694620419702 35.887630730030374 696
1694620419735 35.57925233562848 697
1694620419769 35.57743182254508 698
1694620419797 35.69113072077689 699
1694620419827 35.316116605940486 700
1694620419862 35.360709410897854 701
1694620419895 35.333608649439924 702
1694620419947 35.4259319079809 703
1694620419979 35.148954482535466 704
1694620420019 34.924145267029054 705
1694620420055 34.61680840144778 706
1694620420084 34.998239354015475 707
1694620420119 34.76754735273785 708
1694620420152 34.62744507511824 709
1694620420185 34.867352564382045 710
1694620420227 34.8147005686546 711
1694620420265 34.697061095472264 712
1694620420320 34.57025709570323 713
1694620420360 34.47489687308912 714
1694620420393 34.63573772954795 715
1694620420430 34.00562417351108 716
1694620420463 34.34843895088792 717
1694620420496 34.15139821928684 718
1694620420524 33.860662732650624 719
1694620420556 34.31716116551602 720
1694620420588 34.13856971566009 721
1694620420623 33.87108054107064 722
1694620420658 33.892995220252764 723
1694620420688 33.82622948097952 724
1694620420722 33.76138297429496 725
1694620420759 33.37958107229504 726
1694620420790 33.04317117441776 727
1694620420822 33.72468489120218 728
1694620420852 33.40066362630025 729
1694620420878 33.39074065119553 730
1694620420906 32.86081304795268 731
1694620420935 33.19988238837465 732
1694620420966 32.67663306246116 733
1694620420993 33.05177800251922 734
1694620421023 32.461392496066935 735
1694620421057 32.677687075514456 736
1694620421086 32.655361020632505 737
1694620421127 32.68624121894249 738
1694620421159 32.587914201247784 739
1694620421188 32.26160842032983 740
1694620421223 32.754145175457474 741
1694620421259 32.37792939335301 742
1694620421287 32.37636338322642 743
1694620421332 32.47951251589511 744
1694620421370 32.54375272219129 745
1694620421411 32.109969155783276 746
1694620421451 31.802857719405818 747
1694620421482 32.01747128652994 748
1694620421518 31.9833236129898 749
1694620421559 31.953409057900554 750
1694620421589 31.597725294048413 751
1694620421621 31.958301668404527 752
1694620421653 31.058960003363353 753
1694620421683 31.467191930540693 754
1694620421712 31.61649518724194 755
1694620421746 31.655101805441156 756
1694620421773 31.151703317992467 757
1694620421803 31.545700544129012 758
1694620421832 31.280817600712165 759
1694620421861 31.039112817697564 760
1694620421891 31.156998669721943 761
1694620421925 30.834002135708285 762
1694620421959 30.97483411715948 763
1694620421986 30.75478728567 764
1694620422027 30.799051785625327 765
1694620422062 30.63041515120428 766
1694620422090 30.657575876247318 767
1694620422117 30.39607901586996 768
1694620422156 30.690565348917985 769
1694620422183 30.152766376444454 770
1694620422214 30.491117169531258 771
1694620422247 30.17995537334753 772
1694620422277 30.111399831194554 773
1694620422308 29.954847239208952 774
1694620422343 30.422901537374486 775
1694620422374 29.753082892823965 776
1694620422405 30.37266730138794 777
1694620422443 30.26390229884307 778
1694620422477 29.845644395566776 779
1694620422505 29.5087767472899 780
1694620422543 29.915219056181034 781
1694620422574 29.763721033446956 782
1694620422601 29.672731481723357 783
1694620422642 29.688374999879326 784
1694620422673 29.72774456040577 785
1694620422704 29.679534521388316 786
1694620422741 29.418797779232598 787
1694620422769 29.22347563771175 788
1694620422798 29.53951443685562 789
1694620422825 29.20650576576651 790
1694620422852 29.155959287048294 791
1694620422883 29.47168150013106 792
1694620422910 28.638193849585576 793
1694620422944 29.194998332426223 794
1694620422976 28.783459442363974 795
1694620423004 28.72641294476633 796
1694620423047 28.63500837227006 797
1694620423077 28.681994199725306 798
1694620423114 28.705917993915918 799
1694620423150 28.55918161939449 800
1694620423184 28.06502887206696 801
1694620423216 28.282085054862904 802
1694620423252 28.54358244905515 803
1694620423282 27.75269043634272 804
1694620423311 28.431738642315455 805
1694620423346 28.302676924782624 806
1694620423376 27.912311229283834 807
1694620423404 27.769206533351873 808
1694620423438 28.042903325772215 809
1694620423475 27.713926520644673 810
1694620423507 27.62699793410847 811
1694620423539 27.720252922028866 812
1694620423567 27.63281140082681 813
1694620423594 27.746733279472778 814
1694620423623 27.435357043786077 815
1694620423652 27.61294104013962 816
1694620423682 27.530001604722504 817
1694620423710 26.93047738845007 818
1694620423746 27.480273581308715 819
1694620423776 27.254700844479547 820
1694620423804 27.256305369419636 821
1694620423839 27.040368570835366 822
1694620423873 27.501535292172992 823
1694620423904 26.869654168313616 824
1694620423935 27.30165997481492 825
1694620423974 27.139138125640724 826
1694620424006 26.41926612510467 827
1694620424038 26.994000176722437 828
1694620424073 26.862151233819002 829
1694620424100 26.709073886306147 830
1694620424139 26.483677862340425 831
1694620424172 26.75226005966607 832
1694620424202 26.054937639336003 833
1694620424241 26.571859192270697 834
1694620424287 26.623877246463405 835
1694620424330 26.596599933145402 836
1694620424373 26.438336855217017 837
1694620424410 26.317749034151372 838
1694620424475 26.261200882602495 839
1694620424511 26.1272200617274 840
1694620424575 25.92758582637294 841
1694620424616 26.017459942790023 842
1694620424657 26.154670670913763 843
1694620424701 25.667863465923634 844
1694620424732 25.861131759563808 845
1694620424761 25.51470863612323 846
1694620424788 25.554563133507706 847
1694620424817 25.642099098045243 848
1694620424849 25.810312587387497 849
1694620424879 25.417655604176527 850
1694620424908 25.576852860709543 851
1694620424935 25.197837896613063 852
1694620424970 25.43622679978223 853
1694620424998 25.51247672910243 854
1694620425028 25.464086013287314 855
1694620425059 25.397230676826094 856
1694620425090 25.359219158824068 857
1694620425125 24.968324472764 858
1694620425189 25.04715355136428 859
1694620425241 25.45433852948359 860
1694620425277 25.159580276516763 861
1694620425310 24.720033608950594 862
1694620425349 24.959189791807113 863
1694620425377 24.72883950802022 864
1694620425407 24.84846696549571 865
1694620425439 24.70151505611485 866
1694620425471 25.07925489007375 867
1694620425504 24.5155226995729 868
1694620425541 24.824141217497964 869
1694620425577 24.213438242825834 870
1694620425607 24.341324454636297 871
1694620425656 24.34648614640151 872
1694620425691 24.052256226920797 873
1694620425723 24.25892199503228 874
1694620425765 24.392238262569588 875
1694620425798 24.003696026282903 876
1694620425832 23.953822653882742 877
1694620425866 23.935075893728815 878
1694620425905 23.840943577325486 879
1694620425937 24.17723802422402 880
1694620425980 23.643458304799616 881
1694620426023 24.205954134806355 882
1694620426063 23.773429370109238 883
1694620426097 23.346237435211748 884
1694620426132 23.666759916533678 885
1694620426172 23.328646176274606 886
1694620426214 23.767789068931403 887
1694620426253 23.629827342832474 888
1694620426281 23.455508245267318 889
1694620426309 23.39368412730445 890
1694620426336 23.385519495955915 891
1694620426366 23.48464029499109 892
1694620426396 23.272491846755827 893
1694620426426 23.41161251367796 894
1694620426457 22.89364342611113 895
1694620426486 23.230805517028514 896
1694620426516 22.80452427770188 897
1694620426555 23.194242964860013 898
1694620426604 23.034238017583032 899
1694620426631 22.674308045078213 900
1694620426673 22.948346916224068 901
1694620426734 22.738526411292803 902
1694620426788 22.734385919312214 903
1694620426834 22.811608901052487 904
1694620426890 22.403516038047886 905
1694620426937 22.700129065023585 906
1694620426984 22.49761101395086 907
1694620427030 22.49914422908655 908
1694620427064 22.399754541882754 909
1694620427108 22.59097043808292 910
1694620427145 22.224043045103947 911
1694620427184 22.09868629308739 912
1694620427226 22.349892887886625 913
1694620427272 22.33640010333916 914
1694620427314 22.085342757737717 915
1694620427349 22.183983715458147 916
1694620427390 22.209025104468836 917
1694620427441 21.793007157369875 918
1694620427500 21.970947703351147 919
1694620427557 22.008623064094607 920
1694620427607 21.813415474959303 921
1694620427646 22.02278477580482 922
1694620427686 21.67089944599931 923
1694620427754 21.480058936463852 924
1694620427793 21.76881513873695 925
1694620427837 21.339106851489348 926
1694620427880 21.59563025271935 927
1694620427914 21.467141489328135 928
1694620427949 21.489401198435463 929
1694620427991 21.59853374135444 930
1694620428045 21.330854166301247 931
1694620428079 21.72007815349939 932
1694620428118 21.595561736237013 933
1694620428156 21.86572527924424 934
1694620428187 21.46760246235427 935
1694620428223 20.98322763217248 936
1694620428259 21.296641491028776 937
1694620428302 21.078298215034003 938
1694620428337 21.10128293298357 939
1694620428379 20.9123797747072 940
1694620428430 20.854684470269213 941
1694620428482 21.15423045907964 942
1694620428530 20.910734700691926 943
1694620428573 20.708352058546392 944
1694620428609 20.80747561556928 945
1694620428647 20.81772729774192 946
1694620428692 21.021147475580936 947
1694620428737 20.592746601605388 948
1694620428783 20.562777402557188 949
1694620428826 20.67098134237581 950
1694620428869 20.43056159087569 951
1694620428908 20.511622844068558 952
1694620428939 20.296660949517097 953
1694620428975 20.287767060438192 954
1694620429009 20.308491076311018 955
1694620429041 20.486762964180862 956
1694620429076 20.06042593082991 957
1694620429123 20.194229839802528 958
1694620429157 20.063644499330547 959
1694620429192 20.101785842980764 960
1694620429223 19.92390524957316 961
1694620429258 20.164037821752867 962
1694620429301 20.02153425777542 963
1694620429345 19.77688761865944 964
1694620429390 19.703098406429472 965
1694620429430 19.990769109013268 966
1694620429483 19.633417039577584 967
1694620429524 19.422743043981427 968
1694620429568 19.522699410738767 969
1694620429606 20.020005214819186 970
1694620429661 20.022933506925295 971
1694620429721 19.644987157791753 972
1694620429769 19.66583662474326 973
1694620429805 19.375961121992717 974
1694620429837 19.75851768646155 975
1694620429872 19.21542740463605 976
1694620429900 19.393405214610915 977
1694620429939 19.55749447580631 978
1694620429992 19.310193315561257 979
1694620430041 19.250645475216892 980
1694620430092 19.146745395335092 981
1694620430145 19.06883024433236 982
1694620430219 19.071941776506936 983
1694620430313 19.061214069868214 984
1694620430383 19.14648388383721 985
1694620430457 18.837496161072746 986
1694620430605 18.84004720475622 987
1694620430714 18.695161239491945 988
1694620430806 18.911738515369056 989
1694620430858 18.509214527495306 990
1694620430911 18.75699972684498 991
1694620430969 18.713474266797025 992
1694620431027 18.90175453943371 993
1694620431118 18.587380121971574 994
1694620431299 18.779201666729648 995
1694620431406 18.596656618681724 996
1694620431511 18.671587648095358 997
1694620431571 18.315593457894682 998
1694620431611 18.402303865854407 999
