1694623849715 178.43896494655556 0
1694623849747 178.49577034256114 1
1694623849776 177.49123980627067 2
1694623849805 176.76146825843344 3
1694623849832 176.79062642858472 4
1694623849859 177.79695076903735 5
1694623849889 175.83906605145995 6
1694623849918 174.11530680484694 7
1694623849947 176.24483073778123 8
1694623849977 172.13859992039642 9
1694623850010 176.4444779181505 10
1694623850040 176.27556340941572 11
1694623850071 172.00088881539304 12
1694623850101 171.81948093872774 13
1694623850134 170.36602783788123 14
1694623850176 171.04939136346073 15
1694623850215 170.14255320025313 16
1694623850264 168.11856542061017 17
1694623850320 170.11712520633316 18
1694623850386 169.97598636126733 19
1694623850446 168.02042251017977 20
1694623850504 168.1141782599823 21
1694623850560 170.69171262120196 22
1694623850616 169.15751646066116 23
1694623850676 170.73139791707015 24
1694623850736 169.19693516165395 25
1694623850794 168.1173861897552 26
1694623850828 167.52201666292305 27
1694623850864 165.9007023197499 28
1694623850898 166.31728584624142 29
1694623850938 166.33489129894124 30
1694623850971 167.1085873528443 31
1694623851002 165.48656355499642 32
1694623851033 164.58372972952617 33
1694623851068 166.34522893077278 34
1694623851102 166.12332660449152 35
1694623851134 165.32021119668207 36
1694623851182 163.32910153919323 37
1694623851238 162.97633467976019 38
1694623851294 161.74274273796516 39
1694623851355 162.21302805554652 40
1694623851410 162.30359608401045 41
1694623851451 161.55290213260386 42
1694623851481 163.22874298825562 43
1694623851513 160.6568120816508 44
1694623851560 161.56053273269268 45
1694623851611 161.15486330505956 46
1694623851655 161.00428648561262 47
1694623851688 158.21970000036862 48
1694623851723 159.91615074625366 49
1694623851754 159.22124480382476 50
1694623851781 158.8725892741285 51
1694623851811 158.7789497234995 52
1694623851841 158.27899419969557 53
1694623851872 157.53801816056543 54
1694623851902 160.17968540942292 55
1694623851933 156.47239351234904 56
1694623851965 158.17157611347534 57
1694623851997 157.79312371985634 58
1694623852028 157.9232660834463 59
1694623852058 155.52951954806588 60
1694623852090 154.68005937177568 61
1694623852119 154.2230935098947 62
1694623852149 155.00455354890497 63
1694623852184 154.03967732686638 64
1694623852233 156.6820642436094 65
1694623852270 154.52498459169576 66
1694623852300 153.13194675004277 67
1694623852328 153.21538679730745 68
1694623852357 151.51141252009924 69
1694623852388 153.33999497991755 70
1694623852416 151.29667898328617 71
1694623852453 155.1184868534805 72
1694623852485 152.30631682669534 73
1694623852523 152.17300399344467 74
1694623852579 150.37800576159896 75
1694623852620 150.3113114301831 76
1694623852655 151.115905191304 77
1694623852689 148.0591948181864 78
1694623852728 149.56908071172953 79
1694623852769 151.64989901640084 80
1694623852795 149.2476334221012 81
1694623852827 147.8325238169386 82
1694623852855 149.4008161954816 83
1694623852882 147.4069929912493 84
1694623852912 150.08241536467077 85
1694623852946 146.41600861007072 86
1694623852983 145.2947879703823 87
1694623853018 147.44390700405947 88
1694623853051 146.24342004150463 89
1694623853080 144.34586223155262 90
1694623853107 145.57217253842117 91
1694623853138 145.33997025858213 92
1694623853167 145.17487842223306 93
1694623853196 145.01435521248646 94
1694623853227 144.36532212694496 95
1694623853258 143.51501698695648 96
1694623853287 143.44625600280392 97
1694623853317 142.84441553979042 98
1694623853348 142.9702328648648 99
1694623853405 141.1736768793637 100
1694623853443 142.70587939313174 101
1694623853493 140.91074069943127 102
1694623853542 141.70390052123457 103
1694623853592 142.1772586995667 104
1694623853650 143.14327478165654 105
1694623853713 140.98178274687692 106
1694623853775 140.4249829593461 107
1694623853839 141.7397181277572 108
1694623853894 140.9588513687787 109
1694623853951 141.26552436778056 110
1694623854006 140.21324368397788 111
1694623854038 137.8178865742722 112
1694623854068 137.40306381273655 113
1694623854099 138.78954039416422 114
1694623854129 139.99898393809062 115
1694623854158 139.15108128349965 116
1694623854187 138.13948529835596 117
1694623854215 136.9901357092748 118
1694623854243 136.32720351386925 119
1694623854272 138.25492875061232 120
1694623854304 136.08135413389073 121
1694623854337 136.36487640308684 122
1694623854378 135.70495941854077 123
1694623854419 136.32614444637525 124
1694623854455 135.32696817674687 125
1694623854506 135.91137131920712 126
1694623854567 134.76917249135334 127
1694623854627 135.54884182068744 128
1694623854690 134.16520611647536 129
1694623854748 134.23599617079762 130
1694623854815 133.58940652567037 131
1694623854877 133.1015199526011 132
1694623854924 133.42690863887356 133
1694623854956 131.08013180701963 134
1694623854988 130.44276100868012 135
1694623855016 131.50384905902794 136
1694623855044 133.34899710072406 137
1694623855072 132.43114950858183 138
1694623855101 133.34483540123395 139
1694623855128 130.85284462615164 140
1694623855156 131.0505398715405 141
1694623855185 129.10941961889603 142
1694623855226 131.4026439827193 143
1694623855257 130.82149872935702 144
1694623855289 130.39119251515854 145
1694623855323 129.95692914196596 146
1694623855359 128.980848784419 147
1694623855390 127.89561863732871 148
1694623855423 127.68700615479656 149
1694623855456 129.8889169664076 150
1694623855484 126.3505174484409 151
1694623855511 125.86807399459299 152
1694623855539 127.3157918464669 153
1694623855565 125.79439184318056 154
1694623855592 125.54898418732886 155
1694623855621 126.9379649114429 156
1694623855650 127.53906015189932 157
1694623855689 126.6863139647227 158
1694623855737 125.01419087168689 159
1694623855777 125.43855564620482 160
1694623855822 125.66889584753463 161
1694623855868 124.65408571054033 162
1694623855902 125.63872490191446 163
1694623855946 124.59194642167868 164
1694623855988 123.59589387253753 165
1694623856030 123.82198153174026 166
1694623856066 123.55421650310493 167
1694623856102 122.89554937403264 168
1694623856132 123.39457395084736 169
1694623856164 124.5360381203443 170
1694623856202 122.07221287325042 171
1694623856240 122.16965164332785 172
1694623856275 121.87639164896903 173
1694623856308 120.9751864062433 174
1694623856339 121.69415923334054 175
1694623856373 121.30715955629049 176
1694623856407 120.85874159421057 177
1694623856438 121.11561465393903 178
1694623856474 120.27531937103265 179
1694623856514 119.3835513308961 180
1694623856551 120.58233510990836 181
1694623856584 119.11752188837094 182
1694623856620 120.41628332354222 183
1694623856649 118.96341149208688 184
1694623856679 119.97000828429691 185
1694623856711 118.56690152104592 186
1694623856741 118.34144274301467 187
1694623856777 118.81188149270046 188
1694623856807 118.54412064745398 189
1694623856838 119.02447264877445 190
1694623856870 117.59945530288226 191
1694623856908 117.64556122095382 192
1694623856945 117.86972983778122 193
1694623856979 116.89493293030073 194
1694623857014 115.64675583193754 195
1694623857046 118.04753894045615 196
1694623857078 116.23236593381486 197
1694623857109 116.35771922936848 198
1694623857135 116.54735483337947 199
1694623857163 113.03346776469816 200
1694623857196 114.15945316978996 201
1694623857227 115.24805151124903 202
1694623857261 115.37808346791638 203
1694623857294 114.12658415394824 204
1694623857326 113.63910538423909 205
1694623857357 114.99519377680893 206
1694623857385 113.83808888359269 207
1694623857411 113.53385996246331 208
1694623857441 114.36337455491747 209
1694623857493 113.46312652824271 210
1694623857542 113.99535943332076 211
1694623857577 111.58762326023177 212
1694623857615 111.82696283522795 213
1694623857650 112.7015090791106 214
1694623857687 111.51201117475816 215
1694623857722 112.03958063445826 216
1694623857756 111.03308552792711 217
1694623857787 111.55095811868799 218
1694623857816 109.64952884647357 219
1694623857845 110.79003614647488 220
1694623857878 109.37275089562 221
1694623857911 110.01765585194441 222
1694623857948 109.51869976672845 223
1694623858005 109.65013445862172 224
1694623858059 108.76676139135297 225
1694623858112 109.97464896101249 226
1694623858162 108.24745027838141 227
1694623858195 108.5198737828683 228
1694623858230 108.46888913745356 229
1694623858260 109.23237784735913 230
1694623858293 108.50221453298687 231
1694623858327 107.98339033776116 232
1694623858360 107.50367480510513 233
1694623858395 108.16733593456682 234
1694623858431 107.60274880585561 235
1694623858464 106.43253380956756 236
1694623858495 105.74342644646413 237
1694623858525 108.05814531605127 238
1694623858557 107.10279084101896 239
1694623858598 106.14760484342408 240
1694623858636 105.75324403993447 241
1694623858671 107.14415685627655 242
1694623858706 106.86814332684605 243
1694623858739 107.21269518982957 244
1694623858767 105.44528643529948 245
1694623858797 104.97421613870817 246
1694623858828 103.77406549358889 247
1694623858858 105.51621973430508 248
1694623858886 105.15869712651632 249
1694623858913 104.02583088842394 250
1694623858944 104.93978626911598 251
1694623858974 103.54203162802592 252
1694623859009 103.24341076962101 253
1694623859045 102.290796495576 254
1694623859080 103.01810512036691 255
1694623859112 101.17317120117937 256
1694623859147 102.03295786745477 257
1694623859180 103.15184895378947 258
1694623859215 103.97418964575672 259
1694623859246 101.41082812673471 260
1694623859286 101.7130903704834 261
1694623859335 100.00086487149771 262
1694623859386 101.51234718932398 263
1694623859426 100.78115858584823 264
1694623859460 101.32872685764838 265
1694623859491 99.92949513560808 266
1694623859521 100.03357721635356 267
1694623859550 100.54147241972593 268
1694623859579 99.42205178414056 269
1694623859612 98.93671172399605 270
1694623859642 99.13329054318564 271
1694623859674 99.75274910958444 272
1694623859709 98.4394768646592 273
1694623859741 98.28953018106364 274
1694623859774 97.59073882009511 275
1694623859805 99.67313745468782 276
1694623859837 99.32438262531055 277
1694623859865 97.81981376643003 278
1694623859896 100.77960792850871 279
1694623859924 97.47808606557199 280
1694623859953 96.935655275625 281
1694623859980 96.92799978474196 282
1694623860013 97.50734519713895 283
1694623860044 95.92675316784616 284
1694623860076 97.76018004871054 285
1694623860106 98.49522265648436 286
1694623860136 96.50192071747 287
1694623860164 96.58109292345915 288
1694623860195 97.10975665349419 289
1694623860231 95.24867070182205 290
1694623860265 95.10945235513384 291
1694623860296 95.85728423590855 292
1694623860325 95.34865578072875 293
1694623860358 94.53852100569213 294
1694623860392 95.46019928479446 295
1694623860430 94.13284854569814 296
1694623860469 94.0316203496938 297
1694623860506 93.66088425072846 298
1694623860542 95.52557389414788 299
1694623860577 94.81407603978141 300
1694623860611 93.04973043371011 301
1694623860646 93.28329258557608 302
1694623860692 94.97604109010555 303
1694623860743 92.97977085604136 304
1694623860799 93.10556356050937 305
1694623860845 92.94957796284095 306
1694623860892 92.02051137603625 307
1694623860935 91.7714475744059 308
1694623860978 92.20698384487211 309
1694623861021 91.37617008674218 310
1694623861068 92.8580635167552 311
1694623861130 91.87844884743038 312
1694623861187 92.30857975679112 313
1694623861239 90.7603551924851 314
1694623861289 90.8443613863558 315
1694623861339 90.7535829447769 316
1694623861381 90.57558115282538 317
1694623861420 90.30761124081809 318
1694623861460 90.5849590396139 319
1694623861495 90.5156561635029 320
1694623861526 90.594789826867 321
1694623861558 90.05089648103291 322
1694623861594 89.3224457949858 323
1694623861633 89.86662408311635 324
1694623861668 90.63485731179618 325
1694623861705 89.05742056783988 326
1694623861745 89.07301594507804 327
1694623861788 89.93942040514676 328
1694623861828 87.90251053408937 329
1694623861866 88.09272134907106 330
1694623861898 87.41206030811361 331
1694623861927 87.72555113196199 332
1694623861956 86.74501105377182 333
1694623861982 87.32473671907398 334
1694623862012 86.23016228770153 335
1694623862041 86.36483865139661 336
1694623862073 87.07252488917236 337
1694623862115 86.59726668142778 338
1694623862155 86.680708163633 339
1694623862194 86.8137250023582 340
1694623862234 86.33973657343876 341
1694623862282 86.85023321460191 342
1694623862337 86.51627688549766 343
1694623862398 85.89373414729492 344
1694623862434 85.32902974246882 345
1694623862469 84.81510716150056 346
1694623862501 84.99848867189525 347
1694623862529 84.65550946406489 348
1694623862559 84.85723086263218 349
1694623862591 85.23276482063176 350
1694623862622 83.94994136563494 351
1694623862655 84.64995667694158 352
1694623862688 83.9307265758355 353
1694623862723 84.33162180728563 354
1694623862754 82.66513778200688 355
1694623862781 83.46342925775424 356
1694623862808 83.53226998096015 357
1694623862833 83.86453341757046 358
1694623862859 83.63228336565466 359
1694623862889 82.48881094522152 360
1694623862922 82.91254832770267 361
1694623862954 83.18449386678637 362
1694623862984 83.30825856414538 363
1694623863015 81.83528560597206 364
1694623863051 82.29371441179327 365
1694623863088 82.83280719295266 366
1694623863125 82.10696248417084 367
1694623863161 81.74022128084988 368
1694623863200 81.73660441249292 369
1694623863244 81.53684412440079 370
1694623863292 80.5026741867629 371
1694623863325 81.52928187992592 372
1694623863357 80.59646218347076 373
1694623863390 80.34644766024711 374
1694623863417 81.0022088896233 375
1694623863448 81.30512110762012 376
1694623863479 79.63603582865727 377
1694623863512 80.73001492183269 378
1694623863542 80.37698789930359 379
1694623863576 80.29706075709119 380
1694623863616 79.77878631371668 381
1694623863657 79.51973779222351 382
1694623863698 79.6070704617147 383
1694623863746 79.02141677810786 384
1694623863786 78.45019031117575 385
1694623863824 79.04599632458323 386
1694623863861 78.74672127713158 387
1694623863897 77.83678495959016 388
1694623863931 77.71344302690115 389
1694623863969 78.13980467280923 390
1694623864001 77.82189310166585 391
1694623864032 78.47277924807447 392
1694623864067 77.26768100217394 393
1694623864120 77.12111960276837 394
1694623864166 77.61525405669788 395
1694623864223 77.17364980575067 396
1694623864271 76.57795326563674 397
1694623864317 78.1793437628144 398
1694623864362 76.57216077267782 399
1694623864400 77.31911243749128 400
1694623864441 76.08259024972128 401
1694623864478 76.49960217035273 402
1694623864517 76.63260647139732 403
1694623864550 75.94191340474787 404
1694623864584 76.48209208983074 405
1694623864626 75.58675610601381 406
1694623864666 74.62207093589957 407
1694623864709 75.46076310310713 408
1694623864754 75.74799302161809 409
1694623864812 74.0761405684112 410
1694623864862 74.28822996992369 411
1694623864906 75.00983426811325 412
1694623864956 75.52085259710519 413
1694623865000 74.89777013854665 414
1694623865035 74.8020810398793 415
1694623865089 73.58043084265941 416
1694623865126 74.31922487142896 417
1694623865162 75.2138367075196 418
1694623865198 73.69921799125078 419
1694623865232 73.24666184294998 420
1694623865264 73.43494189952197 421
1694623865294 74.01537868566263 422
1694623865324 73.32102425603459 423
1694623865351 73.73857056286464 424
1694623865382 73.64881048642233 425
1694623865412 72.16560075839762 426
1694623865451 72.77242131792701 427
1694623865491 73.0745728904677 428
1694623865534 73.7047633658704 429
1694623865574 72.13825438859168 430
1694623865611 71.9061939833055 431
1694623865646 72.3238404570899 432
1694623865681 71.15129847080671 433
1694623865717 71.4422491759475 434
1694623865754 71.84736235896938 435
1694623865788 71.81592655890641 436
1694623865823 71.77974555782362 437
1694623865856 70.94265716615587 438
1694623865889 70.9757768928082 439
1694623865925 69.86581734524418 440
1694623865961 70.56783799086838 441
1694623865995 70.23598298804268 442
1694623866028 70.13229938625616 443
1694623866060 69.5656165557698 444
1694623866087 70.34634496915912 445
1694623866117 69.90437298821655 446
1694623866147 70.18079427902553 447
1694623866178 70.5428321993222 448
1694623866208 69.45645705559747 449
1694623866235 70.2143259221634 450
1694623866262 69.50057239288104 451
1694623866293 68.4583728857453 452
1694623866322 69.32623832273595 453
1694623866355 69.04474760639062 454
1694623866387 69.20024269100993 455
1694623866415 67.78059044277246 456
1694623866444 69.36855563210095 457
1694623866474 68.81164481515248 458
1694623866502 68.04599292544964 459
1694623866536 67.8409307426157 460
1694623866573 68.34691070851466 461
1694623866612 67.92107213417098 462
1694623866649 67.85663832794067 463
1694623866685 66.75427279725542 464
1694623866718 66.79752048075454 465
1694623866752 67.89335873387462 466
1694623866784 66.51670260016357 467
1694623866821 66.8873134365975 468
1694623866853 67.75094406459799 469
1694623866882 67.03715266613973 470
1694623866912 67.17898037253666 471
1694623866944 65.98633937248486 472
1694623866980 67.3031475261329 473
1694623867016 65.93683722717022 474
1694623867055 66.05491103927638 475
1694623867095 65.31651008900793 476
1694623867130 65.54207717268251 477
1694623867165 65.97659394072429 478
1694623867199 65.63902032786157 479
1694623867230 66.04169834507664 480
1694623867262 65.86675504163726 481
1694623867292 64.94598388120487 482
1694623867325 65.42171075421294 483
1694623867361 65.25010654645163 484
1694623867395 64.7257394935149 485
1694623867436 65.51196820482072 486
1694623867468 64.53780803173422 487
1694623867499 64.01533989924303 488
1694623867530 64.70834960588287 489
1694623867559 63.74964003641969 490
1694623867585 64.26332660048206 491
1694623867615 63.87145229582132 492
1694623867645 64.57535520436898 493
1694623867696 65.23696784079515 494
1694623867742 64.46923629087703 495
1694623867776 63.64389345701137 496
1694623867810 63.81897856720092 497
1694623867853 64.43378786771824 498
1694623867885 63.8453591954726 499
1694623867923 62.945649240684524 500
1694623867961 62.38070826592312 501
1694623867998 62.58207923193112 502
1694623868034 62.299346066316055 503
1694623868069 63.026442520640224 504
1694623868101 62.567170183374806 505
1694623868140 61.67858177500602 506
1694623868176 63.16723862965163 507
1694623868212 62.57410326287835 508
1694623868247 62.35076538610138 509
1694623868282 62.28542290576349 510
1694623868324 61.77288188517619 511
1694623868364 61.27325508572068 512
1694623868402 62.12044959447971 513
1694623868437 61.71230303176594 514
1694623868469 60.80659202666489 515
1694623868501 61.73482725642783 516
1694623868537 61.88198517828351 517
1694623868572 61.62350747099703 518
1694623868606 60.48800127106922 519
1694623868638 61.29004233164682 520
1694623868674 61.58405496149954 521
1694623868708 61.62558774678326 522
1694623868741 60.25970053948716 523
1694623868777 60.24802938235787 524
1694623868813 60.646365498859005 525
1694623868848 60.22821605888503 526
1694623868879 60.251792279578424 527
1694623868912 59.6726585144322 528
1694623868943 60.149941557426146 529
1694623868976 58.906201743075144 530
1694623869020 59.4301050287293 531
1694623869054 59.36169088779867 532
1694623869089 58.83232324332692 533
1694623869119 58.87184787538417 534
1694623869152 59.470486996093754 535
1694623869188 58.128553616722115 536
1694623869218 59.015507183134844 537
1694623869248 59.50933031096843 538
1694623869276 58.91803780235912 539
1694623869304 58.16219698752034 540
1694623869338 58.41164272489802 541
1694623869369 58.21593073109562 542
1694623869398 58.89642801675862 543
1694623869431 59.1062487695708 544
1694623869466 57.30710937879211 545
1694623869500 58.24234069973463 546
1694623869537 57.50518293523532 547
1694623869569 56.74256320988717 548
1694623869618 58.33042246104607 549
1694623869666 57.96437993124957 550
1694623869717 57.61927036212279 551
1694623869764 56.77785018812937 552
1694623869804 57.29674550895864 553
1694623869839 57.58352760865135 554
1694623869871 57.79099911076606 555
1694623869901 57.27095642498163 556
1694623869931 56.68116749324639 557
1694623869964 56.4874595494793 558
1694623869997 56.015403122546076 559
1694623870030 55.65220572657615 560
1694623870066 56.794507719861336 561
1694623870098 55.61814403907354 562
1694623870129 56.766962921278605 563
1694623870160 56.510442463784585 564
1694623870187 55.75636883370978 565
1694623870212 55.25961447522774 566
1694623870299 54.80751390580129 567
1694623870330 55.911667363917026 568
1694623870366 54.60147805050544 569
1694623870402 55.44093173769152 570
1694623870440 55.240345243037716 571
1694623870482 56.055227463325366 572
1694623870520 55.482268628801506 573
1694623870558 55.131781715149145 574
1694623870594 54.40909698636366 575
1694623870635 54.39307800699288 576
1694623870675 55.46701532606553 577
1694623870713 54.53794413527185 578
1694623870750 54.72486462635798 579
1694623870791 55.215410364315005 580
1694623870842 54.429758372066175 581
1694623870887 54.07893782512078 582
1694623870924 54.206310808661314 583
1694623870965 53.494833940503256 584
1694623871003 54.80882342191289 585
1694623871040 53.27690747026349 586
1694623871079 53.45949704930021 587
1694623871109 53.67461037773475 588
1694623871142 53.23237053025716 589
1694623871171 52.80248754409723 590
1694623871199 53.62863675965041 591
1694623871229 53.866383076481185 592
1694623871262 53.42793204499846 593
1694623871292 53.2089565677163 594
1694623871319 52.633678750430114 595
1694623871347 52.78424301688447 596
1694623871375 52.77748311262208 597
1694623871404 52.920473214519276 598
1694623871431 52.23252488303788 599
1694623871462 51.92401049348086 600
1694623871493 52.00955888411433 601
1694623871527 52.431782520008575 602
1694623871562 51.47089999568901 603
1694623871592 51.70914626022169 604
1694623871626 51.60404508649963 605
1694623871658 51.379168897614456 606
1694623871691 52.736424856818985 607
1694623871721 51.497941917661414 608
1694623871751 51.23618538616012 609
1694623871782 51.4354806074091 610
1694623871811 50.877435351625635 611
1694623871842 51.76449793024843 612
1694623871882 51.245952920706664 613
1694623871913 51.67684421376821 614
1694623871945 51.286753171662845 615
1694623871979 51.391273075855445 616
1694623872021 50.9740849660493 617
1694623872063 50.373121488614736 618
1694623872099 50.487449521352445 619
1694623872134 50.360679864219044 620
1694623872164 51.22489213749317 621
1694623872194 50.05683429874221 622
1694623872230 50.6056811390133 623
1694623872270 49.350701169668206 624
1694623872303 50.69109832234468 625
1694623872339 49.9354923815038 626
1694623872373 50.3668083422665 627
1694623872400 50.32453711936041 628
1694623872429 48.772896574509176 629
1694623872458 49.388256553763036 630
1694623872483 49.994879123570584 631
1694623872510 49.40409701535121 632
1694623872537 49.010208483433985 633
1694623872564 48.297385251526336 634
1694623872590 48.491035656523096 635
1694623872618 49.16728521587578 636
1694623872645 48.560058652917064 637
1694623872693 48.46210792874868 638
1694623872738 49.42752727592962 639
1694623872780 48.88751598819322 640
1694623872823 48.66455843418227 641
1694623872864 47.98531329522361 642
1694623872903 48.35380735400776 643
1694623872942 48.95732866686589 644
1694623872981 47.77234371469256 645
1694623873018 48.37193252086459 646
1694623873051 48.39273857316882 647
1694623873083 47.636122024382374 648
1694623873118 47.58075236871473 649
1694623873155 47.4234910461055 650
1694623873194 46.935001329791 651
1694623873233 47.27468835140459 652
1694623873274 47.25572440121885 653
1694623873318 47.299051277608854 654
1694623873361 46.898093048902155 655
1694623873393 47.527088175834336 656
1694623873434 47.03901125368742 657
1694623873466 46.68749546265186 658
1694623873501 46.940690057095885 659
1694623873545 47.230761798408736 660
1694623873584 46.396046891352974 661
1694623873620 47.26856941484282 662
1694623873647 46.295554443427264 663
1694623873677 46.218976676201 664
1694623873704 47.17213893875692 665
1694623873733 46.68103961970593 666
1694623873761 46.42394861972712 667
1694623873794 46.074611445232506 668
1694623873829 45.62572575109321 669
1694623873871 46.188714169112075 670
1694623873910 45.76569768250099 671
1694623873953 45.764567490631734 672
1694623874001 45.74213436022972 673
1694623874049 46.46189122854218 674
1694623874111 45.18910663970002 675
1694623874170 45.81520012023237 676
1694623874219 45.643300730413976 677
1694623874260 45.82627832439646 678
1694623874299 45.823243584638305 679
1694623874339 45.27948624796326 680
1694623874390 45.02266333745767 681
1694623874427 44.6167828903929 682
1694623874469 45.16965414046266 683
1694623874506 44.96201529774979 684
1694623874539 44.68193044281698 685
1694623874581 44.71825458785583 686
1694623874616 45.405287947701474 687
1694623874647 44.32003746062616 688
1694623874679 44.51660967326084 689
1694623874710 44.72638748195719 690
1694623874739 44.657223774909035 691
1694623874766 44.54447290480155 692
1694623874796 43.89793129304686 693
1694623874824 44.25232386891342 694
1694623874851 43.79885910243016 695
1694623874883 44.07366956060528 696
1694623874915 43.590045114190836 697
1694623874947 43.93404733707102 698
1694623874981 43.91441752099288 699
1694623875016 43.59045871686909 700
1694623875045 43.59397106697299 701
1694623875074 42.926445356056995 702
1694623875101 43.16989578790669 703
1694623875127 43.94158079663133 704
1694623875153 43.70382664440562 705
1694623875180 43.528792799262966 706
1694623875206 42.779740786915376 707
1694623875231 43.0470433617416 708
1694623875259 43.423236076020245 709
1694623875288 42.93511396504295 710
1694623875315 42.71999077666595 711
1694623875346 42.79970095970396 712
1694623875379 42.924806594575166 713
1694623875409 42.751453045927605 714
1694623875437 42.278738172458866 715
1694623875464 42.23499673254091 716
1694623875494 42.399638637335066 717
1694623875524 42.129552593153896 718
1694623875557 42.34748879768455 719
1694623875592 42.414079341807536 720
1694623875627 41.70149539544209 721
1694623875677 41.855898408850756 722
1694623875722 41.68113441392402 723
1694623875765 42.25271808684375 724
1694623875823 41.65931241743956 725
1694623875883 41.51750964479393 726
1694623875945 41.19066507806783 727
1694623876001 41.81255704332012 728
1694623876060 42.04675863152197 729
1694623876125 41.64723388349058 730
1694623876191 41.692568804109364 731
1694623876249 41.38441222124442 732
1694623876301 40.94813334807246 733
1694623876357 41.03716331678751 734
1694623876414 41.57621080624663 735
1694623876471 41.13867618821787 736
1694623876527 40.77335394279065 737
1694623876563 41.24158286065844 738
1694623876598 40.854980334019686 739
1694623876632 40.11567565549453 740
1694623876662 40.576535611063484 741
1694623876696 40.65836478474692 742
1694623876728 40.8660307599853 743
1694623876758 40.49302242247167 744
1694623876789 40.32490385160015 745
1694623876817 40.82717794327473 746
1694623876844 40.30781558292516 747
1694623876877 40.003778448492035 748
1694623876914 39.78163617885563 749
1694623876947 40.78160874170839 750
1694623876982 39.852072159756744 751
1694623877015 39.98334740333078 752
1694623877044 39.37671466867051 753
1694623877075 39.268241888043725 754
1694623877110 39.63344130185174 755
1694623877141 39.93938448081584 756
1694623877174 39.602176345066226 757
1694623877207 39.885118109459576 758
1694623877237 39.62206776806732 759
1694623877266 39.75890968772363 760
1694623877299 39.874937006955385 761
1694623877330 39.144746520088795 762
1694623877365 39.04056566595852 763
1694623877397 39.09842381324597 764
1694623877428 38.47231961490524 765
1694623877459 39.06256535469406 766
1694623877489 39.07343574147971 767
1694623877521 38.95953996732752 768
1694623877550 38.878386601590506 769
1694623877581 39.105592865302334 770
1694623877622 39.67785804656189 771
1694623877654 38.82926194453079 772
1694623877687 38.436884283189706 773
1694623877719 38.513325065854545 774
1694623877748 38.60587696095642 775
1694623877777 38.06339709040573 776
1694623877806 38.89810026226623 777
1694623877833 38.167812960143735 778
1694623877859 38.175684423651035 779
1694623877889 37.82925152897649 780
1694623877920 38.011968411922126 781
1694623877948 37.69225416109568 782
1694623877978 37.71357991177383 783
1694623878010 37.60697552102344 784
1694623878043 37.820027526344475 785
1694623878077 37.45415471672762 786
1694623878118 37.1992250235718 787
1694623878157 37.28033517146274 788
1694623878193 37.13833679830905 789
1694623878224 37.84290670221149 790
1694623878255 37.4384006669874 791
1694623878287 36.74089741194334 792
1694623878318 37.39212798185176 793
1694623878348 37.653515791780734 794
1694623878379 36.99984575361931 795
1694623878410 37.47727004401247 796
1694623878440 36.76985948129136 797
1694623878471 36.72839297407393 798
1694623878501 37.15261590252224 799
1694623878532 36.62272357214547 800
1694623878562 37.16866472877098 801
1694623878593 36.61359450542698 802
1694623878626 36.7525491552612 803
1694623878657 36.734569122824716 804
1694623878693 36.39167570812676 805
1694623878726 36.42475286485804 806
1694623878760 36.07368584567682 807
1694623878796 36.19627769505317 808
1694623878829 36.42047302342986 809
1694623878859 35.82736407852782 810
1694623878889 36.128155927832466 811
1694623878916 36.289210834872804 812
1694623878948 35.76766595887009 813
1694623878976 35.717315308507445 814
1694623879005 35.83084815467878 815
1694623879031 35.262885110739134 816
1694623879058 36.05618933592478 817
1694623879086 35.81577718262961 818
1694623879121 35.8777683632238 819
1694623879153 35.44940895200656 820
1694623879183 35.32264268910792 821
1694623879219 34.89648050311812 822
1694623879249 35.64115557824902 823
1694623879279 34.99998452577121 824
1694623879313 35.21473257603203 825
1694623879346 35.75631040774119 826
1694623879376 35.07773526399571 827
1694623879406 35.534149253559235 828
1694623879435 35.14833431162183 829
1694623879464 34.77449701489852 830
1694623879490 34.61318809381382 831
1694623879517 34.60200493081483 832
1694623879546 35.0814052394723 833
1694623879579 35.25942506309524 834
1694623879616 34.23466966577748 835
1694623879646 34.494003152628366 836
1694623879674 34.08244061726198 837
1694623879701 34.4631223820054 838
1694623879729 34.35713274201899 839
1694623879756 34.37689581670824 840
1694623879780 34.73045171989651 841
1694623879807 34.8932287356265 842
1694623879836 34.35155910348873 843
1694623879863 34.10913175793928 844
1694623879891 33.782767604346056 845
1694623879923 34.074170812757735 846
1694623879952 34.12502746559573 847
1694623879980 33.5455645914622 848
1694623880008 34.07523789997415 849
1694623880046 34.151148318315826 850
1694623880081 33.625025588161606 851
1694623880116 34.232383527262705 852
1694623880147 33.3687948805209 853
1694623880193 33.965293826278774 854
1694623880255 33.373374300329395 855
1694623880309 33.29160835162595 856
1694623880366 33.54550600122893 857
1694623880418 33.437697581610045 858
1694623880473 33.47229348720127 859
1694623880518 33.25633542765108 860
1694623880562 33.41011304325487 861
1694623880603 33.34229176941858 862
1694623880641 33.27828840813758 863
1694623880673 33.49020636111593 864
1694623880723 32.9770913047423 865
1694623880772 33.36417562338614 866
1694623880825 32.82082274697802 867
1694623880879 33.31199586023673 868
1694623880941 32.74734674749476 869
1694623880996 32.783897734874856 870
1694623881049 32.87141820084205 871
1694623881116 32.79173958481396 872
1694623881172 32.50695287589344 873
1694623881222 32.50910007470583 874
1694623881269 32.07210984224725 875
1694623881324 32.82871667213482 876
1694623881391 32.78038214407857 877
1694623881451 32.24740698738641 878
1694623881507 32.68361118877129 879
1694623881570 31.82750353286811 880
1694623881615 32.077007005208166 881
1694623881648 31.91997981952535 882
1694623881675 32.49713581245204 883
1694623881702 32.15397547386274 884
1694623881731 32.20888411504952 885
1694623881760 32.442015746845904 886
1694623881787 31.956337398289705 887
1694623881814 31.044894190581108 888
1694623881843 31.91692018989417 889
1694623881876 31.80462261761734 890
1694623881908 31.494466342618242 891
1694623881945 31.732357512441798 892
1694623881978 31.61339708321967 893
1694623882012 30.877997870601696 894
1694623882045 30.703116592810638 895
1694623882074 31.38480756432169 896
1694623882102 31.301770019344364 897
1694623882133 31.34358236287885 898
1694623882164 31.63454983879202 899
1694623882190 31.227539473507978 900
1694623882218 31.254605299791063 901
1694623882246 31.1322458982737 902
1694623882273 31.031056121528476 903
1694623882309 30.70708373750698 904
1694623882340 30.248231430295945 905
1694623882372 31.010663951502934 906
1694623882418 31.075156837598527 907
1694623882470 30.80904430570702 908
1694623882528 30.86646437175236 909
1694623882599 30.565484117865054 910
1694623882667 30.594310323543404 911
1694623882727 30.717832532696242 912
1694623882794 30.4543451820676 913
1694623882858 30.779108145224136 914
1694623882910 30.81016697155014 915
1694623882962 30.817837527599988 916
1694623882994 30.67987995321143 917
1694623883023 30.33186896955402 918
1694623883058 30.5371828031142 919
1694623883088 30.213583145991862 920
1694623883118 30.508604960141607 921
1694623883147 30.211694887435144 922
1694623883175 30.39140473831256 923
1694623883201 30.426243623236513 924
1694623883230 30.04482848426705 925
1694623883259 29.87164673170126 926
1694623883287 29.89929504183705 927
1694623883317 29.935147581560027 928
1694623883349 29.80794958740235 929
1694623883380 29.812793074420462 930
1694623883417 29.176033645796636 931
1694623883472 29.45236773373238 932
1694623883516 29.244720787175364 933
1694623883566 30.015100795912467 934
1694623883633 29.494090696386902 935
1694623883697 29.504306319136457 936
1694623883758 29.68433823979683 937
1694623883816 29.88119334674234 938
1694623883872 29.129088881880293 939
1694623883932 29.628450898964456 940
1694623883996 28.92320148976107 941
1694623884056 29.344593719951174 942
1694623884112 29.117671421928847 943
1694623884143 29.018380865626455 944
1694623884173 28.616016953480187 945
1694623884199 29.034541603939356 946
1694623884232 29.271610828755925 947
1694623884275 28.553979912226 948
1694623884327 28.589608049907493 949
1694623884369 28.458903954831737 950
1694623884405 29.149992166652098 951
1694623884443 28.683787094795598 952
1694623884474 28.757102522908294 953
1694623884507 28.760651303087354 954
1694623884540 29.10135028688311 955
1694623884576 28.92938692952705 956
1694623884610 28.85250330575049 957
1694623884650 28.9235817347349 958
1694623884700 28.428325877684504 959
1694623884751 28.241321676851666 960
1694623884805 28.316645418296556 961
1694623884863 28.160677515082146 962
1694623884918 27.975673662531552 963
1694623884978 28.422477291550926 964
1694623885036 28.00816611516843 965
1694623885094 28.282735259049627 966
1694623885148 27.819207915588493 967
1694623885198 28.15759704044173 968
1694623885258 27.969479401014137 969
1694623885312 28.274243495470365 970
1694623885372 28.30475964582911 971
1694623885415 28.37548123696887 972
1694623885454 27.610829169520372 973
1694623885483 27.513441862836224 974
1694623885513 27.93974092847811 975
1694623885543 27.86663493333073 976
1694623885571 27.27611329824218 977
1694623885600 27.704834500830653 978
1694623885635 27.442573114154545 979
1694623885675 27.58282445463036 980
1694623885715 27.52218533450027 981
1694623885756 27.624937617486218 982
1694623885792 27.424011620383958 983
1694623885827 27.36204064952708 984
1694623885863 27.589357216674212 985
1694623885902 27.25268339638577 986
1694623885937 27.533149195073033 987
1694623885970 27.60126643120171 988
1694623885996 27.283771806004523 989
1694623886024 26.87829901606324 990
1694623886052 27.297811361397027 991
1694623886078 26.78746880455432 992
1694623886105 26.934432564747556 993
1694623886132 27.04446905528138 994
1694623886163 26.875917607592136 995
1694623886189 26.936774505951405 996
1694623886218 27.09754817594555 997
1694623886250 26.76557633084771 998
1694623886282 26.865383138973375 999
