1694623849723 -0.003611615044648353 0
1694623849753 -0.0025934678140564493 1
1694623849782 -0.00311480848231116 2
1694623849812 -0.0034425716735217993 3
1694623849839 -0.0041001865353089695 4
1694623849865 -0.0027255609657108604 5
1694623849895 -0.00352586848848202 6
1694623849925 -0.0030574277307389153 7
1694623849954 -0.0035085594790718044 8
1694623849986 -0.0039010142560109706 9
1694623850018 -0.0030041783134107103 10
1694623850047 -0.002670377093506593 11
1694623850077 -0.0034707539407057286 12
1694623850109 -0.003357446411034415 13
1694623850143 -0.0032227826955182337 14
1694623850185 -0.0032100006354263133 15
1694623850224 -0.003607225763909483 16
1694623850276 -0.0036387019413546273 17
1694623850334 -0.0028822180489669336 18
1694623850401 -0.003344772515362804 19
1694623850460 -0.0035059362043030617 20
1694623850519 -0.0037272165182651307 21
1694623850575 -0.003193925552975818 22
1694623850630 -0.0036314118731379796 23
1694623850690 -0.0032628868601181082 24
1694623850751 -0.003032053844861382 25
1694623850802 -0.0034267888920385126 26
1694623850837 -0.0032561642625432707 27
1694623850874 -0.004539360291895056 28
1694623850908 -0.004582030907211321 29
1694623850946 -0.0036449150950650377 30
1694623850978 -0.0036128504699497466 31
1694623851010 -0.003501198579494602 32
1694623851041 -0.0031840392662290107 33
1694623851078 -0.003319266181724956 34
1694623851111 -0.0027707363547881947 35
1694623851142 -0.0034105885832937943 36
1694623851197 -0.0030297245545218843 37
1694623851252 -0.002936911714984003 38
1694623851308 -0.0034165349457637717 39
1694623851367 -0.003426648764519591 40
1694623851425 -0.0036373635296356177 41
1694623851458 -0.0033736360463900716 42
1694623851489 -0.0032981992693386086 43
1694623851525 -0.003366585378038245 44
1694623851571 -0.0031499034191921904 45
1694623851623 -0.003373748003858701 46
1694623851663 -0.0032914749969332746 47
1694623851696 -0.003269017794539142 48
1694623851730 -0.0029798363355728608 49
1694623851761 -0.0029568393370651425 50
1694623851788 -0.0032136216992970645 51
1694623851817 -0.003385512602740004 52
1694623851847 -0.0029369699901469204 53
1694623851879 -0.0040856149078221105 54
1694623851909 -0.0031065609632796587 55
1694623851941 -0.0029804297032962612 56
1694623851972 -0.00372123343626396 57
1694623852005 -0.003040850494797187 58
1694623852037 -0.0027744929733004575 59
1694623852067 -0.0032720635900358452 60
1694623852096 -0.003123506894650685 61
1694623852125 -0.0027136867105559404 62
1694623852157 -0.0024800234201600713 63
1694623852196 -0.00318671045031671 64
1694623852242 -0.0030428509305284734 65
1694623852277 -0.0028470786087029243 66
1694623852306 -0.003502363412271725 67
1694623852334 -0.0031702039383052494 68
1694623852363 -0.002878458670024564 69
1694623852394 -0.0030159337299935363 70
1694623852424 -0.0033853878937943893 71
1694623852462 -0.0020758967116949467 72
1694623852492 -0.002851160570687572 73
1694623852536 -0.002749654920622291 74
1694623852593 -0.003140188038143421 75
1694623852629 -0.0029349460374181735 76
1694623852663 -0.0027216075514304716 77
1694623852697 -0.0034512880380481725 78
1694623852739 -0.003406696107177476 79
1694623852776 -0.0026366478671764337 80
1694623852803 -0.0030984149184947185 81
1694623852834 -0.003332195633654056 82
1694623852861 -0.0027249039880548054 83
1694623852890 -0.003013623358580686 84
1694623852920 -0.0022584177700433195 85
1694623852956 -0.0029359726966600164 86
1694623852991 -0.0036181279539078126 87
1694623853026 -0.0026035446871701673 88
1694623853058 -0.003490296887128208 89
1694623853087 -0.00405591172335229 90
1694623853114 -0.003552933709319195 91
1694623853145 -0.0029952609744599012 92
1694623853174 -0.0030742921564737014 93
1694623853203 -0.002859583579248648 94
1694623853235 -0.0032157383036284237 95
1694623853264 -0.0028549813310303485 96
1694623853294 -0.0034743778428580896 97
1694623853325 -0.00353950939895209 98
1694623853359 -0.003195280546330226 99
1694623853414 -0.003322688688957909 100
1694623853454 -0.0026586188652748532 101
1694623853505 -0.0030453807709029945 102
1694623853555 -0.0035094323286823936 103
1694623853608 -0.0021919937282890434 104
1694623853667 -0.002540899903524574 105
1694623853728 -0.003190760612455268 106
1694623853794 -0.00338493186265465 107
1694623853852 -0.0025438812758518115 108
1694623853908 -0.0031998879454644413 109
1694623853964 -0.0027965563830201212 110
1694623854013 -0.002503103626622094 111
1694623854044 -0.003147700324560354 112
1694623854076 -0.003216108097196635 113
1694623854106 -0.0032521765835227257 114
1694623854136 -0.0027745898532884894 115
1694623854164 -0.0029449864724446773 116
1694623854194 -0.0036118306443899684 117
1694623854222 -0.0022384754116659966 118
1694623854249 -0.0036483567201588407 119
1694623854279 -0.0026551426729495287 120
1694623854310 -0.002930368196529365 121
1694623854346 -0.002457357951880512 122
1694623854391 -0.003057290106807997 123
1694623854426 -0.002965644360596542 124
1694623854466 -0.002962873320296433 125
1694623854523 -0.002698835914565878 126
1694623854582 -0.0031197884359783767 127
1694623854643 -0.0027172449912034047 128
1694623854706 -0.0029668365924269136 129
1694623854763 -0.0021699443877167823 130
1694623854831 -0.003588746549312072 131
1694623854891 -0.0024607181779610077 132
1694623854933 -0.0028472042548348675 133
1694623854963 -0.002934176077215911 134
1694623854994 -0.003192087759031903 135
1694623855023 -0.002558621416951068 136
1694623855049 -0.003138062295664268 137
1694623855078 -0.0034282056394692173 138
1694623855107 -0.0024757396044809976 139
1694623855134 -0.0031378879059376086 140
1694623855163 -0.00271106055106074 141
1694623855193 -0.002924132982382144 142
1694623855232 -0.0027221499461222987 143
1694623855263 -0.002747264103479141 144
1694623855297 -0.002749783490539448 145
1694623855331 -0.0030105606607053748 146
1694623855366 -0.002271343400844117 147
1694623855397 -0.0029405637856505518 148
1694623855430 -0.0032619950583530066 149
1694623855462 -0.002816137844892541 150
1694623855491 -0.003214464977570941 151
1694623855517 -0.003073183346531394 152
1694623855546 -0.0028991859506726225 153
1694623855572 -0.002765678260309823 154
1694623855598 -0.0032634290062674154 155
1694623855628 -0.0034569297639817087 156
1694623855657 -0.002892583377539948 157
1694623855701 -0.002672848377620829 158
1694623855750 -0.0029446357755893438 159
1694623855787 -0.002759759230282377 160
1694623855831 -0.0027451363996555678 161
1694623855877 -0.002555675619946518 162
1694623855911 -0.0031253867722640383 163
1694623855957 -0.002906815149266162 164
1694623855998 -0.003020278370834184 165
1694623856039 -0.00314392013165965 166
1694623856075 -0.0026528229316373775 167
1694623856109 -0.002964442603856643 168
1694623856141 -0.002542964656059965 169
1694623856174 -0.0020760690207821675 170
1694623856212 -0.0029276061904504047 171
1694623856249 -0.0030384134180725386 172
1694623856283 -0.003386599538325097 173
1694623856314 -0.0033642865066820793 174
1694623856346 -0.002901814909606948 175
1694623856381 -0.0028452293896465974 176
1694623856414 -0.00283208608560237 177
1694623856445 -0.002573730776713523 178
1694623856483 -0.0035839944888638176 179
1694623856523 -0.0023658450019192756 180
1694623856560 -0.0027875438537610098 181
1694623856595 -0.0023514667216806284 182
1694623856627 -0.0026033037847925655 183
1694623856657 -0.003087020550861075 184
1694623856687 -0.0025359153084314467 185
1694623856718 -0.002573347095146339 186
1694623856752 -0.002611268068334116 187
1694623856783 -0.002267171543542279 188
1694623856814 -0.0026048025039528966 189
1694623856846 -0.0027161698998172668 190
1694623856878 -0.0020463944003732415 191
1694623856917 -0.001973136398381481 192
1694623856953 -0.0019913185692084223 193
1694623856988 -0.0018459876546976783 194
1694623857022 -0.0025122853836629933 195
1694623857054 -0.0025196784556518192 196
1694623857087 -0.00210463517389492 197
1694623857115 -0.0023822175473044993 198
1694623857142 -0.0021229174172368026 199
1694623857170 -0.0027971907941319873 200
1694623857205 -0.0027157313541403827 201
1694623857235 -0.0026059876496618006 202
1694623857269 -0.0026564427421349457 203
1694623857302 -0.0027484361740570673 204
1694623857333 -0.0025258195774513492 205
1694623857364 -0.002446766096283026 206
1694623857392 -0.0018700779829770031 207
1694623857417 -0.002245753421526331 208
1694623857454 -0.0028288024690406033 209
1694623857506 -0.00229030118234963 210
1694623857550 -0.0018915606495786275 211
1694623857586 -0.002820572349987005 212
1694623857623 -0.0027984529926938784 213
1694623857660 -0.002550977675237931 214
1694623857695 -0.002332525551889786 215
1694623857729 -0.0024605708383418357 216
1694623857763 -0.002196151828238735 217
1694623857794 -0.0027614319241071605 218
1694623857823 -0.002786283777618026 219
1694623857853 -0.0025911117966503916 220
1694623857887 -0.003554543658777387 221
1694623857920 -0.0025833102132091224 222
1694623857957 -0.0029926738568530897 223
1694623858015 -0.002961560872455804 224
1694623858072 -0.002420325503427634 225
1694623858126 -0.0024521406886424124 226
1694623858170 -0.0021685156458333132 227
1694623858204 -0.0026058486650060164 228
1694623858238 -0.002102272784840542 229
1694623858267 -0.0022156996909994398 230
1694623858303 -0.002245734499746188 231
1694623858335 -0.0025258545623376705 232
1694623858371 -0.003155044056407208 233
1694623858404 -0.0015571157324749674 234
1694623858440 -0.0020571870907639678 235
1694623858472 -0.0031173224059446447 236
1694623858503 -0.002725408316102129 237
1694623858531 -0.0016803223400718714 238
1694623858565 -0.0022302531800055814 239
1694623858608 -0.002659924273418879 240
1694623858646 -0.002044169658822481 241
1694623858679 -0.0021501668893888493 242
1694623858713 -0.0016317193371770955 243
1694623858746 -0.0020288874753200403 244
1694623858775 -0.0022883706946492666 245
1694623858804 -0.002630007389833322 246
1694623858837 -0.0029006223199072867 247
1694623858863 -0.0027273767069775356 248
1694623858892 -0.0024725729010777187 249
1694623858922 -0.0021985102419372904 250
1694623858952 -0.0017744839503039955 251
1694623858984 -0.0025313105385831314 252
1694623859018 -0.0025463827397491645 253
1694623859054 -0.002508912759429771 254
1694623859088 -0.002089371419155883 255
1694623859122 -0.0027524505467364513 256
1694623859156 -0.0028629219243287984 257
1694623859188 -0.0027990803854616164 258
1694623859224 -0.0022306131570404286 259
1694623859257 -0.002105668213935097 260
1694623859297 -0.0022410794827483205 261
1694623859346 -0.0026093275704199836 262
1694623859397 -0.002262653249016644 263
1694623859433 -0.0024533056056388336 264
1694623859467 -0.0028003962603679877 265
1694623859497 -0.0031373965910699297 266
1694623859528 -0.002933983229074455 267
1694623859556 -0.0022188239116902597 268
1694623859586 -0.0028988770903093375 269
1694623859620 -0.0021077457006151157 270
1694623859649 -0.0020146246029315584 271
1694623859682 -0.002635080299668857 272
1694623859716 -0.0018765307683188404 273
1694623859748 -0.0028062347439117286 274
1694623859782 -0.0018338333921450456 275
1694623859813 -0.0024950210275005436 276
1694623859843 -0.002488853200882213 277
1694623859873 -0.0030644252681364392 278
1694623859903 -0.0010708950132465311 279
1694623859931 -0.002812257515810934 280
1694623859959 -0.002406996184997734 281
1694623859987 -0.002697056307318757 282
1694623860020 -0.002029762643902755 283
1694623860053 -0.0021372444187131023 284
1694623860084 -0.0013679671422504036 285
1694623860113 -0.0016499630211166405 286
1694623860142 -0.0022273987411218776 287
1694623860171 -0.0021035871585524113 288
1694623860204 -0.002186351686942478 289
1694623860240 -0.0024151097809210764 290
1694623860273 -0.0027197273282484336 291
1694623860302 -0.0021677567236566553 292
1694623860332 -0.002295346311721458 293
1694623860367 -0.002490313519742271 294
1694623860399 -0.0014148458324598767 295
1694623860439 -0.001797532623375675 296
1694623860479 -0.0019639142757379435 297
1694623860514 -0.002188696917279964 298
1694623860550 -0.0020591559063734 299
1694623860586 -0.002442006772413352 300
1694623860620 -0.002371578477257552 301
1694623860658 -0.0025987682293349135 302
1694623860704 -0.0019135779455050628 303
1694623860756 -0.0016189631262044646 304
1694623860811 -0.002886906714411497 305
1694623860857 -0.0019383301213700133 306
1694623860901 -0.0025454200990919773 307
1694623860946 -0.0013862962552100289 308
1694623860989 -0.0021615409988762213 309
1694623861030 -0.001195263179211814 310
1694623861078 -0.001409642836068814 311
1694623861145 -0.0016272559031718092 312
1694623861198 -0.0018358506940383545 313
1694623861251 -0.0015390240208315031 314
1694623861299 -0.0020330173698106524 315
1694623861349 -0.0031293436620829507 316
1694623861391 -0.0016046456072775772 317
1694623861430 -0.0015251741133051055 318
1694623861470 -0.001261506270397783 319
1694623861503 -0.002001172311868471 320
1694623861532 -0.0017911879224805638 321
1694623861565 -0.0018821892711069488 322
1694623861605 -0.0017669122646593038 323
1694623861641 -0.0010666583602483293 324
1694623861676 -0.0013423232578193556 325
1694623861715 -0.001595914827922984 326
1694623861757 -0.0022569051506780013 327
1694623861796 -0.0012383056555815841 328
1694623861838 -0.0018636548367931827 329
1694623861874 -0.001699912736329079 330
1694623861906 -0.002024873650778858 331
1694623861934 -0.0015140600168983553 332
1694623861962 -0.001969773628456961 333
1694623861990 -0.0018457846622395024 334
1694623862020 -0.0016851824384767067 335
1694623862048 -0.001848356113118843 336
1694623862082 -0.001880735152826718 337
1694623862125 -0.00214426168625792 338
1694623862164 -0.001175242241179708 339
1694623862205 -0.0011340458181237079 340
1694623862245 -0.0018423979097186294 341
1694623862297 -0.0013738297299781266 342
1694623862353 -0.0012743425969818922 343
1694623862408 -0.001962401785466694 344
1694623862443 -0.001667727417565379 345
1694623862477 -0.0016229085276417976 346
1694623862508 -0.0011278090428408216 347
1694623862537 -0.001806993931454226 348
1694623862565 -0.0012144075877418281 349
1694623862599 -0.0014437522143511128 350
1694623862631 -0.002364183347615567 351
1694623862662 -0.0009878846246840212 352
1694623862696 -0.0018694777434180576 353
1694623862729 -0.0016546254390830129 354
1694623862760 -0.0024795543159432665 355
1694623862789 -0.0010564497670191297 356
1694623862814 -0.0011095839545853803 357
1694623862840 -0.0016385044926094938 358
1694623862865 -0.0006270979489464423 359
1694623862897 -0.0018690991504366483 360
1694623862930 -0.0020776988842465816 361
1694623862960 -0.0016949728252064755 362
1694623862993 -0.001188553903875622 363
1694623863025 -0.0018985246852516457 364
1694623863060 -0.0014854384636420193 365
1694623863099 -0.0018606608525293389 366
1694623863133 -0.0012277009560575092 367
1694623863170 -0.0010826810715121038 368
1694623863212 -0.0008468854430585537 369
1694623863257 -0.0007737261179794341 370
1694623863300 -0.001398659985180295 371
1694623863332 -0.0016790271395092926 372
1694623863364 -0.002315383785048475 373
1694623863395 -0.0016128599263813825 374
1694623863425 -0.0011167527704252223 375
1694623863457 -0.001189646066709793 376
1694623863487 -0.0018990918916410582 377
1694623863520 -0.0010413975983456503 378
1694623863550 -0.0011960789515728099 379
1694623863585 -0.0016374036922199853 380
1694623863627 -0.0015120686594332078 381
1694623863666 -0.0017390206810283804 382
1694623863711 -0.0015184657289666337 383
1694623863756 -0.0011655691948300184 384
1694623863794 -0.000948640822135971 385
1694623863832 -0.0010799810272410504 386
1694623863871 -0.0007350617176531404 387
1694623863905 -0.0013224739671049424 388
1694623863940 -0.002586037369085359 389
1694623863977 -0.0020719634994073033 390
1694623864008 -0.0015216995707747483 391
1694623864041 -0.0009949977366803253 392
1694623864079 -0.001719470190538308 393
1694623864132 -0.0006262997518318159 394
1694623864179 -0.0013559576644168736 395
1694623864236 -0.001134175252376135 396
1694623864281 -0.0017464619690716887 397
1694623864329 -0.0006862768327029478 398
1694623864373 -0.001925213970652928 399
1694623864413 -0.0014041386500645014 400
1694623864450 -0.0014444415257057752 401
1694623864488 -0.0007386562533762131 402
1694623864525 -0.0004403662697163302 403
1694623864560 -0.0018257722070276206 404
1694623864594 -0.0017220329840850201 405
1694623864635 -0.0019313887650775907 406
1694623864677 -0.002042513974944038 407
1694623864717 -0.0013078500753247457 408
1694623864765 -8.311522402726368e-05 409
1694623864826 -0.00200692377366396 410
1694623864872 -0.000581316610174909 411
1694623864917 -0.00103393412267061 412
1694623864965 -0.0010175008109614136 413
1694623865009 -0.0011431799289640665 414
1694623865048 -0.0006921774099672984 415
1694623865097 -0.0007242112521610444 416
1694623865136 -0.0009600567890599709 417
1694623865171 -0.00011923012635017827 418
1694623865207 -0.0011471235973046223 419
1694623865240 -0.0008426010042867915 420
1694623865271 -0.0017733575181826389 421
1694623865302 -0.0013367026458930287 422
1694623865330 -0.0018999320278167975 423
1694623865359 -0.0004920680404087996 424
1694623865389 -0.0009122548802189545 425
1694623865423 -0.0009019454746703737 426
1694623865461 -0.0013442248701978077 427
1694623865500 -0.0008605695418195669 428
1694623865544 -0.000784022108407223 429
1694623865581 -0.0011202434349706358 430
1694623865621 -0.0010961649301424181 431
1694623865655 -0.0011682084219135636 432
1694623865689 -0.0008168406674826656 433
1694623865726 -0.000660472641222043 434
1694623865762 -0.0004477855979656553 435
1694623865795 -0.0003750720104911398 436
1694623865830 -0.0008547185111726918 437
1694623865863 -0.0012374173207805317 438
1694623865897 -0.0011692548793147406 439
1694623865934 -0.0011592537020317373 440
1694623865971 -0.0010188579331937841 441
1694623866003 -0.0014704863323156125 442
1694623866036 -0.0015634275340752346 443
1694623866066 -0.0017014691494741108 444
1694623866095 -0.0007656957462633951 445
1694623866125 -0.0009920632612259173 446
1694623866155 -0.001461353897872053 447
1694623866186 -0.0008156905728449182 448
1694623866214 -0.0010941565374780193 449
1694623866242 -0.00012731078072558688 450
1694623866270 -0.0006727449826968712 451
1694623866299 -0.0005050760456664083 452
1694623866328 -3.214217852476331e-05 453
1694623866363 -0.0012064363747077422 454
1694623866393 -0.0009552085616710837 455
1694623866422 -0.0004623814676973925 456
1694623866453 -0.0014604512485849597 457
1694623866481 -0.00031925420378864366 458
1694623866510 -0.0015262516663676617 459
1694623866544 -0.0010811898159588385 460
1694623866580 -0.0007573049421893963 461
1694623866623 -0.0008075855528588693 462
1694623866659 -0.00022078158523175517 463
1694623866694 -0.001196181299254917 464
1694623866727 -0.0006341098166167125 465
1694623866759 -6.128744795219632e-06 466
1694623866793 -0.0015608967184614908 467
1694623866830 -0.0012071411869423176 468
1694623866859 -0.0005922576090477971 469
1694623866890 -0.0009355633107375194 470
1694623866920 -0.001030342814420937 471
1694623866953 0.0006856542728327364 472
1694623866989 -0.00022996129650443287 473
1694623867026 -0.0005250423375060542 474
1694623867066 -0.0001269599606208427 475
1694623867103 -0.0014930677738256293 476
1694623867140 -0.0006473901417816119 477
1694623867174 -0.0006236224481430686 478
1694623867207 -0.0004116524879225203 479
1694623867239 -0.0007765229789828965 480
1694623867269 8.366003545301481e-05 481
1694623867299 -0.00043865145438526376 482
1694623867332 -7.042738274964933e-05 483
1694623867371 -0.0006452055082841746 484
1694623867403 -0.0010051944398969948 485
1694623867444 -0.0001536848564476223 486
1694623867476 0.00011464965085294931 487
1694623867506 -0.0011266617493328468 488
1694623867536 0.0007702311988898591 489
1694623867565 -0.0008499898645781823 490
1694623867591 7.536184447043404e-06 491
1694623867623 0.00015404616553460482 492
1694623867658 8.062865320879187e-05 493
1694623867708 0.0004462728362265578 494
1694623867751 -1.4589217774974017e-05 495
1694623867783 -0.0009699966853216058 496
1694623867818 -0.001291221910959539 497
1694623867861 0.0003221749501628457 498
1694623867893 -0.0001501365754879025 499
1694623867933 -0.00029797405515163966 500
1694623867971 -0.0006016414034630824 501
1694623868006 0.000389584349958616 502
1694623868043 0.00036641326796371665 503
1694623868077 -0.0008946641737594963 504
1694623868111 0.0003112666830585864 505
1694623868148 -0.0012383538133426963 506
1694623868183 -9.868396948164992e-05 507
1694623868221 0.0007735342020896985 508
1694623868256 -0.0008796101147774404 509
1694623868294 -0.0010018981565194096 510
1694623868332 -0.0004341719160290136 511
1694623868374 -0.0010903115562044263 512
1694623868409 -0.00014190187945595234 513
1694623868444 0.0002646197686332341 514
1694623868477 0.0005517890304085338 515
1694623868509 0.00033644009329236724 516
1694623868545 -0.0002661453365520039 517
1694623868578 -0.00032897153713484784 518
1694623868614 -0.0005470633085808974 519
1694623868645 -0.0007067731786576381 520
1694623868682 -0.00010118234671163684 521
1694623868714 0.00041587384200980626 522
1694623868749 -0.0009693994910782155 523
1694623868784 -0.000879903958008299 524
1694623868823 3.9590630825703244e-05 525
1694623868856 6.478514607888286e-05 526
1694623868887 0.00033624762711415013 527
1694623868920 -0.00035697422606895124 528
1694623868951 0.00018917449308630818 529
1694623868987 -0.0007023049343028998 530
1694623869028 -0.00031311410356793523 531
1694623869063 -0.000400670103473999 532
1694623869097 0.0004275925514581891 533
1694623869126 5.95786556757405e-05 534
1694623869161 -0.0003826548072243252 535
1694623869194 -0.0004024845424390744 536
1694623869225 -0.0009936706350999192 537
1694623869256 0.00048805019340147915 538
1694623869281 0.0005154191713258038 539
1694623869311 -0.0007739257774193042 540
1694623869345 -0.00034645194479998587 541
1694623869377 0.000670748744057148 542
1694623869406 0.0004047520845317232 543
1694623869442 0.00018058714189128633 544
1694623869475 -0.00017872856399048231 545
1694623869510 0.0005760360641275941 546
1694623869544 0.0009512448462801748 547
1694623869579 -0.0003850342212747826 548
1694623869630 -0.00048242130424425156 549
1694623869679 0.0003925682779718498 550
1694623869729 0.0003338630933779063 551
1694623869774 0.000934274622991671 552
1694623869813 0.0001962006239086822 553
1694623869847 0.0009363195031079075 554
1694623869878 0.0002521060281408527 555
1694623869908 0.0009326987827872335 556
1694623869939 -0.00040406035920104166 557
1694623869973 -0.00040657654637099583 558
1694623870006 0.0007332248023466104 559
1694623870040 -0.000883046896600348 560
1694623870075 -0.0002320652485703345 561
1694623870105 0.0006834503937493963 562
1694623870138 0.0005305762287572957 563
1694623870166 0.0002568043443975654 564
1694623870193 6.832068727602447e-05 565
1694623870220 0.0013150177556314757 566
1694623870306 -0.0019304956091552583 567
1694623870338 0.0013719678809054336 568
1694623870376 -0.0007510164202932934 569
1694623870411 -0.00025187198908271924 570
1694623870450 -0.0003674522980765538 571
1694623870492 0.002087139750142075 572
1694623870528 0.0002768742410003133 573
1694623870567 0.0005670019626061729 574
1694623870605 0.0001239318709204129 575
1694623870646 0.0006622109782261631 576
1694623870684 0.0011237687281180353 577
1694623870724 0.0009566567373405777 578
1694623870759 0.0002612717725424263 579
1694623870803 0.0011319569350648484 580
1694623870853 -1.1788887195773867e-05 581
1694623870895 -0.0007185670279010736 582
1694623870934 0.0010300103106988256 583
1694623870976 0.0015098744540857911 584
1694623871012 0.001569716859950887 585
1694623871049 0.000833064370460157 586
1694623871086 5.432203713962025e-05 587
1694623871115 0.0011998287775675243 588
1694623871148 -0.0001758370739430859 589
1694623871176 -0.0002315398845706973 590
1694623871206 0.0006196520412345974 591
1694623871239 0.0010428410391609688 592
1694623871270 0.0013534979659245439 593
1694623871298 -0.0013604161866300757 594
1694623871326 0.0006923373348648454 595
1694623871355 0.0018527356642239479 596
1694623871381 -0.00024748910077776465 597
1694623871410 0.0017044792526385022 598
1694623871439 -0.00017344437660704592 599
1694623871469 0.0014263339466081826 600
1694623871499 0.0012978493311015527 601
1694623871533 0.0004466795262190182 602
1694623871568 -0.000492713378922538 603
1694623871600 5.1001186422094946e-05 604
1694623871632 0.0001639562271353867 605
1694623871665 0.0015345508176557443 606
1694623871699 0.002167416062533345 607
1694623871727 -0.000285490802904631 608
1694623871757 -0.0008451102593882709 609
1694623871789 0.0018874536979869294 610
1694623871818 0.001330654853111235 611
1694623871859 -0.0007109485540741645 612
1694623871889 0.0008414021772631397 613
1694623871921 0.0018871027553409858 614
1694623871954 0.00017423455956533385 615
1694623871990 0.001265293733270223 616
1694623872031 0.0010571859268547756 617
1694623872073 0.0019462315791338725 618
1694623872108 0.0014696423495249578 619
1694623872141 0.0008221630556730641 620
1694623872171 0.002022366886417215 621
1694623872204 0.001172471316872925 622
1694623872238 0.0015202518690337063 623
1694623872278 0.0008236006992726752 624
1694623872309 0.0007978095476564029 625
1694623872348 0.00038445788429175565 626
1694623872379 0.0005428178362612002 627
1694623872406 0.0008123978251939334 628
1694623872437 0.00043103187106952046 629
1694623872464 0.0019091741536159113 630
1694623872490 0.0011328306708991986 631
1694623872516 0.0016228171182415263 632
1694623872543 0.0001689581573772747 633
1694623872570 0.001379645098501081 634
1694623872597 0.0014512301929294757 635
1694623872624 0.0015902017912167166 636
1694623872662 0.0004998789183203733 637
1694623872704 0.0018692480350586127 638
1694623872747 0.0010439097468595282 639
1694623872792 0.003096372170382722 640
1694623872832 -0.00026356376167413487 641
1694623872873 0.0005039366270171985 642
1694623872912 0.0003400375216633389 643
1694623872951 0.001642781961877282 644
1694623872991 0.00051015913665442 645
1694623873026 0.0014244344688472133 646
1694623873059 0.0013584705098679262 647
1694623873091 0.0012762023170128645 648
1694623873127 0.0010794974266951085 649
1694623873164 0.0006041537449463785 650
1694623873204 0.00021849447674604505 651
1694623873245 0.0010460778923018221 652
1694623873284 8.237312427084031e-05 653
1694623873329 -0.00011694680282459124 654
1694623873370 0.0018724168307813205 655
1694623873401 -0.00021129638258443606 656
1694623873442 0.00036579280631388045 657
1694623873474 0.0013204727804904115 658
1694623873511 0.0012856746652586404 659
1694623873555 0.0024708097976238186 660
1694623873594 0.0004756508557738348 661
1694623873627 0.001084759435422633 662
1694623873654 0.0009755050517322728 663
1694623873682 -9.55033531901961e-06 664
1694623873710 0.0011629204529934878 665
1694623873739 0.0017558308262908273 666
1694623873769 0.0012754020186710457 667
1694623873801 0.00012546225063314598 668
1694623873839 0.0002521684506193722 669
1694623873880 0.0007964583126761626 670
1694623873920 0.003004464617889502 671
1694623873963 0.0003037345117380408 672
1694623874013 0.0019150290265866898 673
1694623874066 0.0018123540333466748 674
1694623874124 0.0010746416631790545 675
1694623874182 0.001640178562265504 676
1694623874229 0.0019805045164292823 677
1694623874270 0.0019200544254839302 678
1694623874309 0.0014803425548111093 679
1694623874349 0.0009911489197383938 680
1694623874399 0.002119661353289448 681
1694623874437 0.0010496359946104983 682
1694623874478 0.0021608791795513227 683
1694623874514 0.002145641689997757 684
1694623874548 0.001885946647859238 685
1694623874590 0.002309341925831987 686
1694623874624 0.0015861416826065122 687
1694623874656 0.002568604585908907 688
1694623874687 0.0033158750847025464 689
1694623874718 0.0014171186713292094 690
1694623874746 0.0021600755683837125 691
1694623874773 0.0018516536062118671 692
1694623874803 -8.324424476735537e-05 693
1694623874830 0.0027975867651418573 694
1694623874859 0.0009743551980055942 695
1694623874890 0.0016984162246403978 696
1694623874924 0.001722233193063305 697
1694623874956 0.0031543795325454926 698
1694623874991 0.0037383626598445074 699
1694623875023 0.001425508476032289 700
1694623875053 0.001851784087491648 701
1694623875080 0.0019184449733790077 702
1694623875108 0.00176137993616432 703
1694623875133 0.002337223257738219 704
1694623875159 0.001763147452480629 705
1694623875186 0.0028103407713232498 706
1694623875212 0.0015461204434112918 707
1694623875239 0.0021026914416051312 708
1694623875264 0.002484984514300792 709
1694623875294 0.002255099587288645 710
1694623875323 0.002245717251100121 711
1694623875354 0.0025352761705424998 712
1694623875386 0.002952955354391773 713
1694623875415 0.0030722357027719305 714
1694623875443 0.001301204118446142 715
1694623875472 0.0022666405383786614 716
1694623875502 0.0036268532155891986 717
1694623875532 0.0031001412030672304 718
1694623875565 0.0003095616257200451 719
1694623875600 0.0033253447694304716 720
1694623875636 0.002105007003562087 721
1694623875691 0.0021084265061229734 722
1694623875732 -0.00024368150886422413 723
1694623875777 0.0011853791497752342 724
1694623875841 0.0010197544835435224 725
1694623875896 0.0008632207078782539 726
1694623875957 0.001035673919530744 727
1694623876016 0.0021780043932804194 728
1694623876077 0.0031866509974618484 729
1694623876139 0.003181899982314773 730
1694623876203 0.0023918867126969667 731
1694623876261 0.0018245518017667717 732
1694623876315 0.003643548440802502 733
1694623876371 0.0011092621296174832 734
1694623876428 0.003502264033903968 735
1694623876486 0.0032109110062485957 736
1694623876537 0.0031750112176333056 737
1694623876572 0.003893315203649328 738
1694623876608 0.0009431436464067966 739
1694623876641 0.002402398609244849 740
1694623876671 0.0020527575512516716 741
1694623876705 0.003372904678635047 742
1694623876735 0.00303338855556734 743
1694623876764 0.0017708107895312297 744
1694623876797 0.0014892131773105444 745
1694623876824 0.003546570354487244 746
1694623876853 0.0013949455403564626 747
1694623876885 0.0018160314009849632 748
1694623876922 0.0028404154122479985 749
1694623876955 0.0029458694692301446 750
1694623876991 0.001918426700206477 751
1694623877023 0.002446597498000025 752
1694623877052 0.0007621851410677394 753
1694623877081 0.0025580775700914105 754
1694623877116 0.003033082429187983 755
1694623877148 0.0015180871198724466 756
1694623877181 0.005500211773810104 757
1694623877214 0.0027992596097535793 758
1694623877244 0.0027176707429770186 759
1694623877274 0.0016357279886671794 760
1694623877307 0.004172175559429503 761
1694623877338 0.004492756204007353 762
1694623877373 0.0029093991840952738 763
1694623877405 0.00231235453161982 764
1694623877435 0.000954606602391328 765
1694623877465 0.0037536905766798467 766
1694623877497 0.003019669959992921 767
1694623877527 0.0016697425426641654 768
1694623877559 0.004433815383143691 769
1694623877591 0.003155586202121974 770
1694623877630 0.0033608724476422713 771
1694623877661 0.0031945179210317587 772
1694623877694 0.0038477192414252404 773
1694623877725 0.002099126033485499 774
1694623877755 0.0028571064321358808 775
1694623877784 0.003687811993599688 776
1694623877813 0.004708057572464175 777
1694623877840 0.003553541071008137 778
1694623877866 0.0021366859801291715 779
1694623877896 0.0034852354199468305 780
1694623877927 0.004227892660337962 781
1694623877957 0.0036490231019475905 782
1694623877984 0.002885133607031909 783
1694623878017 0.0017802667118098636 784
1694623878050 0.001368556865488757 785
1694623878085 0.0018904961293555456 786
1694623878128 0.003572382637325955 787
1694623878165 0.002282527235602627 788
1694623878201 0.003406897261076569 789
1694623878231 0.0011926915630922075 790
1694623878262 0.0021323712922722837 791
1694623878295 0.002951833067999843 792
1694623878325 0.003394367560741296 793
1694623878355 0.004891027909350143 794
1694623878387 0.003255341677267154 795
1694623878417 0.0034045147545789245 796
1694623878447 0.0032573999459758474 797
1694623878478 0.003536372945078581 798
1694623878509 0.0026322587886210558 799
1694623878540 0.00284545244491885 800
1694623878570 0.0045026181471519156 801
1694623878602 0.0045606670209740185 802
1694623878633 0.0021269043859656334 803
1694623878663 0.0038745766682375393 804
1694623878700 0.00447121583812804 805
1694623878734 0.003214505160010317 806
1694623878769 0.0012798268777499677 807
1694623878805 0.0029705825549211085 808
1694623878836 0.005047108343851248 809
1694623878866 0.0034477039267789555 810
1694623878896 0.0029863817944966176 811
1694623878924 0.004369776310556572 812
1694623878955 0.0041952934861474445 813
1694623878982 0.0045874514792551 814
1694623879011 0.0019510308559347322 815
1694623879038 0.0052771419620805116 816
1694623879064 0.002971833839929716 817
1694623879096 0.0035592277074389944 818
1694623879128 0.00552522656341814 819
1694623879160 0.00249953799504421 820
1694623879191 0.0031381826064262874 821
1694623879227 0.002726636559608475 822
1694623879257 0.0037132016934817713 823
1694623879287 0.003337185793850672 824
1694623879323 0.00485681789737924 825
1694623879353 0.005197746182134533 826
1694623879382 0.0024381177694213774 827
1694623879413 0.0035855740365622335 828
1694623879442 0.002402365747045221 829
1694623879470 0.002262306225879196 830
1694623879497 0.0054501691815603825 831
1694623879524 0.002967008412694705 832
1694623879556 0.004406754366390597 833
1694623879587 0.0030429429125903296 834
1694623879624 0.003311965490408464 835
1694623879651 0.004745244673029059 836
1694623879679 0.00300539964027291 837
1694623879708 0.005327815270262493 838
1694623879734 0.007608126012424332 839
1694623879762 0.004863495550331387 840
1694623879787 0.005247487925921779 841
1694623879813 0.004704632549850651 842
1694623879842 0.006381494818961997 843
1694623879869 0.0026227512897700755 844
1694623879897 0.004029709851519625 845
1694623879930 0.004284553387689072 846
1694623879959 0.0037807657212529655 847
1694623879987 0.003969635326488197 848
1694623880016 0.005729121088581146 849
1694623880054 0.004212232015878947 850
1694623880090 0.003811230243997099 851
1694623880123 0.005296842548435765 852
1694623880156 0.005377449643128807 853
1694623880206 0.0054861300078332675 854
1694623880268 0.004099362978257082 855
1694623880326 0.005374480165773243 856
1694623880378 0.0040236193442244605 857
1694623880431 0.005113059853463109 858
1694623880485 0.0045528090431172785 859
1694623880527 0.006400766811043179 860
1694623880570 0.003976086255658706 861
1694623880612 0.00574209604218201 862
1694623880649 0.0031249290222553627 863
1694623880683 0.005836944738806915 864
1694623880733 0.006297350468665197 865
1694623880783 0.0067433755627296366 866
1694623880838 0.005681093611799248 867
1694623880894 0.0036362508128767734 868
1694623880957 0.003437552415760048 869
1694623881007 0.005348133203652905 870
1694623881063 0.005608808007215527 871
1694623881130 0.00636068085612862 872
1694623881184 0.004741851458414659 873
1694623881234 0.004732716550992833 874
1694623881282 0.004702326381156974 875
1694623881337 0.003174070070425805 876
1694623881405 0.005807240111103451 877
1694623881465 0.004450192679390952 878
1694623881519 0.004039065239871631 879
1694623881584 0.0039030280927575545 880
1694623881624 0.0038687902342232627 881
1694623881655 0.004394118441369721 882
1694623881680 0.005943139325928382 883
1694623881709 0.0059089884107678126 884
1694623881738 0.0035788053006230447 885
1694623881767 0.0031696693096242567 886
1694623881794 0.0069299231636451575 887
1694623881822 0.0059778728991926045 888
1694623881850 0.003876999066101172 889
1694623881883 0.002571763803586591 890
1694623881917 0.004136329240499337 891
1694623881952 0.004317571757563643 892
1694623881986 0.004562300127692098 893
1694623882019 0.006591186024589524 894
1694623882051 0.004275001087989616 895
1694623882080 0.005711446519493069 896
1694623882109 0.006424628350343076 897
1694623882140 0.0036978523815993647 898
1694623882170 0.005625928921072831 899
1694623882197 0.005666162440105316 900
1694623882224 0.004074212972925428 901
1694623882254 0.0061355150495771005 902
1694623882279 0.006998724338744711 903
1694623882317 0.003554220110316475 904
1694623882347 0.004100618083050511 905
1694623882379 0.005283246849510426 906
1694623882430 0.0041561944398961215 907
1694623882484 0.0038377408500599453 908
1694623882544 0.005145813574035429 909
1694623882615 0.004360108007891106 910
1694623882682 0.007169234570630234 911
1694623882744 0.005797024564565434 912
1694623882812 0.005745090089572691 913
1694623882871 0.005357193462650289 914
1694623882923 0.0060876376694743994 915
1694623882970 0.005692364305358799 916
1694623883001 0.006532637056707591 917
1694623883033 0.005030839866179804 918
1694623883066 0.006878418258045582 919
1694623883094 0.006491403593170131 920
1694623883124 0.0049618647238351965 921
1694623883155 0.006344636981046592 922
1694623883181 0.0064784201268788255 923
1694623883208 0.006308990806162873 924
1694623883238 0.00446690818480544 925
1694623883265 0.006841693139059246 926
1694623883294 0.005158852818220483 927
1694623883324 0.005345651793720596 928
1694623883357 0.003619490696768146 929
1694623883389 0.00427073763186725 930
1694623883431 0.005086820942319714 931
1694623883483 0.008048350698094953 932
1694623883528 0.006357060533516257 933
1694623883580 0.008642091959919052 934
1694623883653 0.007443111225009735 935
1694623883713 0.0034965326281467535 936
1694623883769 0.005133793022738864 937
1694623883829 0.004675149250272459 938
1694623883886 0.00735189772899425 939
1694623883948 0.0060355011078288 940
1694623884011 0.005329266261209553 941
1694623884070 0.007241536823053063 942
1694623884119 0.004776072382258634 943
1694623884149 0.005596504526509172 944
1694623884179 0.007791747170502905 945
1694623884207 0.0069867753560776125 946
1694623884243 0.007220383943147501 947
1694623884286 0.005043519068273161 948
1694623884340 0.0053396711641415795 949
1694623884379 0.004707306968746883 950
1694623884413 0.008053169606345945 951
1694623884450 0.00903748734821297 952
1694623884481 0.00710488862046732 953
1694623884514 0.005704237035178972 954
1694623884548 0.007440436373664094 955
1694623884586 0.005524934271940896 956
1694623884616 0.009468019500315616 957
1694623884664 0.005886519694367487 958
1694623884711 0.007675890954236264 959
1694623884764 0.007057785009421225 960
1694623884818 0.007697525435185315 961
1694623884874 0.004440812745061917 962
1694623884933 0.00664490836118925 963
1694623884990 0.007869069246738358 964
1694623885051 0.008062554236350716 965
1694623885106 0.010008661065907698 966
1694623885159 0.006805734593137713 967
1694623885213 0.0047117942525410905 968
1694623885271 0.005993622721027769 969
1694623885324 0.007741648072053575 970
1694623885385 0.005508920874729872 971
1694623885424 0.007092962099550126 972
1694623885461 0.007542266706765499 973
1694623885490 0.009500406669920247 974
1694623885520 0.005926745194710259 975
1694623885549 0.006331976342453416 976
1694623885577 0.005221849954823554 977
1694623885607 0.006866740936292692 978
1694623885645 0.008492494634032344 979
1694623885683 0.004500920391619756 980
1694623885724 0.006864616304043669 981
1694623885765 0.007916702141880894 982
1694623885799 0.005418524071599262 983
1694623885834 0.006565047709517602 984
1694623885871 0.0051902988703732555 985
1694623885910 0.004910509309888789 986
1694623885946 0.008242092594262007 987
1694623885975 0.00661746119655704 988
1694623886003 0.009201974572917049 989
1694623886030 0.005915026708640969 990
1694623886059 0.004412571817558608 991
1694623886083 0.005948935589826454 992
1694623886111 0.006613658114090981 993
1694623886138 0.006446342208702327 994
1694623886169 0.007559644961927736 995
1694623886194 0.008066019662602342 996
1694623886226 0.006441591526427648 997
1694623886258 0.0071830703281685615 998
1694623886291 0.007928574654440745 999
