1694640287596 0.3267190066435132 0
1694640288511 0.0004774197705823553 1
1694640289199 0.23534304159728076 2
1694640289918 0.03482889839662212 3
1694640290651 0.07655624379934614 4
1694640291337 0.6730194780464578 5
1694640292008 0.05977277728170068 6
1694640292699 0.25904717314774556 7
1694640293384 0.11730591316307849 8
1694640294077 0.016442583774818043 9
1694640294734 0.053423597966011274 10
1694640295471 0.0002644658592614586 11
1694640296075 0.09156101130661176 12
1694640296809 0.3546324693714588 13
1694640297532 0.06213640919317367 14
1694640298231 0.003934101916416634 15
1694640298991 0.017291210082625994 16
1694640299631 0.03061779207499567 17
1694640300371 0.04218783466509515 18
1694640301071 0.001654995106756449 19
1694640301773 0.13492836253234386 20
1694640302411 0.016611820376171975 21
1694640303086 0.0005937461280382846 22
1694640303810 0.028802424379454107 23
1694640304574 0.0011605044853301297 24
1694640305236 0.00887177819970298 25
1694640305851 0.01545395410410877 26
1694640306443 0.02247969379545853 27
1694640306998 0.002310516606591939 28
1694640307743 0.3694628074929085 29
1694640308591 0.0012638036602989832 30
1694640309281 0.02005946475456843 31
1694640309873 0.0019109043345274183 32
1694640310672 0.05108048228563285 33
1694640311275 0.027843066782949177 34
1694640312107 0.016285935648782317 35
1694640312761 0.016018102428593917 36
1694640313486 0.015606746851369127 37
1694640314135 0.18477781557388842 38
1694640314807 0.048517200624499025 39
1694640315397 0.009418051376448603 40
1694640315844 0.020563639700877042 41
1694640316468 0.00227427334039313 42
1694640317107 0.012750300712376863 43
1694640317863 0.0014395621255876155 44
1694640318489 0.0021584257312243214 45
1694640319021 0.002742619493155011 46
1694640319773 0.06316769723134394 47
1694640320489 0.06902905986300523 48
1694640321204 0.09165625761143176 49
1694640321849 0.0035948311763088045 50
1694640322519 0.07831322288516201 51
1694640323157 0.0726777700189723 52
1694640323814 0.010586665236353631 53
1694640324594 0.2901004434524327 54
1694640325196 0.004136771873711864 55
1694640325878 0.09954657800672888 56
1694640326525 0.22749438981786038 57
1694640327177 0.008537262752447565 58
1694640327896 0.18150982145894615 59
1694640328586 0.0423938884485431 60
1694640329246 0.01782008123229216 61
1694640329980 0.464170245345041 62
1694640330707 0.007734563426779469 63
1694640331479 0.01107251100350799 64
1694640332092 0.001404642279621536 65
1694640332739 0.24746246152702264 66
1694640333383 0.2418591474923923 67
1694640334070 0.004246523121020134 68
1694640334830 0.025685057436775058 69
1694640335515 0.0015291339793050758 70
1694640336233 0.02537081090971082 71
1694640337109 0.2048580170381727 72
1694640337718 0.08647413071850088 73
1694640338555 0.18262687075782705 74
1694640339215 0.004179316587009266 75
1694640339928 0.00415646449725127 76
1694640340611 0.012659271254063085 77
1694640341378 0.0031057835236488187 78
1694640342024 0.21631980474343138 79
1694640342819 0.009341294890554389 80
1694640343470 0.013087070169821368 81
1694640344087 0.19658857648366435 82
1694640344737 0.04659331561726443 83
1694640345454 0.007645469482573012 84
1694640346145 0.012332475187049854 85
1694640346888 0.003090652344584979 86
1694640347566 0.5248913483308796 87
1694640348239 0.05631811622829577 88
1694640348933 0.019687084049826695 89
1694640349832 0.14369160369497452 90
1694640350271 0.0314348362440888 91
1694640350773 0.3872650784961867 92
1694640351589 5.4295425899368515e-05 93
1694640352271 0.023131896319124528 94
1694640353002 0.11289571794344747 95
1694640353802 0.05057697005686121 96
1694640354390 0.028378706725622045 97
1694640355271 0.13883707629168465 98
1694640355919 0.06797130112053507 99
1694640356624 0.027322853239833685 100
1694640357291 0.07330268725275028 101
1694640357953 0.3111765349125703 102
1694640358616 0.06668565139172171 103
1694640359311 0.029060582511747965 104
1694640359973 0.7378181203491252 105
1694640360642 0.46823221849939284 106
1694640361253 0.16474931396019082 107
1694640362023 0.02682555556249236 108
1694640362703 0.027359196075493603 109
1694640363488 0.007436667214005295 110
1694640363955 0.045334586037103754 111
1694640364257 0.10001939576986434 112
1694640364982 0.02177640273667625 113
1694640365752 0.10650445208931665 114
1694640366636 0.0368402317597832 115
1694640367468 0.017340568076837978 116
1694640368179 0.47943122849974934 117
1694640368839 0.34136957317791033 118
1694640369806 0.04605503454962208 119
1694640370726 3.535154212191973e-05 120
1694640371129 0.005867644209649964 121
1694640371469 0.0033330926030804967 122
1694640372313 0.026638472130359445 123
1694640372852 0.0016558608195507136 124
1694640373199 0.03894985339951356 125
1694640373918 0.007962873360806129 126
1694640374486 0.6648623042161829 127
1694640374920 0.007650797415319567 128
1694640375671 0.010291179431464896 129
1694640376294 0.30059802662982077 130
1694640377019 0.001954505088480406 131
1694640377735 0.13145195190848577 132
1694640378353 0.0027994655703496023 133
1694640379002 0.0006985774644699155 134
1694640379750 0.006058419576743643 135
1694640380387 0.0008404653954402697 136
1694640381048 0.004711819214090029 137
1694640381713 0.004961671047269818 138
1694640382470 0.14058717868829512 139
1694640383154 0.19409371366932784 140
1694640383853 0.0008886510712968454 141
1694640384648 0.024398084680935447 142
1694640385292 0.11826072155111388 143
1694640385929 0.021609396171997506 144
1694640386636 0.021377629000746242 145
1694640387367 0.06240357468805778 146
1694640388054 0.025015341477552074 147
1694640388821 0.07595030578522922 148
1694640389442 0.005649070070494097 149
1694640390100 0.004664785381712872 150
1694640390821 0.039971872269658856 151
1694640391582 0.08394133091066314 152
1694640392340 0.007740373097306288 153
1694640393131 0.003461580381469104 154
1694640393906 0.05631284015844059 155
1694640394551 0.013824748616043714 156
1694640395172 0.010917833427639495 157
1694640395769 0.020749014221996577 158
1694640396346 0.10768742483803587 159
1694640396945 0.07024616919632079 160
1694640397519 0.023353826587708813 161
1694640398095 0.038405203756675006 162
1694640398702 0.2007583177581852 163
1694640399261 0.018949335984024325 164
1694640399855 8.884417026113877e-05 165
1694640400435 0.009945078275913096 166
1694640401021 0.04146976301044415 167
1694640401636 0.08124623947651304 168
1694640402295 0.22611687333557345 169
1694640402929 0.03680031831731467 170
1694640403585 0.0017450349547548278 171
1694640404210 0.02375105195227007 172
1694640404808 0.011093812431803884 173
1694640405482 0.08184706463035882 174
1694640406071 0.024167681723743215 175
1694640406640 0.0005326001194296938 176
1694640407247 0.0016674610533944638 177
1694640407831 0.011302214761895968 178
1694640408422 0.1213194107166426 179
1694640408997 0.030842051056523465 180
1694640409441 0.1265345064352611 181
1694640409923 0.35528704991030763 182
1694640410427 0.022941606724882692 183
1694640411028 0.30180361537170164 184
1694640411655 0.0018121518071308078 185
1694640412190 0.09843303425938577 186
1694640412831 0.04469565111406253 187
1694640413391 0.00020397637953702938 188
1694640413995 0.09353887149700842 189
1694640414590 0.02162773111442679 190
1694640415197 0.10851175722716874 191
1694640415851 0.010392228262129221 192
1694640416433 0.6705570010893253 193
1694640416999 0.0025662396452445046 194
1694640417640 0.00033527975270336655 195
1694640418229 0.05423899828628711 196
1694640418835 0.019420054773399847 197
1694640419443 0.16588704732912332 198
1694640420074 0.9480176022787137 199
1694640420675 0.0850812253262257 200
1694640421272 0.48753824230272247 201
