1694636950694 0.12014151967332817 0
1694636951324 0.06962388655397204 1
1694636952043 0.051753577024746894 2
1694636952664 0.03604183168166485 3
1694636953273 0.03271474760239992 4
1694636953909 0.28165677102907594 5
1694636954484 0.03960636131680288 6
1694636955091 0.1246616390787495 7
1694636955733 0.1389591394991507 8
1694636956344 0.022830863563070476 9
1694636956958 0.004689154381334594 10
1694636957551 0.009367177675333094 11
1694636958164 0.0034497439633151966 12
1694636958811 0.007287453556227416 13
1694636959399 0.219727063360542 14
1694636960051 0.007975399686622033 15
1694636960607 0.14406824176738972 16
1694636961244 0.0026986955688552226 17
1694636961805 0.015530736834383453 18
1694636962345 0.00044995785877459556 19
1694636962867 0.0446441473384865 20
1694636963395 7.090775801342925e-05 21
1694636964002 0.10562772683854414 22
1694636964604 0.0003076465634333399 23
1694636965265 0.08853192098693212 24
1694636965911 0.0025018179726256995 25
1694636966594 0.001847765813007705 26
1694636967181 0.029006772379542398 27
1694636967791 0.010253903455180973 28
1694636968447 0.048056986298699055 29
1694636969056 1.8984306055649953e-05 30
1694636969698 0.00030182877046520723 31
1694636970175 0.06731576430095351 32
1694636970837 7.71838747096304e-05 33
1694636971395 0.015408475247336522 34
1694636972010 0.0023146697903222184 35
1694636972620 0.0017579060471271872 36
1694636973195 0.00742556735338044 37
1694636973785 0.038947303483570235 38
1694636974366 0.20971941593977467 39
1694636974960 0.6901320604106139 40
1694636975558 0.2653974226139577 41
1694636976119 0.019817382676790354 42
1694636976766 0.0013623976217583286 43
1694636977363 0.005985279853256614 44
1694636977946 0.4187251494144295 45
1694636978531 0.0980806135088424 46
1694636979135 0.006361962844471151 47
1694636979708 0.02598900329793826 48
1694636980313 0.07779423995675379 49
1694636980906 0.010111159406388055 50
1694636981537 0.28424259417394987 51
1694636982090 0.03574315883960907 52
1694636982708 0.5300350759841508 53
1694636983285 0.1492135137860911 54
1694636983858 0.03056882064197656 55
1694636984419 0.01769841365911007 56
1694636985043 0.05268934892306447 57
1694636985636 0.00014384838461433192 58
1694636986274 0.03292517288043829 59
1694636986828 0.0004573829007015071 60
1694636987408 0.014396434198766494 61
1694636988039 0.056303090890329886 62
1694636988617 0.02203887063013999 63
1694636989262 0.020789789472679863 64
1694636989898 0.009844698404279364 65
1694636990526 0.06489611617101453 66
1694636991113 0.000418918480358732 67
1694636991729 0.13021678942768347 68
1694636992293 0.0017365967667356025 69
1694636992915 0.052961944384523 70
1694636993562 0.07153998612845325 71
1694636994186 0.00856665017321656 72
1694636994783 0.0022905216426788765 73
1694636995399 0.12635401364782783 74
1694636995993 0.029171542543826902 75
1694636996567 0.027762238925556737 76
1694636997150 0.025381522275299023 77
1694636997738 0.011837489345919798 78
1694636998336 0.17631136242853707 79
1694636998915 0.04703396518973596 80
1694636999482 0.33006348453422635 81
1694637000188 0.14985816500468732 82
1694637000870 0.10068714973493724 83
1694637001472 0.0305805145463383 84
1694637002094 0.05982528623774477 85
1694637002695 0.09239428602645285 86
1694637003261 0.24646717089470974 87
1694637003948 0.07394332505550905 88
1694637004530 0.004337075290836429 89
1694637005091 0.0547298200203255 90
1694637005643 0.13984420800129305 91
1694637006220 0.0243328385438214 92
1694637006745 0.08213214993071415 93
1694637007327 0.10375529393678866 94
1694637007899 2.7888896945193843e-05 95
1694637008460 0.13157459149416473 96
1694637009077 0.005875250973237729 97
1694637009706 0.7527300020997877 98
1694637010303 0.03168699302370553 99
1694637010923 1.9690218280434817e-05 100
1694637011476 0.0008490175845210117 101
1694637011926 0.08212326295461873 102
1694637012119 0.0035584057952276395 103
1694637012533 0.09717873061996325 104
1694637013115 0.00025735984112907446 105
1694637013682 0.04538577583913494 106
1694637014304 0.06626753626104855 107
1694637014904 0.03220912306566682 108
1694637015497 0.1469394248116532 109
1694637016068 0.7645041848497639 110
1694637016643 0.09628555233988816 111
1694637017241 0.06771995141195941 112
1694637017832 0.009403512433476934 113
1694637018427 0.0001928678810468418 114
1694637019002 0.018575807606317638 115
1694637019554 0.02838523194948703 116
1694637020244 0.02276612862560508 117
1694637020845 0.12154389711192211 118
1694637021419 0.006699231543364286 119
1694637022036 0.028558854309887437 120
1694637022637 0.10367923438536111 121
1694637023209 0.28133516851351253 122
1694637023816 0.005064299272355792 123
1694637024401 0.012198829966393066 124
1694637025011 0.1255544796476157 125
1694637025605 0.019197284288943857 126
1694637026275 0.007099220424651476 127
1694637026829 0.13903457656025317 128
1694637027405 0.09473472245584758 129
1694637028008 0.06303696391315562 130
1694637028595 0.3019079585028802 131
1694637029172 0.03205866159223743 132
1694637029761 0.0029652650315920115 133
1694637030402 0.21775398244598193 134
1694637031000 0.008189350775755264 135
1694637031598 0.0228090831218629 136
1694637032203 0.0614459815082547 137
1694637032902 0.7008181850748667 138
1694637033486 0.044757065863304614 139
1694637034085 0.12974343426789697 140
1694637034728 0.028772739491944095 141
1694637035310 0.0002150819043831526 142
1694637035885 0.6086724771307319 143
1694637036472 0.04966331361626827 144
1694637037062 0.09185350138057488 145
1694637037644 0.06081988957268766 146
1694637038343 0.36880363687798384 147
1694637038918 0.38138484161641983 148
1694637039511 0.055898451539872336 149
1694637040124 0.001531015946454215 150
1694637040862 0.02831678552542554 151
1694637041437 0.023611429478400843 152
1694637042024 0.42106763035837635 153
1694637042642 0.028253769828307376 154
1694637043191 0.09188566958687376 155
1694637043796 0.1789009636181546 156
1694637044377 0.004622410361658046 157
1694637044988 0.05082194017683324 158
1694637045568 0.23437179327841667 159
1694637046156 0.08276396762050016 160
1694637046769 0.007947852527698458 161
1694637047302 0.08601322936761183 162
1694637047899 0.16516025266376172 163
1694637048463 0.014295070372185047 164
1694637049043 0.10836036621497552 165
1694637049596 0.028802706255868688 166
1694637050186 0.12403590722032357 167
1694637050799 0.0025448052785426566 168
1694637051464 0.020731368848442188 169
1694637052123 1.6510050470581656e-05 170
1694637052776 0.0014351530141452037 171
1694637053388 0.006470315835895531 172
1694637053947 0.48988511197395584 173
1694637054602 0.07550680006043352 174
1694637055202 0.12735365408678354 175
1694637055839 0.006944668908117509 176
1694637056371 0.0009486049451910692 177
1694637056993 0.01911823833434731 178
1694637057558 0.1709113123288053 179
1694637058140 0.006538167847363652 180
1694637058735 0.012235580967891329 181
1694637059369 0.15982956112387764 182
1694637059923 0.08226153389367842 183
1694637060525 0.15590233107487073 184
1694637061143 0.18382849001075172 185
1694637061790 0.017789107031868964 186
1694637062322 0.0193140200515307 187
1694637062824 0.05081857898230584 188
1694637063427 0.07689967517751017 189
1694637064001 0.14535871329559244 190
1694637064594 0.12726360223160413 191
1694637065182 0.036821191599279136 192
1694637065798 0.24499918004053783 193
1694637066388 0.1475268006079297 194
1694637066979 0.005366084076551625 195
1694637067670 0.15305791505194757 196
1694637068226 0.00485737337965674 197
1694637068918 2.041487100384899e-05 198
1694637069495 0.030422028094626217 199
1694637070060 0.10925150159825954 200
1694637070656 0.06695150609125841 201
1694637071302 0.05296560045896886 202
1694637071904 0.22071641051179788 203
1694637072492 0.0009758207414297887 204
1694637073126 0.022884978621834456 205
1694637073715 0.17482357637761586 206
1694637074291 0.017484712909827775 207
1694637074880 0.001988417713669058 208
1694637075461 0.15374561934214873 209
1694637076052 0.005139400300840081 210
1694637076637 0.004519708237022554 211
1694637077216 0.004739990530174115 212
1694637077695 0.07441278979214075 213
1694637078275 0.02949868577153617 214
1694637078846 0.08126301250419457 215
1694637079454 0.05390167758213172 216
1694637080041 0.02370844434860429 217
1694637080585 0.10924898863186275 218
1694637081190 0.6967450953260009 219
1694637081792 0.023767648764276977 220
1694637082375 0.06768633684791724 221
1694637083023 0.03929905158149277 222
1694637083647 0.2497168329408279 223
1694637084281 0.676759636952236 224
1694637084847 0.09450787458175745 225
1694637085466 0.0356845180637018 226
1694637086090 0.20750083756947443 227
1694637086687 0.0018087569833652806 228
1694637087295 0.0010019780745095831 229
1694637087891 0.02591037964395503 230
1694637088451 0.06387901473186972 231
1694637089040 0.01100222481508743 232
1694637089622 0.024064389940833705 233
1694637090204 0.09781192750280214 234
1694637090782 0.00027266058940127045 235
1694637091401 0.024538669379612126 236
1694637091981 0.152292246203119 237
1694637092659 0.0002714168553105727 238
1694637093297 0.1982333404508325 239
1694637093850 0.030955282958123543 240
1694637094445 0.028732818435096088 241
1694637095045 0.7643836633930067 242
1694637095635 0.28178811629890294 243
1694637096242 0.0011198189655675691 244
1694637096859 0.13081527803380932 245
1694637097444 0.00952279880762991 246
1694637098054 0.022010162177739503 247
1694637098746 0.6856720542794239 248
1694637099231 0.35801926830723846 249
1694637099797 0.09688053151051107 250
1694637100389 6.595664600592564e-05 251
1694637100947 0.021002989235617112 252
1694637101771 0.0017604363131891003 253
1694637102353 0.9200536131043865 254
1694637102949 0.018644724276274782 255
1694637103564 0.013067681263463254 256
1694637104169 0.08170813295432301 257
1694637104746 0.01140315547850191 258
1694637105375 0.0369888215939072 259
1694637105871 0.07914568395420297 260
1694637106424 0.011104117948680723 261
1694637107116 0.2966791336451761 262
1694637107832 0.04253889148207283 263
1694637108484 0.00021665939215469344 264
1694637109086 0.0011748569871820776 265
1694637109749 0.082015616413235 266
1694637110394 0.0597564828562353 267
1694637110996 0.03663450452550776 268
1694637111619 0.032874909570974775 269
1694637112281 0.016638853520755337 270
1694637112877 0.01877223903861095 271
1694637113451 0.0062207960862339816 272
1694637114062 0.018433436818449132 273
1694637114631 0.00041305621830937906 274
1694637115271 0.022777917933304987 275
1694637115883 0.00017023087454748267 276
1694637116442 0.010399594621966022 277
1694637117080 0.056536652224557386 278
1694637117635 0.0633582704758654 279
1694637118267 0.08617815306235532 280
1694637118865 0.055026061303565674 281
1694637119472 3.0651576682886105e-06 282
1694637120130 0.0005695375786314224 283
1694637120778 0.03952581025429715 284
1694637121321 0.08100348527069548 285
1694637121922 0.18629562843915048 286
1694637122610 0.007614996495798764 287
1694637123238 0.003367040814637784 288
1694637123897 0.015245993717327554 289
1694637124444 0.04705567710655289 290
1694637125022 0.09575364203332168 291
1694637125659 0.008512046908700445 292
1694637126247 0.013032403360035642 293
1694637126819 0.0055747187092932 294
1694637127399 0.0016526924663685357 295
1694637128002 0.08020435921880277 296
1694637128699 0.09954894831384989 297
1694637129300 0.3669470441274513 298
1694637129700 0.003717535424554212 299
1694637130216 0.01629195724844063 300
1694637130814 0.015398550312914726 301
1694637131393 0.0582172365338428 302
1694637132033 0.3223300750571248 303
1694637132615 0.022142158819460064 304
1694637133197 0.13010886020218143 305
1694637133814 0.0013707511858556598 306
1694637134381 0.08338727895726501 307
1694637134912 0.01860645080937571 308
1694637135360 0.0005448145559710086 309
1694637135902 0.03741593499282039 310
1694637136468 0.00019062774294318263 311
1694637137055 0.028162301557875875 312
1694637137642 0.0015041644455071103 313
1694637138208 0.34405645872451207 314
1694637138802 0.00948778776189004 315
1694637139348 0.013722343734318496 316
1694637139958 0.15981885613795832 317
1694637140457 0.013134222000114555 318
1694637141009 0.10083642458739409 319
1694637141637 0.06117436474173571 320
1694637142293 0.0007773988635256521 321
1694637142884 0.07381416693222098 322
1694637143450 0.042784434656863476 323
1694637144089 0.09222737872605959 324
1694637144639 0.033945666508939 325
1694637145231 0.15169738081979425 326
1694637145850 0.15929380649832522 327
1694637146450 0.5832284030815102 328
1694637147022 0.006596854698442083 329
1694637147598 0.07569293908298619 330
1694637148180 0.01621801680834652 331
1694637148782 0.0011531187732518914 332
1694637149360 0.024362285359102634 333
1694637149947 0.010773985793535307 334
1694637150596 0.08035547097241154 335
1694637151161 0.000442913605717693 336
1694637151769 0.021713001858054585 337
1694637152467 0.08348794326142181 338
1694637153061 0.019526742296026866 339
1694637153662 0.0071989503542326996 340
1694637154309 0.0597745082909274 341
1694637154813 0.05428774510577678 342
1694637155387 3.337791836808172e-08 343
1694637155961 0.03904401497621682 344
1694637156571 0.042724923921936886 345
1694637157134 0.012346905136011891 346
1694637157738 0.011259914264113371 347
1694637158295 0.04685357087446139 348
1694637158938 0.007861933908246866 349
1694637159541 0.002282722970785284 350
1694637160140 0.001759984612386797 351
1694637160756 0.09023570199941403 352
1694637161340 0.048732844155761915 353
1694637161937 0.001909526269246552 354
1694637162523 0.02854780242740433 355
1694637163103 0.010171375649367943 356
1694637163661 0.26151241054391994 357
1694637164267 0.04936339430445825 358
1694637164880 0.0527442930403484 359
1694637165465 0.0169121367262727 360
1694637166054 0.0163966264744426 361
1694637166637 0.027484801882059103 362
1694637167265 0.29164701007417904 363
1694637167879 0.04229436987273791 364
1694637168491 0.03405205166276211 365
1694637169073 0.16419647776058946 366
1694637169669 0.039340732350910776 367
1694637170281 0.0039758421363024045 368
1694637170910 0.009640731610839514 369
1694637171525 0.0009680729409085449 370
1694637172093 0.4074927823409959 371
1694637172684 0.024495230819336484 372
1694637173279 0.0929418096740873 373
1694637173873 0.46876491182310853 374
1694637174471 0.005823053576653152 375
1694637175150 0.05307828989886274 376
1694637175743 0.25818305480362436 377
1694637176328 0.05206016914799123 378
1694637176977 0.012576759170323613 379
1694637177541 0.05913475990347953 380
1694637178142 0.07034589889432419 381
1694637178749 0.04045339944527998 382
1694637179357 0.025679662364106178 383
1694637179968 0.0024040596351855553 384
1694637180499 0.33092725669727624 385
1694637181099 0.04924201894237787 386
1694637181781 0.0006677575669935145 387
1694637182524 0.12296654263813506 388
1694637183252 0.1321042708200796 389
1694637184102 0.03877682199322173 390
1694637184813 0.38411272462670915 391
1694637185485 0.013732588089562339 392
1694637186114 0.0003037755378008926 393
1694637186752 0.0017255079533439466 394
1694637187382 0.07766754636137621 395
1694637188119 0.003249865727283807 396
1694637188781 0.02054472634154779 397
1694637189398 0.43383047184491885 398
1694637190083 0.04754209794146455 399
1694637190777 0.2664395311644916 400
1694637191460 0.1813711842534829 401
1694637192147 0.0008095761389480701 402
1694637192736 0.2613746284200316 403
1694637193412 0.08952666579107264 404
1694637194057 0.03675458799431659 405
1694637194687 0.033104488537632946 406
1694637195356 0.017246834091335362 407
1694637196046 0.009590648807011805 408
1694637196705 0.0010937662276336996 409
1694637197361 0.0005521254432285159 410
1694637197984 2.7374333570192375e-05 411
1694637198661 0.0021311421736317287 412
1694637199321 0.00800259337542565 413
1694637199981 0.0013280536427800894 414
1694637200617 0.21382597719902616 415
1694637201213 0.10909945127606117 416
1694637201878 0.0001983348360411309 417
1694637202632 0.0027598223231538317 418
1694637203322 0.06060769089098064 419
1694637203933 0.04116405847487146 420
1694637204501 0.06877299093885945 421
1694637205219 0.0038990496744819524 422
1694637205769 0.0006025740238752615 423
1694637206368 0.16175126730205416 424
1694637207004 0.07819753749166422 425
1694637207654 0.00436796674837191 426
1694637208357 0.01671374179690904 427
1694637208982 0.003135589278565344 428
1694637209625 0.567603446968183 429
1694637210218 0.005622770107996779 430
1694637210810 0.5839957765106193 431
1694637211389 1.7469492608440382e-05 432
1694637211980 0.03252296172867294 433
1694637212568 0.12420579211800689 434
1694637213142 0.028064178714515407 435
1694637213734 0.018977554681258103 436
1694637214304 0.08853887580791102 437
1694637214900 0.30488269948939856 438
1694637215526 0.017194751002759908 439
1694637216066 0.8321798735222102 440
1694637216691 0.02620103683902731 441
1694637217352 0.14002069038933732 442
1694637218059 0.0602171575783783 443
1694637218715 0.02361456522533093 444
1694637219361 0.1360789913588857 445
1694637220116 0.009546185263429376 446
1694637220644 0.07831044664052832 447
1694637221288 0.00021321444111024787 448
1694637221951 0.3071407242558408 449
1694637222609 0.26000047313170205 450
1694637223255 0.04799760184914765 451
1694637223923 0.008544473029753918 452
1694637224596 0.1775992816165397 453
1694637225261 0.10537284722498605 454
1694637225954 0.011554252512576092 455
1694637226613 0.011624823483655993 456
1694637227295 0.23158585511381277 457
1694637228020 0.38971329800082655 458
1694637228710 0.00447303211925103 459
1694637229374 0.046644998259264284 460
1694637230085 0.08695794599968211 461
1694637230764 0.07339509824276778 462
1694637231446 0.04529090382677866 463
1694637232125 0.005323632486797498 464
1694637232847 0.026206078640747525 465
1694637233553 0.052534474440687914 466
1694637234150 0.07203319000817507 467
1694637234815 0.002890202780315559 468
1694637235463 0.021001054911745698 469
1694637236039 0.04923245167967829 470
1694637236721 0.0024254616226182506 471
1694637237284 0.03130773002068037 472
1694637237867 3.444270722370663e-05 473
1694637238449 0.029290051351155953 474
1694637239137 0.09505435137470511 475
1694637239813 0.07889634459845951 476
1694637240460 0.16746712577027478 477
1694637241034 0.16417932054333204 478
1694637241721 0.4119153977364317 479
1694637242376 0.004475893380705063 480
1694637243240 0.0008448586441519801 481
1694637243902 1.2862857999379058 482
1694637244622 0.0004950806240503674 483
1694637245278 0.1167664365819518 484
1694637245992 1.312121817175474e-05 485
1694637246621 0.153338915469772 486
1694637247285 0.0629241997170923 487
1694637247952 0.04794238384313004 488
1694637248579 0.04004442933819727 489
1694637249270 0.1810306589695228 490
1694637250055 0.0011032107880617004 491
1694637250709 0.008706345371978279 492
1694637251355 0.0573424451308477 493
1694637251983 0.018040349615463018 494
1694637252649 0.11349724693129752 495
1694637253276 0.007627229234655163 496
1694637253958 0.09989465556034434 497
1694637254567 0.0008301847235867176 498
1694637255342 0.033349727965734884 499
1694637255989 0.40930587607812763 500
1694637256650 0.03494547615954788 501
1694637257293 0.05902836697862131 502
1694637257992 0.030909186353031897 503
1694637258610 0.05631073464844284 504
1694637259224 0.0008875054330489799 505
1694637259794 0.11409659132116114 506
1694637260406 0.061311286733188516 507
1694637261096 0.0025914627998653733 508
1694637261771 0.1239762235512469 509
1694637262411 0.00547978864838173 510
1694637263097 0.007573810020120872 511
1694637263855 0.0033693245865995414 512
1694637264486 0.25180950726415136 513
1694637265097 0.01433927139917466 514
1694637265719 0.0011751681150471453 515
1694637266477 5.593840847499898e-05 516
1694637267108 0.15718520031485333 517
1694637267784 0.039557049463247146 518
1694637268409 0.0023391352011769262 519
1694637269078 0.004221041207995279 520
1694637269760 0.02076512441155401 521
1694637270349 0.00543314404551936 522
1694637271029 0.0406310516651792 523
1694637271733 0.43321518647822 524
1694637272374 0.022653503415140726 525
1694637273037 0.02182594647557122 526
1694637273806 0.012044761390378609 527
1694637274440 0.12269624182960782 528
1694637275076 3.270329805817397e-05 529
1694637275741 0.037401492485236006 530
1694637276434 0.0003731600496998104 531
1694637277082 0.07035383238629624 532
1694637277863 0.004183299473029984 533
1694637278543 0.06070101658378877 534
1694637279140 0.007836058256085235 535
1694637279817 0.10578774281822871 536
1694637280538 0.039532907214157934 537
1694637281192 0.0025042371487776264 538
1694637281883 0.10940768639579067 539
1694637282605 0.03068233633136401 540
1694637283216 0.016321217928160645 541
1694637283867 0.25669961563469923 542
1694637284517 0.09939529713354028 543
1694637285077 0.051265327541865274 544
1694637285731 0.00634118763253157 545
1694637286380 0.031205898728900987 546
1694637286994 0.2893140342007507 547
1694637287625 0.17552218845170772 548
1694637288274 0.050097603576875024 549
1694637289074 0.08851365253500001 550
1694637289765 0.060786347856010364 551
1694637290445 0.06439979814764686 552
1694637291194 0.00018274438745589109 553
1694637291816 0.4800080254847535 554
1694637292445 0.0022632001517230906 555
1694637293071 0.1939412440391457 556
1694637293796 0.0003990208156381746 557
1694637294494 0.010548705164669332 558
1694637295084 0.12223030928123552 559
1694637295711 0.05856291350684505 560
1694637296310 0.011620175180481378 561
1694637297040 0.1784620199590736 562
1694637297689 0.011361989761645638 563
1694637298247 0.16988839362009414 564
1694637298976 0.001509590103954345 565
1694637299667 0.05512463731706434 566
1694637300277 0.12106689485046582 567
1694637300958 0.047992609955034224 568
1694637301661 0.00020130732469794408 569
1694637302361 0.007337326101159579 570
1694637303053 0.061820740732791854 571
1694637303726 0.0002530510097229553 572
1694637304358 0.06229744909273885 573
1694637304906 0.08654005795086306 574
1694637305474 0.04907982320559711 575
1694637306202 0.0017972596908637976 576
1694637306979 0.03469480895841538 577
1694637307694 0.36261524728537897 578
1694637308379 0.027099612812519148 579
1694637309064 0.009623067938069664 580
1694637309736 0.007109009636704258 581
1694637310416 0.06278206839065102 582
1694637311092 0.02457710263590378 583
1694637311750 0.10043566923665012 584
1694637312405 0.07774669188688559 585
1694637313035 0.10926387587508712 586
1694637313650 0.035161815090252756 587
1694637314352 0.01795161822180247 588
1694637315083 0.04108194035266786 589
1694637315741 0.11890125155074557 590
1694637316381 0.00258603214683123 591
1694637317052 0.08322692585181743 592
1694637317766 0.168248880167064 593
1694637318545 0.00025478077310583274 594
1694637319185 0.21735861401931977 595
1694637319821 0.038593434526586645 596
1694637320467 0.24068461229232263 597
1694637321163 0.06123858411288484 598
1694637321853 0.01291226000672442 599
1694637322530 0.3265616942373882 600
1694637323218 0.016294764597458822 601
1694637323937 0.0051151095562559975 602
1694637324606 0.04574472956711681 603
1694637325178 0.2563877440414945 604
1694637325776 1.1741381860102216 605
1694637326384 0.003029395100127303 606
1694637326958 0.015874812415643584 607
1694637327656 0.18183336332105413 608
1694637328254 0.018213801378556924 609
1694637328924 0.07981142108525852 610
1694637329606 0.0421959645093411 611
1694637330267 0.015490086606930291 612
1694637330934 0.0004900174116308667 613
1694637331632 0.01037684520141576 614
1694637332315 0.0019874965369915567 615
1694637333024 0.24763453435603397 616
1694637333665 0.6928951011858423 617
1694637334300 0.04118097557187901 618
1694637334937 0.0008001664490565322 619
1694637335652 0.07928658984506867 620
1694637336319 0.012458636686238787 621
1694637336982 0.08557118746098671 622
1694637337640 0.013080144644183887 623
1694637338300 0.019148277414943838 624
1694637338936 0.005901280953154146 625
1694637339619 0.28046184755906306 626
1694637340245 0.13227031975546186 627
1694637340938 0.09555082215238232 628
1694637341585 0.11216405737190269 629
1694637342203 0.03694577181110142 630
1694637342865 0.01699739025744118 631
1694637343527 0.00028115154304475564 632
1694637344228 0.026824842449077672 633
1694637344909 0.06956603915700256 634
1694637345561 5.784070868863405e-05 635
1694637346251 0.0012777547532348014 636
1694637346926 0.0003900578286794035 637
1694637347627 0.0014596856042020366 638
1694637348281 0.0016029802892903095 639
1694637348915 0.014016440511268949 640
1694637349650 0.010971183484065027 641
1694637350261 0.0063897080070775105 642
1694637350939 0.06966658468252476 643
1694637351701 1.169367104979417 644
1694637352377 0.09058313318430387 645
1694637352869 0.044079829700687925 646
1694637353242 0.006873898326729881 647
1694637354000 0.004566913663445092 648
1694637354783 0.095567165001629 649
1694637355529 0.02615826417723231 650
1694637356210 0.42280485301346615 651
1694637356855 0.013913893480035695 652
1694637357473 0.038455025710402484 653
1694637358184 0.017633633264464134 654
1694637358812 0.32265335890333136 655
1694637359492 0.10809972463100911 656
1694637360060 0.06837639878773323 657
1694637360721 0.1232299652407183 658
1694637361391 0.030268997140904676 659
1694637362112 0.05255821819341064 660
1694637362809 0.0037005554028732195 661
1694637363479 0.013604068763951548 662
1694637364185 0.0006996570523444298 663
1694637364857 0.7750777357109842 664
1694637365452 0.23237099836641445 665
1694637366158 0.00021919643986009733 666
1694637366730 0.04243192180783479 667
1694637367469 0.09188465779847764 668
1694637368308 0.04450630373650872 669
1694637368947 0.011823711965049312 670
1694637369562 0.05347758815278915 671
1694637370172 0.09464953161235982 672
1694637370868 0.007666176355707191 673
1694637371466 0.21267835290819923 674
1694637372098 0.030721175311795794 675
1694637372758 0.08150097003002207 676
1694637373435 0.013798841912668182 677
1694637374209 0.0249027882681305 678
1694637374784 0.36516105258083914 679
1694637375462 0.2574656237570233 680
1694637376174 0.2022554151765956 681
1694637376896 0.11553158106949801 682
1694637377574 0.02123832294330778 683
1694637378353 0.03687796839481253 684
1694637378972 0.0621971385961014 685
1694637379835 0.03326552259531736 686
1694637380566 0.0994010851342355 687
1694637381308 0.022250373177499224 688
1694637381999 0.000753479700532351 689
1694637382720 0.1285555383090228 690
1694637383350 0.010919507671119748 691
1694637384139 0.06454086737424501 692
1694637384862 0.06398209648403436 693
1694637385561 0.07607901376811267 694
1694637386223 1.6828454935973657e-05 695
1694637386853 0.00025609280819310795 696
1694637387570 0.02266672356376931 697
1694637388178 0.022206399508702717 698
1694637388856 0.15517107686025927 699
1694637389494 0.015000552283637348 700
1694637390127 0.029402208351049227 701
1694637390820 0.35202533974180716 702
1694637391515 0.06455873438908573 703
1694637392185 0.09630892710886871 704
1694637392811 4.052050945892458e-06 705
1694637393397 0.14473860277009842 706
1694637394057 0.05538556917819243 707
1694637394772 0.0023026020058296327 708
1694637395400 0.16671290626237528 709
1694637396055 0.00794321564698661 710
1694637396737 0.14207414225897838 711
1694637397405 0.13956830571064754 712
1694637398128 7.027143759104572e-05 713
1694637398882 0.00702686272367524 714
1694637399560 0.01441517016740984 715
1694637400123 0.00931174391830642 716
1694637400813 4.991514707405562e-06 717
1694637401503 0.005459623225429504 718
1694637402195 0.018123947024691736 719
1694637402915 0.004229835180230839 720
1694637403603 0.04580953897659971 721
1694637404290 0.06046815137714658 722
1694637405010 0.057398478643713585 723
1694637405689 0.026986503782738848 724
1694637406367 0.16272842866234616 725
1694637407076 0.1718723929423482 726
1694637407795 0.25696142120389925 727
1694637408397 0.1450938929107853 728
1694637409035 1.5859019250280943e-07 729
1694637409688 0.30988903666853185 730
1694637410324 0.06587295960196174 731
1694637410966 0.0007949078018705901 732
1694637411561 0.19345065499181577 733
1694637412199 0.01898566236351426 734
1694637412910 9.713502267555082e-06 735
1694637413642 0.35474613946211214 736
1694637414252 0.03171819814256535 737
1694637414859 0.018647657942917503 738
1694637415491 0.024416951191284196 739
1694637416233 0.0005573676561685785 740
1694637416855 0.06425487806304796 741
1694637417536 0.017533375726366648 742
1694637418203 0.0040521119181537585 743
1694637418836 0.18864734774745012 744
1694637419525 0.08762920221447304 745
1694637420190 0.09063599709465274 746
1694637420750 0.29032749474570574 747
1694637421376 0.003466146748311261 748
1694637421986 0.028558550886566135 749
1694637422674 3.101227522920903e-06 750
1694637423429 0.0001987326579761754 751
1694637424164 0.025065100729440973 752
1694637424787 0.022563751779291524 753
1694637425406 0.22491929865655064 754
1694637426035 0.01172076005315244 755
1694637426644 0.20228972563262795 756
1694637427320 0.0081478203363912 757
1694637427947 0.14430082114992923 758
1694637428684 0.0017052046230923803 759
1694637429431 0.16522189963484255 760
1694637429950 0.026831868451439398 761
1694637430753 0.021934029030470713 762
1694637431092 0.04786899084916506 763
1694637431412 0.08275924806393309 764
1694637432152 0.03327050254770501 765
1694637432786 0.0022452459127137747 766
1694637433415 0.23931256534811016 767
1694637434024 0.1082348032323425 768
1694637434771 0.001823074141593551 769
1694637435482 0.14848391840052236 770
1694637436183 0.19106911811413532 771
1694637436857 0.05210804198282847 772
1694637437415 0.868100752578428 773
1694637437864 0.06146400091050678 774
1694637438079 0.0008361937689496144 775
1694637438560 0.2730074086305181 776
1694637439283 0.03760968017740161 777
1694637439934 0.026223413046447343 778
1694637440739 0.03802524667692045 779
1694637441377 0.02178546750732165 780
1694637442006 0.11465467604432493 781
1694637442617 0.051953221486608823 782
1694637443242 0.004051491493193448 783
1694637443995 0.06142905158586559 784
1694637444663 0.3519438056340177 785
1694637445347 0.0029692707120095975 786
1694637446112 0.0394460835679248 787
1694637446804 0.0037458548102333325 788
1694637447454 0.13752330913943175 789
1694637448092 0.17713640933467353 790
1694637448769 0.04222994351994092 791
1694637449479 0.3824300657941233 792
1694637450161 0.20556094724612134 793
1694637450847 0.050958158507282005 794
1694637451506 0.18707475479081803 795
1694637452197 0.010247361353336976 796
1694637452880 2.668689055177953e-05 797
1694637453562 0.0010062402314811637 798
1694637454211 0.011950739993061376 799
1694637454892 0.06248831172976102 800
1694637455485 0.26543333594341234 801
1694637456143 0.06763197964730326 802
1694637456782 1.018526555570409 803
1694637457393 0.004726477536103388 804
1694637457980 0.01785567005045306 805
1694637458623 0.05253825317722624 806
1694637459269 0.0029229563923395224 807
1694637459949 0.2053891896421152 808
1694637460571 0.11019423864731706 809
1694637461342 2.9178719519885383e-07 810
1694637462058 0.15445104490526596 811
1694637462736 0.0008957039452375864 812
1694637463382 0.02304748534879399 813
1694637464077 0.01900476322974407 814
1694637464882 0.2852353965606372 815
1694637465635 0.2609397820265629 816
1694637466328 0.09029121496605796 817
1694637467030 0.0014975155017460087 818
1694637467708 0.0016629753972783913 819
1694637468309 0.039470102898464164 820
1694637468921 0.0037423937449633728 821
1694637469524 0.03335851206663474 822
1694637470179 0.041639267900317176 823
1694637470849 0.000594223323707653 824
1694637471510 0.00012959894067562862 825
1694637472238 0.010308106738234984 826
1694637472995 0.00431741051766702 827
1694637473799 0.00030115873745020636 828
1694637474501 0.00018677059332533881 829
1694637475167 0.01004123432568636 830
1694637475901 0.34062279572151544 831
1694637476562 0.014808624972212919 832
1694637477192 0.005907940126215502 833
1694637477864 0.02193788409972148 834
1694637478498 0.0976573671493183 835
1694637479147 5.9281684686441565e-06 836
1694637479800 0.04756646832082953 837
1694637480470 0.2565870870221089 838
1694637481120 0.04284745230719734 839
1694637481782 0.005619495435630031 840
1694637482486 0.16115401767057577 841
1694637483077 0.11263944501519273 842
1694637483721 0.03953102662173021 843
1694637484376 0.44648072313492804 844
1694637485085 0.44418353884462897 845
1694637485748 1.2732011843499952e-07 846
1694637486314 0.05236302582585101 847
1694637487061 0.052367740473817 848
1694637487833 0.06292228301144175 849
1694637488519 0.002449440153370531 850
1694637489219 0.011351424795808397 851
1694637489933 0.31456662398160934 852
1694637490728 0.0026474166973094486 853
1694637491302 0.17481935323060793 854
1694637491899 0.01072591920235373 855
1694637492572 0.1421789721785031 856
1694637493293 0.03329659516171647 857
1694637494031 0.050500203005494355 858
1694637494759 0.02986158922908989 859
1694637495443 0.010264065416823417 860
1694637496134 0.05184147372295355 861
1694637496815 0.04854631796285945 862
1694637497467 0.05024535472013039 863
1694637498205 0.00015981254059822583 864
1694637498999 0.04364374181760418 865
1694637499632 0.00013807232774364485 866
1694637500210 0.00619409387203563 867
1694637500936 0.0801041451080881 868
1694637501554 0.007235920170610563 869
1694637502166 0.023509882096456623 870
1694637502770 0.03278552631452952 871
1694637503384 0.00044787396379645193 872
1694637504067 0.12168688859063642 873
1694637504758 0.06700572743518422 874
1694637505424 0.009322234217250003 875
1694637506054 0.03952986224965627 876
1694637506682 0.037176016703588215 877
1694637507389 0.13036981866523667 878
1694637507985 0.09630323259863023 879
1694637508600 0.02557364176769449 880
1694637509166 0.17158661115242962 881
1694637509704 0.02845645041243304 882
1694637510368 0.012027536438072523 883
1694637511091 0.07459314437635882 884
1694637511817 0.058464982569319375 885
1694637512483 0.269491931780974 886
1694637513157 0.03256021652745992 887
1694637513869 0.0721689049799524 888
1694637514547 0.001178458943124036 889
1694637515267 0.06529828978054701 890
1694637515977 0.10517655523214933 891
1694637516658 0.08556718713665044 892
1694637517217 0.00042416356681764975 893
1694637517919 0.29889600412627626 894
1694637518611 0.024868037412689475 895
1694637519371 0.013714991854182047 896
1694637519899 0.1323618572872871 897
1694637520609 0.0009398576692536498 898
1694637521315 0.03387105380515037 899
1694637521939 0.0204363687564306 900
1694637522581 0.051049151584061085 901
1694637523255 0.038137275770762535 902
1694637523991 0.022154992848443442 903
1694637524597 0.016945591908804528 904
1694637525251 0.028441245329891295 905
1694637525899 0.00020613800669216627 906
1694637526614 0.0008113879987986004 907
1694637527299 0.006990430763472746 908
1694637527999 0.22348202411220272 909
1694637528673 0.39113268452395594 910
1694637529341 0.014820866474779456 911
1694637530020 3.7759784544840784e-06 912
1694637530681 0.061693499770650605 913
1694637531371 0.0017529824850198263 914
1694637531922 0.039147710102842834 915
1694637532513 0.3033282327667032 916
1694637533097 0.042663452626254594 917
1694637533824 0.008473020441603302 918
1694637534503 0.005561910027918892 919
1694637535293 0.00028540097304282654 920
1694637535921 0.1008836604090505 921
1694637536527 0.07074412858585029 922
1694637537183 0.026581534864853845 923
1694637537902 0.0021426221935202175 924
1694637538593 0.12356294885962006 925
1694637539296 0.46845068948857055 926
1694637540017 0.15212457342977082 927
1694637540589 0.03489535451053131 928
1694637541209 0.052313288082730586 929
1694637541793 0.021449206773705206 930
1694637542398 0.08701780063808177 931
1694637543027 0.21212466849730396 932
1694637543708 0.18106225462266648 933
1694637544436 0.1381470871896395 934
1694637545191 0.24068911838569143 935
1694637545909 0.41937195493128504 936
1694637546639 0.011739835237193678 937
1694637547370 0.050955246681089916 938
1694637548124 0.09519044302055803 939
1694637548782 0.022113540429117656 940
1694637549427 0.19934769904598001 941
1694637550102 0.047260254550927354 942
1694637550779 0.0008034991948750724 943
1694637551639 0.024408234679141164 944
1694637552306 0.04201024822718626 945
1694637552999 0.0005634339827955112 946
1694637553685 0.0006738325073348774 947
1694637554362 0.08480000312249351 948
1694637554999 6.286334421755357e-06 949
1694637555808 0.06894786682584354 950
1694637556538 0.053213176983544844 951
1694637557261 0.014762598168997621 952
1694637557917 0.3480344150115698 953
1694637558582 5.163126256196376e-05 954
1694637559240 0.25135858237861425 955
1694637559901 0.045894687932439865 956
1694637560587 0.14120109185262114 957
1694637561250 0.006953748078932305 958
1694637561936 0.2787957763134464 959
1694637562603 0.0007962588036598005 960
1694637563337 0.005619335318972885 961
1694637564024 0.020792362320140083 962
1694637564634 0.2623513410637407 963
1694637565300 0.08195906461002954 964
1694637565952 0.22635545392877032 965
1694637566610 0.046991302371206765 966
1694637567163 0.23113764734548484 967
1694637567849 0.04117791912024593 968
1694637568742 0.038088741726332 969
1694637569383 0.060499230446130085 970
1694637570121 0.4015616685100817 971
1694637570856 0.13145254700185727 972
1694637571522 0.05518746113930955 973
1694637572240 0.031731868667932685 974
1694637572863 0.29356110690853726 975
1694637573551 0.2730432600126721 976
1694637574216 0.033648763568482926 977
1694637574839 0.033292422319094225 978
1694637575466 0.1381784111755273 979
1694637576049 0.00034796701801674155 980
1694637576562 0.0028176025874064032 981
1694637577220 0.0019047160750110526 982
1694637577919 0.00023069461752221835 983
1694637578598 0.019121836862351173 984
1694637579267 0.06527057284070564 985
1694637579895 0.02493065654387137 986
1694637580576 0.1679427562900699 987
1694637581201 0.0002264159169330454 988
1694637581876 0.0009183263803375475 989
1694637582522 0.000753540516544642 990
1694637583151 0.08593766205347084 991
1694637583820 0.013495405567281769 992
1694637584441 0.001645859270189662 993
1694637585078 0.020427713709015756 994
1694637585760 0.1823822526003926 995
1694637586458 0.02162231193588193 996
1694637587155 0.004426838867791769 997
1694637587888 0.10461452651975264 998
1694637588542 0.007546905547530695 999
