1694632581954 0.2100425822345228 0
1694632582207 0.13941109023295667 1
1694632582424 1.0041094695576807 2
1694632582633 1.119627069111574 3
1694632582823 0.8702215838168619 4
1694632583051 0.8534764440699816 5
1694632583280 0.10535303346921902 6
1694632583510 1.1202700788834468 7
1694632583724 1.2440385176484925 8
1694632583935 0.595838507090947 9
1694632584138 0.06733170611041166 10
1694632584351 1.5518141578207858 11
1694632584560 0.24375839998765145 12
1694632584782 0.22565238017114359 13
1694632584989 0.2836977319423528 14
1694632585204 0.48873680010179216 15
1694632585391 0.5139394252736333 16
1694632585584 0.664671383379028 17
1694632585794 0.45532629665333546 18
1694632586007 0.07055511532527461 19
1694632586219 0.4539620314372225 20
1694632586429 0.1409807497225065 21
1694632586636 1.6479412022217697 22
1694632586832 0.4765237435276219 23
1694632587021 1.068509639246391 24
1694632587229 0.04073827678419874 25
1694632587437 0.8276996172678764 26
1694632587657 0.38845338969763177 27
1694632587868 0.037199917692873605 28
1694632588073 0.503917578883897 29
1694632588293 1.9099882834125181 30
1694632588495 0.27229414178620326 31
1694632588692 0.3185864392084329 32
1694632588889 0.624050733656803 33
1694632589077 0.03063088336966286 34
1694632589260 0.1416447981021146 35
1694632589447 0.34078301355231877 36
1694632589645 1.0788200797235445 37
1694632589847 0.1044648429327113 38
1694632590031 0.227472821536747 39
1694632590252 0.6548620255578226 40
1694632590461 0.684882926115713 41
1694632590707 0.3049961035432532 42
1694632590903 0.03683922095780616 43
1694632591106 0.2853662895085164 44
1694632591325 0.7944551964356307 45
1694632591545 0.03616200224749282 46
1694632591735 0.4901904951874711 47
1694632591940 0.36564735682663296 48
1694632592153 0.8113117687733664 49
1694632592352 0.2716868019589465 50
1694632592563 0.06739754630721827 51
1694632592745 0.06023685025938185 52
1694632592928 0.8362315264952537 53
1694632593123 0.333769209405479 54
1694632593314 0.9815848115045563 55
1694632593503 0.4557697866108207 56
1694632593701 1.1175335156579345 57
1694632593912 0.2409602187228666 58
1694632594133 0.5106739843411067 59
1694632594350 0.46941339209107996 60
1694632594562 0.02558977780987195 61
1694632594759 0.19854879140298773 62
1694632594983 0.2204685794522465 63
1694632595180 0.2170979089883825 64
1694632595358 0.13988120585349945 65
1694632595542 1.1720931445938525 66
1694632595740 0.572404349560309 67
1694632595973 0.3445984219390617 68
1694632596188 0.9084866778625025 69
1694632596410 0.7047103931559081 70
1694632596607 0.19899514545536995 71
1694632596865 1.0022881683479261 72
1694632597077 0.4856027615852581 73
1694632597281 0.14978117362171214 74
1694632597476 0.6822884469966559 75
1694632597665 0.3501237296863321 76
1694632597856 0.08884398729710809 77
1694632598057 0.4008354974104459 78
1694632598256 0.37843203105443746 79
1694632598447 0.8275362906072986 80
1694632598669 0.277722035384278 81
1694632598888 0.4136877071143708 82
1694632599090 0.016343686251299297 83
1694632599288 0.265389317206403 84
1694632599485 0.4802165503900745 85
1694632599690 0.002073908593931178 86
1694632599914 0.8107427427373102 87
1694632600117 0.4599540240452436 88
1694632600302 0.4993532559152171 89
1694632600490 0.10483647080584552 90
1694632600679 0.30963243359325676 91
1694632600862 2.0532038914030535 92
1694632601052 0.5538499282124829 93
1694632601236 1.1542355519806335 94
1694632601424 0.060226819252095797 95
1694632601615 0.9097452432349801 96
1694632601798 0.3478712214332553 97
1694632601980 0.7461205383676324 98
1694632602161 0.7198861851716292 99
1694632602357 0.15673014664230495 100
1694632602550 0.2824689989924071 101
1694632602746 0.1627802255800878 102
1694632602931 3.595898887867069e-07 103
1694632603130 0.6959343117209315 104
1694632603360 0.6387736141592966 105
1694632603580 0.07530857263286131 106
1694632603781 0.7030522753333034 107
1694632603956 0.7841087176065702 108
1694632604138 0.33398246911283974 109
1694632604317 0.4302561825025381 110
1694632604521 0.22439306727596023 111
1694632604714 0.26697670974696097 112
1694632604901 0.6802442628500226 113
1694632605084 0.6356006834456638 114
1694632605287 0.9935999126503317 115
1694632605480 0.09731612855572669 116
1694632605657 0.47240228386057775 117
1694632605853 0.31324170477363616 118
1694632606036 0.26994424651601806 119
1694632606229 0.36593795036894466 120
1694632606434 0.8878138360282578 121
1694632606683 0.35550066594475355 122
1694632606914 0.20592234000735007 123
1694632607111 0.11558426269777898 124
1694632607295 0.07397336875707824 125
1694632607478 0.6727957233398684 126
1694632607666 0.583572159443839 127
1694632607848 0.34488021666276814 128
1694632608029 0.6628938973525648 129
1694632608207 0.12642757831161247 130
1694632608398 0.9022582082563065 131
1694632608596 1.236050140589444 132
1694632608780 0.5567821449297394 133
1694632608976 0.16941211732927386 134
1694632609171 0.1913107463655234 135
1694632609381 0.9158222980847645 136
1694632609608 0.4684451583388827 137
1694632609810 0.5123634326095036 138
1694632610015 0.2301571252345907 139
1694632610201 0.3270015660816485 140
1694632610405 0.5957363077945482 141
1694632610607 0.18236051861011363 142
1694632610800 0.3264257719177014 143
1694632610989 0.4347114368489038 144
1694632611181 0.7862150497286604 145
1694632611362 0.1197260498803569 146
1694632611553 0.8637442381810059 147
1694632611739 0.06192021249864883 148
1694632611919 0.7970242490274998 149
1694632612113 0.25607455351964664 150
1694632612307 0.5589270417043878 151
1694632612524 0.33462783749124886 152
1694632612751 0.513037596348658 153
1694632612962 0.44335855918904093 154
1694632613151 0.1616821683707993 155
1694632613332 0.3807126407182982 156
1694632613500 0.5832145316178345 157
1694632613729 0.4694424888892026 158
1694632613929 0.6528188475408625 159
1694632614180 1.0612649153659675 160
1694632614368 0.7334544082504666 161
1694632614569 0.6961764962021451 162
1694632614766 0.1801674488260994 163
1694632614962 0.1402396796372127 164
1694632615138 0.15783477048948957 165
1694632615333 0.8092422011945131 166
1694632615522 0.007406850988325821 167
1694632615729 2.165052318748931 168
1694632615951 0.37346613451327637 169
1694632616164 0.23441688834439986 170
1694632616359 1.2490172795424206 171
1694632616541 0.6535154796320678 172
1694632616735 0.8474667196357799 173
1694632616923 0.425465721578246 174
1694632617108 0.6796248274278401 175
1694632617290 0.24869269698344224 176
1694632617478 1.2822544760220778 177
1694632617671 1.0930279325606014 178
1694632617852 1.130151993980587 179
1694632618032 0.4780801501618316 180
1694632618220 1.7320889380006792 181
1694632618412 0.36493962480355174 182
1694632618608 0.14885187899396765 183
1694632618790 0.5745811124113364 184
1694632618966 0.3074006781071577 185
1694632619147 0.054668831732016074 186
1694632619346 0.31553926496260953 187
1694632619540 1.1083446473033383 188
1694632619733 0.6403328333755627 189
1694632619913 0.5967586222974629 190
1694632620116 0.6413290094082953 191
1694632620299 0.2341718868096249 192
1694632620495 0.46509136872121165 193
1694632620709 1.7415413560822928 194
1694632620890 0.5814974575566287 195
1694632621087 0.0811320105147949 196
1694632621291 0.7777102183516341 197
1694632621493 0.03482014990993291 198
1694632621718 0.0002543077645460856 199
1694632621943 1.0594038846276579 200
1694632622140 0.022573163291011316 201
1694632622348 0.7510346237667863 202
1694632622553 0.06739677305550916 203
1694632622762 0.38399054061226995 204
1694632622960 0.8123798598561386 205
1694632623139 2.152480918981789 206
1694632623340 0.049073505812103346 207
1694632623543 0.08524212210511392 208
1694632623748 0.12096206466327421 209
1694632623933 0.0001451392553591162 210
1694632624130 0.5959245799653963 211
1694632624328 1.0368631128709613 212
1694632624531 0.3856067251137482 213
1694632624743 0.2518210840010392 214
1694632624941 0.22898305481023176 215
1694632625141 0.319688361398844 216
1694632625340 0.9272024391948283 217
1694632625551 0.48180015802223414 218
1694632625750 0.1846554328704068 219
1694632625944 0.6003639781632634 220
1694632626146 0.5472373572502273 221
1694632626332 2.5012204528921407 222
1694632626515 0.08765932109860268 223
1694632626713 0.09655822396157376 224
1694632626911 0.02698004410465922 225
1694632627108 0.10572407684553559 226
1694632627306 0.8660872328549816 227
1694632627502 0.12082139661621608 228
1694632627695 0.40967910786121015 229
1694632627905 0.004571405140273002 230
1694632628101 2.3194850341181756 231
1694632628292 0.8319839533508984 232
1694632628487 0.06781613446456124 233
1694632628684 0.043284370868413566 234
1694632628879 0.25286255149731257 235
1694632629082 0.3982936536711718 236
1694632629289 1.9990436235294295 237
1694632629493 0.3438996468063063 238
1694632629682 0.5118882764820081 239
1694632629887 0.9553769994869654 240
1694632630085 0.4882751050334861 241
1694632630292 0.4535262894203425 242
1694632630502 0.8792839600286856 243
1694632630706 0.05818231524840109 244
1694632630917 0.3810048152663081 245
1694632631111 0.6281877601530286 246
1694632631315 0.29647911205767313 247
1694632631502 0.7649864108748531 248
1694632631714 0.6718772782236062 249
1694632631899 0.0150711615148053 250
1694632632088 0.5459735669753074 251
1694632632280 0.0034404738248776153 252
1694632632480 0.5128664878124182 253
1694632632668 0.03189863023702215 254
1694632632856 1.114662071525897 255
1694632633038 0.3603902149066615 256
1694632633231 0.8728998629548659 257
1694632633431 0.6031368327610191 258
1694632633631 0.19167562556587542 259
1694632633838 0.6730147510020664 260
1694632634037 0.5424612291669297 261
1694632634233 0.3067054641706409 262
1694632634417 0.035099852285147864 263
1694632634598 0.6328267370679257 264
1694632634795 0.5436922925884164 265
1694632634997 0.21003232648990114 266
1694632635198 0.3438196338271802 267
1694632635394 0.6483797981348401 268
1694632635603 0.4022341201456142 269
1694632635798 0.6027757998489711 270
1694632635997 0.25700349937948286 271
1694632636195 0.3611864879825367 272
1694632636375 0.49929581855232036 273
1694632636575 0.4939826542689567 274
1694632636774 0.5621811665332572 275
1694632636975 0.6869216728684813 276
1694632637169 0.5885141896167223 277
1694632637368 0.9511491702959635 278
1694632637569 1.653619304707934 279
1694632637773 0.6578264533484854 280
1694632638045 0.01197992069529413 281
1694632638248 0.16800945325671054 282
1694632638467 0.6600655144107168 283
1694632638693 0.7635262743837247 284
1694632638908 0.3751378186046574 285
1694632639128 1.2092989496044266 286
1694632639324 0.4975695181687858 287
1694632639514 0.09045843138474287 288
1694632639701 1.0355691252612038 289
1694632639955 1.0194983498230306 290
1694632640154 0.4585779043746133 291
1694632640354 0.13363924769847085 292
1694632640560 0.2954094234293154 293
1694632640805 0.6832120933871124 294
1694632641051 0.09789868590531242 295
1694632641246 0.8686132402885757 296
1694632641447 0.45477224864881965 297
1694632641658 1.4409411424806637 298
1694632641825 0.09181839474073146 299
1694632642079 0.7848117180337046 300
1694632642279 0.3632849272642292 301
1694632642421 1.1780476016341244 302
1694632642647 0.4008711093093468 303
1694632642825 0.3469441477127356 304
1694632643029 0.47519830102254035 305
1694632643218 0.21379310632556456 306
1694632643399 0.5133504517138977 307
1694632643601 0.22346677823441144 308
1694632643814 0.38976780577804826 309
1694632644012 0.8865546993870372 310
1694632644215 0.7145229299543137 311
1694632644412 0.43654460677423707 312
1694632644622 0.26302218439807545 313
1694632644809 0.34831224900787955 314
1694632645003 0.11043510494387565 315
1694632645204 1.4995815021249157 316
1694632645404 0.2666749330886512 317
1694632645640 0.3157214563754116 318
1694632645843 0.973493157243827 319
1694632646046 0.3569157714681187 320
1694632646246 0.705918071081996 321
1694632646444 0.22180605820429805 322
1694632646651 0.9732794236474532 323
1694632646851 0.6042823210068903 324
1694632647062 0.7109976092678346 325
1694632647275 0.5217391107015835 326
1694632647480 1.2166402638270637 327
1694632647694 0.7899668967830425 328
1694632647904 0.2331884867786301 329
1694632648086 0.16376860252588893 330
1694632648271 0.3494141824850595 331
1694632648452 0.00044657018537621625 332
1694632648645 2.545081782949173 333
1694632648829 0.45326669530853364 334
1694632649023 0.038645315690977844 335
1694632649204 0.7053495584280602 336
1694632649405 0.9085730580540297 337
1694632649614 0.12415684295748435 338
1694632649803 0.6369205946228311 339
1694632649984 0.38690597499496465 340
1694632650168 0.8200132551540708 341
1694632650353 0.41053114250591566 342
1694632650540 1.1906135188499478 343
1694632650741 0.9666347003439933 344
1694632650934 0.8577452939360966 345
1694632651137 0.568588289306014 346
1694632651358 0.48478722701468174 347
1694632651580 0.6996991099620795 348
1694632651793 0.4773327518951181 349
1694632652006 0.22924079177267143 350
1694632652202 0.593870166734588 351
1694632652397 0.011377278759073186 352
1694632652596 0.2173816924863876 353
1694632652813 0.7689707538995721 354
1694632653010 0.4477677739859816 355
1694632653213 0.9511403942276517 356
1694632653400 1.1679658927152976 357
1694632653611 0.06687827106176449 358
1694632653798 0.059387248338839765 359
1694632653989 0.54435264479883 360
1694632654179 0.8456107678487566 361
1694632654371 0.4840066956512388 362
1694632654568 0.2296220658997333 363
1694632654759 0.8842701854448799 364
1694632654964 0.14044990057550016 365
1694632655181 0.8868795172964514 366
1694632655416 1.0848087525857175 367
1694632655646 0.4179370644982316 368
1694632655829 0.1401865225636505 369
1694632656010 0.3793951589105788 370
1694632656198 0.3488421783439089 371
1694632656397 0.3775871995116314 372
1694632656588 0.09875264000248894 373
1694632656790 1.1948116341634873 374
1694632657001 0.3818615045973583 375
1694632657205 1.3556801433295318 376
1694632657402 0.0037275369286939187 377
1694632657599 0.5620541093384909 378
1694632657799 1.0472599720961238 379
1694632658013 0.9069734622066125 380
1694632658231 0.7366994994242226 381
1694632658459 0.22596899219161856 382
1694632658672 0.10551659780553903 383
1694632658886 0.3371365578288616 384
1694632659081 0.9085114414959969 385
1694632659284 0.13128804521112575 386
1694632659474 0.8389513073925556 387
1694632659675 0.21973662772898178 388
1694632659858 0.3620607277345186 389
1694632660061 0.1866459670894325 390
1694632660250 0.6986144176855422 391
1694632660431 1.902547141706489 392
1694632660632 0.6050848700284902 393
1694632660861 1.1139068842629982 394
1694632661073 0.55146284250856 395
1694632661291 0.03136847822976837 396
1694632661493 0.5016496996294767 397
1694632661725 0.16479895519681378 398
1694632661939 1.132123493958641 399
1694632662142 0.00289895237548153 400
1694632662345 0.22199663410067463 401
1694632662554 0.485053089777821 402
1694632662768 0.8668119908390497 403
1694632662970 1.191896582869457 404
1694632663163 1.3428466509393704 405
1694632663379 0.15273502324712887 406
1694632663569 0.17058144725263402 407
1694632663789 0.35416815692809467 408
1694632663984 0.8488345184703026 409
1694632664202 0.31497190324685037 410
1694632664431 1.0572347161774807 411
1694632664663 0.338965987870731 412
1694632664885 0.46563551629351957 413
1694632665104 0.8266267807532794 414
1694632665314 1.010080564170245 415
1694632665506 0.4127826473224833 416
1694632665729 0.4072650595665829 417
1694632665909 0.5681075849803557 418
1694632666132 0.2130901004378635 419
1694632666323 0.38526142458462886 420
1694632666525 0.252600534536704 421
1694632666733 0.20963568212368258 422
1694632666956 0.43884842255646644 423
1694632667156 0.008590746993809665 424
1694632667365 0.28525190238725534 425
1694632667555 0.5400099641842263 426
1694632667761 0.07867675799575798 427
1694632667949 0.2589993806620939 428
1694632668133 1.2775176944258162 429
1694632668337 0.5328662957476374 430
1694632668543 0.5440332792099203 431
1694632668740 0.3259483647442759 432
1694632668947 0.7476487616915872 433
1694632669137 2.7707545311054784 434
1694632669330 0.008795135033190155 435
1694632669535 0.5017145113034511 436
1694632669747 0.6364511882162127 437
1694632669955 0.6371632135409757 438
1694632670163 0.42687458531428957 439
1694632670373 0.9458027266824323 440
1694632670568 0.5410542245880222 441
1694632670766 0.47758149140067924 442
1694632670976 0.7089160381610252 443
1694632671192 0.574089977083757 444
1694632671390 0.27393999178989176 445
1694632671600 0.0009430153962081718 446
1694632671796 0.2642186000227041 447
1694632672007 0.4850983803703367 448
1694632672193 0.0609085514200968 449
1694632672394 0.6051785627964222 450
1694632672583 1.1571595705582811 451
1694632672769 0.605387572265318 452
1694632672953 0.4237067077967417 453
1694632673157 0.16364924537406503 454
1694632673379 0.243531847816855 455
1694632673589 0.7384378370361698 456
1694632673806 0.7445366618217758 457
1694632673993 0.249516103108198 458
1694632674185 0.6299795265655932 459
1694632674366 0.10640334523466703 460
1694632674578 0.32128168110006344 461
1694632674790 0.0049033764129755575 462
1694632675006 0.24811730821978994 463
1694632675212 0.44158429256645226 464
1694632675409 0.4420322447044602 465
1694632675624 0.3744783318303083 466
1694632675833 1.1407328050321202 467
1694632676020 0.5138906095062687 468
1694632676223 0.32436820928535665 469
1694632676423 0.05194312852195649 470
1694632676649 0.444395204337782 471
1694632676855 1.0941133112038177 472
1694632677063 0.7507010065839019 473
1694632677277 0.6237340060700413 474
1694632677472 1.0957806715243659 475
1694632677698 1.086148267769712 476
1694632677894 2.3506844369204902 477
1694632678097 0.02564741605713641 478
1694632678306 0.08008108449565339 479
1694632678511 0.8132689551109468 480
1694632678722 0.722017693613322 481
1694632678931 1.0938595979516852 482
1694632679125 0.034254825652508224 483
1694632679326 0.6692569611503209 484
1694632679529 1.5087097546966073 485
1694632679723 0.2987759950876221 486
1694632679925 0.07197161974102875 487
1694632680123 0.13574933702578987 488
1694632680327 1.1339637715309339 489
1694632680514 0.003621538326916773 490
1694632680706 0.5451388889606217 491
1694632680906 0.19692972029765402 492
1694632681102 1.318506425799562 493
1694632681287 0.9712141132430435 494
1694632681485 0.6756952125525957 495
1694632681689 0.47125573464504594 496
1694632681899 0.9219720297459391 497
1694632682118 0.8503299108017214 498
1694632682334 0.5402531151297004 499
1694632682509 0.27072010263675966 500
1694632682709 0.005461824005791008 501
1694632682893 1.2238452657544518 502
1694632683087 0.9819726759059575 503
1694632683286 0.03213990884281557 504
1694632683476 0.6236588404530745 505
1694632683680 0.6771991585638775 506
1694632683870 0.28361036966855446 507
1694632684059 0.6591066189101947 508
1694632684246 0.48050202106931494 509
1694632684426 0.5970685111826046 510
1694632684642 1.052931310103196 511
1694632684847 0.00970636288624846 512
1694632685046 0.3054925475786388 513
1694632685242 0.18909095413588287 514
1694632685447 0.4291764893589871 515
1694632685640 0.21261784224860172 516
1694632685850 0.8696693257881817 517
1694632686039 0.5513040123748915 518
1694632686247 1.3844348923253897 519
1694632686454 0.17634730716243577 520
1694632686657 0.7974545922751086 521
1694632686866 1.161671568804752 522
1694632687064 0.63882085387848 523
1694632687262 0.809794376580675 524
1694632687469 0.8534385096647672 525
1694632687690 0.7020821589420123 526
1694632687898 0.4181266199756267 527
1694632688102 0.34817769601729465 528
1694632688302 0.155820867098377 529
1694632688502 0.08902122560739456 530
1694632688695 1.2693920065337705 531
1694632688899 1.1824034411908784 532
1694632689091 0.46684684741348514 533
1694632689277 0.5972309132921892 534
1694632689490 1.169180020703632 535
1694632689694 0.3854070990820806 536
1694632689883 0.3744955834563815 537
1694632690067 2.4402859207007275 538
1694632690260 1.075124406730879 539
1694632690457 0.3320675186611661 540
1694632690661 0.009267769820828584 541
1694632690849 1.3645006537635758 542
1694632691042 0.6341493835760325 543
1694632691246 0.7303978237698743 544
1694632691434 1.2719724421309957 545
1694632691641 0.4012538000442337 546
1694632691839 0.28599010169017525 547
1694632692046 0.34976746095644445 548
1694632692253 0.3689582360931788 549
1694632692409 0.7432930522387913 550
1694632692659 0.5759403290367763 551
1694632692874 0.1182526091301032 552
1694632693078 2.2591824255104695 553
1694632693288 0.65136977884816 554
1694632693488 0.7625411516507978 555
1694632693686 0.8245455235963463 556
1694632693899 0.4062497941772952 557
1694632694101 0.9314158734076916 558
1694632694337 1.0260326005339706 559
1694632694549 0.20704465260873978 560
1694632694750 0.1950273871445523 561
1694632694947 0.2739798815272998 562
1694632695149 0.10121017033413464 563
1694632695367 0.3337052969902008 564
1694632695593 1.0686033405789255 565
1694632695824 0.6516660701335102 566
1694632696074 0.31545487856227145 567
1694632696299 0.7270219911715508 568
1694632696520 0.5317862193587087 569
1694632696725 0.8790374354165722 570
1694632696926 0.0932131970947642 571
1694632697134 1.7767730120057073 572
1694632697354 0.3040778977272042 573
1694632697584 0.47756418870327483 574
1694632697808 1.425141708111106 575
1694632698034 0.04673061993577933 576
1694632698237 0.8800363791631697 577
1694632698437 0.02027190070855254 578
1694632698622 1.2725676888472928 579
1694632698828 1.1951714844824612 580
1694632699023 0.4891433577692389 581
1694632699218 0.18448076458955276 582
1694632699411 0.9621713993986363 583
1694632699616 0.8312809699937019 584
1694632699816 1.836167770415678 585
1694632700008 0.5161272925482681 586
1694632700207 1.024175224155355 587
1694632700406 0.20821995999753773 588
1694632700596 0.25415327953200817 589
1694632700794 0.7857602435953944 590
1694632701044 0.5309472754161874 591
1694632701255 0.46752555958783626 592
1694632701469 0.9188988697224273 593
1694632701698 0.1501523728734375 594
1694632701889 0.5845424545785484 595
1694632702022 0.3122908927401309 596
1694632702315 0.26412047033445546 597
1694632702541 0.29550591870809084 598
1694632702759 0.16158890659260677 599
1694632702998 2.874633129266085 600
1694632703237 0.571933301395391 601
1694632703450 0.6693117282516469 602
1694632703705 0.8921200749419538 603
1694632703928 0.7456520578605033 604
1694632704166 0.25685489898456987 605
1694632704361 1.7680497687108436 606
1694632704584 0.843905419816963 607
1694632704804 1.032932040021296 608
1694632705027 1.0785497721467279 609
1694632705231 0.33158574623568776 610
1694632705461 0.04458213492966222 611
1694632705652 0.2152915415648569 612
1694632705853 0.20663526882802838 613
1694632706065 0.45377977914637796 614
1694632706256 0.44653905783520575 615
1694632706493 0.27071606568117035 616
1694632706707 0.49221715775663427 617
1694632706919 0.1528917794895817 618
1694632707123 0.6374007050213962 619
1694632707319 0.6321288775786392 620
1694632707521 5.972335400054616e-06 621
1694632707732 0.04335231933876142 622
1694632707962 1.1719431459914231 623
1694632708175 0.6844265522953809 624
1694632708382 0.29619327684231894 625
1694632708631 1.0720952140541977 626
1694632708820 0.6094973873811101 627
1694632709021 0.05343063737333179 628
1694632709225 0.18962433143177534 629
1694632709413 0.19226671154547992 630
1694632709593 0.5137478982979508 631
1694632709798 0.23183778138651495 632
1694632710007 1.0307029009948752 633
1694632710196 0.1287027382732296 634
1694632710381 2.008150512815748 635
1694632710563 0.17133610763880072 636
1694632710768 0.506949803682977 637
1694632710975 0.36854391313169066 638
1694632711187 0.08869963809256683 639
1694632711386 1.6645504258224717 640
1694632711595 0.2149890713557402 641
1694632711817 0.9359960650551381 642
1694632712055 0.0025649365997220956 643
1694632712276 0.27648815630575113 644
1694632712465 0.6899581620564595 645
1694632712668 0.8465964328313614 646
1694632712864 0.10863494104999225 647
1694632713069 0.8366626870069055 648
1694632713274 0.6789310272375334 649
1694632713462 0.03199873651519454 650
1694632713654 0.174107689908392 651
1694632713843 0.3731903318075796 652
1694632714072 0.9167712017991196 653
1694632714299 0.32082449293019516 654
1694632714504 0.32660034596710724 655
1694632714704 0.09732603954517226 656
1694632714894 0.31415239909136566 657
1694632715115 0.20836831034434344 658
1694632715347 0.5100057648609051 659
1694632715567 0.002419437850424358 660
1694632715784 0.7787248791459518 661
1694632715992 0.40558039186536393 662
1694632716195 0.38644598637430094 663
1694632716380 0.8114568307745036 664
1694632716572 0.5636290374119065 665
1694632716757 0.08998596973328672 666
1694632716946 0.564933067303479 667
1694632717157 0.08380620470148446 668
1694632717368 0.3188574968196261 669
1694632717573 0.881995032195486 670
1694632717785 0.5857483508151767 671
1694632717999 0.18702561537799878 672
1694632718208 2.7513875365302365 673
1694632718389 0.3960341563025559 674
1694632718584 0.09300747835312241 675
1694632718787 0.5434446212725398 676
1694632718972 0.6643324088226418 677
1694632719173 0.4732813383186979 678
1694632719367 0.025423442337516994 679
1694632719566 0.07188101356892103 680
1694632719767 1.0251817992754413 681
1694632719986 1.0538582011613022 682
1694632720209 0.5257031960575523 683
1694632720426 0.974655228153483 684
1694632720635 0.9833001417462683 685
1694632720839 1.531356793513226 686
1694632721053 0.3281877748860751 687
1694632721277 0.030738743490647875 688
1694632721493 0.7224892959801774 689
1694632721709 0.7234215285624245 690
1694632721912 0.5459304110992602 691
1694632722123 0.05317205720269983 692
1694632722293 0.2170275980912031 693
1694632722582 0.2631373586079693 694
1694632722799 0.5118185902080298 695
1694632723001 0.7652371247494627 696
1694632723197 0.49327373911738626 697
1694632723407 0.0834439104002632 698
1694632723606 0.235503159614891 699
1694632723798 0.3027429235980085 700
1694632723980 0.3583161798458934 701
1694632724167 0.0021920680211879686 702
1694632724355 0.12376332191832974 703
1694632724541 1.4993232549992572 704
1694632724747 0.3579306975152113 705
1694632724933 0.4567398016771776 706
1694632725125 0.19144173508769904 707
1694632725315 0.8742882052999329 708
1694632725499 0.34641648792162494 709
1694632725718 1.582193996747359 710
1694632725906 0.9775731621029233 711
1694632726106 1.164852963642252 712
1694632726335 0.7163415939800148 713
1694632726532 0.36792692130496424 714
1694632726738 0.8084669812260745 715
1694632726942 0.08957184149559586 716
1694632727153 0.014298412838357377 717
1694632727360 0.26796736563317364 718
1694632727420 0.8978320129991819 719
1694632727768 0.3686071679245295 720
1694632727956 1.1218675761455266 721
1694632728164 0.4728260073984444 722
1694632728353 0.29929735274637276 723
1694632728551 0.3970368756241452 724
1694632728745 0.311187437917895 725
1694632728951 0.3631356716504194 726
1694632729173 0.4176639739535672 727
1694632729396 0.2238272916311925 728
1694632729620 0.17013470541200945 729
1694632729817 1.2546789346433136 730
1694632729993 1.088448240983875 731
1694632730193 0.09513309822019363 732
1694632730389 0.39288772471402256 733
1694632730583 0.22609140888587195 734
1694632730757 0.8090057748969411 735
1694632730993 1.8733919401052024 736
1694632731190 0.537442424504307 737
1694632731399 0.1934195919277371 738
1694632731609 0.18362765596377428 739
1694632731826 0.04388730868517958 740
1694632732022 1.5480142849285043 741
1694632732238 0.873679218812091 742
1694632732447 0.26951326136124903 743
1694632732643 0.8561168273433414 744
1694632732857 0.5392933404273778 745
1694632733074 0.9250357892992274 746
1694632733274 0.25394315877553303 747
1694632733483 0.545287048477754 748
1694632733676 0.8823521477445279 749
1694632733862 0.3341368629752599 750
1694632734059 0.1611854420837268 751
1694632734250 0.9677330816653551 752
1694632734445 1.1253904093421327 753
1694632734665 0.4906577058866755 754
1694632734861 0.45399334357326987 755
1694632735075 0.5260412956146491 756
1694632735303 0.46451232797583086 757
1694632735495 0.22187685898170734 758
1694632735684 0.08545790520676795 759
1694632735867 1.606251606935851 760
1694632736058 0.667695032278284 761
1694632736273 1.4667241542684566 762
1694632736481 1.7141425530934673 763
1694632736678 0.6476736644768999 764
1694632736875 0.6624191807012614 765
1694632737060 0.5452813782983736 766
1694632737239 0.2350200931594503 767
1694632737427 0.5668526996840605 768
1694632737621 0.491617484637842 769
1694632737800 0.19791840598877214 770
1694632737983 0.5524825370110632 771
1694632738168 0.5021773789060161 772
1694632738367 0.6797394119436019 773
1694632738571 0.5148727750982787 774
1694632738771 0.7090697521475561 775
1694632738971 0.0937867022679267 776
1694632739174 0.7732340761762341 777
1694632739399 0.7301652021844259 778
1694632739625 0.10582798272294273 779
1694632739841 0.5160626763264303 780
1694632740062 0.76673047779679 781
1694632740267 0.4138152538477436 782
1694632740450 0.8274611117424235 783
1694632740634 0.6420482980961382 784
1694632740831 0.3874577967140616 785
1694632741037 0.17326542493170768 786
1694632741254 0.2735333157869847 787
1694632741457 0.2582461441100019 788
1694632741649 0.8008567999121314 789
1694632741852 0.1079630854574631 790
1694632742048 0.6059504452186706 791
1694632742245 0.5907829065428902 792
1694632742432 0.4970239774792666 793
1694632742632 0.415881479682957 794
1694632742842 0.2390526071248374 795
1694632743046 0.838679255712627 796
1694632743253 0.35884787097654247 797
1694632743461 0.2218725550292585 798
1694632743673 0.1415786498524831 799
1694632743876 0.1548219586625527 800
1694632744083 0.7720746298247709 801
1694632744285 0.4104722971487702 802
1694632744493 0.3843640177782089 803
1694632744708 0.4149537530976328 804
1694632744871 0.49140962278644346 805
1694632745137 0.4404174143852434 806
1694632745366 1.047341258310204 807
1694632745592 0.3117075545684942 808
1694632745817 0.5287057072672077 809
1694632746046 0.13735970241043136 810
1694632746274 0.02643438148416092 811
1694632746500 0.3920373639760734 812
1694632746704 0.1798101743273424 813
1694632746855 1.0636583136911462 814
1694632747108 0.5492957701322749 815
1694632747313 0.6562252841216751 816
1694632747524 0.19521117973304694 817
1694632747739 0.21987000954162375 818
1694632747946 0.42910854984903096 819
1694632748141 0.5971675797833267 820
1694632748366 0.5760708623080266 821
1694632748595 0.08833503570684696 822
1694632748829 0.6982012752014884 823
1694632749044 0.11355671816339437 824
1694632749245 0.3158790644473564 825
1694632749450 0.9347448403909244 826
1694632749666 0.43130916635331235 827
1694632749878 0.08255578655721357 828
1694632750092 0.07276558613665997 829
1694632750302 0.11340684804820869 830
1694632750515 0.621539633917322 831
1694632750722 0.6718586611628635 832
1694632750935 0.27557515662535464 833
1694632751140 0.18488402482182467 834
1694632751342 2.000554707946789 835
1694632751553 0.5450680651494593 836
1694632751815 0.5192413467409288 837
1694632752023 0.4369467354649019 838
1694632752232 0.5390273454824211 839
1694632752438 0.25153078620428426 840
1694632752647 1.759074236188498 841
1694632752842 0.6762921166230409 842
1694632753046 0.5487261551970455 843
1694632753233 0.007441630151027164 844
1694632753426 0.8328142556521267 845
1694632753632 0.01776527250918704 846
1694632753843 0.7288059777578325 847
1694632754049 1.7332672897287802 848
1694632754284 0.08346928211078875 849
1694632754509 0.15528568037435364 850
1694632754766 0.00838157256449204 851
1694632754970 0.23457524552170933 852
1694632755171 0.04044781549992577 853
1694632755381 0.5095972459232503 854
1694632755589 0.4645453460368699 855
1694632755794 0.3613264583907486 856
1694632756005 0.029195854815333013 857
1694632756215 0.01864890512559783 858
1694632756432 0.4504916184455525 859
1694632756653 0.4876139213390597 860
1694632756853 1.9317284941752584 861
1694632757065 0.6678092727908727 862
1694632757271 0.7840090776295977 863
1694632757501 1.3491289296921503 864
1694632757715 1.3467590348310663 865
1694632757911 0.2804812943633618 866
1694632758115 0.040010895467319646 867
1694632758329 0.012494445959749108 868
1694632758542 0.398213412559339 869
1694632758710 0.8698294839644753 870
1694632758947 1.3876822550608652 871
1694632759166 0.8607257929978029 872
1694632759385 0.2381012034976461 873
1694632759588 0.0010718508627732626 874
1694632759799 0.7221149335247817 875
1694632760005 0.8262151574690412 876
1694632760218 0.6129780720811732 877
1694632760416 0.18140372701879987 878
1694632760654 0.07403056285533441 879
1694632760871 0.5645479438615143 880
1694632761091 1.1276108271035699 881
1694632761308 0.34807799614614054 882
1694632761509 0.18682280608241583 883
1694632761722 0.4790715702856271 884
1694632761930 0.008993255249076664 885
1694632762143 0.06206007635073034 886
1694632762370 0.539870969712529 887
1694632762575 0.34723561113686424 888
1694632762790 0.5587465606380803 889
1694632762972 0.08549905233594723 890
1694632763176 0.38369701372382203 891
1694632763380 0.057407044198624003 892
1694632763583 0.9134350883139881 893
1694632763783 0.924229751797896 894
1694632763990 0.7666670038006755 895
1694632764191 0.5300239306540769 896
1694632764402 0.6026575701809821 897
1694632764627 0.5554483026702178 898
1694632764854 0.5676611719845568 899
1694632765074 0.042733366514841935 900
1694632765276 0.47681907066108636 901
1694632765475 0.11795624325026313 902
1694632765671 0.5752224039327429 903
1694632765841 0.5508720115918718 904
1694632766058 0.46215793774420466 905
1694632766255 0.0026155656566612235 906
1694632766444 0.00986041882065654 907
1694632766697 0.6401691215205717 908
1694632766891 0.12403960133677477 909
1694632767092 0.001818024929649927 910
1694632767297 0.8236365494122436 911
1694632767505 0.5649219169792966 912
1694632767709 0.5018160855722524 913
1694632767919 0.04938008982102375 914
1694632768130 0.4628891985877011 915
1694632768340 0.6115990675941229 916
1694632768537 0.923297652655587 917
1694632768784 0.22179353937702043 918
1694632768978 0.8258600488758288 919
1694632769179 0.7187761675522654 920
1694632769390 0.3961982407532705 921
1694632769592 0.4330992267049529 922
1694632769868 0.5969068482662537 923
1694632770074 0.015907485149570938 924
1694632770322 0.41602887653511444 925
1694632770545 0.03885615653064882 926
1694632770779 0.4368807274886941 927
1694632770983 0.17486119853091078 928
1694632771189 0.5303991493461805 929
1694632771494 0.5846093254006095 930
1694632771732 0.288563123732996 931
1694632771916 0.7630564113154273 932
1694632772113 0.35743111059024524 933
1694632772314 0.21868199110469572 934
1694632772559 0.5827242513660377 935
1694632772758 0.4510378835150519 936
1694632772975 0.713353453108398 937
1694632773173 0.05361694803894558 938
1694632773416 0.07885986179072131 939
1694632773611 0.8898866238420556 940
1694632773810 0.5734419567441221 941
1694632774008 0.8768584534587627 942
1694632774227 0.2710665550049361 943
1694632774361 0.00970182514226491 944
1694632774624 1.6185338370197657 945
1694632774813 0.5158760079815556 946
1694632775025 0.8026660960413246 947
1694632775250 0.5305726079347367 948
1694632775478 1.1045845142752742 949
1694632775680 0.18842384935742376 950
1694632775883 0.6001549437951469 951
1694632776110 0.5425988504039392 952
1694632776326 0.11282425747781576 953
1694632776525 1.5307757806264444 954
1694632776741 0.8542677219254011 955
1694632776961 0.3206776281602306 956
1694632777181 0.5127497174900377 957
1694632777413 0.3090733680766773 958
1694632777648 0.5183464222538515 959
1694632777837 1.0549118531602555 960
1694632778049 0.49524032819520675 961
1694632778279 0.7086195833548298 962
1694632778501 0.2852225726838855 963
1694632778714 1.2729191752326887 964
1694632778921 0.6689045345353626 965
1694632779135 0.48794244876854925 966
1694632779344 0.6062706457451437 967
1694632779543 1.224161555350788 968
1694632779756 0.35913474266925177 969
1694632779974 0.3671269953099823 970
1694632780186 0.12142867364395796 971
1694632780392 0.3066110414408649 972
1694632780595 0.7879385707613704 973
1694632780802 0.8815597139404041 974
1694632780992 0.4065369232010112 975
1694632781188 0.45495108430844566 976
1694632781401 0.22324668325477093 977
1694632781639 0.36588055337008824 978
1694632781848 1.346448960890549 979
1694632782058 0.11553740107748997 980
1694632782267 0.20296852738123944 981
1694632782452 1.3815039822458972 982
1694632782638 0.17478796552586218 983
1694632782827 0.09046869091025574 984
1694632783034 0.16010199044227572 985
1694632783218 0.8423782297041589 986
1694632783400 0.8494664543905373 987
1694632783597 0.5722828683515014 988
1694632783801 0.5135262422405555 989
1694632784010 0.6870159087611807 990
1694632784221 0.7818806035323446 991
1694632784405 0.08912681951320893 992
1694632784587 0.10314404461647932 993
1694632784774 0.6726221841824511 994
1694632784970 1.036391530453616 995
1694632785145 0.06077698553202732 996
1694632785335 1.9233767676272788 997
1694632785523 1.1432246118519573 998
1694632785706 0.03782747143856414 999
