1694635023880 -0.0021721110791019793 0
1694635023914 -0.0017679100578389395 1
1694635023946 -0.002623040789474951 2
1694635023979 -0.0018895013205084688 3
1694635024012 -0.0015013513891308783 4
1694635024048 -0.0020364697284855904 5
1694635024083 -0.002179144616034412 6
1694635024129 -0.0017825700865010674 7
1694635024167 -0.0016338454162398985 8
1694635024200 -0.0012209587911253816 9
1694635024232 -0.0016296776694451065 10
1694635024266 -0.000661567850302136 11
1694635024301 -0.002104503901886101 12
1694635024335 -0.001173916364678007 13
1694635024366 -0.0010917014633251565 14
1694635024398 -0.0014253230726701815 15
1694635024430 -0.0008496030966773649 16
1694635024465 -0.0010091615535730014 17
1694635024498 -0.0004170257880564687 18
1694635024532 -0.00015977186277260635 19
1694635024566 7.390216234570701e-05 20
1694635024602 -0.00043339724911461985 21
1694635024635 -0.000254374005694169 22
1694635024668 -0.0005067241307239456 23
1694635024702 0.00020277203285601342 24
1694635024734 0.0004542372769352765 25
1694635024767 0.0006330394209071999 26
1694635024801 -0.0003987349585448108 27
1694635024838 0.0002443530503415392 28
1694635024869 0.00019130193113059413 29
1694635024902 0.0006271052658097798 30
1694635024936 0.001171561206647742 31
1694635024970 0.0005895274224614333 32
1694635025002 0.0014302410289557255 33
1694635025038 0.0018088327176148944 34
1694635025071 0.0010186334115765971 35
1694635025108 0.0028482793643622717 36
1694635025144 0.0030443681406974177 37
1694635025189 0.0024899921080734355 38
1694635025222 0.002069095432663093 39
1694635025256 0.0031192466917459027 40
1694635025287 0.002059094339541656 41
1694635025320 0.0018416446365353556 42
1694635025354 0.0032460493005976865 43
1694635025388 0.003090620076527717 44
1694635025422 0.004169227438161838 45
1694635025461 0.002166022268061063 46
1694635025499 0.002504065491914065 47
1694635025534 0.004044948771826373 48
1694635025567 0.004928845230486312 49
1694635025599 0.0045250532585137115 50
1694635025634 0.005215918927688801 51
1694635025665 0.004398784087790264 52
1694635025699 0.004762772874845833 53
1694635025732 0.005041463326324713 54
1694635025766 0.007466362484996547 55
1694635025799 0.006817569644860244 56
1694635025833 0.0063544277510731995 57
1694635025864 0.005794724535757689 58
1694635025896 0.006827317465361471 59
1694635025928 0.006654103963226077 60
1694635025960 0.005641712369264917 61
1694635025992 0.007688337767030373 62
1694635026027 0.0058215905560329295 63
1694635026058 0.009688585473931033 64
1694635026092 0.009109259436429706 65
1694635026124 0.007306443380485694 66
1694635026159 0.010577753518846156 67
1694635026193 0.00782922130791297 68
1694635026226 0.008868010910400237 69
1694635026259 0.010360636273129775 70
1694635026291 0.01085590088653876 71
1694635026322 0.013723829701975943 72
1694635026356 0.009382565643585195 73
1694635026388 0.011703386735419596 74
1694635026418 0.01019852530323162 75
1694635026450 0.012874083283877624 76
1694635026483 0.011894757037807069 77
1694635026518 0.014733933063534432 78
1694635026553 0.014930767206277062 79
1694635026588 0.016770437075548705 80
1694635026621 0.014466862903703137 81
1694635026655 0.014251000968414917 82
1694635026689 0.01799931686773837 83
1694635026723 0.015754304345814263 84
1694635026756 0.01378516505531091 85
1694635026791 0.011991696311637323 86
1694635026826 0.013722436195995003 87
1694635026857 0.01922211607867952 88
1694635026889 0.01671820256353096 89
1694635026922 0.015609331102186541 90
1694635026954 0.01686826795373031 91
1694635026989 0.013512474556351628 92
1694635027025 0.02146786148046309 93
1694635027061 0.018510431281716255 94
1694635027097 0.018499640757233538 95
1694635027129 0.018551299007477984 96
1694635027162 0.019864260271456935 97
1694635027194 0.025306972895359547 98
1694635027224 0.01904992278429196 99
1694635027257 0.020914174970084964 100
1694635027289 0.025661088141808452 101
1694635027320 0.02502298931488245 102
1694635027353 0.025475906394104686 103
1694635027384 0.02416791616800762 104
1694635027415 0.02385286063126313 105
1694635027447 0.02537571831866592 106
1694635027484 0.03478494734508819 107
1694635027518 0.0328047547477045 108
1694635027549 0.02543605665055315 109
1694635027581 0.03550391022848132 110
1694635027614 0.03157128171195456 111
1694635027648 0.02544961514246047 112
1694635027681 0.03032665795213274 113
1694635027713 0.025694373661111936 114
1694635027744 0.03717277952775366 115
1694635027777 0.034387596947201504 116
1694635027812 0.038365200245726205 117
1694635027845 0.034407655242567614 118
1694635027879 0.037950537641001536 119
1694635027910 0.03866439637450181 120
1694635027941 0.04098588142932469 121
1694635027973 0.040477365206027516 122
1694635028008 0.04202184535398523 123
1694635028043 0.05030927237954941 124
1694635028076 0.059155485532166874 125
1694635028108 0.033169798088310554 126
1694635028143 0.036551745139987046 127
1694635028179 0.0419129942369153 128
1694635028209 0.04970104754613336 129
1694635028246 0.04117000813633376 130
1694635028280 0.04979690687522487 131
1694635028313 0.05169392495764413 132
1694635028345 0.04623642325709931 133
1694635028377 0.042732869425806896 134
1694635028409 0.043191254940811996 135
1694635028442 0.05512506603646139 136
1694635028477 0.060768615592257214 137
1694635028514 0.05760077889095305 138
1694635028547 0.059522894346592636 139
1694635028580 0.06397666891906106 140
1694635028613 0.06627427857021684 141
1694635028645 0.058043729225173424 142
1694635028677 0.08056428541474825 143
1694635028710 0.054010925996540116 144
1694635028743 0.06590363331229798 145
1694635028777 0.07896410727392489 146
1694635028811 0.08414271025488207 147
1694635028845 0.07389284033821097 148
1694635028878 0.06895468675412397 149
1694635028910 0.07590190207592273 150
1694635028944 0.07149027734936708 151
1694635028977 0.06894031009288304 152
1694635029007 0.09015433715218102 153
1694635029040 0.10757088250918978 154
1694635029073 0.06217038183145318 155
1694635029106 0.08171674815477858 156
1694635029139 0.08718614637525923 157
1694635029174 0.08428047388785076 158
1694635029211 0.11228176029133685 159
1694635029245 0.09887266888722468 160
1694635029280 0.09606987994875948 161
1694635029314 0.10602628098500033 162
1694635029347 0.08784411293605587 163
1694635029382 0.09999142193777122 164
1694635029415 0.10921510158965719 165
1694635029447 0.1141663910000934 166
1694635029483 0.11298340439034493 167
1694635029515 0.09378519033816779 168
1694635029548 0.1102041411492698 169
1694635029581 0.10588627182803234 170
1694635029612 0.11320104367844963 171
1694635029648 0.13323815846375386 172
1694635029682 0.15106733863931743 173
1694635029717 0.11986218527108894 174
1694635029750 0.12240870918034419 175
1694635029786 0.1109672745047463 176
1694635029821 0.14339800750887877 177
1694635029854 0.14725613134854654 178
1694635029887 0.12907006753692607 179
1694635029921 0.13781498927104963 180
1694635029952 0.16675402675322482 181
1694635029986 0.13850297575583748 182
1694635030023 0.15674312860450568 183
1694635030055 0.1437248203196806 184
1694635030087 0.13974250718055248 185
1694635030121 0.18385672692263866 186
1694635030154 0.15738707241852412 187
1694635030188 0.15878577639979086 188
1694635030222 0.1561843507425158 189
1694635030255 0.17826052067705744 190
1694635030290 0.14779560698318683 191
1694635030323 0.16660902568011549 192
1694635030357 0.1433006879576374 193
1694635030390 0.13969466316417956 194
1694635030424 0.16257648534387148 195
1694635030456 0.15201904676181788 196
1694635030493 0.1723267009080398 197
1694635030524 0.16025563169536805 198
1694635030554 0.1814893908710209 199
1694635030587 0.17862934546458897 200
1694635030618 0.19095487801599853 201
1694635030651 0.22060720289147695 202
1694635030684 0.22158723412536308 203
1694635030715 0.22997424267618205 204
1694635030746 0.1966632032310287 205
1694635030778 0.1950142765073135 206
1694635030810 0.23453678618496465 207
1694635030844 0.21589673715720292 208
1694635030879 0.2008543713434664 209
1694635030916 0.2246532649042463 210
1694635030949 0.23504700762838449 211
1694635030982 0.23433534229709174 212
1694635031018 0.18864921272260327 213
1694635031051 0.27748633357876573 214
1694635031087 0.24283672919166788 215
1694635031121 0.3092955733226549 216
1694635031153 0.24824408602976666 217
1694635031188 0.2823530143692675 218
1694635031221 0.2626904578790128 219
1694635031255 0.24015691439430287 220
1694635031290 0.28021144822119803 221
1694635031324 0.25368610006265047 222
1694635031355 0.28928874632688006 223
1694635031389 0.2311801285107451 224
1694635031422 0.2624764823495874 225
1694635031455 0.29390879125840363 226
1694635031489 0.28359028592885693 227
1694635031522 0.2908073686157491 228
1694635031556 0.26708499112764617 229
1694635031591 0.2939969093785869 230
1694635031629 0.2937457286828824 231
1694635031665 0.29143335596073827 232
1694635031698 0.3171909235834568 233
1694635031730 0.2741342791332485 234
1694635031760 0.29654130622834496 235
1694635031792 0.35228230941656125 236
1694635031825 0.36682937252492664 237
1694635031857 0.32493323245638916 238
1694635031889 0.3109788999167258 239
1694635031922 0.3067873243849336 240
1694635031955 0.3178863331667603 241
1694635031989 0.28707591823947953 242
1694635032021 0.3457283985422641 243
1694635032054 0.34056343391164334 244
1694635032087 0.37231611941513054 245
1694635032121 0.4274946373921731 246
1694635032153 0.37525160051378015 247
1694635032187 0.40563190166669827 248
1694635032220 0.3930493490695083 249
1694635032252 0.2885871836432493 250
1694635032286 0.38933443435451265 251
1694635032318 0.41620501797005693 252
1694635032351 0.4159487998080824 253
1694635032382 0.42009956108170254 254
1694635032416 0.39266580571914045 255
1694635032445 0.3648570801858778 256
1694635032476 0.39046154992568105 257
1694635032510 0.34267018211357236 258
1694635032542 0.41279243298501866 259
1694635032574 0.4981283662991175 260
1694635032608 0.4484540801736151 261
1694635032641 0.49939933771358813 262
1694635032672 0.4403082385558167 263
1694635032706 0.4335145797774218 264
1694635032738 0.43721427117316025 265
1694635032772 0.4652965238000861 266
1694635032805 0.48831805505660697 267
1694635032835 0.5073947815837256 268
1694635032868 0.5109617203375842 269
1694635032902 0.4350271169260165 270
1694635032935 0.5122958009381979 271
1694635032969 0.43810200441483427 272
1694635033003 0.5434656389060089 273
1694635033039 0.5244255109117064 274
1694635033070 0.4811620027347032 275
1694635033103 0.508167280056984 276
1694635033136 0.468065937409068 277
1694635033168 0.5172482998591224 278
1694635033201 0.5246067484824255 279
1694635033232 0.49919180559050547 280
1694635033263 0.5465476955838157 281
1694635033296 0.5411044319342274 282
1694635033327 0.518314204490375 283
1694635033362 0.5314943675430721 284
1694635033394 0.5530607179198583 285
1694635033427 0.48227209875650745 286
1694635033457 0.5391252289480596 287
1694635033494 0.5375793172257808 288
1694635033527 0.5461675866720214 289
1694635033560 0.5733029806931463 290
1694635033595 0.6052800016601976 291
1694635033630 0.5455274688605685 292
1694635033661 0.5442684392103184 293
1694635033696 0.5300317192114423 294
1694635033728 0.5738088219405988 295
1694635033758 0.6151522297262282 296
1694635033790 0.6227462178579957 297
1694635033820 0.6157729576600337 298
1694635033853 0.6015947088171485 299
1694635033884 0.5836587895257033 300
1694635033916 0.5089622729518721 301
1694635033947 0.6046277197301954 302
1694635033981 0.5878854907657027 303
1694635034016 0.5823314854418948 304
1694635034047 0.5371950909419996 305
1694635034079 0.6545893357976544 306
1694635034112 0.6649351336142661 307
1694635034146 0.6432130113606274 308
1694635034180 0.5915711089250933 309
1694635034214 0.624672424021594 310
1694635034248 0.5910570014249907 311
1694635034280 0.6116129707504594 312
1694635034313 0.6743304571876764 313
1694635034345 0.6035234841454465 314
1694635034376 0.671165697498266 315
1694635034407 0.6247656827644481 316
1694635034439 0.6897470836976054 317
1694635034472 0.661147650345213 318
1694635034505 0.6976348825305734 319
1694635034538 0.6251721673371291 320
1694635034569 0.6603900658939323 321
1694635034600 0.6374180391288112 322
1694635034633 0.661446236578208 323
1694635034667 0.6520492518373685 324
1694635034699 0.6793613364462587 325
1694635034730 0.744976048180816 326
1694635034762 0.708283081265014 327
1694635034794 0.6894880840721452 328
1694635034827 0.6667645259410873 329
1694635034859 0.6420936747614223 330
1694635034891 0.657109701494102 331
1694635034923 0.6792347678882824 332
1694635034954 0.7551206980796039 333
1694635034986 0.707379468702281 334
1694635035017 0.7192642638788567 335
1694635035049 0.7152501021769162 336
1694635035080 0.7135898917244295 337
1694635035111 0.6726913285588261 338
1694635035143 0.6457925899225962 339
1694635035174 0.6864503758618605 340
1694635035204 0.745372171642382 341
1694635035236 0.73345474923758 342
1694635035267 0.7105452735176434 343
1694635035299 0.7221863216849724 344
1694635035331 0.7647642584783829 345
1694635035363 0.7637981276467756 346
1694635035395 0.718223459007475 347
1694635035428 0.6853669457168827 348
1694635035463 0.7709052856787838 349
1694635035499 0.7049171444815074 350
1694635035537 0.7069654815003527 351
1694635035575 0.784154593112282 352
1694635035607 0.760173794571565 353
1694635035641 0.7440516935319332 354
1694635035674 0.7503851948894078 355
1694635035708 0.7134398245515821 356
1694635035739 0.7428329660552973 357
1694635035771 0.749652817199096 358
1694635035803 0.7779294076815783 359
1694635035836 0.7244103497141399 360
1694635035868 0.7405816305719266 361
1694635035902 0.7743970554944082 362
1694635035933 0.7878531005400873 363
1694635035966 0.761831842152858 364
1694635035999 0.798892226810156 365
1694635036032 0.6997973593327559 366
1694635036063 0.7712812334101619 367
1694635036093 0.7508040323719787 368
1694635036123 0.7739952765712004 369
1694635036155 0.752065104424458 370
1694635036188 0.7284824204570604 371
1694635036221 0.8116902924677771 372
1694635036252 0.804033447717095 373
1694635036282 0.768089529906876 374
1694635036314 0.7722010733642136 375
1694635036347 0.6738279102529522 376
1694635036379 0.7428601555864134 377
1694635036414 0.8266206983786157 378
1694635036447 0.7406747166211576 379
1694635036483 0.7711580145339342 380
1694635036517 0.7983077403515446 381
1694635036547 0.7981327092371514 382
1694635036578 0.7751289207132324 383
1694635036612 0.7485529858969748 384
1694635036644 0.79572325041196 385
1694635036678 0.8060730444716433 386
1694635036711 0.7691876457420931 387
1694635036746 0.7870075529769144 388
1694635036776 0.7754835706552345 389
1694635036807 0.8229155145629231 390
1694635036841 0.729366456448415 391
1694635036874 0.7977224708111105 392
1694635036908 0.839870433527464 393
1694635036938 0.7754682394586744 394
1694635036970 0.849186712141024 395
1694635037003 0.7634185250633132 396
1694635037036 0.768389941045547 397
1694635037069 0.772696047234377 398
1694635037102 0.7877487875184519 399
1694635037135 0.8166310216338767 400
1694635037168 0.735467658809937 401
1694635037202 0.8108483531427931 402
1694635037233 0.8370494479917313 403
1694635037268 0.824602754194173 404
1694635037301 0.8247279653932735 405
1694635037334 0.8169149999694825 406
1694635037366 0.7475166145522196 407
1694635037398 0.8170784701850267 408
1694635037435 0.7874143906900547 409
1694635037467 0.7798813393780961 410
1694635037501 0.8168713102122958 411
1694635037534 0.7872568479883174 412
1694635037568 0.806267548836915 413
1694635037604 0.8367922885274995 414
1694635037637 0.8228356385448528 415
1694635037673 0.7758357027658584 416
1694635037704 0.8290230451582852 417
1694635037739 0.7765373748452615 418
1694635037774 0.8603136434680636 419
1694635037806 0.7515950347470475 420
1694635037839 0.8093054338250101 421
1694635037870 0.8055191853106914 422
1694635037903 0.8142947871457076 423
1694635037935 0.833513659233502 424
1694635037968 0.7726667180897647 425
1694635038000 0.8342155303270137 426
1694635038033 0.8048730916340159 427
1694635038064 0.7783885982669007 428
1694635038096 0.8311011917563841 429
1694635038128 0.8202318163927447 430
1694635038162 0.8329826427206835 431
1694635038195 0.8177150960610032 432
1694635038228 0.825486593597612 433
1694635038261 0.8284690846720764 434
1694635038292 0.803381875780738 435
1694635038327 0.8143298659756579 436
1694635038361 0.8517563067190606 437
1694635038391 0.7698649019442396 438
1694635038422 0.8021525802461857 439
1694635038453 0.8186174590127491 440
1694635038485 0.8500173196524689 441
1694635038518 0.8187367190426469 442
1694635038550 0.8290922260747644 443
1694635038580 0.8158171441002902 444
1694635038612 0.8086332963082343 445
1694635038646 0.7900582573676631 446
1694635038678 0.7913268919304157 447
1694635038707 0.8177038487341355 448
1694635038739 0.802392628063836 449
1694635038771 0.8042694765224278 450
1694635038803 0.8419044935462598 451
1694635038837 0.8562069483480663 452
1694635038869 0.8408324635516764 453
1694635038901 0.8005443481804353 454
1694635038933 0.7770781473427529 455
1694635038966 0.8500557231385434 456
1694635039000 0.7929988549087296 457
1694635039035 0.8078042417870208 458
1694635039067 0.8358286775182238 459
1694635039098 0.8353223701824186 460
1694635039130 0.8488078882078136 461
1694635039163 0.8341041928177022 462
1694635039196 0.794944997735906 463
1694635039227 0.7823381094749683 464
1694635039259 0.8376914989620077 465
1694635039291 0.8175139391935039 466
1694635039323 0.8123948675870739 467
1694635039355 0.830708697113524 468
1694635039388 0.791525793301304 469
1694635039416 0.8135345751070089 470
1694635039452 0.8053866026508997 471
1694635039487 0.8421456322624954 472
1694635039518 0.8439090623246598 473
1694635039550 0.8361551993705162 474
1694635039584 0.8281898971725116 475
1694635039612 0.8299882168184485 476
1694635039644 0.7844620419488576 477
1694635039679 0.8081532843447361 478
1694635039713 0.8436887176916381 479
1694635039750 0.7927228622243542 480
1694635039785 0.7832896189284324 481
1694635039818 0.7991846714556969 482
1694635039853 0.8597910164243376 483
1694635039887 0.8575945356322376 484
1694635039914 0.8181601875705703 485
1694635039944 0.7855735316242995 486
1694635039976 0.8387944874296435 487
1694635040006 0.8177959066726455 488
1694635040040 0.8438039043042957 489
1694635040072 0.8683816893538248 490
1694635040102 0.7736146322902351 491
1694635040131 0.8155140135026719 492
1694635040164 0.8241749987180154 493
1694635040193 0.804450452090411 494
1694635040224 0.7534212991142241 495
1694635040254 0.8375092607010668 496
1694635040288 0.8649039670280632 497
1694635040319 0.8222226633482401 498
1694635040351 0.8471151876215347 499
1694635040383 0.8007227158761634 500
1694635040410 0.8076809360987556 501
1694635040443 0.8690147986625822 502
1694635040477 0.8080437599468164 503
1694635040511 0.7572993440305273 504
1694635040542 0.8278343049410258 505
1694635040577 0.837947139967067 506
1694635040606 0.823281691391306 507
1694635040637 0.8219223975419799 508
1694635040670 0.8506088146167028 509
1694635040701 0.8347133905549928 510
1694635040735 0.8459624745711576 511
1694635040768 0.8369937975224585 512
1694635040799 0.8442185807936008 513
1694635040829 0.8374100639087483 514
1694635040862 0.8373580800595919 515
1694635040891 0.8478680016095025 516
1694635040920 0.8404055988066703 517
1694635040951 0.8048632881255195 518
1694635040983 0.8470136494631093 519
1694635041010 0.7745347417156482 520
1694635041044 0.8651965432403675 521
1694635041076 0.812031837362774 522
1694635041108 0.8301917222226347 523
1694635041141 0.8265648481829089 524
1694635041174 0.8269096868684136 525
1694635041204 0.8509501819163121 526
1694635041235 0.8021163826271511 527
1694635041268 0.8512596801618852 528
1694635041299 0.7655795685126339 529
1694635041330 0.8012634052007754 530
1694635041363 0.7213305506852679 531
1694635041395 0.8380205068912668 532
1694635041428 0.8262899086937389 533
1694635041461 0.8130264134338029 534
1694635041494 0.7264161365776935 535
1694635041524 0.8558210053578188 536
1694635041556 0.7890013927358016 537
1694635041591 0.7408819403531337 538
1694635041622 0.8265652005790503 539
1694635041656 0.8379185558908514 540
1694635041688 0.8490987755887198 541
1694635041718 0.8283767479881128 542
1694635041747 0.8210274390080892 543
1694635041779 0.8448579618734795 544
1694635041809 0.8667980758763721 545
1694635041841 0.8413732177888575 546
1694635041877 0.8630509901481392 547
1694635041910 0.844768987398072 548
1694635041940 0.8510886131079163 549
1694635041973 0.8240608412534661 550
1694635042006 0.8648505393132228 551
1694635042042 0.8177752890766571 552
1694635042074 0.805751281066516 553
1694635042106 0.8122968972725921 554
1694635042139 0.8490314354910253 555
1694635042173 0.783788885126011 556
1694635042203 0.8106358082193197 557
1694635042231 0.8555005592986284 558
1694635042267 0.8352472337903709 559
1694635042296 0.8121614159384418 560
1694635042323 0.8448400237823896 561
1694635042356 0.7998527784285239 562
1694635042387 0.8516832264743608 563
1694635042417 0.8512244766496111 564
1694635042448 0.8436635959807335 565
1694635042480 0.8422355631915437 566
1694635042511 0.8383000952717059 567
1694635042541 0.8101912365693318 568
1694635042577 0.848147433870579 569
1694635042606 0.8570872097495781 570
1694635042638 0.8553587959886886 571
1694635042672 0.8168453175989038 572
1694635042703 0.836596881261089 573
1694635042736 0.8404398428154376 574
1694635042770 0.8500351336931785 575
1694635042800 0.8301268352762046 576
1694635042831 0.8030566430863062 577
1694635042864 0.7918209807477603 578
1694635042894 0.8542188597097815 579
1694635042921 0.8245035384870901 580
1694635042953 0.8661025654404678 581
1694635042986 0.8334853358392961 582
1694635043014 0.8540318219973445 583
1694635043047 0.809906263774845 584
1694635043079 0.8317023185300221 585
1694635043110 0.8176409532181953 586
1694635043140 0.7868758468262091 587
1694635043172 0.8167732526298435 588
1694635043201 0.7672205085756943 589
1694635043231 0.8631551210999802 590
1694635043262 0.8285962542649229 591
1694635043294 0.8278621927887206 592
1694635043324 0.8692317254253692 593
1694635043355 0.8140251257562039 594
1694635043388 0.8351670975432453 595
1694635043415 0.7600470735758502 596
1694635043448 0.8380164304526263 597
1694635043483 0.7200118990049482 598
1694635043512 0.8307885892159647 599
1694635043545 0.8591896554775476 600
1694635043576 0.867269841515451 601
1694635043606 0.8369699984114549 602
1694635043637 0.811450407420743 603
1694635043670 0.8402052999488236 604
1694635043700 0.796214935178998 605
1694635043731 0.8490838492339478 606
1694635043764 0.8785942261698426 607
1694635043797 0.8273274510969097 608
1694635043824 0.8617606286895558 609
1694635043855 0.8109669002196253 610
1694635043886 0.8711180424539798 611
1694635043915 0.7993346944897406 612
1694635043946 0.8068079369162826 613
1694635043980 0.8140825985442229 614
1694635044008 0.8351142742087669 615
1694635044039 0.8170197977482098 616
1694635044071 0.8336605460297583 617
1694635044101 0.8095202407281263 618
1694635044134 0.8374065907075501 619
1694635044166 0.8484553788777908 620
1694635044198 0.8023017229062792 621
1694635044228 0.8622260093758872 622
1694635044261 0.8113267018917307 623
1694635044292 0.8630994935799112 624
1694635044322 0.837111065605394 625
1694635044356 0.8687802419900036 626
1694635044389 0.8174701540186626 627
1694635044422 0.8053441888237202 628
1694635044454 0.8824614166716249 629
1694635044488 0.8474342880355461 630
1694635044519 0.840586247418439 631
1694635044552 0.878090929177569 632
1694635044585 0.782416382279556 633
1694635044616 0.8097044339549168 634
1694635044649 0.8497658809055567 635
1694635044680 0.8317234833506391 636
1694635044710 0.8254705911583555 637
1694635044742 0.7919054421581289 638
1694635044774 0.8226750269398615 639
1694635044803 0.8533458917383535 640
1694635044829 0.723591645133457 641
1694635044861 0.7775475441182184 642
1694635044891 0.8253945117103214 643
1694635044923 0.8377960762693446 644
1694635044958 0.8210554475402777 645
1694635044989 0.847696540230074 646
1694635045024 0.8501155707358754 647
1694635045056 0.8334465605510234 648
1694635045089 0.8596697306677112 649
1694635045120 0.8846870253297283 650
1694635045152 0.8536902380972754 651
1694635045186 0.8638747109596923 652
1694635045216 0.8304633432853392 653
1694635045247 0.7969996251412996 654
1694635045279 0.8473227305204687 655
1694635045310 0.7926224524910616 656
1694635045342 0.7404431470240453 657
1694635045373 0.8068375765831217 658
1694635045403 0.8788758865149492 659
1694635045436 0.7874733381533561 660
1694635045469 0.8538671188563289 661
1694635045501 0.8375978597469615 662
1694635045533 0.8276450929058099 663
1694635045566 0.8630599834670862 664
1694635045601 0.8377556694534678 665
1694635045635 0.8328242435405135 666
1694635045673 0.8800066007598273 667
1694635045705 0.8563337007256495 668
1694635045736 0.8335987894273467 669
1694635045769 0.8416825669973791 670
1694635045799 0.797363758452641 671
1694635045830 0.8584904166299139 672
1694635045863 0.8747211515123487 673
1694635045895 0.8667488083348306 674
1694635045928 0.8252472551855221 675
1694635045962 0.8198369051719836 676
1694635045996 0.853677492157508 677
1694635046032 0.8473089094633026 678
1694635046066 0.8409115400175242 679
1694635046099 0.8430430294822653 680
1694635046131 0.8393540382817504 681
1694635046163 0.8202204019921195 682
1694635046193 0.8295912883933927 683
1694635046224 0.8385669279315593 684
1694635046258 0.8371969442528233 685
1694635046290 0.8407688726010782 686
1694635046320 0.8492066836717762 687
1694635046350 0.8209869065566127 688
1694635046382 0.8406385780999108 689
1694635046412 0.8377327655903448 690
1694635046445 0.843887275675514 691
1694635046477 0.7742364374730474 692
1694635046516 0.8200901980845612 693
1694635046551 0.839581459472422 694
1694635046584 0.8243196915791037 695
1694635046615 0.8111147928637097 696
1694635046649 0.8281520184195661 697
1694635046684 0.801349772547593 698
1694635046718 0.8449162442488132 699
1694635046751 0.8586402606645476 700
1694635046783 0.8419938136821988 701
1694635046814 0.8414582798434327 702
1694635046847 0.833419322553736 703
1694635046882 0.7563220819180063 704
1694635046915 0.8585861742238243 705
1694635046947 0.7894915112373381 706
1694635046980 0.8070624705401814 707
1694635047012 0.8682360976001658 708
1694635047044 0.835401481257239 709
1694635047077 0.8540278133096689 710
1694635047110 0.8457919904308084 711
1694635047142 0.828970934424146 712
1694635047177 0.8319231898008483 713
1694635047209 0.8363839584295454 714
1694635047238 0.8513263794717527 715
1694635047272 0.7897443883654367 716
1694635047306 0.7905696433568465 717
1694635047336 0.8695142524352547 718
1694635047368 0.8304990052429968 719
1694635047400 0.8625475836044609 720
1694635047430 0.7946996579548653 721
1694635047462 0.8479424208147962 722
1694635047495 0.8084463465401516 723
1694635047528 0.8483020755467885 724
1694635047558 0.8426499812846031 725
1694635047590 0.8522523530363277 726
1694635047622 0.8642156953019482 727
1694635047653 0.8255029219774906 728
1694635047687 0.8002528179874785 729
1694635047719 0.813083404972885 730
1694635047751 0.83519321057082 731
1694635047786 0.8545066373829537 732
1694635047821 0.8191849019926658 733
1694635047856 0.8102181367840281 734
1694635047893 0.8633762828634065 735
1694635047929 0.8628047438709037 736
1694635047959 0.8760333063078457 737
1694635047992 0.8435135342139802 738
1694635048027 0.8426040446243619 739
1694635048060 0.8371977699096044 740
1694635048094 0.7905122853608522 741
1694635048128 0.8584413586137661 742
1694635048159 0.8414540452423991 743
1694635048193 0.8537954505661318 744
1694635048226 0.8354013088870297 745
1694635048256 0.8494835074878787 746
1694635048289 0.7557155178315527 747
1694635048323 0.8000455375748161 748
1694635048355 0.8047977551516662 749
1694635048389 0.8005529393397924 750
1694635048423 0.8108172186850028 751
1694635048453 0.8444006302145588 752
1694635048489 0.7943021868898427 753
1694635048521 0.7713897575138349 754
1694635048553 0.7964867751575497 755
1694635048586 0.8398732808314813 756
1694635048618 0.8466755749160748 757
1694635048650 0.8109537658973845 758
1694635048682 0.8187179552554389 759
1694635048715 0.873929094034144 760
1694635048749 0.8208362441228166 761
1694635048781 0.8235173619030078 762
1694635048815 0.8287167566729564 763
1694635048848 0.7701927182821205 764
1694635048881 0.8031236184084494 765
1694635048913 0.8426779322531184 766
1694635048946 0.7971476155074462 767
1694635048978 0.8053277369764544 768
1694635049011 0.8265610470618057 769
1694635049045 0.7867146505004494 770
1694635049076 0.8276517394990314 771
1694635049108 0.7516997523265891 772
1694635049140 0.8514756877750544 773
1694635049173 0.7776300529274225 774
1694635049204 0.8222420411382483 775
1694635049236 0.8260264156367058 776
1694635049268 0.8578710711245365 777
1694635049301 0.7863290492459015 778
1694635049332 0.8100762807749322 779
1694635049364 0.840849294955178 780
1694635049397 0.7758966185239892 781
1694635049429 0.8681596730991274 782
1694635049462 0.8579117816895081 783
1694635049496 0.8565730055713532 784
1694635049531 0.8329125482773128 785
1694635049565 0.8070283620695748 786
1694635049598 0.7925379713384206 787
1694635049631 0.7877115773726726 788
1694635049662 0.8481106743855387 789
1694635049697 0.8451337263090892 790
1694635049733 0.8612672179299381 791
1694635049767 0.8509685988957721 792
1694635049801 0.8252070271253852 793
1694635049835 0.8526784771451538 794
1694635049868 0.8194414716077333 795
1694635049900 0.8430077973908693 796
1694635049931 0.8221323391928532 797
1694635049965 0.781734696969379 798
1694635049996 0.8370988264306497 799
1694635050030 0.8013759383551594 800
1694635050060 0.819586095916186 801
1694635050091 0.8710490488165048 802
1694635050123 0.8523512933727637 803
1694635050157 0.7948625853102702 804
1694635050190 0.8285651204256118 805
1694635050223 0.8478487894289242 806
1694635050254 0.7412184764062901 807
1694635050288 0.8412259435381921 808
1694635050320 0.8767726066532963 809
1694635050353 0.8840262765219804 810
1694635050387 0.8752585664411339 811
1694635050417 0.8457075072345657 812
1694635050450 0.8419471304276378 813
1694635050485 0.7984044188543118 814
1694635050516 0.828736934131607 815
1694635050548 0.7591269967586639 816
1694635050581 0.7214442728992752 817
1694635050612 0.866128579113484 818
1694635050645 0.8361453870657966 819
1694635050680 0.8152697087012887 820
1694635050713 0.8058856763059152 821
1694635050749 0.795982914244913 822
1694635050781 0.8398657490139194 823
1694635050814 0.839528432808484 824
1694635050847 0.8142412554758556 825
1694635050880 0.8142388158469871 826
1694635050913 0.8378498191097565 827
1694635050946 0.7966162205347114 828
1694635050977 0.8336584477764067 829
1694635051008 0.8503552011959578 830
1694635051046 0.8721003486245846 831
1694635051081 0.8465941981140562 832
1694635051113 0.8337404495226244 833
1694635051146 0.7728456591286462 834
1694635051179 0.8245671363896263 835
1694635051210 0.8758875176847712 836
1694635051243 0.8190605296334945 837
1694635051275 0.8538749541789965 838
1694635051307 0.8226017714193276 839
1694635051340 0.8642181594111138 840
1694635051371 0.7846413720171332 841
1694635051402 0.8565694070059199 842
1694635051434 0.8419869135445512 843
1694635051466 0.8378187126810496 844
1694635051503 0.8487028643512571 845
1694635051536 0.8399199256641263 846
1694635051568 0.8525999177805528 847
1694635051600 0.8265852591839066 848
1694635051631 0.8109443613602056 849
1694635051662 0.8373590810096971 850
1694635051696 0.805643574830356 851
1694635051730 0.8474980570611366 852
1694635051768 0.7175501334940502 853
1694635051802 0.76646303213969 854
1694635051836 0.8428265034970621 855
1694635051874 0.8140801193850927 856
1694635051909 0.8307261544403926 857
1694635051945 0.8190560022839615 858
1694635051985 0.877278199238557 859
1694635052022 0.8348274546476583 860
1694635052061 0.8255430286597778 861
1694635052093 0.8396308141715368 862
1694635052126 0.7869190766779208 863
1694635052159 0.8097672915536909 864
1694635052192 0.8076422151494228 865
1694635052225 0.8031333611055661 866
1694635052261 0.8672942478538571 867
1694635052295 0.84612865215464 868
1694635052326 0.8431956714324846 869
1694635052356 0.842400478679743 870
1694635052388 0.8283188150538198 871
1694635052420 0.8021333897955445 872
1694635052450 0.8699181997275565 873
1694635052485 0.8073862243099712 874
1694635052516 0.8539181634544338 875
1694635052547 0.8457373244995077 876
1694635052581 0.7914275957223902 877
1694635052612 0.7938950737237945 878
1694635052643 0.7983790457058357 879
1694635052675 0.862203886371351 880
1694635052707 0.8484325903418828 881
1694635052736 0.8551977789298667 882
1694635052768 0.8380985655604395 883
1694635052799 0.858788795250363 884
1694635052829 0.85522457387185 885
1694635052859 0.8579950701114389 886
1694635052890 0.8649998179059568 887
1694635052922 0.837455484021845 888
1694635052956 0.8045856137627156 889
1694635052988 0.870105119784059 890
1694635053017 0.8815582276979714 891
1694635053051 0.7692671586222801 892
1694635053084 0.8426274680915341 893
1694635053115 0.8399406030444474 894
1694635053147 0.8256272921581733 895
1694635053179 0.8325371986006551 896
1694635053211 0.8478343090772136 897
1694635053241 0.7796921141371256 898
1694635053274 0.8519024874553004 899
1694635053306 0.7868571419689581 900
1694635053337 0.7618641727291647 901
1694635053368 0.8405505240069863 902
1694635053401 0.8340325224165538 903
1694635053431 0.8110024171630188 904
1694635053463 0.8703862850691766 905
1694635053495 0.858724436142223 906
1694635053526 0.8698677758093679 907
1694635053558 0.8045329904852963 908
1694635053592 0.8218824483319462 909
1694635053627 0.852353309540016 910
1694635053657 0.8225885585742478 911
1694635053689 0.7513666500255476 912
1694635053722 0.8590525268293124 913
1694635053753 0.8146805929327035 914
1694635053786 0.820389417016224 915
1694635053821 0.8575796264898341 916
1694635053853 0.808524533696522 917
1694635053887 0.853947867484165 918
1694635053921 0.829642136226422 919
1694635053956 0.8131167921073397 920
1694635053989 0.8568738026548748 921
1694635054024 0.8443412204317531 922
1694635054058 0.7832981159728147 923
1694635054090 0.8577563000975277 924
1694635054123 0.8293274265906004 925
1694635054160 0.8198774420289834 926
1694635054192 0.8215144523819545 927
1694635054227 0.8084540712516157 928
1694635054260 0.8289992938077073 929
1694635054292 0.8351916473506638 930
1694635054327 0.807708933497584 931
1694635054369 0.8207338374636535 932
1694635054410 0.8038351115571986 933
1694635054444 0.8366294701933537 934
1694635054475 0.8646363648850344 935
1694635054506 0.7836613177618693 936
1694635054539 0.8720707503841406 937
1694635054571 0.8633715591836135 938
1694635054601 0.8395131133357914 939
1694635054631 0.8223767211586499 940
1694635054663 0.807471622114234 941
1694635054695 0.7606032971666592 942
1694635054726 0.7817247218498369 943
1694635054757 0.8106746103667997 944
1694635054788 0.8355913697916969 945
1694635054819 0.7897368122059827 946
1694635054850 0.8551154461017739 947
1694635054882 0.8510178271195837 948
1694635054910 0.860236011334554 949
1694635054941 0.8770790134809078 950
1694635054972 0.8284312798073608 951
1694635055005 0.8640623801640023 952
1694635055039 0.8389710416335162 953
1694635055073 0.8667150731240845 954
1694635055108 0.8507126861307439 955
1694635055149 0.8725578755074049 956
1694635055185 0.8701622181167019 957
1694635055217 0.7267159422415608 958
1694635055250 0.834970375880487 959
1694635055283 0.8744933738153347 960
1694635055311 0.7889266041277907 961
1694635055345 0.846397826970785 962
1694635055379 0.8385003227359764 963
1694635055409 0.8781347236085776 964
1694635055444 0.8335409545933282 965
1694635055480 0.8257679833112406 966
1694635055512 0.868638726850032 967
1694635055543 0.8402357637938388 968
1694635055575 0.7739474123724224 969
1694635055604 0.8370168036620922 970
1694635055635 0.839761201887179 971
1694635055669 0.8497012503203387 972
1694635055707 0.8371644600760307 973
1694635055746 0.7941045918349723 974
1694635055780 0.7789004835365541 975
1694635055807 0.8662667228243237 976
1694635055842 0.8297968043786855 977
1694635055876 0.840595552578232 978
1694635055908 0.8043298731990045 979
1694635055946 0.8494611358440187 980
1694635055979 0.761114852384337 981
1694635056013 0.7922324401391426 982
1694635056046 0.8456402443375909 983
1694635056078 0.8836284797876395 984
1694635056108 0.8929981659911609 985
1694635056137 0.8723410241558249 986
1694635056171 0.82776958293477 987
1694635056202 0.829375321057613 988
1694635056232 0.782238996351947 989
1694635056265 0.8541289398071847 990
1694635056299 0.8424834452116647 991
1694635056329 0.7692233984600092 992
1694635056364 0.8274442044500832 993
1694635056396 0.6918117761733475 994
1694635056423 0.8497599507965929 995
1694635056458 0.8223409971880238 996
1694635056490 0.8293739041555008 997
1694635056520 0.8182301672798052 998
1694635056553 0.8656956037693595 999
