1694635023873 179.58056690196304 0
1694635023906 176.75826303918626 1
1694635023938 174.56036392117423 2
1694635023970 167.50327628484035 3
1694635024004 165.0279797122397 4
1694635024039 162.82787440247205 5
1694635024076 159.35652112656726 6
1694635024115 152.92539477974043 7
1694635024160 152.60490232116632 8
1694635024192 147.83895952184022 9
1694635024224 144.7524052649415 10
1694635024257 139.64867250041937 11
1694635024294 140.64326531888156 12
1694635024328 136.51641647695897 13
1694635024359 131.79319587253872 14
1694635024391 128.68718155928696 15
1694635024421 125.98086698918 16
1694635024456 125.18924511337241 17
1694635024490 120.7496708105813 18
1694635024523 118.76836545914333 19
1694635024557 116.53925944245786 20
1694635024594 112.89366720875073 21
1694635024627 110.87913806762225 22
1694635024660 108.86969496248382 23
1694635024695 106.9089177992805 24
1694635024726 103.9755707486898 25
1694635024758 101.65267729109591 26
1694635024795 99.44522888438298 27
1694635024829 97.49248584979175 28
1694635024862 94.60852108336368 29
1694635024895 91.93898917776684 30
1694635024929 91.61161515368053 31
1694635024962 88.56981137807098 32
1694635024994 85.68986504445668 33
1694635025030 85.00858212497025 34
1694635025063 83.58570677673322 35
1694635025098 81.97805949240576 36
1694635025135 79.12473780681096 37
1694635025171 77.74705016583057 38
1694635025214 75.72184856028032 39
1694635025247 74.92636364129444 40
1694635025281 73.26005408999265 41
1694635025313 71.35499184039517 42
1694635025346 71.14339298940752 43
1694635025381 68.61612654777134 44
1694635025415 66.78999734500547 45
1694635025452 64.8345371720133 46
1694635025490 64.83124326644759 47
1694635025526 62.450101633348055 48
1694635025558 60.12176860526352 49
1694635025591 60.08251445526703 50
1694635025625 58.681194880157705 51
1694635025657 56.833571475407965 52
1694635025691 56.342408211976654 53
1694635025724 55.07631856113783 54
1694635025758 53.31559670528193 55
1694635025791 52.86001413907292 56
1694635025824 52.162201087997 57
1694635025856 49.63296611910723 58
1694635025888 49.08216797946366 59
1694635025919 48.32535790706377 60
1694635025952 47.02402621568829 61
1694635025984 45.926091174165265 62
1694635026018 45.19712052254018 63
1694635026050 43.69595538465288 64
1694635026085 42.54110257718552 65
1694635026117 42.66917668001732 66
1694635026150 41.083036432339355 67
1694635026185 40.34990352428993 68
1694635026217 39.093732870750195 69
1694635026252 38.57099571026155 70
1694635026285 37.03791085860556 71
1694635026315 37.16317924135844 72
1694635026349 35.89109712719648 73
1694635026380 36.07422760318006 74
1694635026412 34.69956901522763 75
1694635026443 34.11074292851064 76
1694635026473 32.825620893985416 77
1694635026511 32.64413835687974 78
1694635026545 31.557878737433377 79
1694635026580 30.810020423715788 80
1694635026614 30.10728210686335 81
1694635026646 29.592269527473587 82
1694635026681 29.31967486582504 83
1694635026716 28.759495713456097 84
1694635026749 27.704202261220885 85
1694635026783 27.15193660627178 86
1694635026817 26.587880875420026 87
1694635026850 25.980923362000066 88
1694635026882 25.515389168978633 89
1694635026914 24.67970093872775 90
1694635026947 23.67808867446248 91
1694635026980 23.847445135487323 92
1694635027016 23.021620125934476 93
1694635027053 22.809834527795065 94
1694635027088 22.50335695729092 95
1694635027120 21.43574668679767 96
1694635027154 21.326736942738975 97
1694635027186 20.96501087217413 98
1694635027217 20.641606729051766 99
1694635027250 19.998243487205386 100
1694635027282 19.39695224798452 101
1694635027313 18.809262569773683 102
1694635027345 18.91971292400522 103
1694635027376 18.156936533365425 104
1694635027407 18.094603545221187 105
1694635027438 17.704535267244523 106
1694635027473 16.938907128605322 107
1694635027510 16.761288730185584 108
1694635027541 16.031910160142672 109
1694635027573 16.179109923834815 110
1694635027606 15.685970610722393 111
1694635027639 15.479961103000418 112
1694635027672 14.885970657435182 113
1694635027705 14.579661895960196 114
1694635027736 14.278159157058104 115
1694635027769 14.173764677870325 116
1694635027803 13.963848373098571 117
1694635027836 13.497550249999634 118
1694635027870 13.179732225134247 119
1694635027902 12.716500483887675 120
1694635027934 12.666302298255271 121
1694635027965 12.356633162750343 122
1694635028000 11.612582266382507 123
1694635028035 11.868364363308565 124
1694635028069 11.519515708810117 125
1694635028101 11.279658542103649 126
1694635028134 11.058118269414148 127
1694635028170 11.061478049925155 128
1694635028203 10.61949744334457 129
1694635028236 10.423250639239962 130
1694635028271 9.995618553554758 131
1694635028305 9.9945299342588 132
1694635028337 9.779788987812235 133
1694635028369 9.434214064509222 134
1694635028401 9.424651427445621 135
1694635028433 9.059278521689276 136
1694635028468 8.750534103950477 137
1694635028504 8.743590967989341 138
1694635028539 8.521584188540954 139
1694635028570 8.299549593944459 140
1694635028606 8.332281880063517 141
1694635028638 7.82669061308143 142
1694635028670 7.720036090186228 143
1694635028702 7.751889186156653 144
1694635028735 7.327062368968281 145
1694635028768 7.333916289532906 146
1694635028803 7.297423992733411 147
1694635028835 6.877987139263311 148
1694635028870 7.180090278600374 149
1694635028902 6.958376106652425 150
1694635028935 6.528409926494442 151
1694635028967 6.656280540731298 152
1694635029000 6.4872229374705634 153
1694635029034 6.0377084001525825 154
1694635029066 5.900447961979938 155
1694635029099 6.038191967500173 156
1694635029132 5.748564053155644 157
1694635029167 5.573761622654131 158
1694635029202 5.691350856764507 159
1694635029235 5.43990433197253 160
1694635029272 5.297039110692189 161
1694635029305 5.054154081523421 162
1694635029338 5.195627107456275 163
1694635029372 5.066663122108592 164
1694635029407 4.897847976594251 165
1694635029439 4.8310259738192665 166
1694635029473 4.563745817420093 167
1694635029507 4.59170354519354 168
1694635029540 4.416376840074116 169
1694635029572 4.250319081451663 170
1694635029605 4.246336519105691 171
1694635029639 4.1497438552639485 172
1694635029674 4.187253459327334 173
1694635029708 4.049048110009996 174
1694635029742 3.964948713916439 175
1694635029778 3.9005374944159645 176
1694635029814 3.7836500025118567 177
1694635029847 3.7842812741452105 178
1694635029880 3.7375208304639713 179
1694635029913 3.504832511117662 180
1694635029945 3.5973671838533425 181
1694635029978 3.3059293178135585 182
1694635030014 3.3482279881044072 183
1694635030048 3.2019182349047335 184
1694635030080 3.2079558560391677 185
1694635030114 3.2221421301733573 186
1694635030147 2.8653016311229496 187
1694635030181 2.9704557615729428 188
1694635030214 3.0498851759158634 189
1694635030247 2.905561899507869 190
1694635030282 2.8832222584201466 191
1694635030317 2.8257821228872793 192
1694635030350 2.8639300333938684 193
1694635030384 2.659514795293048 194
1694635030418 2.4871065919806545 195
1694635030449 2.6184483564416707 196
1694635030485 2.4095341792173612 197
1694635030517 2.366083863329003 198
1694635030548 2.401695490377468 199
1694635030580 2.2901511681732045 200
1694635030612 2.2135187047430365 201
1694635030643 2.2319776376380456 202
1694635030676 2.1522124372085063 203
1694635030707 2.073119895241116 204
1694635030738 2.0620847910062943 205
1694635030771 2.0668319306360243 206
1694635030802 1.9789033214647012 207
1694635030836 2.0100465106385372 208
1694635030869 1.8328934263676155 209
1694635030908 1.9174736545254796 210
1694635030942 1.7643824675265627 211
1694635030975 1.7533228255718836 212
1694635031009 1.7149609489250683 213
1694635031043 1.767207525666555 214
1694635031080 1.6357307370921816 215
1694635031113 1.6358028533861795 216
1694635031146 1.54115313396824 217
1694635031181 1.5687955990635571 218
1694635031213 1.5164932858316613 219
1694635031246 1.4899273049720292 220
1694635031282 1.4918514135950232 221
1694635031317 1.5130125100430336 222
1694635031349 1.3724720397871184 223
1694635031381 1.3726536259656072 224
1694635031415 1.2707340269108767 225
1694635031447 1.3318897872542241 226
1694635031482 1.3520250255928328 227
1694635031514 1.3405665736177486 228
1694635031550 1.3179548271359756 229
1694635031583 1.3125811890862809 230
1694635031620 1.2007714908605778 231
1694635031655 1.2222152762520841 232
1694635031690 1.1569828039955208 233
1694635031723 1.0987438575613122 234
1694635031752 1.1524766722079194 235
1694635031784 1.130112003673236 236
1694635031818 1.0873542750374454 237
1694635031851 1.0343412343787342 238
1694635031882 1.0535306754106606 239
1694635031916 1.0895155451576508 240
1694635031947 1.0356615852012743 241
1694635031982 1.0541482099908757 242
1694635032014 0.8977594787537019 243
1694635032047 0.9375984543718954 244
1694635032080 0.9758523837228658 245
1694635032113 0.8783991312276819 246
1694635032145 0.829212880906819 247
1694635032180 0.8466486206041883 248
1694635032213 0.8369290631107512 249
1694635032245 0.83827136650914 250
1694635032278 0.8693319763864453 251
1694635032311 0.8165344800778497 252
1694635032344 0.7546579249855165 253
1694635032374 0.7671383649369686 254
1694635032407 0.7763388117606558 255
1694635032438 0.7684128648567581 256
1694635032468 0.7654251858730506 257
1694635032503 0.7773768826971559 258
1694635032535 0.7448165541227394 259
1694635032567 0.656050421846931 260
1694635032600 0.6628923771375972 261
1694635032633 0.6570392273911195 262
1694635032665 0.6956146188898228 263
1694635032699 0.6009872634992398 264
1694635032732 0.6059556591412786 265
1694635032764 0.5710332010025858 266
1694635032797 0.6361559536707148 267
1694635032829 0.561047724972069 268
1694635032861 0.6275776316101822 269
1694635032895 0.6425052497109442 270
1694635032928 0.6359417273948728 271
1694635032962 0.5586677847452289 272
1694635032996 0.5734363898409126 273
1694635033032 0.4909565214622823 274
1694635033063 0.5338677493753629 275
1694635033095 0.5038326813992156 276
1694635033129 0.5523979771843612 277
1694635033162 0.47605224273526525 278
1694635033194 0.48372451832487473 279
1694635033225 0.5230588856414576 280
1694635033254 0.5223259031602518 281
1694635033288 0.4059497671746893 282
1694635033319 0.4475869903894009 283
1694635033354 0.5019166374829893 284
1694635033386 0.41153579124103895 285
1694635033418 0.4416633835305309 286
1694635033450 0.41507455050440734 287
1694635033486 0.516347353359441 288
1694635033519 0.38743575253507023 289
1694635033550 0.4145572544607171 290
1694635033587 0.38763109628941655 291
1694635033620 0.3948882683102986 292
1694635033654 0.3724882440371103 293
1694635033687 0.3364209914862549 294
1694635033720 0.3720245656456741 295
1694635033751 0.3314463141281879 296
1694635033783 0.3733650809056388 297
1694635033814 0.34787143555289574 298
1694635033845 0.36336114201048986 299
1694635033876 0.2847131461579342 300
1694635033908 0.3445924635739913 301
1694635033939 0.4084486662782943 302
1694635033972 0.36659269617393253 303
1694635034007 0.3343362732154153 304
1694635034039 0.3975458936113494 305
1694635034071 0.29028078374131033 306
1694635034104 0.27587908539046196 307
1694635034137 0.29389904063452377 308
1694635034172 0.34654229154014027 309
1694635034206 0.26992017665088525 310
1694635034240 0.2903357017284066 311
1694635034273 0.3359015038855563 312
1694635034304 0.27003021284677514 313
1694635034337 0.26489628317215935 314
1694635034369 0.27114487896834594 315
1694635034400 0.27805958592980606 316
1694635034432 0.2619100833975117 317
1694635034464 0.26844958304996863 318
1694635034498 0.2181148395449612 319
1694635034531 0.2899942266940192 320
1694635034562 0.2483608761937024 321
1694635034593 0.26561602345652574 322
1694635034626 0.24970278843926932 323
1694635034660 0.25380443398324204 324
1694635034692 0.26064245343924236 325
1694635034721 0.20317598376394383 326
1694635034754 0.2537949412718696 327
1694635034786 0.22268490523852358 328
1694635034819 0.22256999449227685 329
1694635034851 0.23950617158733656 330
1694635034884 0.24016859595373063 331
1694635034915 0.22685406117882667 332
1694635034946 0.2123078054741707 333
1694635034978 0.20917273284690696 334
1694635035009 0.21975561504323282 335
1694635035042 0.23043098214246244 336
1694635035073 0.19496722752164206 337
1694635035104 0.2643308503829911 338
1694635035135 0.20236444981607002 339
1694635035166 0.19715085620958145 340
1694635035197 0.18744899002695115 341
1694635035229 0.20761095564909382 342
1694635035260 0.20179058338714428 343
1694635035291 0.18437837752592126 344
1694635035323 0.18390536715314956 345
1694635035355 0.18323196536760786 346
1694635035387 0.1741197483490537 347
1694635035421 0.23693575651572438 348
1694635035455 0.17329001503775657 349
1694635035491 0.21243032462337502 350
1694635035527 0.18202483479715392 351
1694635035567 0.1610414806437138 352
1694635035601 0.18947961109360226 353
1694635035635 0.1499837047129089 354
1694635035667 0.1611171436658345 355
1694635035700 0.16623767824895508 356
1694635035732 0.15355528220678513 357
1694635035763 0.18424611197173318 358
1694635035796 0.16075984496925225 359
1694635035828 0.15425122083101123 360
1694635035861 0.17476736484091682 361
1694635035893 0.15601654127128642 362
1694635035925 0.1486875211324082 363
1694635035958 0.14760568263243967 364
1694635035990 0.14899177102360364 365
1694635036023 0.22628634470937478 366
1694635036055 0.14831451005974355 367
1694635036086 0.16322654366817713 368
1694635036117 0.15010276570380207 369
1694635036148 0.15404508980012951 370
1694635036180 0.153702450377369 371
1694635036214 0.14504489128878087 372
1694635036245 0.1263634738548483 373
1694635036275 0.14488882270077186 374
1694635036306 0.14899860163944528 375
1694635036339 0.20216033564908475 376
1694635036370 0.163070441861056 377
1694635036404 0.1256036271490371 378
1694635036439 0.13800941911688386 379
1694635036472 0.14276977643964978 380
1694635036508 0.1336705623216106 381
1694635036540 0.1387878932418743 382
1694635036571 0.13255514492711612 383
1694635036604 0.14567808900498072 384
1694635036637 0.1410095121533644 385
1694635036670 0.12544772993152753 386
1694635036703 0.12927530516968208 387
1694635036738 0.13464876987615124 388
1694635036768 0.1239236439754393 389
1694635036799 0.12721400565946336 390
1694635036834 0.19850777748531287 391
1694635036867 0.13428035021223875 392
1694635036899 0.12440000936717696 393
1694635036931 0.142484138290584 394
1694635036963 0.10458005790652979 395
1694635036995 0.1392612568538073 396
1694635037029 0.14076091227612683 397
1694635037062 0.14125840347492272 398
1694635037092 0.13176571961303796 399
1694635037126 0.11116982398562097 400
1694635037160 0.17345977960213477 401
1694635037193 0.10127408065239879 402
1694635037226 0.13369793753514003 403
1694635037260 0.11729780570217167 404
1694635037293 0.11970564312826798 405
1694635037327 0.13526162425902574 406
1694635037358 0.14781246409516668 407
1694635037390 0.1262987671678874 408
1694635037427 0.12566734807976168 409
1694635037461 0.10519508562077401 410
1694635037493 0.13015682748452684 411
1694635037526 0.10955092179296289 412
1694635037561 0.12022153287691394 413
1694635037594 0.10568796220003426 414
1694635037629 0.09881934930787124 415
1694635037665 0.12414363235394414 416
1694635037696 0.10897454522328898 417
1694635037730 0.17686048270745114 418
1694635037766 0.1022853303426613 419
1694635037798 0.14053899177450085 420
1694635037831 0.1085603287247013 421
1694635037864 0.1431295064784623 422
1694635037895 0.1181603634559064 423
1694635037926 0.113758729673964 424
1694635037960 0.11895852587027332 425
1694635037992 0.09454212184661803 426
1694635038025 0.11859942670465455 427
1694635038056 0.11477911003867282 428
1694635038089 0.0984593992521306 429
1694635038121 0.12623457736364516 430
1694635038154 0.10568488468868918 431
1694635038186 0.13655939188611993 432
1694635038220 0.10080599359990713 433
1694635038254 0.11218720660913063 434
1694635038285 0.10585168294758952 435
1694635038320 0.11390386885580668 436
1694635038353 0.10491968286433509 437
1694635038383 0.12454877849155485 438
1694635038415 0.10917631991327909 439
1694635038447 0.11880570063076966 440
1694635038477 0.10508516030922688 441
1694635038511 0.11834151769069991 442
1694635038542 0.104876498044485 443
1694635038572 0.12433635998727714 444
1694635038604 0.10387857917692331 445
1694635038638 0.11625927160220992 446
1694635038671 0.10439710973849683 447
1694635038701 0.11968862347135019 448
1694635038732 0.10758997780312497 449
1694635038763 0.11564178743295105 450
1694635038795 0.09050296035017699 451
1694635038829 0.09811275420727653 452
1694635038862 0.11108577784957571 453
1694635038893 0.10978153068882127 454
1694635038924 0.16470406076841282 455
1694635038958 0.09833297416244412 456
1694635038992 0.140831186580744 457
1694635039027 0.1183400013889549 458
1694635039060 0.10280084206003305 459
1694635039091 0.0955027627266693 460
1694635039122 0.10716203900804325 461
1694635039155 0.08778864598889578 462
1694635039189 0.10324690168780466 463
1694635039219 0.1166344138793923 464
1694635039252 0.10208799418060585 465
1694635039284 0.11124290637373288 466
1694635039314 0.09775494995349357 467
1694635039347 0.09460619920421279 468
1694635039381 0.11796620011832401 469
1694635039410 0.10777337538409094 470
1694635039444 0.10374089788967494 471
1694635039479 0.1067802299731991 472
1694635039509 0.08806190382352949 473
1694635039542 0.11011103240238074 474
1694635039576 0.12088876872904236 475
1694635039605 0.08304508830962598 476
1694635039638 0.10261427961671517 477
1694635039670 0.10975947039429162 478
1694635039704 0.11227592414796293 479
1694635039742 0.1219626719995292 480
1694635039776 0.10562413852819835 481
1694635039810 0.10191260530733876 482
1694635039844 0.081478898667671 483
1694635039879 0.09513930421853757 484
1694635039907 0.09070462043316699 485
1694635039937 0.10981270681291636 486
1694635039969 0.10931965548745087 487
1694635039999 0.10275369918038489 488
1694635040032 0.10125169607085367 489
1694635040066 0.09879361982054725 490
1694635040095 0.1341073224221657 491
1694635040123 0.14772691191589593 492
1694635040155 0.10402947507369588 493
1694635040186 0.11443393728123653 494
1694635040217 0.1463647508390004 495
1694635040247 0.10183511596071854 496
1694635040280 0.08781413371554848 497
1694635040312 0.10321806881279522 498
1694635040344 0.09777086449577467 499
1694635040374 0.09761375517019412 500
1694635040403 0.10795455930370446 501
1694635040434 0.0868889496887848 502
1694635040469 0.11297820613056803 503
1694635040504 0.17067094563309684 504
1694635040535 0.10193435452269362 505
1694635040568 0.0790153457764736 506
1694635040601 0.10298769306599909 507
1694635040631 0.09635693832093567 508
1694635040663 0.09282890675699074 509
1694635040694 0.09704120378478807 510
1694635040727 0.08858967428883685 511
1694635040760 0.1185712369477429 512
1694635040792 0.08407616673261277 513
1694635040821 0.09779817209340813 514
1694635040853 0.09962710533255266 515
1694635040885 0.09271684609115248 516
1694635040913 0.08689294179085262 517
1694635040944 0.10166126666644983 518
1694635040975 0.10052135137237933 519
1694635041004 0.1559360829770103 520
1694635041037 0.08248611283844344 521
1694635041068 0.11635641767863746 522
1694635041101 0.10107689621558971 523
1694635041134 0.10435342317795038 524
1694635041166 0.09700631594937435 525
1694635041197 0.08954751511991235 526
1694635041227 0.1028138192618757 527
1694635041260 0.0869112843934074 528
1694635041292 0.13599615645576515 529
1694635041323 0.0948174485811363 530
1694635041355 0.15893872038148707 531
1694635041388 0.09045468988660448 532
1694635041420 0.10781222286097587 533
1694635041453 0.09313535667499381 534
1694635041487 0.15694807376583714 535
1694635041517 0.08546451546080203 536
1694635041549 0.10325999962689286 537
1694635041583 0.10336192807164038 538
1694635041615 0.09301336404654341 539
1694635041649 0.09614247925791296 540
1694635041680 0.08822043273012148 541
1694635041710 0.08829946295151325 542
1694635041740 0.10154125640601355 543
1694635041771 0.07119048248348561 544
1694635041802 0.08600877740807639 545
1694635041834 0.0917466258690268 546
1694635041870 0.07642359454896148 547
1694635041902 0.08770763895108943 548
1694635041933 0.107978247279234 549
1694635041966 0.08276329109769215 550
1694635041999 0.09439743542049252 551
1694635042035 0.11014711397315519 552
1694635042066 0.12577057594251326 553
1694635042099 0.11778561210422642 554
1694635042130 0.09166270786470317 555
1694635042164 0.1459681871962474 556
1694635042196 0.0945975847331838 557
1694635042224 0.08413328990598136 558
1694635042259 0.09370555262094765 559
1694635042289 0.09707568935121187 560
1694635042318 0.10399748059959255 561
1694635042349 0.12319669770861646 562
1694635042380 0.09582260433429075 563
1694635042410 0.09606256860213738 564
1694635042440 0.09650966021807758 565
1694635042471 0.09011304245315416 566
1694635042503 0.09227180575126599 567
1694635042534 0.10843252480673371 568
1694635042569 0.07701321950930175 569
1694635042600 0.10122138728487143 570
1694635042630 0.09975381532505657 571
1694635042664 0.09879164319245598 572
1694635042698 0.10083053919615337 573
1694635042727 0.1123702270219106 574
1694635042761 0.08505891836086377 575
1694635042793 0.09710941566066544 576
1694635042823 0.08861993695097552 577
1694635042856 0.13144157280526075 578
1694635042888 0.09467200023821475 579
1694635042914 0.11319028467311566 580
1694635042946 0.08771434285154324 581
1694635042979 0.0928691911209377 582
1694635043007 0.08227742976712464 583
1694635043039 0.10537787083070158 584
1694635043072 0.09880531801790551 585
1694635043102 0.0938546589520823 586
1694635043133 0.10734404628732037 587
1694635043164 0.0998146472880645 588
1694635043195 0.14296497014939916 589
1694635043224 0.09053356729124133 590
1694635043254 0.07840654103132956 591
1694635043287 0.09559438827245156 592
1694635043317 0.09699041300594928 593
1694635043348 0.10751632200523303 594
1694635043380 0.105388469589813 595
1694635043408 0.11856854639093772 596
1694635043439 0.08774243549556897 597
1694635043475 0.13608265785604326 598
1694635043505 0.11211061223215074 599
1694635043537 0.08715356706602126 600
1694635043569 0.08782142741040493 601
1694635043600 0.08031031825341911 602
1694635043629 0.09722723633826238 603
1694635043662 0.08256370505238934 604
1694635043693 0.10994473715666196 605
1694635043724 0.08502756909733127 606
1694635043756 0.07963184855644069 607
1694635043791 0.09948806975653368 608
1694635043817 0.09525399976948877 609
1694635043849 0.10915481300418366 610
1694635043880 0.08293685028304265 611
1694635043906 0.1140606471953192 612
1694635043939 0.10891049661242477 613
1694635043971 0.1391674125357573 614
1694635044001 0.09495318321973299 615
1694635044031 0.10990639069391349 616
1694635044062 0.09408773374523939 617
1694635044094 0.08972610925944595 618
1694635044126 0.09142866842759916 619
1694635044159 0.09298394471344244 620
1694635044192 0.10009144236429104 621
1694635044220 0.08884592939321909 622
1694635044253 0.09727420909732701 623
1694635044284 0.09240335151629019 624
1694635044315 0.10285987895455367 625
1694635044349 0.09111118163773313 626
1694635044382 0.11805645302057746 627
1694635044415 0.09172156747340712 628
1694635044446 0.08233535167779649 629
1694635044479 0.0983733795624814 630
1694635044512 0.08894650773559017 631
1694635044543 0.07643678754615402 632
1694635044576 0.09711672248559304 633
1694635044607 0.08569900938425076 634
1694635044641 0.078953025113522 635
1694635044673 0.08520945343901053 636
1694635044703 0.09538839324667413 637
1694635044735 0.14092254596466644 638
1694635044766 0.08891731438534276 639
1694635044797 0.08355687808218248 640
1694635044822 0.14601606414959586 641
1694635044854 0.1190889341438776 642
1694635044885 0.10301598958695905 643
1694635044915 0.09360023653119776 644
1694635044950 0.09219031460701761 645
1694635044982 0.07637003827046081 646
1694635045015 0.09044865409474041 647
1694635045048 0.09386664723955482 648
1694635045081 0.08175250006910298 649
1694635045113 0.077381107922813 650
1694635045143 0.08241806829593316 651
1694635045177 0.08958493907563662 652
1694635045208 0.0894479870509559 653
1694635045239 0.09091719443104611 654
1694635045271 0.10397811022812364 655
1694635045303 0.1180235543831866 656
1694635045335 0.1596140851558806 657
1694635045368 0.12851706216890355 658
1694635045397 0.07578090829872637 659
1694635045429 0.10960203329621616 660
1694635045461 0.0824699494116352 661
1694635045494 0.08403197020752161 662
1694635045525 0.09962588117469304 663
1694635045557 0.08279670884696391 664
1694635045592 0.09762605648320466 665
1694635045627 0.10543746539635154 666
1694635045666 0.07315833244786563 667
1694635045698 0.0867528804301643 668
1694635045729 0.09421409267740025 669
1694635045762 0.08407347321610849 670
1694635045793 0.10166683728374128 671
1694635045822 0.10088013112419682 672
1694635045855 0.08659291418866609 673
1694635045888 0.09200332972269318 674
1694635045919 0.0817553397788205 675
1694635045953 0.09861865355855873 676
1694635045987 0.08505917744877964 677
1694635046020 0.09178965152995365 678
1694635046058 0.11221840435170179 679
1694635046092 0.0897641719117661 680
1694635046123 0.09612152432019123 681
1694635046155 0.10887786394462838 682
1694635046186 0.09794290503461653 683
1694635046217 0.09324271623896302 684
1694635046250 0.09915824390006522 685
1694635046282 0.08534097785812528 686
1694635046312 0.09775439181887215 687
1694635046342 0.10230494709824563 688
1694635046374 0.10032431839848356 689
1694635046405 0.09310816654654847 690
1694635046438 0.0852461343007175 691
1694635046469 0.09460906362924096 692
1694635046508 0.1005305261656781 693
1694635046542 0.09034770817901026 694
1694635046575 0.11049419110909738 695
1694635046607 0.10070929265050374 696
1694635046641 0.09122686661685704 697
1694635046675 0.11309620682024446 698
1694635046711 0.08532501528010843 699
1694635046743 0.08591622126144753 700
1694635046776 0.08669658931838527 701
1694635046807 0.0793918298733949 702
1694635046840 0.11661861711307164 703
1694635046874 0.14661994875617512 704
1694635046906 0.10143591569508878 705
1694635046939 0.14313878784574374 706
1694635046973 0.0946654433082264 707
1694635047005 0.08745894591581284 708
1694635047037 0.09923847723647729 709
1694635047069 0.08732058530771805 710
1694635047102 0.1037331131603652 711
1694635047134 0.09446134390377434 712
1694635047169 0.09873621765796255 713
1694635047202 0.1046106465408179 714
1694635047231 0.08671456580007589 715
1694635047264 0.11851777077902209 716
1694635047298 0.12359043048061007 717
1694635047329 0.08349715512923105 718
1694635047362 0.08976207765526623 719
1694635047393 0.0864985850071223 720
1694635047423 0.11038660267041822 721
1694635047455 0.09437037373001593 722
1694635047487 0.08636753797168402 723
1694635047521 0.09767748010895914 724
1694635047551 0.09605697207714832 725
1694635047583 0.08432386950733457 726
1694635047615 0.09584666434471831 727
1694635047645 0.09399869828974568 728
1694635047679 0.1583714941421228 729
1694635047712 0.0878552505313681 730
1694635047744 0.07898687076776674 731
1694635047779 0.10442117759028981 732
1694635047811 0.10084921795632366 733
1694635047848 0.10014165488547999 734
1694635047883 0.08354075459659337 735
1694635047921 0.06926991488510544 736
1694635047953 0.09679573509072335 737
1694635047985 0.0872410910909191 738
1694635048019 0.09326072559246242 739
1694635048052 0.10234973635460173 740
1694635048086 0.10361245007615033 741
1694635048121 0.0839394807107695 742
1694635048152 0.1002611833911324 743
1694635048186 0.08589669958671875 744
1694635048218 0.10447028130242739 745
1694635048249 0.10642968857594871 746
1694635048281 0.10589801872408754 747
1694635048314 0.10950110876588022 748
1694635048349 0.11467130427093751 749
1694635048382 0.11996397918398959 750
1694635048415 0.09662726315598283 751
1694635048447 0.08075025783957766 752
1694635048481 0.11700303564528264 753
1694635048513 0.15419596092610496 754
1694635048546 0.13280529406573321 755
1694635048578 0.08018903786586183 756
1694635048611 0.08667635180966733 757
1694635048642 0.09665943975538019 758
1694635048673 0.10768232362095408 759
1694635048707 0.08524325799888435 760
1694635048742 0.1035267425677853 761
1694635048772 0.10622864535946171 762
1694635048806 0.09344543845961038 763
1694635048840 0.14702036096162732 764
1694635048872 0.10109959997427317 765
1694635048906 0.09389215447215664 766
1694635048937 0.14910715274157108 767
1694635048969 0.09444416939823204 768
1694635049002 0.09587767786624735 769
1694635049037 0.11914188267698787 770
1694635049068 0.1001251585900508 771
1694635049101 0.12847429740080163 772
1694635049133 0.08630583711515209 773
1694635049165 0.09211612183532979 774
1694635049196 0.09687153698658627 775
1694635049229 0.10034606993870507 776
1694635049260 0.0926765952509398 777
1694635049292 0.09204982401322612 778
1694635049325 0.11537106703466934 779
1694635049357 0.10660307372500463 780
1694635049388 0.09846652834857966 781
1694635049421 0.07675541561635466 782
1694635049453 0.08712992836320346 783
1694635049487 0.08887820967297455 784
1694635049522 0.09856097410392432 785
1694635049557 0.08290657772828801 786
1694635049592 0.10751558821663901 787
1694635049624 0.13226896297733198 788
1694635049654 0.08935956982895277 789
1694635049688 0.09136328493521058 790
1694635049725 0.09789005910769868 791
1694635049758 0.09126201675247042 792
1694635049793 0.10997162350046467 793
1694635049825 0.08236408740868655 794
1694635049859 0.10701982634377293 795
1694635049891 0.08111911311585145 796
1694635049923 0.10980673304907612 797
1694635049957 0.10442535289973648 798
1694635049989 0.1043049330654623 799
1694635050021 0.10787914531580879 800
1694635050053 0.11812258226425933 801
1694635050084 0.08434110580654244 802
1694635050115 0.08298404030352076 803
1694635050149 0.15567691142194726 804
1694635050182 0.07562522626238186 805
1694635050216 0.0833586071813902 806
1694635050247 0.1384326300724313 807
1694635050281 0.0989103466696782 808
1694635050313 0.06719801746972438 809
1694635050346 0.08321069685243296 810
1694635050379 0.062390072432162505 811
1694635050409 0.09135218898586855 812
1694635050441 0.07965983419292368 813
1694635050475 0.11350327259177258 814
1694635050509 0.08004234241080951 815
1694635050539 0.16027059311389985 816
1694635050572 0.15365300375013333 817
1694635050605 0.08454671299855994 818
1694635050637 0.08962241650330921 819
1694635050670 0.09630155597822794 820
1694635050703 0.09594118337571084 821
1694635050740 0.11185893725521721 822
1694635050773 0.10239699955224955 823
1694635050807 0.10475713631324038 824
1694635050839 0.11254694610533623 825
1694635050873 0.1278008273336499 826
1694635050905 0.08490202597502346 827
1694635050937 0.10538696351774243 828
1694635050970 0.09312810530805737 829
1694635051000 0.09983033999688874 830
1694635051037 0.08822038973437168 831
1694635051073 0.09908883591793825 832
1694635051105 0.10159704725699938 833
1694635051139 0.14939757974700185 834
1694635051170 0.10152077006013586 835
1694635051202 0.07813708747251806 836
1694635051234 0.10468322490382928 837
1694635051269 0.07648601777283806 838
1694635051300 0.10424888925110236 839
1694635051333 0.09468414805390205 840
1694635051364 0.10584775082822903 841
1694635051396 0.09134023012843498 842
1694635051428 0.09772198458848755 843
1694635051458 0.09331680862584768 844
1694635051494 0.10040178508697943 845
1694635051529 0.10324207865323508 846
1694635051560 0.09085931365469407 847
1694635051593 0.10497504832216614 848
1694635051623 0.14370779006410617 849
1694635051654 0.09810444627636432 850
1694635051689 0.10403819124556989 851
1694635051721 0.08826868873698562 852
1694635051758 0.12918159415747277 853
1694635051795 0.149811665592832 854
1694635051829 0.099703193323346 855
1694635051865 0.10839170178781847 856
1694635051900 0.10526654493608353 857
1694635051935 0.09755713223136889 858
1694635051976 0.08976757084655324 859
1694635052012 0.08207664016239855 860
1694635052052 0.11850974324591582 861
1694635052086 0.08574632742730245 862
1694635052118 0.13478023176786819 863
1694635052151 0.10391958220865521 864
1694635052185 0.104965390086059 865
1694635052217 0.09267508204485067 866
1694635052253 0.06677496972382706 867
1694635052284 0.09225716393652214 868
1694635052319 0.09305159481042584 869
1694635052348 0.10454156649351537 870
1694635052380 0.09491298965195463 871
1694635052413 0.12368833809385868 872
1694635052441 0.09761436016249041 873
1694635052475 0.10780800648073235 874
1694635052508 0.08677622045414307 875
1694635052540 0.08672482251696334 876
1694635052573 0.12794944318792895 877
1694635052605 0.09575339686832418 878
1694635052636 0.10616943943302601 879
1694635052667 0.09149308130243577 880
1694635052700 0.09807926544098622 881
1694635052730 0.08837527847617625 882
1694635052762 0.09419908961708005 883
1694635052792 0.0927205768885107 884
1694635052821 0.07916603157708423 885
1694635052852 0.0968030641025321 886
1694635052883 0.09221115198350516 887
1694635052914 0.0995587630991182 888
1694635052948 0.09911260405945191 889
1694635052980 0.08500226835668453 890
1694635053010 0.07469819797647873 891
1694635053042 0.13419446288875905 892
1694635053076 0.1046820229984462 893
1694635053106 0.10091778634238156 894
1694635053139 0.11508264508827061 895
1694635053171 0.08870567111960706 896
1694635053204 0.09184690978079317 897
1694635053235 0.12919899704698437 898
1694635053267 0.08792245612056127 899
1694635053300 0.08104404862719661 900
1694635053329 0.14331347919147042 901
1694635053361 0.10381925775300253 902
1694635053394 0.1062958274753093 903
1694635053422 0.09609996015179477 904
1694635053454 0.07586905877957577 905
1694635053487 0.09264404916342338 906
1694635053519 0.08821617346259242 907
1694635053552 0.1407171889309111 908
1694635053585 0.09921451350473073 909
1694635053620 0.09299200657890858 910
1694635053650 0.10534344308934948 911
1694635053682 0.1520593390115162 912
1694635053714 0.07945331798529723 913
1694635053745 0.10337473801435877 914
1694635053779 0.09575609459791855 915
1694635053813 0.08554182886676438 916
1694635053845 0.10313279714306396 917
1694635053880 0.1006330995368046 918
1694635053914 0.0876335299570145 919
1694635053946 0.09668287039053172 920
1694635053982 0.10607041672420764 921
1694635054017 0.08283331590054482 922
1694635054051 0.13926759158524277 923
1694635054083 0.09426494164928818 924
1694635054116 0.10058641564356526 925
1694635054150 0.09639210550192084 926
1694635054184 0.10376391079315966 927
1694635054219 0.097697855979553 928
1694635054250 0.08586819778174529 929
1694635054284 0.097855873049258 930
1694635054317 0.0827616818787675 931
1694635054360 0.10166792658020349 932
1694635054401 0.14222586676293844 933
1694635054436 0.08067727240377782 934
1694635054468 0.08808924013077898 935
1694635054499 0.12606076681859327 936
1694635054533 0.08847552230835516 937
1694635054564 0.09497548379495703 938
1694635054595 0.1010921868401196 939
1694635054623 0.11451761704732305 940
1694635054655 0.10744301672788617 941
1694635054688 0.11009769227028231 942
1694635054718 0.13668601542301895 943
1694635054750 0.0969700777799643 944
1694635054781 0.09787128709201953 945
1694635054811 0.09984549872924776 946
1694635054842 0.09831798903053188 947
1694635054874 0.08855611463788143 948
1694635054903 0.0822019021373722 949
1694635054934 0.08202088209117793 950
1694635054966 0.08672331572558417 951
1694635054999 0.09835136752001926 952
1694635055032 0.0854461264585008 953
1694635055065 0.07830234030814101 954
1694635055101 0.08464988441717552 955
1694635055134 0.08430320061251108 956
1694635055177 0.09171355111064189 957
1694635055208 0.1511471425541661 958
1694635055241 0.09736803053538348 959
1694635055275 0.08278633724331726 960
1694635055304 0.11204649736622602 961
1694635055336 0.09472003336647938 962
1694635055371 0.09381831588771905 963
1694635055401 0.0822764747498439 964
1694635055437 0.09905328740611248 965
1694635055469 0.08751223362674869 966
1694635055504 0.09152142488280716 967
1694635055535 0.09204801832091823 968
1694635055569 0.1500585908884216 969
1694635055598 0.09092350465714845 970
1694635055627 0.09777682992243042 971
1694635055660 0.09994839602000102 972
1694635055699 0.10440788877237543 973
1694635055737 0.11231797814363241 974
1694635055771 0.07698452346206616 975
1694635055801 0.08371091645259572 976
1694635055832 0.08850991503133954 977
1694635055867 0.09772360126448087 978
1694635055901 0.09411176810107591 979
1694635055938 0.10586510381229315 980
1694635055971 0.15347818787669287 981
1694635056004 0.1104105016240773 982
1694635056038 0.10155261659681969 983
1694635056069 0.07883484189367805 984
1694635056101 0.08802097315760218 985
1694635056131 0.08366978969060596 986
1694635056163 0.09822715588564009 987
1694635056195 0.09799757338369042 988
1694635056225 0.11024320202279256 989
1694635056258 0.08565476328852911 990
1694635056292 0.07964006169120964 991
1694635056322 0.13310826018026126 992
1694635056356 0.11826799045497641 993
1694635056389 0.16043608944791093 994
1694635056416 0.10678283317565797 995
1694635056450 0.10549325798423544 996
1694635056483 0.08574595782094586 997
1694635056513 0.09013327453166992 998
1694635056546 0.0874729798415051 999
