1694635079249 0.0014369370016747984 0
1694635079281 0.0011482201498814737 1
1694635079316 0.001752780426600764 2
1694635079351 0.0013659804563724842 3
1694635079390 0.0013682607912648415 4
1694635079432 0.0018595707091442204 5
1694635079481 0.0019382993794589964 6
1694635079525 0.002024380431182804 7
1694635079558 0.0013733994020607154 8
1694635079590 0.0018177601751478978 9
1694635079621 0.0016313980235932446 10
1694635079652 0.0021047832850580317 11
1694635079685 0.0019045936607469116 12
1694635079718 0.002249342267309995 13
1694635079750 0.0023484291344385566 14
1694635079784 0.0016842239784587987 15
1694635079816 0.0019299151362016653 16
1694635079850 0.00200810974759158 17
1694635079882 0.0029946084667560324 18
1694635079915 0.0023698812961490123 19
1694635079948 0.0025833159254219362 20
1694635079981 0.002347306447467279 21
1694635080016 0.002857151153528914 22
1694635080050 0.0027206301185765946 23
1694635080082 0.0038167667970500085 24
1694635080114 0.00347686499375488 25
1694635080152 0.0033557413847025153 26
1694635080187 0.0027260973181899573 27
1694635080225 0.004581127432441767 28
1694635080268 0.0043231557723785174 29
1694635080305 0.004788778633662671 30
1694635080341 0.004353926364995209 31
1694635080373 0.004466048226110297 32
1694635080406 0.004884910396017683 33
1694635080439 0.004178097192960917 34
1694635080473 0.004075274498773651 35
1694635080517 0.004397965581320218 36
1694635080555 0.0050870315788470455 37
1694635080587 0.0039370564711187495 38
1694635080620 0.004439865921818109 39
1694635080650 0.004236003930995547 40
1694635080684 0.00503229794150073 41
1694635080720 0.0034675345265410273 42
1694635080754 0.005635407322410191 43
1694635080787 0.005037000756535015 44
1694635080819 0.004678268553500953 45
1694635080851 0.00584583537640293 46
1694635080882 0.006326429873632966 47
1694635080915 0.00569200434273176 48
1694635080947 0.0054047111794008895 49
1694635080977 0.007963844102519713 50
1694635081008 0.005495082821285857 51
1694635081043 0.006249554420455605 52
1694635081078 0.004764336165785421 53
1694635081115 0.00801464252784212 54
1694635081147 0.0065932655573586185 55
1694635081181 0.004538352501578302 56
1694635081219 0.008283874816715997 57
1694635081254 0.007138257927642777 58
1694635081292 0.006883819745009734 59
1694635081331 0.00633652298390186 60
1694635081365 0.006856856916003573 61
1694635081397 0.00844204805872828 62
1694635081430 0.007854292162873477 63
1694635081464 0.009017628943908118 64
1694635081497 0.00952645075174019 65
1694635081531 0.007415814195932291 66
1694635081563 0.010223526636562452 67
1694635081597 0.00956428691665634 68
1694635081634 0.011556877989548742 69
1694635081666 0.009816446801401812 70
1694635081701 0.012886918981551476 71
1694635081736 0.011088121635787651 72
1694635081769 0.010494775401284295 73
1694635081803 0.01210927057336475 74
1694635081837 0.010076496081370068 75
1694635081873 0.007754213096367479 76
1694635081906 0.012417854454248256 77
1694635081939 0.013714393974287753 78
1694635081976 0.01615280503428873 79
1694635082014 0.010669488081414658 80
1694635082051 0.017192490362237023 81
1694635082086 0.014349142602683274 82
1694635082121 0.01314379937051735 83
1694635082156 0.015518681847619176 84
1694635082191 0.013156823396425543 85
1694635082226 0.011315668394269451 86
1694635082257 0.012060419474819284 87
1694635082291 0.01733658752485423 88
1694635082324 0.013748987310519656 89
1694635082358 0.01480578336392313 90
1694635082391 0.018990336869846636 91
1694635082422 0.021082464366669385 92
1694635082455 0.015683944699057983 93
1694635082492 0.027014328995065173 94
1694635082525 0.015283372958555086 95
1694635082558 0.019482672879987506 96
1694635082592 0.02081396935142188 97
1694635082627 0.02308668674558434 98
1694635082659 0.015864096161970043 99
1694635082693 0.019968712016546597 100
1694635082725 0.019497555148996537 101
1694635082761 0.017868055765836055 102
1694635082796 0.01873707899029009 103
1694635082829 0.024846374746647082 104
1694635082866 0.02656213776432126 105
1694635082899 0.027564916471505163 106
1694635082941 0.02966086921096689 107
1694635082986 0.029182449624054696 108
1694635083024 0.03130220343732315 109
1694635083065 0.020505597103941398 110
1694635083107 0.026260942288082956 111
1694635083140 0.025520393364110383 112
1694635083180 0.02870596297478345 113
1694635083214 0.0314396128374943 114
1694635083247 0.03312449822549601 115
1694635083280 0.03542419498668803 116
1694635083315 0.034125088339365894 117
1694635083349 0.03371294505416256 118
1694635083383 0.03402974902261169 119
1694635083419 0.025212073193323414 120
1694635083453 0.037348148634478995 121
1694635083486 0.04533954807421581 122
1694635083522 0.034959511612841276 123
1694635083554 0.04252903254448892 124
1694635083588 0.03683239006621497 125
1694635083621 0.03314605751656907 126
1694635083653 0.04078772235262307 127
1694635083689 0.0560807325901842 128
1694635083722 0.04787549102626354 129
1694635083755 0.04120338075027319 130
1694635083789 0.04299858474782414 131
1694635083823 0.037736967756040074 132
1694635083855 0.04739748440862246 133
1694635083888 0.050137069179279514 134
1694635083919 0.048128260842728254 135
1694635083952 0.04152621779644694 136
1694635083985 0.04653797861220976 137
1694635084021 0.03625792353256374 138
1694635084060 0.05345834746633249 139
1694635084107 0.06195142777022555 140
1694635084160 0.052707889491380056 141
1694635084213 0.05301959606467055 142
1694635084251 0.07137195375076222 143
1694635084285 0.06115568438070462 144
1694635084319 0.060788176003567784 145
1694635084350 0.06257793618694563 146
1694635084383 0.06497772520090517 147
1694635084415 0.0567428154882339 148
1694635084447 0.06657142483939116 149
1694635084479 0.058788850702255147 150
1694635084512 0.06654345927835836 151
1694635084548 0.06680720449345312 152
1694635084582 0.07896895327937359 153
1694635084615 0.0673225899380312 154
1694635084648 0.06939895166742838 155
1694635084684 0.07887472266782547 156
1694635084721 0.07425254487493804 157
1694635084755 0.08441974971254462 158
1694635084790 0.06120356288565243 159
1694635084833 0.08322909648029353 160
1694635084877 0.10446826419685884 161
1694635084924 0.08895263471865655 162
1694635084973 0.07346661062339588 163
1694635085012 0.08577847112119952 164
1694635085051 0.09198364370586842 165
1694635085082 0.08217339791017364 166
1694635085114 0.0909834915915354 167
1694635085144 0.07436040593768156 168
1694635085178 0.075672397338578 169
1694635085210 0.09206075751595555 170
1694635085242 0.11501504461166567 171
1694635085274 0.10603673552682835 172
1694635085307 0.11063867489076462 173
1694635085340 0.1004909808128841 174
1694635085372 0.10601404888715915 175
1694635085406 0.1264814526276904 176
1694635085439 0.12371742706017819 177
1694635085472 0.13119384230558206 178
1694635085508 0.10870606111736747 179
1694635085540 0.11080438731179176 180
1694635085580 0.13515071944874257 181
1694635085626 0.12169118283346403 182
1694635085672 0.13588790724563826 183
1694635085714 0.14136645913510715 184
1694635085749 0.14373539241282463 185
1694635085795 0.1084458882939533 186
1694635085840 0.1420913763393331 187
1694635085874 0.12802352504273473 188
1694635085906 0.1540762432674021 189
1694635085942 0.15719285617703627 190
1694635085982 0.1696702020678612 191
1694635086015 0.14920983719839542 192
1694635086047 0.1595297527147682 193
1694635086078 0.1665034672596185 194
1694635086110 0.15605484581946583 195
1694635086142 0.1704114928086613 196
1694635086176 0.204760607109721 197
1694635086206 0.14964833712873082 198
1694635086238 0.17895953765854555 199
1694635086269 0.21073203263082807 200
1694635086302 0.20270015502284255 201
1694635086336 0.19016113765694276 202
1694635086368 0.18510789442895992 203
1694635086401 0.18856576254803925 204
1694635086434 0.21494025640064296 205
1694635086465 0.20690875418324794 206
1694635086499 0.18134459598339037 207
1694635086530 0.1892977182467711 208
1694635086563 0.24190872949102227 209
1694635086595 0.20571316158153097 210
1694635086627 0.18327317294458922 211
1694635086660 0.19390479161063356 212
1694635086691 0.16623860005733748 213
1694635086723 0.24616970614440692 214
1694635086757 0.20915480371897666 215
1694635086793 0.24207577659322266 216
1694635086826 0.18713785897483126 217
1694635086861 0.2643873857762694 218
1694635086894 0.26805668917424197 219
1694635086931 0.23906093444212628 220
1694635086965 0.2269743912425991 221
1694635086999 0.24334570155456725 222
1694635087043 0.2532630546034892 223
1694635087076 0.2660614552221616 224
1694635087111 0.2761255989863435 225
1694635087152 0.2544202235023162 226
1694635087188 0.3178773449414598 227
1694635087232 0.3057187090297201 228
1694635087262 0.23946323801319414 229
1694635087297 0.2660781950209187 230
1694635087329 0.2949808378554619 231
1694635087361 0.2873538187857889 232
1694635087393 0.3386255942806502 233
1694635087427 0.32028009462924933 234
1694635087462 0.2976710603242386 235
1694635087495 0.30084892211018455 236
1694635087527 0.2936736135171817 237
1694635087560 0.30595866759914636 238
1694635087590 0.33913909744395165 239
1694635087622 0.3084183587769783 240
1694635087655 0.35693386287702944 241
1694635087691 0.351495453826855 242
1694635087725 0.32599453840742243 243
1694635087761 0.35376182008011237 244
1694635087803 0.35162772965691347 245
1694635087837 0.3714765320262132 246
1694635087873 0.3148049644542561 247
1694635087913 0.32259411961690676 248
1694635087949 0.38077420939082096 249
1694635087990 0.3666972555746516 250
1694635088052 0.3968554821838365 251
1694635088090 0.33900364314456966 252
1694635088129 0.4622885658021636 253
1694635088161 0.3529499252360504 254
1694635088194 0.4084592248503207 255
1694635088227 0.4236000960911106 256
1694635088260 0.39318108365943016 257
1694635088294 0.45607522862045824 258
1694635088328 0.4292193278252012 259
1694635088359 0.4323079527718797 260
1694635088396 0.40524950273015625 261
1694635088431 0.454893904872988 262
1694635088468 0.42561277794733154 263
1694635088511 0.4678784769546649 264
1694635088552 0.40732391204303287 265
1694635088592 0.4888787693289155 266
1694635088632 0.48433285992127717 267
1694635088672 0.5031063641740733 268
1694635088709 0.4477951951277688 269
1694635088749 0.47506802065404474 270
1694635088790 0.37504266461331304 271
1694635088834 0.4359207879388248 272
1694635088873 0.4898401797836539 273
1694635088918 0.5175584630038874 274
1694635088962 0.4696191205239596 275
1694635089002 0.4931711461494752 276
1694635089042 0.5418322079977411 277
1694635089083 0.5690820279701732 278
1694635089121 0.48058970492353625 279
1694635089158 0.566687965447537 280
1694635089201 0.48090949102235603 281
1694635089243 0.5426893780172205 282
1694635089286 0.5324980843918115 283
1694635089319 0.5991233603867818 284
1694635089354 0.5733656264180238 285
1694635089386 0.5510212065286932 286
1694635089418 0.5528846747213245 287
1694635089451 0.5901315365736923 288
1694635089483 0.5455223388616844 289
1694635089514 0.4971645981307028 290
1694635089548 0.5847123877076492 291
1694635089579 0.524391601192086 292
1694635089611 0.5596902459426114 293
1694635089641 0.5658047892091413 294
1694635089675 0.5721295950517258 295
1694635089707 0.5977668145340986 296
1694635089741 0.5632126970266402 297
1694635089774 0.6076975007537601 298
1694635089808 0.581443986531429 299
1694635089840 0.6509955662117967 300
1694635089874 0.5812244189214691 301
1694635089908 0.586567199462438 302
1694635089940 0.5966531750443379 303
1694635089973 0.6455320199351393 304
1694635090007 0.6010825880848252 305
1694635090041 0.5789037572429537 306
1694635090075 0.5722828442083984 307
1694635090107 0.6037954404667005 308
1694635090139 0.5863633307666656 309
1694635090172 0.6574997341723159 310
1694635090204 0.5838068365881002 311
1694635090239 0.6630798012506107 312
1694635090274 0.663402807653107 313
1694635090307 0.6281375706301435 314
1694635090338 0.6502578180107843 315
1694635090371 0.6544266573724075 316
1694635090405 0.6688325343641461 317
1694635090437 0.6793710105825186 318
1694635090469 0.6681664757201022 319
1694635090504 0.6504664118726843 320
1694635090536 0.6499227715109466 321
1694635090570 0.6407170907427036 322
1694635090603 0.6914934383703033 323
1694635090638 0.6763063845808185 324
1694635090671 0.6908157818114076 325
1694635090702 0.678139837523981 326
1694635090734 0.6110733535708215 327
1694635090766 0.7643869063118518 328
1694635090800 0.711402852293979 329
1694635090831 0.6591045348829461 330
1694635090863 0.7154457722386511 331
1694635090896 0.6557908232763199 332
1694635090927 0.683048410072433 333
1694635090962 0.693353841597213 334
1694635090994 0.7168473198590086 335
1694635091023 0.6844890941362858 336
1694635091058 0.6765376073855034 337
1694635091090 0.7113338153143506 338
1694635091125 0.7428181704546252 339
1694635091159 0.7049245204089325 340
1694635091192 0.7084790178114444 341
1694635091226 0.7042134892023794 342
1694635091261 0.7125155649918542 343
1694635091291 0.700249090156758 344
1694635091323 0.6473130315236746 345
1694635091356 0.7341298150881082 346
1694635091386 0.7777005762088175 347
1694635091420 0.7289342438708952 348
1694635091453 0.6991650582662836 349
1694635091490 0.7515645877673479 350
1694635091523 0.7246367133554823 351
1694635091554 0.7840390883385581 352
1694635091585 0.7437990954121366 353
1694635091618 0.6773718480538571 354
1694635091650 0.7303636190636817 355
1694635091682 0.6855242626720718 356
1694635091716 0.7496369628445668 357
1694635091747 0.783664658494084 358
1694635091781 0.699066736003165 359
1694635091813 0.7750362916146333 360
1694635091846 0.7804412950923794 361
1694635091879 0.7135227972653779 362
1694635091912 0.7844723839615382 363
1694635091945 0.7639527057448545 364
1694635091980 0.7384895359848399 365
1694635092015 0.7563440030225441 366
1694635092048 0.8046972782306061 367
1694635092082 0.7761647901387805 368
1694635092115 0.7595222903556346 369
1694635092149 0.7304948949018916 370
1694635092186 0.6488522187398105 371
1694635092220 0.7552143592626167 372
1694635092254 0.7619856813317099 373
1694635092291 0.695709841298191 374
1694635092324 0.7557255347201159 375
1694635092357 0.7720951166499936 376
1694635092394 0.75760877508506 377
1694635092429 0.7400029118547702 378
1694635092467 0.7729932427899673 379
1694635092500 0.8046040669261622 380
1694635092531 0.7677378592564507 381
1694635092564 0.8028140628754448 382
1694635092596 0.7490797715132536 383
1694635092628 0.7622933919311803 384
1694635092662 0.6978112329309141 385
1694635092696 0.7602659387738685 386
1694635092728 0.7520866464560084 387
1694635092762 0.7292023700175554 388
1694635092794 0.7927694485192095 389
1694635092824 0.7819425030698767 390
1694635092858 0.8236927314633739 391
1694635092896 0.7657499211861428 392
1694635092932 0.8040008295410975 393
1694635092966 0.8061888849603513 394
1694635093003 0.7580631459908317 395
1694635093047 0.7132764979566283 396
1694635093088 0.7599529767824487 397
1694635093130 0.6929866162823038 398
1694635093177 0.7327853383591951 399
1694635093210 0.7916095293502549 400
1694635093242 0.8312058337453868 401
1694635093275 0.8089282477367465 402
1694635093307 0.790598960794808 403
1694635093341 0.8349534322580793 404
1694635093373 0.7940846294826678 405
1694635093405 0.810534963745532 406
1694635093438 0.7810159884524527 407
1694635093475 0.8071516728155013 408
1694635093507 0.7629476146739695 409
1694635093539 0.7847759182930467 410
1694635093573 0.8083171121218242 411
1694635093605 0.7912701554215646 412
1694635093638 0.8171321941467606 413
1694635093669 0.8530167545512266 414
1694635093701 0.7630965861748775 415
1694635093733 0.8162421548355401 416
1694635093768 0.7759517078219176 417
1694635093801 0.8059011540493137 418
1694635093836 0.7409637586732583 419
1694635093871 0.8325503882024408 420
1694635093916 0.7924420649481878 421
1694635093957 0.7966550327679142 422
1694635093991 0.7994825935047511 423
1694635094021 0.8382162256143556 424
1694635094054 0.8167636683730437 425
1694635094088 0.8364373328997224 426
1694635094121 0.8077414858526303 427
1694635094155 0.8317796480328883 428
1694635094187 0.8022176942136923 429
1694635094217 0.8441076085421908 430
1694635094249 0.8515858133699841 431
1694635094281 0.8197341528451312 432
1694635094312 0.7956324120592588 433
1694635094343 0.8282779054440965 434
1694635094374 0.8277095591398882 435
1694635094406 0.7836769534556488 436
1694635094438 0.8379727761075235 437
1694635094470 0.8492358394262025 438
1694635094507 0.8148935919855641 439
1694635094538 0.79651217593021 440
1694635094570 0.8503982816175513 441
1694635094602 0.8248343083909997 442
1694635094634 0.8493400005011109 443
1694635094669 0.838030371770776 444
1694635094704 0.8042752969493241 445
1694635094748 0.8222272346314214 446
1694635094783 0.7895107980236626 447
1694635094829 0.8097208265476981 448
1694635094877 0.8452978172758915 449
1694635094911 0.8455332601851345 450
1694635094945 0.8196103149076347 451
1694635094980 0.8242785378822924 452
1694635095012 0.8079114056228449 453
1694635095048 0.8482842120619654 454
1694635095079 0.8045893342222054 455
1694635095111 0.7745050446805707 456
1694635095144 0.8216116636537227 457
1694635095175 0.7948857044492234 458
1694635095207 0.8017951770274451 459
1694635095241 0.8063966379416038 460
1694635095277 0.8402189621046233 461
1694635095312 0.826736231698965 462
1694635095344 0.8153510246330811 463
1694635095378 0.7966439047352258 464
1694635095412 0.7739666744663438 465
1694635095450 0.7676990199497432 466
1694635095492 0.8306303506976442 467
1694635095548 0.7944228329948865 468
1694635095605 0.7885828807482835 469
1694635095665 0.8329808073337163 470
1694635095718 0.8307835687694056 471
1694635095770 0.8317520333756796 472
1694635095811 0.8503922707387002 473
1694635095853 0.8521252644110543 474
1694635095894 0.8350392957660078 475
1694635095935 0.8142920349684357 476
1694635095974 0.7733734386736557 477
1694635096020 0.8497450611124777 478
1694635096071 0.8077412834686414 479
1694635096109 0.8445063469671666 480
1694635096144 0.8216181886044468 481
1694635096179 0.8129345890169216 482
1694635096209 0.8046843581350664 483
1694635096241 0.8319972492781322 484
1694635096273 0.8347075456147377 485
1694635096303 0.8433847479866637 486
1694635096334 0.7338252734395658 487
1694635096366 0.8219905472511673 488
1694635096396 0.815891372374965 489
1694635096428 0.8676282951233523 490
1694635096457 0.8641764721314014 491
1694635096497 0.829490227864516 492
1694635096531 0.8127674811649189 493
1694635096565 0.8563259403649415 494
1694635096596 0.8189509633033913 495
1694635096627 0.8481874869386141 496
1694635096657 0.8093523034955243 497
1694635096688 0.8323040051448537 498
1694635096718 0.8608050576678795 499
1694635096749 0.7759108922598777 500
1694635096783 0.816043246779419 501
1694635096816 0.8405430327460353 502
1694635096850 0.8618770323427146 503
1694635096881 0.8388220377444942 504
1694635096911 0.731967342032223 505
1694635096941 0.8273826848621864 506
1694635096974 0.8610623097527261 507
1694635097005 0.8103007448618873 508
1694635097037 0.8347085481511272 509
1694635097069 0.8449408472005923 510
1694635097100 0.8496704600572724 511
1694635097131 0.8483820460002285 512
1694635097164 0.8546546452350814 513
1694635097197 0.7882495482343181 514
1694635097229 0.8276909007386565 515
1694635097265 0.853643635169893 516
1694635097298 0.8222877942440261 517
1694635097331 0.8278098148954447 518
1694635097380 0.8534879688578986 519
1694635097417 0.8217241731640261 520
1694635097453 0.8628607972387928 521
1694635097495 0.8077357962482574 522
1694635097529 0.7741994237723274 523
1694635097563 0.7466246402497672 524
1694635097594 0.8347258951223955 525
1694635097625 0.8196102881804226 526
1694635097659 0.8544636960048178 527
1694635097691 0.8623263799494405 528
1694635097723 0.8445949573695015 529
1694635097758 0.8540528003723468 530
1694635097791 0.8414091051716899 531
1694635097823 0.8683037704460107 532
1694635097857 0.830711325267599 533
1694635097891 0.8442619096829662 534
1694635097925 0.8246607016269808 535
1694635097959 0.8268088550557592 536
1694635097995 0.7769254717804597 537
1694635098028 0.766130362606904 538
1694635098062 0.8405743267654707 539
1694635098094 0.7883172405205698 540
1694635098128 0.8739807885576689 541
1694635098164 0.8162285583942991 542
1694635098196 0.8354995312705953 543
1694635098229 0.8267146910261585 544
1694635098261 0.8558691867387677 545
1694635098297 0.8553887986015258 546
1694635098329 0.8399323694907678 547
1694635098362 0.7748877983695752 548
1694635098395 0.812729093547865 549
1694635098428 0.8388496862045514 550
1694635098461 0.8326362656537826 551
1694635098497 0.8075790477715845 552
1694635098530 0.7664800323880978 553
1694635098562 0.8840283551068141 554
1694635098596 0.8333465375023623 555
1694635098629 0.7773760601553571 556
1694635098662 0.8651865252667074 557
1694635098696 0.8510617281272552 558
1694635098729 0.7978362680089149 559
1694635098763 0.7881940307632047 560
1694635098798 0.7889171219094046 561
1694635098832 0.8355555129333391 562
1694635098867 0.8468739593981254 563
1694635098903 0.8343625929113202 564
1694635098938 0.8315350579212593 565
1694635098973 0.8380596953448424 566
1694635099005 0.7987884055914778 567
1694635099042 0.8687455448805068 568
1694635099073 0.855393333067998 569
1694635099104 0.7911715043928834 570
1694635099138 0.8288829602453336 571
1694635099173 0.8142110934057208 572
1694635099206 0.7898731684021032 573
1694635099241 0.8453095151885138 574
1694635099275 0.7805098228837737 575
1694635099308 0.8502176126159122 576
1694635099340 0.8670912234727765 577
1694635099374 0.8654483066279355 578
1694635099406 0.8505415760678786 579
1694635099438 0.797804867596194 580
1694635099475 0.8617497603056509 581
1694635099508 0.812169118944875 582
1694635099540 0.818488556198132 583
1694635099573 0.864920837766287 584
1694635099604 0.8174373988267725 585
1694635099637 0.8356359030912504 586
1694635099671 0.808679390592655 587
1694635099703 0.8106164539424174 588
1694635099736 0.8642275277982694 589
1694635099771 0.8188896917479828 590
1694635099805 0.8543441941350607 591
1694635099839 0.785010015262354 592
1694635099871 0.8651306337895234 593
1694635099904 0.85873384704913 594
1694635099936 0.8441527009388432 595
1694635099970 0.8285342413589183 596
1694635100003 0.8152033460025682 597
1694635100036 0.8597797209882514 598
1694635100070 0.8052527282681924 599
1694635100102 0.8001054855824129 600
1694635100135 0.8305188826966696 601
1694635100170 0.8499046560941551 602
1694635100203 0.7732335730955923 603
1694635100236 0.8665782283587181 604
1694635100271 0.8390896760126814 605
1694635100304 0.8581849040215316 606
1694635100338 0.8057240604514795 607
1694635100373 0.8301813098695563 608
1694635100405 0.8203654292381811 609
1694635100439 0.8495356999135886 610
1694635100475 0.8532248827429847 611
1694635100509 0.8412092221727698 612
1694635100543 0.8234829415421234 613
1694635100574 0.8117421134360051 614
1694635100608 0.8026454470399984 615
1694635100641 0.8817927858543778 616
1694635100680 0.8511395634534057 617
1694635100713 0.8290390824579625 618
1694635100745 0.8358520199608531 619
1694635100779 0.8458761746891862 620
1694635100817 0.8547542546381645 621
1694635100853 0.8606836804777502 622
1694635100892 0.8536183173095879 623
1694635100937 0.7462218855829976 624
1694635100979 0.7564635256910122 625
1694635101032 0.8212776765273667 626
1694635101113 0.7694523991073468 627
1694635101163 0.8349795585585335 628
1694635101205 0.8388987350005682 629
1694635101238 0.8669524953478273 630
1694635101272 0.8653239425674906 631
1694635101317 0.853561225355022 632
1694635101369 0.8688449234040785 633
1694635101417 0.8359952973507657 634
1694635101469 0.859464503970752 635
1694635101528 0.8445703690327989 636
1694635101571 0.8389091888343084 637
1694635101617 0.839401088349037 638
1694635101660 0.8419761912975557 639
1694635101704 0.7932579965339931 640
1694635101742 0.8468310971722428 641
1694635101785 0.8214641304000543 642
1694635101825 0.8267754623231603 643
1694635101865 0.8404783123072532 644
1694635101905 0.8170953581928296 645
1694635101942 0.8412738717134626 646
1694635101985 0.8414363935323775 647
1694635102023 0.8520905457281254 648
1694635102066 0.7602237126056772 649
1694635102107 0.8259344096288679 650
1694635102147 0.8252150523358545 651
1694635102190 0.8285746717441693 652
1694635102228 0.8401396648258808 653
1694635102268 0.8355921901420211 654
1694635102311 0.8464768276786088 655
1694635102349 0.8154620690463478 656
1694635102387 0.8515981227105632 657
1694635102418 0.85039073053642 658
1694635102449 0.8023504700554903 659
1694635102484 0.858629606220816 660
1694635102515 0.8204007445885313 661
1694635102548 0.8359457464226805 662
1694635102579 0.8057564860553882 663
1694635102609 0.8629369058764274 664
1694635102641 0.8544498545024901 665
1694635102674 0.8506794481348252 666
1694635102707 0.8256808360472081 667
1694635102741 0.8255876513401703 668
1694635102774 0.845348792692146 669
1694635102807 0.8403152678739623 670
1694635102839 0.8296285212652068 671
1694635102870 0.8521863205957905 672
1694635102902 0.8641224259274064 673
1694635102937 0.8499567006650812 674
1694635102968 0.823678751916932 675
1694635103001 0.8341634677289949 676
1694635103033 0.8603785669370668 677
1694635103066 0.8376781033948115 678
1694635103098 0.7605861204634152 679
1694635103130 0.8481716168680515 680
1694635103162 0.8222291494393867 681
1694635103196 0.8793351650341562 682
1694635103229 0.8483133902449228 683
1694635103261 0.8537863542450264 684
1694635103296 0.8572814399087535 685
1694635103326 0.842038992791379 686
1694635103359 0.8467113436507762 687
1694635103394 0.8424138131543231 688
1694635103428 0.8219724873762779 689
1694635103462 0.8418041060837401 690
1694635103500 0.8412853329368544 691
1694635103531 0.8251916033929039 692
1694635103562 0.8325174164518826 693
1694635103596 0.8399394247482384 694
1694635103626 0.850047108963903 695
1694635103658 0.850097712088664 696
1694635103691 0.8460046626212236 697
1694635103723 0.847622492313439 698
1694635103754 0.8649121207370749 699
1694635103787 0.8155044358381021 700
1694635103819 0.8496377370371145 701
1694635103850 0.8166184825867636 702
1694635103881 0.8508583039636822 703
1694635103913 0.8038432577366461 704
1694635103945 0.8509148904586044 705
1694635103979 0.8375120017193667 706
1694635104011 0.8465546264262863 707
1694635104042 0.8246609805707408 708
1694635104077 0.8528080222188068 709
1694635104111 0.7901658132952347 710
1694635104142 0.8267483507305015 711
1694635104174 0.8495545191270605 712
1694635104206 0.8658834592148983 713
1694635104240 0.7909428389972066 714
1694635104273 0.8506688830391207 715
1694635104306 0.8229759655916183 716
1694635104339 0.8585305797411922 717
1694635104372 0.8240426757011935 718
1694635104405 0.8459846667723019 719
1694635104436 0.8491892621673444 720
1694635104469 0.816671004046177 721
1694635104501 0.8544083759458497 722
1694635104533 0.8424002668210226 723
1694635104567 0.8607505539922524 724
1694635104606 0.8011489174484581 725
1694635104643 0.838706962801625 726
1694635104681 0.7546546081704485 727
1694635104713 0.8318828381740294 728
1694635104746 0.8146568469859605 729
1694635104779 0.8288270964684266 730
1694635104816 0.8089704987773282 731
1694635104850 0.8546169206809087 732
1694635104885 0.8496242018262308 733
1694635104923 0.8480836177574329 734
1694635104966 0.8174194247580295 735
1694635105004 0.8819485890772323 736
1694635105045 0.8133817102034264 737
1694635105080 0.8286448857487461 738
1694635105115 0.8468166646491979 739
1694635105151 0.8282197073548991 740
1694635105188 0.8682215950516242 741
1694635105221 0.8522543775510749 742
1694635105254 0.845911328702251 743
1694635105287 0.8276238420589015 744
1694635105319 0.8226701785032654 745
1694635105349 0.8169865113697834 746
1694635105380 0.815030854477259 747
1694635105413 0.8248452320820386 748
1694635105443 0.8059685586128389 749
1694635105474 0.8293030704513213 750
1694635105507 0.8372068593719711 751
1694635105540 0.8262360619023771 752
1694635105573 0.8521579771792347 753
1694635105607 0.8528966712786135 754
1694635105640 0.8450696125197666 755
1694635105671 0.7856284243880327 756
1694635105704 0.8455159912941658 757
1694635105737 0.8151482879105392 758
1694635105771 0.8494670363350385 759
1694635105805 0.8509121836489314 760
1694635105839 0.8357675182885667 761
1694635105869 0.7969513259490079 762
1694635105904 0.8092154750685312 763
1694635105936 0.8351750220472058 764
1694635105967 0.835652954959463 765
1694635105999 0.8422490668871658 766
1694635106031 0.858907880954786 767
1694635106066 0.8413957590665841 768
1694635106098 0.8179054480606718 769
1694635106135 0.8105749001994413 770
1694635106172 0.843841545826534 771
1694635106207 0.8328177711341924 772
1694635106238 0.8428229206771691 773
1694635106270 0.8165449316274874 774
1694635106303 0.8378162867480391 775
1694635106334 0.8677910669813501 776
1694635106365 0.8046326565556782 777
1694635106398 0.8291634700278658 778
1694635106432 0.8388971519597377 779
1694635106463 0.8156724616004101 780
1694635106500 0.7465349770401287 781
1694635106532 0.8603997506082343 782
1694635106566 0.8276140300230911 783
1694635106599 0.8122710174230136 784
1694635106632 0.8643349281596908 785
1694635106665 0.8498837139277938 786
1694635106697 0.8573644728505149 787
1694635106729 0.8500045643405095 788
1694635106762 0.8235847541507383 789
1694635106795 0.8287673370517652 790
1694635106829 0.7911185969856438 791
1694635106862 0.8230433511423222 792
1694635106895 0.8025871605210106 793
1694635106929 0.8521819066954092 794
1694635106961 0.7816751501848088 795
1694635106994 0.843181747704341 796
1694635107029 0.8162204203749945 797
1694635107063 0.8145330071666494 798
1694635107095 0.8143844628469104 799
1694635107128 0.8586617553289273 800
1694635107160 0.8469719167879011 801
1694635107197 0.864775010825759 802
1694635107232 0.8563043653455688 803
1694635107264 0.8455099280880032 804
1694635107296 0.8478626748086653 805
1694635107328 0.8128697449946669 806
1694635107358 0.8173217156840603 807
1694635107390 0.8467983726385537 808
1694635107422 0.7983565376653654 809
1694635107453 0.8448565352487012 810
1694635107489 0.8445305678413377 811
1694635107521 0.8295867085211297 812
1694635107553 0.8532845314682935 813
1694635107588 0.8509462198463339 814
1694635107623 0.8557726577354094 815
1694635107656 0.8183402848749897 816
1694635107691 0.7929742691758226 817
1694635107728 0.8154131371579288 818
1694635107761 0.8785751256219033 819
1694635107795 0.8631178159461041 820
1694635107830 0.8377226173562586 821
1694635107864 0.8230722358600822 822
1694635107901 0.8493633166823421 823
1694635107935 0.8522002457168891 824
1694635107969 0.8209412098475352 825
1694635108005 0.8390666463137066 826
1694635108040 0.8499104340964729 827
1694635108076 0.8621058479538997 828
1694635108118 0.8539763993682641 829
1694635108164 0.7592758684647545 830
1694635108214 0.7652006891088814 831
1694635108262 0.8513548600339338 832
1694635108301 0.8413252571230693 833
1694635108334 0.8531408373478301 834
1694635108365 0.8229465254510747 835
1694635108397 0.8435915128116239 836
1694635108429 0.8325515225064262 837
1694635108461 0.8613855803498199 838
1694635108497 0.826180436035369 839
1694635108529 0.8721726622123627 840
1694635108561 0.8375122135727406 841
1694635108591 0.857171528677364 842
1694635108628 0.8121499906294668 843
1694635108659 0.8475794822 844
1694635108693 0.8572427928523123 845
1694635108728 0.7915092223347435 846
1694635108776 0.7938781175212819 847
1694635108819 0.8244002675155007 848
1694635108876 0.8710675357421342 849
1694635108921 0.8552538514396347 850
1694635108986 0.7827202587454527 851
1694635109026 0.8265914968620118 852
1694635109063 0.7671042484590821 853
1694635109094 0.8666971657212299 854
1694635109124 0.8338932140644505 855
1694635109156 0.8736581462114643 856
1694635109189 0.8387051589707222 857
1694635109222 0.859785178107433 858
1694635109254 0.8247909523843352 859
1694635109286 0.877573033049857 860
1694635109318 0.8517811720232197 861
1694635109353 0.8427793193787053 862
1694635109384 0.8058518857935189 863
1694635109416 0.8143226245581898 864
1694635109448 0.8212564648821679 865
1694635109483 0.8199003620364473 866
1694635109515 0.8493137215333112 867
1694635109545 0.8464139931120547 868
1694635109579 0.8251751176743275 869
1694635109614 0.8409145790595164 870
1694635109653 0.850862953885112 871
1694635109689 0.8307029388673381 872
1694635109724 0.7994908567165941 873
1694635109764 0.8493858382095976 874
1694635109796 0.8453996257694668 875
1694635109828 0.8414899455906386 876
1694635109863 0.8598007002441312 877
1694635109895 0.8577564368247981 878
1694635109926 0.8511182504771306 879
1694635109958 0.8595698506906484 880
1694635109992 0.8409943733004528 881
1694635110026 0.8730031101227682 882
1694635110062 0.8185521002920797 883
1694635110096 0.7947527703735658 884
1694635110125 0.8658514747137044 885
1694635110159 0.8425171506119922 886
1694635110193 0.8545060981002239 887
1694635110228 0.8392363859350156 888
1694635110263 0.8222459189915727 889
1694635110297 0.8134056019150065 890
1694635110332 0.8514095299141141 891
1694635110368 0.8300865192359852 892
1694635110403 0.8349989645322705 893
1694635110435 0.8264324327397724 894
1694635110470 0.7853604146172288 895
1694635110505 0.8422104738445745 896
1694635110539 0.8791107249044882 897
1694635110572 0.8696137256553369 898
1694635110606 0.8275197440373394 899
1694635110639 0.7900012055919239 900
1694635110670 0.8304297018157053 901
1694635110704 0.8606630468767704 902
1694635110735 0.8569755528937861 903
1694635110768 0.8508576251351416 904
1694635110800 0.7752978123004663 905
1694635110833 0.782758299926811 906
1694635110869 0.8818478645797735 907
1694635110902 0.8442356647911816 908
1694635110933 0.79673189090154 909
1694635110966 0.8432505557364132 910
1694635110998 0.836362601991196 911
1694635111031 0.7754544662842269 912
1694635111065 0.8351666579504786 913
1694635111097 0.8499613924223206 914
1694635111130 0.8634385726968501 915
1694635111166 0.858884655602411 916
1694635111198 0.8555876655936935 917
1694635111232 0.8316992761941657 918
1694635111265 0.8660447223756219 919
1694635111300 0.8196792987976331 920
1694635111333 0.8567522472989222 921
1694635111365 0.8491364572618996 922
1694635111398 0.8560732922817302 923
1694635111432 0.8368963552618911 924
1694635111464 0.7878483907900848 925
1694635111500 0.8164732166696045 926
1694635111533 0.8677060005476479 927
1694635111568 0.8071381968849318 928
1694635111604 0.829839402763489 929
1694635111648 0.8357878960642401 930
1694635111693 0.7799734873798341 931
1694635111732 0.8410297922404562 932
1694635111766 0.8349331442984567 933
1694635111817 0.8250088194190054 934
1694635111862 0.7873739144569996 935
1694635111914 0.840668017844796 936
1694635111957 0.8860509543044669 937
1694635111995 0.8630893455330726 938
1694635112034 0.8422657627688339 939
1694635112077 0.8561806829138889 940
1694635112122 0.8488128516428274 941
1694635112179 0.866708746821856 942
1694635112236 0.8119319366115562 943
1694635112284 0.8618649427182947 944
1694635112346 0.8691542825329714 945
1694635112404 0.8440157294150712 946
1694635112462 0.873327458257396 947
1694635112524 0.8324688151779809 948
1694635112581 0.8315343747642268 949
1694635112642 0.8220550023303886 950
1694635112702 0.8585932637186744 951
1694635112774 0.8108231418435763 952
1694635112826 0.825516867023594 953
1694635112883 0.839612710825426 954
1694635112933 0.8618852357402444 955
1694635112998 0.8322357472991787 956
1694635113052 0.8468849753295585 957
1694635113096 0.8487630121951787 958
1694635113131 0.857004012369168 959
1694635113164 0.8381422085387173 960
1694635113195 0.8334274477791073 961
1694635113230 0.827864400590727 962
1694635113263 0.8596362800367436 963
1694635113298 0.8236785724741564 964
1694635113333 0.8128071587124773 965
1694635113366 0.8141476859982044 966
1694635113399 0.8019413563285097 967
1694635113434 0.8446557973031146 968
1694635113468 0.8338525047547429 969
1694635113504 0.8816894458751241 970
1694635113539 0.8429658551687362 971
1694635113573 0.8453261527163649 972
1694635113606 0.8122632738703409 973
1694635113639 0.8488429774059276 974
1694635113676 0.8312606865820331 975
1694635113709 0.8299391799464853 976
1694635113743 0.8612943998984965 977
1694635113780 0.8238793301715042 978
1694635113812 0.842930994308162 979
1694635113847 0.8012395528609508 980
1694635113881 0.8427077539481436 981
1694635113915 0.8340284434138489 982
1694635113946 0.8426594712826847 983
1694635113978 0.7856069969522108 984
1694635114011 0.7938799643705096 985
1694635114043 0.860285737364274 986
1694635114074 0.8193357093358097 987
1694635114106 0.8459235697141263 988
1694635114143 0.8401457592207231 989
1694635114179 0.8568457599426316 990
1694635114210 0.86786648067617 991
1694635114243 0.869197385111088 992
1694635114278 0.8338507859605638 993
1694635114314 0.8456203973207654 994
1694635114351 0.8192408589306417 995
1694635114388 0.8734809687784958 996
1694635114420 0.8533285702319564 997
1694635114453 0.8355158704488416 998
1694635114490 0.8249843109017866 999
