1694631130414 -0.0021527748793273016 0
1694631130446 -0.001762157947050591 1
1694631130484 -0.0006778705314554045 2
1694631130517 -0.0007452879115734667 3
1694631130551 0.00048238841465131355 4
1694631130584 0.00142790484808053 5
1694631130620 0.003207700947176484 6
1694631130662 0.006524735365431189 7
1694631130700 0.007490471437081037 8
1694631130732 0.009851041391776616 9
1694631130763 0.015230102205137652 10
1694631130798 0.01592300078722997 11
1694631130831 0.02708000326021731 12
1694631130865 0.03565179474746494 13
1694631130903 0.04480823233080755 14
1694631130938 0.04485876784869258 15
1694631130972 0.04715703020968853 16
1694631131005 0.05124832512881605 17
1694631131038 0.06766853892660718 18
1694631131069 0.08466186642236817 19
1694631131103 0.10168730067850029 20
1694631131137 0.12314355191707926 21
1694631131170 0.11118240858237272 22
1694631131202 0.1456971237750584 23
1694631131235 0.14636357079420637 24
1694631131264 0.18525174901117558 25
1694631131299 0.16143204835400982 26
1694631131332 0.19143921350374082 27
1694631131362 0.1733278311921469 28
1694631131394 0.2043959382479118 29
1694631131427 0.241147037373052 30
1694631131460 0.2329969871265365 31
1694631131493 0.2669739374102911 32
1694631131525 0.2447158913383103 33
1694631131558 0.268077993660673 34
1694631131587 0.28957239612391394 35
1694631131623 0.31303299130218243 36
1694631131655 0.30245361320553 37
1694631131688 0.31547492449091585 38
1694631131720 0.31384622217475067 39
1694631131752 0.3156347106392825 40
1694631131783 0.2798864078007861 41
1694631131819 0.3480056434667079 42
1694631131851 0.3455566929747347 43
1694631131883 0.33631251942284446 44
1694631131914 0.3055232737969513 45
1694631131947 0.32411088200084137 46
1694631131982 0.3510741439833899 47
1694631132014 0.33396239845707987 48
1694631132045 0.34011942837102016 49
1694631132075 0.3701138365599441 50
1694631132107 0.3800065199616943 51
1694631132141 0.3568135216978916 52
1694631132175 0.3831683010417576 53
1694631132211 0.37146592991743443 54
1694631132242 0.363692151004096 55
1694631132275 0.3897640593267623 56
1694631132309 0.3898987693283621 57
1694631132343 0.29660904236994434 58
1694631132376 0.4119325005415334 59
1694631132409 0.4427875183731036 60
1694631132443 0.3864645918447214 61
1694631132474 0.37891672570146473 62
1694631132507 0.4208016635152083 63
1694631132540 0.3885753790457588 64
1694631132573 0.37507672434846284 65
1694631132604 0.3894955071895807 66
1694631132636 0.4190471298075056 67
1694631132668 0.33934677808804214 68
1694631132698 0.4222835528441229 69
1694631132733 0.33896608413744833 70
1694631132766 0.3444092336489222 71
1694631132797 0.33577460071692833 72
1694631132832 0.4242469669337732 73
1694631132866 0.41049771441837735 74
1694631132897 0.3002280722095978 75
1694631132932 0.40566516090088944 76
1694631132966 0.41497911503723206 77
1694631133000 0.3573876839461727 78
1694631133034 0.3834820242582191 79
1694631133067 0.3970896742323575 80
1694631133101 0.40212467057595525 81
1694631133133 0.3142455264964297 82
1694631133163 0.36176291398919935 83
1694631133196 0.40195608619368484 84
1694631133231 0.4417678348370957 85
1694631133264 0.36994733059089724 86
1694631133296 0.4397205065677934 87
1694631133333 0.37964468807435525 88
1694631133365 0.39872393125167416 89
1694631133395 0.42415718941647573 90
1694631133429 0.333354852091294 91
1694631133460 0.4099604106188084 92
1694631133496 0.42700751656257185 93
1694631133528 0.388347915890897 94
1694631133562 0.3699568034838019 95
1694631133596 0.39215246749493626 96
1694631133629 0.36531079578868986 97
1694631133663 0.4110342783061469 98
1694631133693 0.3958613078902291 99
1694631133725 0.40865210992842016 100
1694631133759 0.4291271247484033 101
1694631133790 0.39620551466497833 102
1694631133824 0.3408971188243979 103
1694631133856 0.37259930236327643 104
1694631133887 0.3935966545693539 105
1694631133918 0.3485161856463109 106
1694631133951 0.38840051865377045 107
1694631133985 0.39958334729439116 108
1694631134020 0.38516096781731946 109
1694631134050 0.3843182582489033 110
1694631134082 0.4051357631787812 111
1694631134112 0.3427668835793066 112
1694631134147 0.3799700393968569 113
1694631134179 0.3580987936233375 114
1694631134210 0.3906302094757258 115
1694631134242 0.39776142547578475 116
1694631134276 0.3566787013709305 117
1694631134308 0.3749139554359595 118
1694631134347 0.4298392377450482 119
1694631134379 0.37927647202858994 120
1694631134410 0.39373223798991286 121
1694631134445 0.38962601151251897 122
1694631134480 0.36282527185974045 123
1694631134519 0.3964284107474739 124
1694631134553 0.3712377591764039 125
1694631134585 0.3955959382343387 126
1694631134619 0.3793940506103781 127
1694631134651 0.4199638194105133 128
1694631134683 0.39993839034866896 129
1694631134714 0.4100508858747679 130
1694631134749 0.3186718896795465 131
1694631134782 0.39569355206190726 132
1694631134815 0.4289776806462864 133
1694631134851 0.43077334695955405 134
