1694636039187 178.7121367754556 0
1694636039234 178.67639044030884 1
1694636039281 178.64065126265294 2
1694636039338 178.6049192410534 3
1694636039386 178.56919437407612 4
1694636039452 178.53347666028716 5
1694636039558 178.49776609825295 6
1694636039614 178.46206268654015 7
1694636039665 178.42636642371573 8
1694636039723 178.390677308347 9
1694636039772 178.35499533900145 10
1694636039822 178.31932051424698 11
1694636039866 178.28365283265168 12
1694636039924 178.24799229278398 13
1694636039969 178.21233889321257 14
1694636040034 178.17669263250644 15
1694636040084 178.1410535092349 16
1694636040140 178.10542152196746 17
1694636040183 178.06979666927398 18
1694636040242 178.03417894972463 19
1694636040299 177.99856836188982 20
1694636040384 177.96296490434028 21
1694636040450 177.92736857564694 22
1694636040501 177.89177937438114 23
1694636040556 177.85619729911448 24
1694636040603 177.8206223484188 25
1694636040655 177.78505452086617 26
1694636040703 177.74949381502913 27
1694636040765 177.7139402294803 28
1694636040815 177.67839376279278 29
1694636040865 177.6428544135398 30
1694636040910 177.60732218029494 31
1694636040967 177.57179706163214 32
1694636041004 177.5362790561254 33
1694636041052 177.50076816234935 34
1694636041091 177.46526437887854 35
1694636041141 177.42976770428805 36
1694636041185 177.3942781371532 37
1694636041252 177.35879567604957 38
1694636041306 177.32332031955298 39
1694636041357 177.28785206623962 40
1694636041403 177.2523909146859 41
1694636041446 177.21693686346856 42
1694636041492 177.18148991116462 43
1694636041548 177.14605005635138 44
1694636041597 177.1106172976064 45
1694636041648 177.07519163350756 46
1694636041698 177.03977306263303 47
1694636041756 177.0043615835612 48
1694636041803 176.96895719487082 49
1694636041875 176.93355989514092 50
1694636041938 176.89816968295077 51
1694636041987 176.86278655687994 52
1694636042049 176.82741051550835 53
1694636042092 176.79204155741607 54
1694636042140 176.75667968118356 55
1694636042182 176.7213248853916 56
1694636042242 176.6859771686211 57
1694636042289 176.6506365294534 58
1694636042336 176.61530296647007 59
1694636042384 176.57997647825297 60
1694636042438 176.54465706338428 61
1694636042489 176.50934472044636 62
1694636042538 176.47403944802195 63
1694636042589 176.43874124469406 64
1694636042638 176.40345010904596 65
1694636042691 176.36816603966122 66
1694636042754 176.33288903512366 67
1694636042809 176.29761909401748 68
1694636042858 176.262356214927 69
1694636042908 176.22710039643704 70
1694636042954 176.19185163713252 71
1694636043008 176.15660993559868 72
1694636043074 176.12137529042116 73
1694636043133 176.08614770018573 74
1694636043198 176.05092716347855 75
1694636043243 176.01571367888602 76
1694636043292 175.98050724499478 77
1694636043372 175.94530786039192 78
1694636043488 175.91011552366456 79
1694636043555 175.87493023340036 80
1694636043603 175.83975198818706 81
1694636043650 175.8045807866128 82
1694636043717 175.769416627266 83
1694636043771 175.73425950873528 84
1694636043833 175.6991094296096 85
1694636043898 175.6639663884783 86
1694636043959 175.62883038393076 87
1694636044033 175.59370141455688 88
1694636044088 175.55857947894674 89
1694636044136 175.5234645756907 90
1694636044188 175.48835670337942 91
1694636044241 175.45325586060383 92
1694636044290 175.4181620459552 93
1694636044356 175.38307525802497 94
1694636044406 175.34799549540494 95
1694636044452 175.31292275668721 96
1694636044522 175.27785704046417 97
1694636044573 175.24279834532837 98
1694636044621 175.20774666987276 99
1694636044671 175.17270201269054 100
1694636044727 175.1376643723752 101
1694636044791 175.10263374752054 102
1694636044839 175.06761013672056 103
1694636044891 175.03259353856964 104
1694636044936 174.99758395166228 105
1694636044989 174.9625813745935 106
1694636045041 174.92758580595842 107
1694636045107 174.8925972443525 108
1694636045173 174.8576156883715 109
1694636045227 174.82264113661142 110
1694636045302 174.7876735876686 111
1694636045350 174.75271304013955 112
1694636045409 174.7177594926212 113
1694636045475 174.6828129437107 114
1694636045532 174.6478733920055 115
1694636045585 174.6129408361032 116
1694636045633 174.57801527460194 117
1694636045687 174.5430967060999 118
1694636045736 174.50818512919568 119
1694636045786 174.4732805424881 120
1694636045833 174.43838294457626 121
1694636045886 174.40349233405962 122
1694636045940 174.3686087095378 123
1694636046005 174.3337320696108 124
1694636046058 174.29886241287883 125
1694636046108 174.26399973794247 126
1694636046157 174.2291440434025 127
1694636046208 174.19429532785998 128
1694636046274 174.15945358991627 129
1694636046333 174.12461882817306 130
1694636046390 174.08979104123225 131
1694636046439 174.05497022769606 132
1694636046515 174.020156386167 133
1694636046581 173.9853495152478 134
1694636046626 173.95054961354157 135
1694636046676 173.9157566796516 136
1694636046732 173.88097071218147 137
1694636046778 173.8461917097351 138
1694636046838 173.81141967091673 139
1694636046923 173.7766545943307 140
1694636046978 173.74189647858185 141
1694636047030 173.7071453222751 142
1694636047076 173.67240112401575 143
1694636047135 173.63766388240944 144
1694636047186 173.60293359606197 145
1694636047232 173.5682102635795 146
1694636047291 173.5334938835684 147
1694636047356 173.49878445463543 148
1694636047424 173.4640819753875 149
1694636047482 173.42938644443188 150
1694636047548 173.39469786037608 151
1694636047622 173.360016221828 152
1694636047677 173.3253415273956 153
1694636047725 173.29067377568734 154
1694636047773 173.25601296531184 155
1694636047821 173.221359094878 156
1694636047873 173.18671216299506 157
1694636047923 173.15207216827255 158
1694636047975 173.11743910932015 159
1694636048027 173.08281298474793 160
1694636048077 173.04819379316626 161
1694636048131 173.01358153318566 162
1694636048187 172.9789762034171 163
1694636048242 172.94437780247165 164
1694636048300 172.90978632896082 165
1694636048375 172.87520178149632 166
1694636048447 172.8406241586901 167
1694636048500 172.80605345915447 168
1694636048548 172.77148968150198 169
1694636048592 172.73693282434544 170
1694636048651 172.702382886298 171
1694636048709 172.66783986597298 172
1694636048758 172.63330376198414 173
1694636048823 172.59877457294536 174
1694636048874 172.5642522974709 175
1694636048925 172.52973693417522 176
1694636048974 172.4952284816731 177
1694636049019 172.46072693857965 178
1694636049059 172.42623230351018 179
1694636049123 172.39174457508028 180
1694636049198 172.35726375190586 181
1694636049264 172.3227898326031 182
1694636049320 172.2883228157884 183
1694636049366 172.25386270007857 184
1694636049407 172.2194094840905 185
1694636049509 172.18496316644158 186
1694636049591 172.15052374574933 187
1694636049665 172.11609122063152 188
1694636049739 172.08166558970638 189
1694636049807 172.04724685159218 190
1694636049864 172.01283500490766 191
1694636049925 171.97843004827175 192
1694636049998 171.9440319803037 193
1694636050050 171.90964079962293 194
1694636050104 171.87525650484926 195
1694636050161 171.84087909460277 196
1694636050221 171.80650856750378 197
1694636050273 171.77214492217286 198
1694636050327 171.73778815723094 199
1694636050403 171.70343827129912 200
1694636050466 171.6690952629989 201
1694636050543 171.63475913095195 202
1694636050607 171.60042987378026 203
1694636050653 171.56610749010616 204
1694636050702 171.53179197855212 205
1694636050741 171.49748333774102 206
1694636050783 171.46318156629587 207
1694636050837 171.42888666284014 208
1694636050907 171.39459862599742 209
1694636050975 171.3603174543917 210
1694636051024 171.32604314664707 211
1694636051066 171.2917757013881 212
1694636051121 171.2575151172395 213
1694636051173 171.22326139282632 214
1694636051235 171.18901452677386 215
1694636051307 171.1547745177077 216
1694636051372 171.12054136425374 217
1694636051436 171.08631506503804 218
1694636051498 171.05209561868708 219
1694636051543 171.01788302382747 220
1694636051589 170.9836772790862 221
1694636051633 170.94947838309056 222
1694636051683 170.91528633446802 223
1694636051725 170.8811011318463 224
1694636051782 170.8469227738536 225
1694636051866 170.81275125911813 226
1694636051972 170.7785865862686 227
1694636052036 170.74442875393385 228
1694636052088 170.71027776074305 229
1694636052153 170.67613360532562 230
1694636052206 170.6419962863113 231
1694636052269 170.6078658023301 232
1694636052316 170.57374215201227 233
1694636052365 170.53962533398828 234
1694636052415 170.50551534688907 235
1694636052474 170.4714121893456 236
1694636052551 170.43731585998933 237
1694636052606 170.40322635745184 238
1694636052669 170.3691436803651 239
1694636052722 170.33506782736123 240
1694636052779 170.30099879707277 241
1694636052832 170.26693658813235 242
1694636052884 170.23288119917308 243
1694636052935 170.19883262882817 244
1694636052988 170.16479087573126 245
1694636053041 170.13075593851613 246
1694636053099 170.09672781581688 247
1694636053164 170.06270650626792 248
1694636053213 170.0286920085039 249
1694636053267 169.99468432115975 250
1694636053315 169.96068344287067 251
1694636053370 169.92668937227214 252
1694636053431 169.89270210799992 253
1694636053507 169.85872164869002 254
1694636053568 169.82474799297876 255
1694636053625 169.79078113950268 256
1694636053686 169.75682108689867 257
1694636053740 169.72286783380383 258
1694636053824 169.68892137885553 259
1694636053887 169.6549817206915 260
1694636053940 169.6210488579496 261
1694636053985 169.5871227892681 262
1694636054036 169.5532035132855 263
1694636054084 169.5192910286405 264
1694636054139 169.48538533397223 265
1694636054189 169.45148642791992 266
1694636054242 169.41759430912313 267
1694636054304 169.3837089762218 268
1694636054370 169.34983042785598 269
1694636054426 169.3159586626661 270
1694636054474 169.28209367929284 271
1694636054521 169.24823547637715 272
1694636054564 169.21438405256023 273
1694636054632 169.18053940648358 274
1694636054685 169.14670153678895 275
1694636054742 169.1128704421184 276
1694636054810 169.0790461211142 277
1694636054860 169.045228572419 278
1694636054921 169.0114177946756 279
1694636054971 168.97761378652712 280
1694636055009 168.94381654661697 281
1694636055058 168.91002607358885 282
1694636055106 168.87624236608667 283
1694636055155 168.84246542275466 284
1694636055201 168.8086952422373 285
1694636055249 168.77493182317934 286
1694636055299 168.74117516422584 287
1694636055350 168.70742526402208 288
1694636055400 168.67368212121363 289
1694636055449 168.63994573444634 290
1694636055499 168.60621610236637 291
1694636055549 168.57249322362006 292
1694636055606 168.53877709685406 293
1694636055654 168.50506772071537 294
1694636055704 168.47136509385118 295
1694636055756 168.43766921490894 296
1694636055802 168.40398008253638 297
1694636055849 168.37029769538154 298
1694636055889 168.33662205209274 299
1694636055936 168.3029531513185 300
1694636055975 168.2692909917077 301
1694636056023 168.23563557190937 302
1694636056075 168.20198689057295 303
1694636056117 168.16834494634807 304
1694636056174 168.1347097378847 305
1694636056227 168.10108126383292 306
1694636056281 168.06745952284325 307
1694636056338 168.03384451356646 308
1694636056387 168.00023623465347 309
1694636056440 167.9666346847556 310
1694636056504 167.9330398625244 311
1694636056574 167.8994517666117 312
1694636056620 167.8658703956695 313
1694636056674 167.83229574835025 314
1694636056716 167.7987278233065 315
1694636056764 167.7651666191912 316
1694636056826 167.7316121346575 317
1694636056942 167.6980643683588 318
1694636057032 167.6645233189489 319
1694636057093 167.6309889850817 320
1694636057141 167.59746136541145 321
1694636057192 167.5639404585927 322
1694636057242 167.5304262632802 323
1694636057303 167.49691877812904 324
1694636057355 167.46341800179454 325
1694636057401 167.42992393293224 326
1694636057443 167.39643657019812 327
1694636057498 167.36295591224825 328
1694636057550 167.32948195773903 329
1694636057599 167.29601470532714 330
1694636057654 167.26255415366953 331
1694636057707 167.22910030142347 332
1694636057770 167.19565314724633 333
1694636057835 167.16221268979595 334
1694636057889 167.12877892773037 335
1694636057948 167.0953518597078 336
1694636057999 167.06193148438686 337
1694636058050 167.02851780042636 338
1694636058116 166.99511080648546 339
1694636058172 166.96171050122342 340
1694636058223 166.9283168833 341
1694636058289 166.894929951375 342
1694636058341 166.86154970410863 343
1694636058390 166.8281761401614 344
1694636058441 166.79480925819394 345
1694636058498 166.7614490568673 346
1694636058544 166.72809553484265 347
1694636058593 166.6947486907816 348
1694636058664 166.6614085233459 349
1694636058721 166.6280750311976 350
1694636058792 166.594748212999 351
1694636058841 166.56142806741278 352
1694636058908 166.52811459310175 353
1694636058958 166.49480778872905 354
1694636059015 166.46150765295806 355
1694636059068 166.42821418445243 356
1694636059117 166.3949273818762 357
1694636059167 166.3616472438935 358
1694636059224 166.32837376916876 359
1694636059285 166.2951069563668 360
1694636059360 166.26184680415258 361
1694636059436 166.22859331119142 362
1694636059499 166.1953464761488 363
1694636059583 166.16210629769066 364
1694636059629 166.12887277448291 365
1694636059690 166.09564590519204 366
1694636059754 166.06242568848458 367
1694636059823 166.02921212302743 368
1694636059870 165.9960052074878 369
1694636059917 165.962804940533 370
1694636059964 165.92961132083082 371
1694636060010 165.89642434704916 372
1694636060073 165.86324401785626 373
1694636060124 165.83007033192058 374
1694636060202 165.7969032879109 375
1694636060253 165.76374288449625 376
1694636060303 165.73058912034588 377
1694636060343 165.6974419941294 378
1694636060388 165.66430150451657 379
1694636060452 165.63116765017753 380
1694636060541 165.59804042978266 381
1694636060615 165.56491984200255 382
1694636060667 165.53180588550802 383
1694636060720 165.49869855897037 384
1694636060771 165.4655978610609 385
1694636060842 165.4325037904514 386
1694636060908 165.3994163458138 387
1694636060958 165.3663355258202 388
1694636061010 165.33326132914328 389
1694636061085 165.3001937544557 390
1694636061158 165.26713280043052 391
1694636061240 165.23407846574096 392
1694636061291 165.20103074906066 393
1694636061341 165.16798964906337 394
1694636061389 165.13495516442325 395
1694636061440 165.10192729381458 396
1694636061509 165.06890603591205 397
1694636061557 165.03589138939049 398
1694636061609 165.00288335292515 399
1694636061664 164.96988192519132 400
1694636061721 164.93688710486475 401
1694636061782 164.90389889062138 402
1694636061851 164.87091728113742 403
1694636061907 164.8379422750894 404
1694636061959 164.80497387115398 405
1694636062016 164.77201206800825 406
1694636062070 164.73905686432946 407
1694636062124 164.70610825879515 408
1694636062179 164.6731662500831 409
1694636062239 164.64023083687147 410
1694636062302 164.60730201783852 411
1694636062351 164.5743797916629 412
1694636062403 164.54146415702343 413
1694636062457 164.5085551125993 414
1694636062510 164.4756526570699 415
1694636062557 164.44275678911487 416
1694636062609 164.40986750741413 417
1694636062666 164.37698481064794 418
1694636062722 164.34410869749672 419
1694636062773 164.31123916664117 420
1694636062832 164.27837621676233 421
1694636062884 164.2455198465414 422
1694636062950 164.21267005465995 423
1694636062999 164.17982683979977 424
1694636063050 164.14699020064285 425
1694636063100 164.11416013587151 426
1694636063168 164.08133664416843 427
1694636063225 164.0485197242163 428
1694636063273 164.01570937469833 429
1694636063322 163.9829055942979 430
1694636063385 163.95010838169856 431
1694636063440 163.91731773558428 432
1694636063498 163.8845336546392 433
1694636063558 163.85175613754774 434
1694636063626 163.8189851829946 435
1694636063690 163.78622078966472 436
1694636063748 163.75346295624334 437
1694636063802 163.72071168141596 438
1694636063857 163.68796696386826 439
1694636063923 163.65522880228633 440
1694636063974 163.6224971953564 441
1694636064023 163.589772141765 442
1694636064073 163.55705364019897 443
1694636064120 163.52434168934533 444
1694636064171 163.49163628789142 445
1694636064219 163.45893743452487 446
1694636064266 163.4262451279335 447
1694636064318 163.39355936680545 448
1694636064360 163.3608801498291 449
1694636064404 163.32820747569303 450
1694636064452 163.29554134308623 451
1694636064504 163.2628817506979 452
1694636064553 163.23022869721734 453
1694636064602 163.19758218133435 454
1694636064645 163.16494220173888 455
1694636064689 163.13230875712114 456
1694636064733 163.09968184617162 457
1694636064783 163.06706146758106 458
1694636064837 163.03444762004048 459
1694636064888 163.00184030224116 460
1694636064940 162.96923951287462 461
1694636064994 162.9366452506327 462
1694636065052 162.9040575142074 463
1694636065105 162.8714763022911 464
1694636065167 162.83890161357635 465
1694636065227 162.80633344675599 466
1694636065291 162.7737718005232 467
1694636065342 162.74121667357133 468
1694636065390 162.70866806459395 469
1694636065457 162.67612597228506 470
1694636065540 162.64359039533872 471
1694636065594 162.61106133244945 472
1694636065638 162.57853878231185 473
1694636065692 162.5460227436209 474
1694636065743 162.51351321507187 475
1694636065791 162.4810101953601 476
1694636065843 162.44851368318143 477
1694636065909 162.41602367723183 478
1694636065974 162.38354017620753 479
1694636066027 162.35106317880508 480
1694636066079 162.31859268372125 481
1694636066140 162.28612868965305 482
1694636066196 162.2536711952978 483
1694636066253 162.2212201993531 484
1694636066294 162.18877570051674 485
1694636066351 162.1563376974868 486
1694636066403 162.12390618896166 487
1694636066456 162.0914811736399 488
1694636066521 162.05906265022037 489
1694636066577 162.02665061740225 490
1694636066634 161.99424507388494 491
1694636066695 161.96184601836805 492
1694636066758 161.92945344955152 493
1694636066808 161.8970673661355 494
1694636066853 161.86468776682045 495
1694636066905 161.83231465030704 496
1694636066963 161.79994801529628 497
1694636067009 161.7675878604893 498
1694636067073 161.7352341845877 499
1694636067160 161.70288698629312 500
1694636067234 161.67054626430757 501
1694636067320 161.6382120173334 502
1694636067409 161.605884244073 503
1694636067484 161.57356294322926 504
1694636067533 161.54124811350513 505
1694636067590 161.50893975360398 506
1694636067645 161.47663786222938 507
1694636067691 161.44434243808513 508
1694636067736 161.41205347987525 509
1694636067794 161.3797709863042 510
1694636067859 161.34749495607647 511
1694636067923 161.31522538789704 512
1694636067990 161.28296228047094 513
1694636068050 161.25070563250358 514
1694636068116 161.2184554427006 515
1694636068167 161.1862117097679 516
1694636068233 161.15397443241167 517
1694636068297 161.12174360933824 518
1694636068385 161.08951923925443 519
1694636068470 161.0573013208671 520
1694636068523 161.02508985288344 521
1694636068582 160.99288483401094 522
1694636068640 160.9606862629573 523
1694636068716 160.92849413843052 524
1694636068787 160.8963084591388 525
1694636068832 160.86412922379068 526
1694636068873 160.8319564310949 527
1694636068920 160.79979007976047 528
1694636068972 160.76763016849665 529
1694636069023 160.735476696013 530
1694636069071 160.7033296610193 531
1694636069110 160.67118906222558 532
1694636069153 160.6390548983422 533
1694636069198 160.6069271680797 534
1694636069258 160.57480587014888 535
1694636069326 160.5426910032609 536
1694636069380 160.510582566127 537
1694636069429 160.47848055745888 538
1694636069484 160.44638497596839 539
1694636069542 160.41429582036758 540
1694636069602 160.3822130893689 541
1694636069652 160.35013678168494 542
1694636069703 160.3180668960286 543
1694636069757 160.2860034311131 544
1694636069858 160.25394638565177 545
1694636069944 160.22189575835833 546
1694636070027 160.1898515479467 547
1694636070107 160.15781375313102 548
1694636070224 160.1257823726258 549
1694636070289 160.09375740514574 550
1694636070360 160.06173884940574 551
1694636070430 160.02972670412106 552
1694636070476 159.9977209680072 553
1694636070526 159.96572163977984 554
1694636070574 159.933728718155 555
1694636070622 159.90174220184895 556
1694636070674 159.86976208957816 557
1694636070728 159.83778838005944 558
1694636070785 159.8058210720097 559
1694636070832 159.77386016414636 560
1694636070875 159.7419056551869 561
1694636070922 159.70995754384913 562
1694636070970 159.67801582885107 563
1694636071024 159.64608050891104 564
1694636071073 159.6141515827476 565
1694636071139 159.58222904907961 566
1694636071200 159.55031290662612 567
1694636071251 159.51840315410647 568
1694636071308 159.48649979024026 569
1694636071353 159.45460281374733 570
1694636071392 159.42271222334782 571
1694636071439 159.39082801776203 572
1694636071487 159.35895019571063 573
1694636071539 159.32707875591456 574
1694636071603 159.29521369709482 575
1694636071650 159.26335501797288 576
1694636071704 159.23150271727042 577
1694636071773 159.19965679370927 578
1694636071820 159.16781724601162 579
1694636071888 159.1359840729 580
1694636071950 159.10415727309683 581
1694636072006 159.07233684532528 582
1694636072070 159.04052278830844 583
1694636072123 159.00871510076973 584
1694636072176 158.97691378143296 585
1694636072243 158.94511882902194 586
1694636072303 158.91333024226097 587
1694636072360 158.88154801987446 588
1694636072421 158.8497721605872 589
1694636072474 158.81800266312416 590
1694636072555 158.78623952621055 591
1694636072613 158.7544827485719 592
1694636072672 158.72273232893386 593
1694636072733 158.69098826602254 594
1694636072789 158.6592505585641 595
1694636072849 158.62751920528518 596
1694636072900 158.59579420491247 597
1694636072943 158.56407555617298 598
1694636072988 158.53236325779403 599
1694636073048 158.50065730850315 600
1694636073105 158.46895770702812 601
1694636073156 158.437264452097 602
1694636073206 158.4055775424381 603
1694636073259 158.37389697677995 604
1694636073307 158.34222275385136 605
1694636073356 158.3105548723814 606
1694636073410 158.27889333109943 607
1694636073466 158.24723812873498 608
1694636073526 158.21558926401792 609
1694636073600 158.18394673567832 610
1694636073655 158.15231054244651 611
1694636073703 158.1206806830531 612
1694636073765 158.08905715622896 613
1694636073815 158.05743996070518 614
1694636073870 158.0258290952131 615
1694636073921 157.99422455848438 616
1694636073991 157.96262634925085 617
1694636074045 157.93103446624463 618
1694636074104 157.89944890819817 619
1694636074152 157.86786967384398 620
1694636074207 157.83629676191507 621
1694636074276 157.80473017114454 622
1694636074340 157.77316990026577 623
1694636074409 157.7416159480124 624
1694636074468 157.71006831311837 625
1694636074524 157.67852699431782 626
1694636074587 157.64699199034516 627
1694636074635 157.61546329993507 628
1694636074690 157.58394092182243 629
1694636074734 157.55242485474253 630
1694636074790 157.52091509743065 631
1694636074842 157.48941164862254 632
1694636074895 157.4579145070541 633
1694636074943 157.4264236714616 634
1694636075002 157.39493914058144 635
1694636075058 157.36346091315028 636
1694636075120 157.33198898790513 637
1694636075178 157.30052336358315 638
1694636075233 157.26906403892178 639
1694636075290 157.23761101265882 640
1694636075341 157.20616428353216 641
1694636075389 157.17472385028003 642
1694636075440 157.14328971164088 643
1694636075506 157.1118618663535 644
1694636075554 157.0804403131568 645
1694636075606 157.04902505079002 646
1694636075651 157.01761607799264 647
1694636075706 156.98621339350444 648
1694636075759 156.9548169960654 649
1694636075817 156.92342688441568 650
1694636075872 156.89204305729584 651
1694636075916 156.86066551344663 652
1694636075970 156.82929425160907 653
1694636076013 156.79792927052435 654
1694636076072 156.76657056893401 655
1694636076133 156.7352181455798 656
1694636076190 156.70387199920373 657
1694636076240 156.67253212854808 658
1694636076290 156.64119853235533 659
1694636076332 156.60987120936826 660
1694636076374 156.5785501583299 661
1694636076432 156.54723537798353 662
1694636076485 156.51592686707266 663
1694636076551 156.48462462434102 664
1694636076609 156.45332864853273 665
1694636076691 156.422038938392 666
1694636076776 156.39075549266337 667
1694636076839 156.35947831009167 668
1694636076917 156.3282073894219 669
1694636076968 156.29694272939932 670
1694636077017 156.2656843287695 671
1694636077057 156.23443218627824 672
1694636077117 156.20318630067158 673
1694636077183 156.1719466706958 674
1694636077257 156.14071329509744 675
1694636077318 156.10948617262335 676
1694636077373 156.07826530202047 677
1694636077420 156.04705068203623 678
1694636077475 156.01584231141808 679
1694636077540 155.98464018891386 680
1694636077616 155.95344431327166 681
1694636077684 155.92225468323971 682
1694636077751 155.89107129756664 683
1694636077800 155.85989415500123 684
1694636077884 155.82872325429253 685
1694636077933 155.79755859418984 686
1694636077984 155.76640017344275 687
1694636078033 155.73524799080104 688
1694636078091 155.7041020450148 689
1694636078139 155.67296233483432 690
1694636078189 155.6418288590102 691
1694636078237 155.6107016162932 692
1694636078276 155.57958060543444 693
1694636078324 155.54846582518522 694
1694636078371 155.5173572742971 695
1694636078409 155.48625495152186 696
1694636078448 155.45515885561164 697
1694636078504 155.4240689853187 698
1694636078558 155.39298533939566 699
1694636078624 155.3619079165953 700
1694636078676 155.3308367156707 701
1694636078723 155.29977173537515 702
1694636078769 155.2687129744623 703
1694636078823 155.2376604316859 704
1694636078876 155.2066141058 705
1694636078922 155.17557399555898 706
1694636078968 155.14454009971737 707
1694636079030 155.11351241703005 708
1694636079092 155.08249094625205 709
1694636079151 155.05147568613864 710
1694636079208 155.02046663544544 711
1694636079267 154.9894637929283 712
1694636079322 154.9584671573432 713
1694636079371 154.9274767274465 714
1694636079425 154.89649250199483 715
1694636079490 154.86551447974492 716
1694636079540 154.83454265945386 717
1694636079599 154.803577039879 718
1694636079649 154.7726176197779 719
1694636079704 154.74166439790832 720
1694636079755 154.71071737302833 721
1694636079799 154.67977654389634 722
1694636079852 154.6488419092708 723
1694636079909 154.61791346791057 724
1694636079968 154.58699121857472 725
1694636080024 154.55607516002252 726
1694636080066 154.5251652910136 727
1694636080115 154.4942616103077 728
1694636080166 154.46336411666485 729
1694636080240 154.43247280884543 730
1694636080294 154.40158768560997 731
1694636080358 154.37070874571927 732
1694636080440 154.33983598793438 733
1694636080525 154.3089694110166 734
1694636080587 154.27810901372746 735
1694636080637 154.2472547948288 736
1694636080689 154.21640675308262 737
1694636080740 154.18556488725125 738
1694636080789 154.15472919609718 739
1694636080841 154.12389967838325 740
1694636080899 154.09307633287247 741
1694636080954 154.06225915832817 742
1694636081005 154.03144815351385 743
1694636081043 154.00064331719327 744
1694636081091 153.9698446481305 745
1694636081158 153.9390521450898 746
1694636081218 153.90826580683571 747
1694636081279 153.87748563213302 748
1694636081332 153.84671161974669 749
1694636081383 153.81594376844205 750
1694636081441 153.78518207698463 751
1694636081493 153.75442654414013 752
1694636081557 153.7236771686746 753
1694636081618 153.69293394935434 754
1694636081692 153.66219688494579 755
1694636081749 153.63146597421576 756
1694636081815 153.6007412159312 757
1694636081873 153.57002260885938 758
1694636081940 153.53931015176786 759
1694636081990 153.50860384342434 760
1694636082048 153.47790368259678 761
1694636082112 153.44720966805346 762
1694636082158 153.41652179856283 763
1694636082217 153.38584007289367 764
1694636082283 153.35516448981497 765
1694636082340 153.3244950480959 766
1694636082389 153.293831746506 767
1694636082441 153.26317458381496 768
1694636082493 153.2325235587927 769
1694636082553 153.20187867020954 770
1694636082603 153.17123991683587 771
1694636082654 153.14060729744241 772
1694636082705 153.10998081080018 773
1694636082768 153.0793604556803 774
1694636082824 153.04874623085425 775
1694636082877 153.01813813509372 776
1694636082952 152.98753616717067 777
1694636083006 152.95694032585726 778
1694636083073 152.92635060992598 779
1694636083128 152.89576701814946 780
1694636083179 152.8651895493006 781
1694636083241 152.83461820215265 782
1694636083307 152.80405297547898 783
1694636083359 152.77349386805332 784
1694636083408 152.7429408786495 785
1694636083456 152.71239400604173 786
1694636083515 152.6818532490044 787
1694636083568 152.65131860631217 788
1694636083614 152.62079007673992 789
1694636083656 152.5902676590628 790
1694636083704 152.5597513520562 791
1694636083750 152.52924115449574 792
1694636083810 152.49873706515734 793
1694636083871 152.46823908281706 794
1694636083923 152.43774720625132 795
1694636083967 152.40726143423674 796
1694636084009 152.37678176555016 797
1694636084057 152.34630819896867 798
1694636084102 152.31584073326965 799
1694636084160 152.2853793672307 800
1694636084209 152.25492409962968 801
1694636084296 152.22447492924462 802
1694636084369 152.19403185485388 803
1694636084440 152.16359487523604 804
1694636084507 152.13316398917 805
1694636084577 152.10273919543468 806
1694636084663 152.0723204928095 807
1694636084736 152.041907880074 808
1694636084803 152.01150135600793 809
1694636084874 151.98110091939145 810
1694636084963 151.95070656900475 811
1694636085053 151.92031830362842 812
1694636085127 151.8899361220432 813
1694636085193 151.85956002303013 814
1694636085259 151.82919000537055 815
1694636085324 151.7988260678459 816
1694636085386 151.76846820923794 817
1694636085450 151.7381164283287 818
1694636085505 151.7077707239004 819
1694636085557 151.67743109473562 820
1694636085608 151.64709753961705 821
1694636085675 151.6167700573276 822
1694636085722 151.5864486466506 823
1694636085775 151.55613330636945 824
1694636085831 151.52582403526796 825
1694636085888 151.49552083212996 826
1694636085943 151.46522369573972 827
1694636086010 151.43493262488172 828
1694636086055 151.4046476183406 829
1694636086095 151.3743686749013 830
1694636086148 151.344095793349 831
1694636086198 151.31382897246917 832
1694636086242 151.2835682110474 833
1694636086290 151.25331350786965 834
1694636086336 151.22306486172207 835
1694636086382 151.19282227139104 836
1694636086434 151.16258573566319 837
1694636086499 151.13235525332544 838
1694636086551 151.10213082316486 839
1694636086602 151.0719124439689 840
1694636086650 151.04170011452513 841
1694636086710 151.0114938336214 842
1694636086759 150.9812936000458 843
1694636086815 150.95109941258673 844
1694636086876 150.92091127003275 845
1694636086923 150.89072917117264 846
1694636086977 150.86055311479555 847
1694636087022 150.83038309969072 848
1694636087066 150.80021912464778 849
1694636087118 150.77006118845648 850
1694636087165 150.7399092899069 851
1694636087210 150.7097634277893 852
1694636087273 150.67962360089422 853
1694636087334 150.64948980801245 854
1694636087400 150.619362047935 855
1694636087468 150.58924031945307 856
1694636087539 150.55912462135825 857
1694636087600 150.52901495244222 858
1694636087693 150.49891131149698 859
1694636087759 150.46881369731477 860
1694636087826 150.43872210868804 861
1694636087890 150.40863654440955 862
1694636087939 150.37855700327216 863
1694636088004 150.3484834840692 864
1694636088055 150.31841598559396 865
1694636088117 150.28835450664025 866
1694636088191 150.25829904600192 867
1694636088252 150.22824960247317 868
1694636088307 150.1982061748484 869
1694636088367 150.1681687619222 870
1694636088418 150.13813736248954 871
1694636088492 150.10811197534554 872
1694636088554 150.07809259928553 873
1694636088617 150.04807923310514 874
1694636088682 150.01807187560024 875
1694636088740 149.98807052556697 876
1694636088789 149.95807518180163 877
1694636088839 149.92808584310077 878
1694636088891 149.8981025082613 879
1694636088938 149.86812517608018 880
1694636088988 149.83815384535478 881
1694636089040 149.80818851488263 882
1694636089088 149.77822918346152 883
1694636089140 149.7482758498895 884
1694636089192 149.71832851296483 885
1694636089249 149.68838717148603 886
1694636089307 149.6584518242518 887
1694636089360 149.62852247006126 888
1694636089415 149.59859910771348 889
1694636089460 149.56868173600807 890
1694636089515 149.53877035374467 891
1694636089559 149.50886495972327 892
1694636089609 149.47896555274409 893
1694636089663 149.44907213160752 894
1694636089706 149.41918469511427 895
1694636089753 149.38930324206527 896
1694636089798 149.35942777126166 897
1694636089868 149.32955828150483 898
1694636089920 149.29969477159648 899
1694636089973 149.26983724033846 900
1694636090033 149.23998568653286 901
1694636090091 149.21014010898207 902
1694636090153 149.18030050648875 903
1694636090237 149.15046687785565 904
1694636090318 149.12063922188588 905
1694636090436 149.0908175373828 906
1694636090482 149.06100182314998 907
1694636090535 149.03119207799122 908
1694636090584 149.00138830071052 909
1694636090639 148.97159049011216 910
1694636090689 148.94179864500074 911
1694636090744 148.912012764181 912
1694636090810 148.8822328464579 913
1694636090883 148.8524588906367 914
1694636090948 148.82269089552292 915
1694636091012 148.79292885992226 916
1694636091071 148.76317278264065 917
1694636091109 148.73342266248434 918
1694636091166 148.7036784982598 919
1694636091226 148.67394028877365 920
1694636091277 148.6442080328328 921
1694636091342 148.61448172924443 922
1694636091420 148.58476137681603 923
1694636091490 148.5550469743551 924
1694636091555 148.5253385206696 925
1694636091615 148.49563601456762 926
1694636091676 148.46593945485756 927
1694636091765 148.43624884034796 928
1694636091824 148.40656416984766 929
1694636091885 148.37688544216576 930
1694636091943 148.34721265611157 931
1694636092006 148.31754581049464 932
1694636092048 148.28788490412475 933
1694636092098 148.25822993581193 934
1694636092149 148.22858090436645 935
1694636092200 148.19893780859886 936
1694636092259 148.16930064731983 937
1694636092316 148.13966941934038 938
1694636092356 148.11004412347177 939
1694636092399 148.08042475852542 940
1694636092446 148.05081132331298 941
1694636092551 148.0212038166465 942
1694636092644 147.9916022373381 943
1694636092722 147.9620065842002 944
1694636092812 147.93241685604542 945
1694636092893 147.9028330516867 946
1694636092956 147.87325516993715 947
1694636093001 147.84368320961016 948
1694636093048 147.81411716951928 949
1694636093099 147.78455704847838 950
1694636093157 147.7550028453016 951
1694636093206 147.7254545588032 952
1694636093268 147.69591218779772 953
1694636093320 147.66637573109998 954
1694636093385 147.636845187525 955
1694636093435 147.60732055588812 956
1694636093483 147.57780183500478 957
1694636093535 147.54828902369076 958
1694636093578 147.518782120762 959
1694636093626 147.48928112503478 960
1694636093676 147.4597860353255 961
1694636093717 147.4302968504509 962
1694636093760 147.4008135692279 963
1694636093807 147.37133619047364 964
1694636093850 147.3418647130056 965
1694636093895 147.31239913564139 966
1694636093957 147.28293945719886 967
1694636094007 147.2534856764962 968
1694636094055 147.2240377923517 969
1694636094103 147.19459580358395 970
1694636094160 147.16515970901187 971
1694636094216 147.13572950745444 972
1694636094273 147.10630519773102 973
1694636094323 147.07688677866113 974
1694636094373 147.04747424906455 975
1694636094417 147.01806760776128 976
1694636094475 146.98866685357163 977
1694636094537 146.959271985316 978
1694636094590 146.92988300181517 979
1694636094640 146.90049990189013 980
1694636094708 146.871122684362 981
1694636094772 146.84175134805233 982
1694636094840 146.8123858917827 983
1694636094900 146.783026314375 984
1694636094950 146.75367261465146 985
1694636095021 146.7243247914344 986
1694636095106 146.6949828435465 987
1694636095210 146.66564676981056 988
1694636095262 146.63631656904965 989
1694636095332 146.60699224008718 990
1694636095399 146.57767378174665 991
1694636095453 146.54836119285187 992
1694636095510 146.51905447222683 993
1694636095567 146.4897536186959 994
1694636095617 146.46045863108353 995
1694636095669 146.43116950821442 996
1694636095717 146.40188624891363 997
1694636095769 146.37260885200632 998
1694636095827 146.34333731631796 999
