1694620813349 -0.004314861471586662 0
1694620813388 -0.004286202263971806 1
1694620813432 -0.004257628724410711 2
1694620813477 -0.004229140458418268 3
1694620813530 -0.004200737072442617 4
1694620813594 -0.00417241817386893 5
1694620813635 -0.00414418337102429 6
1694620813674 -0.0041160322731834675 7
1694620813717 -0.004087964490572471 8
1694620813758 -0.004059979634373434 9
1694620813799 -0.0040320773167283885 10
1694620813842 -0.004004257150746371 11
1694620813881 -0.003976518750501645 12
1694620813923 -0.003948861731042808 13
1694620813965 -0.003921285708394784 14
1694620814009 -0.003893790299561939 15
1694620814061 -0.003866375122532073 16
1694620814112 -0.0038390397962790868 17
1694620814160 -0.00381178394076942 18
1694620814207 -0.0037846071769580547 19
1694620814254 -0.0037575091267996186 20
1694620814296 -0.003730489413245719 21
1694620814343 -0.0037035476602502726 22
1694620814388 -0.003676683492771282 23
1694620814425 -0.003649896536772834 24
1694620814454 -0.0036231864192288743 25
1694620814487 -0.003596552768123651 26
1694620814515 -0.003569995212455268 27
1694620814543 -0.003543513382237462 28
1694620814572 -0.003517106908500711 29
1694620814601 -0.0034907754232951227 30
1694620814630 -0.003464518559692431 31
1694620814658 -0.003438335951785998 32
1694620814705 -0.003412227234693699 33
1694620814740 -0.003386192044557923 34
1694620814773 -0.0033602300185491263 35
1694620814814 -0.003334340794865165 36
1694620814852 -0.003308524012733738 37
1694620814888 -0.003282779312412165 38
1694620814921 -0.003257106335189386 39
1694620814961 -0.0032315047233861804 40
1694620814987 -0.0032059741203558367 41
1694620815017 -0.0031805141704868145 42
1694620815048 -0.003155124519200747 43
1694620815079 -0.0031298048129526634 44
1694620815111 -0.003104554699234985 45
1694620815140 -0.0030793738265750825 46
1694620815169 -0.0030542618445348335 47
1694620815198 -0.0030292184037150616 48
1694620815226 -0.003004243155749542 49
1694620815255 -0.0029793357533112186 50
1694620815283 -0.0029544958501070973 51
1694620815316 -0.002929723100882242 52
1694620815347 -0.0029050171614157794 53
1694620815379 -0.0028803776885266696 54
1694620815408 -0.002855804340064827 55
1694620815449 -0.002831296774918002 56
1694620815482 -0.0028068546530086724 57
1694620815515 -0.002782477635293157 58
1694620815546 -0.0027581653837620568 59
1694620815582 -0.002733917561440924 60
1694620815623 -0.0027097338323844866 61
1694620815661 -0.002685613861682201 62
1694620815697 -0.002661557315453811 63
1694620815734 -0.002637563860850012 64
1694620815771 -0.002613633166050011 65
1694620815809 -0.0025897649002626366 66
1694620815846 -0.0025659587337238943 67
1694620815883 -0.0025422143376960804 68
1694620815917 -0.0025185313844688917 69
1694620815955 -0.0024949095473525418 70
1694620815990 -0.0024713485006842006 71
1694620816021 -0.0024478479198222214 72
1694620816058 -0.0024244074811436978 73
1694620816092 -0.0024010268620466846 74
1694620816126 -0.0023777057409473112 75
1694620816160 -0.0023544437972780052 76
1694620816189 -0.002331240711485716 77
1694620816221 -0.0023080961650319143 78
1694620816251 -0.002285009840389929 79
1694620816283 -0.002261981421043613 80
1694620816315 -0.0022390105914851244 81
1694620816344 -0.002216097037215148 82
1694620816375 -0.0021932404447382314 83
1694620816404 -0.0021704405015638972 84
1694620816436 -0.0021476968962039766 85
1694620816470 -0.0021250093181695018 86
1694620816503 -0.0021023774579707055 87
1694620816536 -0.002079801007114135 88
1694620816570 -0.0020572796580999864 89
1694620816599 -0.0020348131044225504 90
1694620816635 -0.002012401040566658 91
1694620816678 -0.0019900431620047954 92
1694620816715 -0.001967739165197324 93
1694620816750 -0.0019454887475884863 94
1694620816779 -0.0019232916076044049 95
1694620816808 -0.0019011474446544163 96
1694620816841 -0.001879055959122189 97
1694620816875 -0.0018570168523694974 98
1694620816906 -0.0018350298267335585 99
1694620816940 -0.0018130945855197034 100
1694620816970 -0.0017912108330051524 101
1694620817000 -0.0017693782744336861 102
1694620817026 -0.0017475966160129808 103
1694620817057 -0.001725865564914164 104
1694620817087 -0.001704184829269595 105
1694620817121 -0.001682554118167312 106
1694620817153 -0.0016609731416508122 107
1694620817194 -0.0016394416107174958 108
1694620817234 -0.0016179592373162244 109
1694620817269 -0.0015965257343415473 110
1694620817306 -0.0015751408156350344 111
1694620817334 -0.0015538041959812787 112
1694620817365 -0.0015325155911054544 113
1694620817397 -0.001511274717670652 114
1694620817423 -0.0014900812932749918 115
1694620817456 -0.001468935036451846 116
1694620817494 -0.0014478356666611791 117
1694620817530 -0.0014267829042939884 118
1694620817609 -0.0014057764706651987 119
1694620817655 -0.0013848160880112204 120
1694620817691 -0.0013639014794910587 121
1694620817720 -0.001343032369179653 122
1694620817751 -0.0013222084820647684 123
1694620817781 -0.001301429544048105 124
1694620817813 -0.001280695281940858 125
1694620817842 -0.0012600054234592761 126
1694620817869 -0.0012393596972244403 127
1694620817894 -0.001218757832758044 128
1694620817918 -0.0011981995604801732 129
1694620817949 -0.0011776846117061979 130
1694620817978 -0.0011572127186452175 131
1694620818010 -0.001136783614395398 132
1694620818041 -0.0011163970329419737 133
1694620818074 -0.0010960527091568029 134
1694620818107 -0.0010757503787901523 135
1694620818137 -0.0010554897784724737 136
1694620818172 -0.0010352706457117389 137
1694620818212 -0.0010150927188867787 138
1694620818251 -0.000994955737247727 139
1694620818290 -0.0009748594409129119 140
1694620818328 -0.0009548035708641933 141
1694620818380 -0.0009347878689460742 142
1694620818423 -0.0009148120778612601 143
1694620818466 -0.0008948759411688822 144
1694620818513 -0.0008749792032816117 145
1694620818545 -0.000855121609461662 146
1694620818582 -0.0008353029058190131 147
1694620818618 -0.0008155228393078584 148
1694620818654 -0.0007957811577259388 149
1694620818688 -0.0007760776097063271 150
1694620818729 -0.0007564119447205364 151
1694620818770 -0.0007367839130716369 152
1694620818807 -0.0007171932658935898 153
1694620818845 -0.0006976397551472502 154
1694620818876 -0.0006781231336165927 155
1694620818903 -0.0006586431549082672 156
1694620818933 -0.0006391995734464917 157
1694620818960 -0.0006197921444708321 158
1694620818985 -0.0006004206240337595 159
1694620819012 -0.0005810847689962095 160
1694620819038 -0.000561784337026694 161
1694620819069 -0.0005425190865970819 162
1694620819095 -0.0005232887769797134 163
1694620819126 -0.0005040931682451788 164
1694620819154 -0.00048493202125854395 165
1694620819182 -0.00046580509767601974 166
1694620819213 -0.00044671215994407376 167
1694620819239 -0.00042765297129432334 168
1694620819265 -0.00040862729574175916 169
1694620819293 -0.00038963489808119256 170
1694620819319 -0.00037067554388481305 171
1694620819344 -0.0003517489994990797 172
1694620819369 -0.00033285503204139033 173
1694620819395 -0.00031399340939741727 174
1694620819420 -0.0002951639002182205 175
1694620819446 -0.00027636627391891544 176
1694620819470 -0.0002576003006715677 177
1694620819498 -0.00023886575140563693 178
1694620819522 -0.00022016239780531244 179
1694620819548 -0.00020149001230396202 180
1694620819574 -0.00018284836808413196 181
1694620819602 -0.00016423723907155185 182
1694620819627 -0.0001456563999358007 183
1694620819652 -0.0001271056260845338 184
1694620819678 -0.00010858469365992995 185
1694620819707 -9.009337954002383e-05 186
1694620819738 -7.163146133049025e-05 187
1694620819770 -5.319871736619852e-05 188
1694620819805 -3.47949267061054e-05 189
1694620819835 -1.6419869129036258e-05 190
1694620819861 1.9266748657598143e-06 191
1694620819887 2.024492406427214e-05 192
1694620819914 3.85350965393938e-05 193
1694620819940 5.6797409654807396e-05 194
1694620819967 7.503208006665041e-05 195
1694620819994 9.323932372684585e-05 196
1694620820022 0.00011141935588787621 197
1694620820048 0.00012957239110000796 198
1694620820077 0.0001476986432230598 199
1694620820109 0.0001657983254207407 200
1694620820139 0.0001838716501688653 201
1694620820167 0.00020191882925546523 202
1694620820200 0.0002199400737851187 203
1694620820230 0.0002379355941818373 204
1694620820260 0.0002559056001902871 205
1694620820289 0.00027385030088067364 206
1694620820322 0.00029176990465007435 207
1694620820362 0.0003096646192266572 208
1694620820407 0.0003275346516709021 209
1694620820459 0.0003453802083800417 210
1694620820506 0.0003632014950893936 211
1694620820547 0.0003809987168765794 212
1694620820581 0.00039877207816330085 213
1694620820618 0.00041652178271855966 214
1694620820657 0.0004342480336613219 215
1694620820694 0.00045195103346373777 216
1694620820736 0.00046963098395325087 217
1694620820778 0.00048728808631604004 218
1694620820813 0.0005049225410993508 219
1694620820854 0.0005225345482152699 220
1694620820896 0.0005401243069398376 221
1694620820932 0.0005576920159225951 222
1694620820972 0.000575237873182699 223
1694620821009 0.0005927620761150276 224
1694620821052 0.0006102648214930673 225
1694620821097 0.0006277463054690235 226
1694620821141 0.0006452067235813708 227
1694620821182 0.0006626462707496339 228
1694620821222 0.0006800651412877112 229
1694620821251 0.0006974635288974351 230
1694620821280 0.0007148416266761215 231
1694620821312 0.000732199627117347 232
1694620821343 0.0007495377221145016 233
1694620821374 0.0007668561029632315 234
1694620821404 0.0007841549603638809 235
1694620821438 0.0008014344844251564 236
1694620821472 0.000818694864665126 237
1694620821506 0.0008359362900149936 238
1694620821539 0.0008531589488227631 239
1694620821569 0.0008703630288524611 240
1694620821598 0.0008875487172913532 241
1694620821628 0.0009047162007489451 242
1694620821654 0.0009218656652616453 243
1694620821680 0.0009389972962920989 244
1694620821707 0.0009561112787391801 245
1694620821736 0.0009732077969318853 246
1694620821766 0.0009902870346384374 247
1694620821793 0.0010073491750630659 248
1694620821819 0.0010243944008544448 249
1694620821844 0.0010414228941055814 250
1694620821869 0.001058434836355815 251
1694620821894 0.001075430408594369 252
1694620821920 0.0010924097912610176 253
1694620821959 0.0011093731642531912 254
1694620821987 0.0011263207069237557 255
1694620822015 0.0011432525980853425 256
1694620822041 0.001160169016013013 257
1694620822074 0.001177070138447811 258
1694620822100 0.0011939561425958756 259
1694620822124 0.001210827205134546 260
1694620822149 0.0012276835022148047 261
1694620822174 0.001244525209460834 262
1694620822199 0.0012613525019746774 263
1694620822224 0.0012781655543386838 264
1694620822255 0.0012949645406161725 265
1694620822286 0.0013117496343574286 266
1694620822321 0.0013285210085980381 267
1694620822349 0.0013452788358645495 268
1694620822376 0.0013620232881755845 269
1694620822402 0.001378754537044058 270
1694620822429 0.0013954727534799538 271
1694620822455 0.0014121781079931006 272
1694620822480 0.0014288707705951698 273
1694620822506 0.001445550910801785 274
1694620822535 0.0014622186976362972 275
1694620822562 0.0014788742996301174 276
1694620822588 0.0014955178848264916 277
1694620822613 0.0015121496207832763 278
1694620822638 0.0015287696745740487 279
1694620822663 0.001545378212790549 280
1694620822688 0.0015619754015469 281
1694620822712 0.001578561406479495 282
1694620822741 0.0015951363927511064 283
1694620822766 0.0016117005250522176 284
1694620822791 0.0016282539676040209 285
1694620822817 0.0016447968841604155 286
1694620822844 0.0016613294380100063 287
1694620822869 0.0016778517919797675 288
1694620822894 0.0016943641084344874 289
1694620822922 0.0017108665492830966 290
1694620822957 0.0017273592759781131 291
1694620822987 0.0017438424495165306 292
1694620823021 0.0017603162304477005 293
1694620823052 0.0017767807788700019 294
1694620823080 0.001793236254435504 295
1694620823104 0.001809682816351632 296
1694620823131 0.0018261206233847194 297
1694620823157 0.0018425498338595636 298
1694620823182 0.001858970605665089 299
1694620823208 0.0018753830962531248 300
1694620823235 0.0018917874626439568 301
1694620823263 0.0019081838614252167 302
1694620823287 0.0019245724487571003 303
1694620823314 0.0019409533803720347 304
1694620823340 0.0019573268115792297 305
1694620823366 0.0019736928972645673 306
1694620823391 0.001990051791894598 307
1694620823416 0.0020064036495173188 308
1694620823442 0.0020227486237663905 309
1694620823468 0.0020390868678598073 310
1694620823493 0.0020554185346058906 311
1694620823519 0.0020717437764029567 312
1694620823545 0.00208806274524187 313
1694620823571 0.0021043755927092622 314
1694620823596 0.002120682469989643 315
1694620823621 0.0021369835278617355 316
1694620823646 0.0021532789167130195 317
1694620823672 0.0021695687865292967 318
1694620823696 0.002185853286903683 319
1694620823722 0.0022021325670348313 320
1694620823749 0.0022184067757341497 321
1694620823775 0.0022346760614240235 322
1694620823799 0.002250940572137039 323
1694620823825 0.0022672004555268632 324
1694620823853 0.0022834558588612497 325
1694620823881 0.002299706929029921 326
1694620823909 0.0023159538125432366 327
1694620823938 0.0023321966555371887 328
1694620823968 0.0023484356037704046 329
1694620824006 0.002364670802634583 330
1694620824041 0.0023809023971458343 331
1694620824082 0.0023971305319580027 332
1694620824126 0.002413355351353119 333
1694620824170 0.0024295769992541683 334
1694620824228 0.0024457956192196484 335
1694620824285 0.0024620113544480127 336
1694620824340 0.0024782243477804444 337
1694620824382 0.0024944347417011903 338
1694620824416 0.00251064267834078 339
1694620824446 0.002526848299478357 340
1694620824473 0.0025430517465392377 341
1694620824500 0.002559253160605568 342
1694620824527 0.0025754526824098845 343
1694620824553 0.0025916504523401107 344
1694620824578 0.0026078466104427767 345
1694620824603 0.0026240412964227966 346
1694620824629 0.0026402346496468 347
1694620824655 0.002656426809144352 348
1694620824683 0.0026726179136095096 349
1694620824713 0.002688808101404372 350
1694620824750 0.0027049975105583046 351
1694620824791 0.0027211862787724916 352
1694620824834 0.002737374543420268 353
1694620824869 0.0027535624415472304 354
1694620824902 0.002769750109878788 355
1694620824935 0.0027859376848158313 356
1694620824984 0.0028021253024393955 357
1694620825041 0.0028183130985128813 358
1694620825088 0.0028345012084823873 359
1694620825132 0.0028506897674797083 360
1694620825173 0.002866878910323889 361
1694620825220 0.0028830687715216685 362
1694620825267 0.002899259485272254 363
1694620825316 0.0029154511854666554 364
1694620825364 0.0029316440056880166 365
1694620825414 0.0029478380792193892 366
1694620825461 0.002964033539039068 367
1694620825503 0.0029802305178250332 368
1694620825542 0.002996429147957169 369
1694620825583 0.0030126295615183762 370
1694620825618 0.003028831890296013 371
1694620825660 0.003045036265784562 372
1694620825699 0.003061242819186738 373
1694620825742 0.003077451681412824 374
1694620825777 0.003093662983089329 375
1694620825806 0.0031098768545529953 376
1694620825832 0.0031260934258561246 377
1694620825859 0.0031423128267691336 378
1694620825895 0.003158535186779221 379
1694620825928 0.003174760635095253 380
1694620825957 0.003190989300647318 381
1694620825989 0.003207221312089281 382
1694620826019 0.0032234567978010054 383
1694620826052 0.003239695885886351 384
1694620826083 0.003255938704182171 385
1694620826112 0.0032721853802524237 386
1694620826141 0.0032884360413942826 387
1694620826170 0.0033046908146376897 388
1694620826202 0.003320949826748465 389
1694620826231 0.0033372132042290836 390
1694620826269 0.003353481073319786 391
1694620826309 0.003369753560001798 392
1694620826343 0.003386030789998329 393
1694620826374 0.003402312888772574 394
1694620826404 0.0034185999815374846 395
1694620826431 0.0034348921932499943 396
1694620826457 0.003451189648614461 397
1694620826482 0.003467492472086442 398
1694620826509 0.0034838007878714716 399
1694620826534 0.0035001147199288374 400
1694620826561 0.003516434391971246 401
1694620826592 0.0035327599274692645 402
1694620826625 0.0035490914496468795 403
1694620826653 0.0035654290814922662 404
1694620826685 0.00358177294575146 405
1694620826718 0.00359812316493191 406
1694620826755 0.003614479861305253 407
1694620826789 0.003630843156910535 408
1694620826824 0.0036472131735511004 409
1694620826856 0.0036635900327998128 410
1694620826885 0.003679973855996721 411
1694620826915 0.003696364764256943 412
1694620826941 0.003712762878466447 413
1694620826968 0.0037291683192848257 414
1694620826997 0.0037455812071496286 415
1694620827025 0.003762001662271919 416
1694620827053 0.003778429804645489 417
1694620827085 0.0037948657540428643 418
1694620827118 0.00381130963001608 419
1694620827148 0.0038277615519041186 420
1694620827182 0.0038442216388291373 421
1694620827212 0.0038606900096960217 422
1694620827245 0.0038771667832032675 423
1694620827276 0.0038936520778333206 424
1694620827304 0.00391014601186046 425
1694620827330 0.003926648703352464 426
1694620827362 0.003943160270168611 427
1694620827402 0.003959680829963563 428
1694620827441 0.0039762105001874826 429
1694620827480 0.003992749398088469 430
1694620827514 0.0040092976407134495 431
1694620827542 0.004025855344910956 432
1694620827571 0.004042422627327236 433
1694620827601 0.004058999604417024 434
1694620827631 0.004075586392437436 435
1694620827657 0.0040921831074480775 436
1694620827681 0.004108789865321594 437
1694620827706 0.004125406781736007 438
1694620827733 0.004142033972179937 439
1694620827760 0.0041586715519532635 440
1694620827788 0.004175319636169683 441
1694620827813 0.004191978339753932 442
1694620827844 0.004208647777450336 443
1694620827872 0.0042253280638178126 444
1694620827905 0.004242019313233869 445
1694620827939 0.004258721639895935 446
1694620827970 0.004275435157819474 447
1694620827997 0.004292159980847754 448
1694620828023 0.004308896222641079 449
1694620828052 0.004325643996689554 450
1694620828089 0.004342403416307317 451
1694620828123 0.004359174594636084 452
1694620828153 0.004375957644646045 453
1694620828182 0.004392752679138301 454
1694620828209 0.004409559810744312 455
1694620828236 0.004426379151929005 456
1694620828263 0.004443210814990439 457
1694620828289 0.004460054912063582 458
1694620828318 0.004476911555115537 459
1694620828353 0.004493780855957086 460
1694620828380 0.004510662926234477 461
1694620828408 0.004527557877434196 462
1694620828440 0.004544465820885635 463
1694620828472 0.004561386867760087 464
1694620828500 0.004578321129073859 465
1694620828525 0.004595268715687384 466
1694620828550 0.004612229738306439 467
1694620828576 0.00462920430748881 468
1694620828601 0.0046461925336376275 469
1694620828625 0.004663194527007586 470
1694620828650 0.004680210397704498 471
1694620828677 0.004697240255687518 472
1694620828702 0.004714284210768693 473
1694620828732 0.004731342372616187 474
1694620828764 0.004748414850753724 475
1694620828795 0.0047655017545632505 476
1694620828823 0.004782603193285273 477
1694620828853 0.004799719276019632 478
1694620828882 0.004816850111728166 479
1694620828914 0.0048339958092342705 480
1694620828943 0.004851156477225893 481
1694620828972 0.004868332224254535 482
1694620829000 0.0048855231587381365 483
1694620829027 0.004902729388961746 484
1694620829054 0.004919951023078295 485
1694620829088 0.004937188169110596 486
1694620829121 0.004954440934951343 487
1694620829155 0.004971709428365445 488
1694620829188 0.004988993756990134 489
1694620829225 0.005006294028337521 490
1694620829256 0.005023610349793928 491
1694620829283 0.005040942828622663 492
1694620829314 0.005058291571963691 493
1694620829341 0.005075656686836405 494
1694620829370 0.005093038280139073 495
1694620829396 0.005110436458651835 496
1694620829422 0.00512785132903526 497
1694620829447 0.005145282997834011 498
1694620829472 0.005162731571476731 499
1694620829499 0.0051801971562777105 500
1694620829537 0.005197679858436666 501
1694620829582 0.005215179784042179 502
1694620829621 0.005232697039068368 503
1694620829679 0.005250231729383548 504
1694620829757 0.005267783960744232 505
1694620829815 0.0052853538387972465 506
1694620829879 0.005302941469086386 507
1694620829917 0.00532054695704598 508
1694620829959 0.0053381704080073256 509
1694620830001 0.0053558119271969185 510
1694620830052 0.005373471619739223 511
1694620830111 0.005391149590656785 512
1694620830161 0.005408845944870677 513
1694620830212 0.005426560787204049 514
1694620830264 0.0054442942223804636 515
1694620830313 0.005462046355025896 516
1694620830351 0.005479817289670619 517
1694620830388 0.005497607130749205 518
1694620830424 0.005515415982601635 519
1694620830459 0.005533243949475075 520
1694620830491 0.005551091135524211 521
1694620830519 0.005568957644814132 522
1694620830545 0.005586843581314449 523
1694620830573 0.005604749048913615 524
1694620830602 0.00562267415140405 525
1694620830631 0.00564061899249757 526
1694620830658 0.0056585836758159536 527
1694620830682 0.005676568304897045 528
1694620830709 0.005694572983194646 529
1694620830743 0.005712597814079512 530
1694620830776 0.005730642900839911 531
1694620830806 0.005748708346684617 532
1694620830832 0.005766794254738361 533
1694620830859 0.005784900728052267 534
1694620830887 0.005803027869595745 535
1694620830916 0.005821175782261712 536
1694620830944 0.005839344568867477 537
1694620830973 0.005857534332155079 538
1694620831002 0.005875745174792613 539
1694620831038 0.00589397719937379 540
1694620831081 0.005912230508421934 541
1694620831118 0.00593050520438787 542
1694620831154 0.005948801389652036 543
1694620831191 0.00596711916652648 544
1694620831220 0.005985458637254082 545
1694620831247 0.006003819904010554 546
1694620831273 0.006022203068905219 547
1694620831300 0.006040608233982225 548
1694620831334 0.006059035501221222 549
1694620831372 0.00607748497253513 550
1694620831410 0.006095956749779918 551
1694620831449 0.006114450934745386 552
1694620831485 0.006132967629162045 553
1694620831521 0.006151506934700457 554
1694620831559 0.006170068952972119 555
1694620831596 0.0061886537855306845 556
1694620831634 0.006207261533871744 557
1694620831667 0.006225892299436819 558
1694620831702 0.006244546183609367 559
1694620831736 0.006263223287720554 560
1694620831768 0.006281923713048143 561
1694620831801 0.006300647560816941 562
1694620831834 0.006319394932197131 563
1694620831866 0.0063381659283139324 564
1694620831897 0.006356960650238164 565
1694620831930 0.006375779198995124 566
1694620831958 0.006394621675557155 567
1694620831985 0.006413488180855076 568
1694620832011 0.006432378815769968 569
1694620832040 0.0064512936811382815 570
1694620832068 0.006470232877752391 571
1694620832097 0.00648919650636115 572
1694620832125 0.006508184667669448 573
1694620832154 0.006527197462342982 574
1694620832181 0.006546234991002042 575
1694620832207 0.006565297354230282 576
1694620832232 0.006584384652572606 577
1694620832260 0.006603496986533175 578
1694620832285 0.0066226344565795126 579
1694620832313 0.006641797163142726 580
1694620832344 0.006660985206618064 581
1694620832379 0.0066801986873656904 582
1694620832414 0.006699437705711797 583
1694620832457 0.006718702361948714 584
1694620832502 0.00673799275633713 585
1694620832540 0.00675730898910587 586
1694620832585 0.006776651160453118 587
1694620832638 0.006796019370546746 588
1694620832685 0.006815413719526098 589
1694620832730 0.006834834307502202 590
1694620832780 0.006854281234558335 591
1694620832823 0.0068737546007523465 592
1694620832859 0.006893254506112889 593
1694620832891 0.006912781050648742 594
1694620832922 0.006932334334342594 595
1694620832950 0.0069519144571497105 596
1694620832976 0.006971521519009816 597
1694620833002 0.0069911556198383185 598
1694620833029 0.007010816859525537 599
1694620833057 0.007030505337948356 600
1694620833091 0.007050221154960679 601
1694620833118 0.007069964410398977 602
1694620833146 0.007089735204081737 603
1694620833174 0.00710953363581035 604
1694620833200 0.007129359805371438 605
1694620833226 0.0071492138125354154 606
1694620833251 0.0071690957570578195 607
1694620833276 0.007189005738682974 608
1694620833301 0.007208943857137218 609
1694620833329 0.007228910212141226 610
1694620833354 0.007248904903400355 611
1694620833380 0.007268928030609745 612
1694620833405 0.00728897969345621 613
1694620833430 0.007309059991616906 614
1694620833454 0.007329169024760884 615
1694620833480 0.00734930689254798 616
1694620833506 0.0073694736946350314 617
1694620833531 0.007389669530670329 618
1694620833564 0.007409894500297831 619
1694620833601 0.007430148703158168 620
1694620833637 0.007450432238884086 621
1694620833671 0.00747074520711255 622
1694620833704 0.0074910877074731985 623
1694620833740 0.007511459839594337 624
1694620833777 0.007531861703107379 625
1694620833813 0.007552293397640519 626
1694620833854 0.007572755022824618 627
1694620833897 0.007593246678291865 628
1694620833933 0.007613768463676007 629
1694620833967 0.007634320478615231 630
1694620834001 0.00765490282275072 631
1694620834037 0.007675515595729432 632
1694620834074 0.007696158897201433 633
1694620834107 0.0077168328268267805 634
1694620834146 0.007737537484266532 635
1694620834184 0.007758272969195956 636
1694620834220 0.007779039381293984 637
1694620834258 0.007799836820250761 638
1694620834292 0.007820665385764869 639
1694620834324 0.007841525177546327 640
1694620834354 0.007862416295315366 641
1694620834380 0.007883338838805765 642
1694620834406 0.00790429290776229 643
1694620834431 0.007925278601943586 644
1694620834456 0.007946296021123067 645
1694620834481 0.007967345265087578 646
1694620834507 0.00798842643364106 647
1694620834535 0.00800953962660067 648
1694620834566 0.008030684943804767 649
1694620834598 0.00805186248510581 650
1694620834642 0.008073072350376131 651
1694620834692 0.008094314639507383 652
1694620834741 0.008115589452407312 653
1694620834779 0.00813689688900987 654
1694620834818 0.008158237049265882 655
1694620834855 0.008179610033149487 656
1694620834895 0.008201015940656253 657
1694620834934 0.008222454871806173 658
1694620834977 0.008243926926641665 659
1694620835020 0.008265432205231349 660
1694620835059 0.00828697080766716 661
1694620835102 0.008308542834068122 662
1694620835138 0.008330148384579572 663
1694620835173 0.008351787559374713 664
1694620835207 0.00837346045865106 665
1694620835235 0.008395167182639995 666
1694620835263 0.008416907831599096 667
1694620835294 0.008438682505816364 668
1694620835328 0.008460491305610107 669
1694620835363 0.008482334331330388 670
1694620835394 0.008504211683358576 671
1694620835423 0.008526123462109347 672
1694620835452 0.008548069768029798 673
1694620835486 0.00857005070160155 674
1694620835518 0.00859206636334009 675
1694620835551 0.008614116853796983 676
1694620835581 0.008636202273558768 677
1694620835607 0.008658322723249179 678
1694620835633 0.008680478303528694 679
1694620835661 0.00870266911509543 680
1694620835686 0.008724895258686138 681
1694620835715 0.008747156835077652 682
1694620835750 0.008769453945084438 683
1694620835790 0.00879178668956282 684
1694620835833 0.008814155169410198 685
1694620835870 0.008836559485564721 686
1694620835903 0.008858999739007833 687
1694620835938 0.008881476030763058 688
1694620835969 0.008903988461897994 689
1694620835998 0.008926537133524315 690
1694620836027 0.008949122146798438 691
1694620836053 0.0089717436029223 692
1694620836084 0.008994401603143909 693
1694620836109 0.009017096248757905 694
1694620836136 0.009039827641106446 695
1694620836167 0.009062595881579538 696
1694620836202 0.009085401071615484 697
1694620836241 0.009108243312702546 698
1694620836275 0.00913112270637817 699
1694620836309 0.009154039354230203 700
1694620836346 0.009176993357898788 701
1694620836379 0.009199984819071694 702
1694620836410 0.009223013839496086 703
1694620836445 0.009246080520963651 704
1694620836483 0.009269184965326915 705
1694620836527 0.009292327274488477 706
1694620836575 0.009315507550406665 707
1694620836619 0.009338725895094657 708
1694620836659 0.00936198241062225 709
1694620836695 0.009385277199115305 710
1694620836730 0.009408610362757086 711
1694620836769 0.009431982003788364 712
1694620836818 0.009455392224508419 713
1694620836875 0.009478841127274928 714
1694620836928 0.009502328814506189 715
1694620836973 0.009525855388679338 716
1694620837018 0.00954942095233291 717
1694620837055 0.009573025608067165 718
1694620837096 0.009596669458543983 719
1694620837127 0.00962035260648475 720
1694620837157 0.009644075154679799 721
1694620837194 0.009667837205978635 722
1694620837232 0.00969163886329616 723
1694620837276 0.00971548022961266 724
1694620837320 0.009739361407973046 725
1694620837366 0.00976328250148839 726
1694620837405 0.009787243613337715 727
1694620837440 0.009811244846762546 728
1694620837470 0.009835286305078794 729
1694620837500 0.009859368091665988 730
1694620837527 0.009883490309974041 731
1694620837553 0.009907653063522037 732
1694620837579 0.009931856455899224 733
1694620837606 0.009956100590765238 734
1694620837633 0.009980385571850547 735
1694620837663 0.010004711502958341 736
1694620837691 0.010029078487962972 737
1694620837717 0.01005348663081207 738
1694620837747 0.010077936035526869 739
1694620837772 0.010102426806202325 740
1694620837798 0.010126959047007555 741
1694620837826 0.010151532862187618 742
1694620837851 0.01017614835606273 743
1694620837877 0.010200805633028942 744
1694620837902 0.01022550479755957 745
1694620837928 0.010250245954205317 746
1694620837953 0.010275029207595376 747
1694620837980 0.010299854662432995 748
1694620838008 0.01032472242350746 749
1694620838034 0.010349632595683 750
1694620838059 0.010374585283904336 751
1694620838094 0.010399580593197788 752
1694620838125 0.010424618628670057 753
1694620838160 0.010449699495509779 754
1694620838195 0.010474823298988412 755
1694620838226 0.010499990144459126 756
1694620838258 0.01052520013735958 757
1694620838287 0.010550453383210034 758
1694620838318 0.010575749987616012 759
1694620838348 0.01060109005626797 760
1694620838374 0.010626473694941407 761
1694620838401 0.010651901009498088 762
1694620838434 0.010677372105886263 763
1694620838465 0.010702887090142665 764
1694620838494 0.010728446068386632 765
1694620838523 0.010754049146832756 766
1694620838552 0.010779696431780783 767
1694620838578 0.010805388029616503 768
1694620838603 0.010831124046821627 769
1694620838629 0.010856904589964245 770
1694620838655 0.010882729765704147 771
1694620838683 0.010908599680792497 772
1694620838709 0.010934514442071941 773
1694620838736 0.010960474156477829 774
1694620838762 0.010986478931038102 775
1694620838792 0.011012528872875516 776
1694620838823 0.011038624089202087 777
1694620838851 0.011064764687331086 778
1694620838880 0.01109095077466582 779
1694620838911 0.011117182458707076 780
1694620838939 0.011143459847050785 781
1694620838969 0.011169783047390691 782
1694620838998 0.011196152167513351 783
1694620839026 0.011222567315309018 784
1694620839051 0.011249028598762978 785
1694620839081 0.011275536125955887 786
1694620839107 0.01130209000507365 787
1694620839136 0.011328690344397763 788
1694620839168 0.011355337252310194 789
1694620839207 0.011382030837294277 790
1694620839252 0.011408771207933488 791
1694620839299 0.011435558472914442 792
1694620839335 0.011462392741024896 793
1694620839369 0.011489274121152193 794
1694620839404 0.011516202722294033 795
1694620839435 0.011543178653542707 796
1694620839470 0.011570202024102638 797
1694620839507 0.011597272943277948 798
1694620839541 0.011624391520479227 799
1694620839574 0.01165155786522265 800
1694620839609 0.011678772087130307 801
1694620839645 0.0117060342959312 802
1694620839686 0.011733344601461582 803
1694620839734 0.01176070311366173 804
1694620839775 0.011788109942586167 805
1694620839809 0.01181556519839333 806
1694620839843 0.011843068991352124 807
1694620839880 0.011870621431841033 808
1694620839924 0.011898222630347899 809
1694620839973 0.011925872697471585 810
1694620840031 0.011953571743921643 811
1694620840087 0.011981319880520314 812
1694620840145 0.012009117218196308 813
1694620840196 0.012036963867999573 814
1694620840243 0.012064859941086081 815
1694620840285 0.012092805548728047 816
1694620840329 0.012120800802310483 817
1694620840380 0.012148845813332865 818
1694620840432 0.012176940693410021 819
1694620840471 0.012205085554271466 820
1694620840508 0.012233280507763511 821
1694620840552 0.012261525665844486 822
1694620840597 0.012289821140595958 823
1694620840637 0.012318167044212402 824
1694620840680 0.012346563489006979 825
1694620840723 0.01237501058741064 826
1694620840761 0.012403508451972911 827
1694620840791 0.012432057195363222 828
1694620840824 0.012460656930370129 829
1694620840863 0.012489307769898539 830
1694620840908 0.01251800982698148 831
1694620840954 0.012546763214767442 832
1694620840998 0.012575568046523933 833
1694620841037 0.01260442443564791 834
1694620841084 0.012633332495652683 835
1694620841131 0.01266229234017624 836
1694620841174 0.012691304082979471 837
1694620841212 0.012720367837946833 838
1694620841245 0.012749483719087462 839
1694620841283 0.01277865184053506 840
1694620841326 0.012807872316548563 841
1694620841363 0.012837145261508809 842
1694620841395 0.01286647078992953 843
1694620841427 0.012895849016445027 844
1694620841464 0.012925280055819277 845
1694620841503 0.0129547640229426 846
1694620841533 0.012984301032833212 847
1694620841566 0.013013891200637562 848
1694620841597 0.013043534641631327 849
1694620841629 0.01307323147121875 850
1694620841655 0.013102981804933522 851
1694620841681 0.013132785758439902 852
1694620841709 0.013162643447533373 853
1694620841741 0.013192554988135763 854
1694620841768 0.013222520496307677 855
1694620841795 0.013252540088236175 856
1694620841825 0.013282613880242988 857
1694620841853 0.013312741988780075 858
1694620841879 0.013342924530433842 859
1694620841905 0.013373161621926699 860
1694620841932 0.013403453380111952 861
1694620841966 0.013433799921978351 862
1694620841998 0.013464201364650763 863
1694620842029 0.013494657825384615 864
1694620842056 0.013525169421578553 865
1694620842087 0.013555736270762342 866
1694620842116 0.013586358490603523 867
1694620842145 0.013617036198907195 868
1694620842170 0.01364776951361546 869
1694620842197 0.013678558552809195 870
1694620842225 0.01370940343470628 871
1694620842253 0.013740304277664928 872
1694620842285 0.013771261200181906 873
1694620842327 0.013802274320893204 874
1694620842365 0.013833343758576255 875
1694620842404 0.013864469632147935 876
1694620842447 0.01389565206066612 877
1694620842490 0.013926891163332011 878
1694620842529 0.013958187059483484 879
1694620842565 0.013989539868607626 880
1694620842603 0.014020949710330077 881
1694620842636 0.01405241670441959 882
1694620842667 0.01408394097078991 883
1694620842697 0.014115522629498223 884
1694620842727 0.014147161800745378 885
1694620842756 0.014178858604877886 886
1694620842782 0.014210613162387253 887
1694620842810 0.014242425593910868 888
1694620842843 0.014274296020231336 889
1694620842872 0.014306224562278924 890
1694620842901 0.014338211341131113 891
1694620842930 0.01437025647800827 892
1694620842958 0.01440236009428597 893
1694620842983 0.014434522311482456 894
1694620843011 0.0144667432512674 895
1694620843038 0.014499023035455139 896
1694620843077 0.01453136178601544 897
1694620843113 0.014563759625064288 898
1694620843153 0.014596216674868323 899
1694620843194 0.014628733057844623 900
1694620843229 0.014661308896562142 901
1694620843265 0.014693944313741603 902
1694620843303 0.01472663943225383 903
1694620843343 0.014759394375123414 904
1694620843377 0.014792209265527156 905
1694620843410 0.014825084226795182 906
1694620843442 0.014858019382411047 907
1694620843472 0.014891014856013296 908
1694620843503 0.014924070771389797 909
1694620843530 0.014957187252491955 910
1694620843557 0.014990364423416502 911
1694620843584 0.015023602408424264 912
1694620843617 0.015056901331926609 913
1694620843650 0.015090261318493892 914
1694620843681 0.01512368249285212 915
1694620843713 0.01515716497988151 916
1694620843752 0.015190708904628147 917
1694620843785 0.01522431439228622 918
1694620843822 0.01525798156821323 919
1694620843853 0.015291710557928329 920
1694620843883 0.015325501487101545 921
1694620843912 0.015359354481570997 922
1694620843938 0.015393269667330012 923
1694620843967 0.01542724717053312 924
1694620843999 0.01546128711749506 925
1694620844036 0.015495389634692769 926
1694620844075 0.015529554848764282 927
1694620844105 0.015563782886508837 928
1694620844135 0.015598073874889318 929
1694620844163 0.015632427941029703 930
1694620844190 0.015666845212218172 931
1694620844218 0.015701325815905998 932
1694620844245 0.015735869879707876 933
1694620844275 0.015770477531403482 934
1694620844303 0.015805148898937915 935
1694620844335 0.015839884110416258 936
1694620844362 0.015874683294116343 937
1694620844390 0.01590954657847854 938
1694620844417 0.015944474092105088 939
1694620844447 0.01597946596377242 940
1694620844474 0.016014522322420288 941
1694620844501 0.016049643297152083 942
1694620844527 0.01608482901724584 943
1694620844552 0.016120079612143123 944
1694620844577 0.016155395211454926 945
1694620844603 0.016190775944961322 946
1694620844630 0.016226221942611474 947
1694620844655 0.016261733334524298 948
1694620844684 0.016297310250987795 949
1694620844719 0.01633295282246172 950
1694620844767 0.016368661179575694 951
1694620844811 0.01640443545313175 952
1694620844846 0.016440275774099122 953
1694620844876 0.016476182273623685 954
1694620844907 0.016512155083020175 955
1694620844936 0.016548194333780297 956
1694620844964 0.016584300157565957 957
1694620844995 0.016620472686208476 958
1694620845035 0.016656712051720257 959
1694620845078 0.01669301838628312 960
1694620845112 0.016729391822254858 961
1694620845143 0.016765832492166788 962
1694620845169 0.016802340528726978 963
1694620845198 0.01683891606481913 964
1694620845227 0.016875559233498483 965
1694620845255 0.016912270168004007 966
1694620845286 0.016949049001745653 967
1694620845317 0.016985895868312784 968
1694620845348 0.017022810901471175 969
1694620845378 0.017059794235164127 970
1694620845407 0.017096846003514354 971
1694620845435 0.01713396634082176 972
1694620845463 0.01717115538156566 973
1694620845491 0.01720841326040423 974
1694620845517 0.01724574011217561 975
1694620845543 0.017283136071897465 976
1694620845570 0.017320601274767755 977
1694620845597 0.017358135856164636 978
1694620845623 0.017395739951648892 979
1694620845650 0.01743341369696061 980
1694620845676 0.017471157228022616 981
1694620845702 0.017508970680939484 982
1694620845730 0.01754685419199853 983
1694620845767 0.017584807897669474 984
1694620845801 0.017622831934606342 985
1694620845834 0.017660926439641678 986
1694620845864 0.01769909154979943 987
1694620845895 0.01773732740228262 988
1694620845921 0.017775634134480356 989
1694620845948 0.017814011883966363 990
1694620845978 0.017852460788499336 991
1694620846004 0.01789098098602404 992
1694620846033 0.017929572614669764 993
1694620846061 0.017968235812754196 994
1694620846092 0.018006970718780213 995
1694620846118 0.018045777471439317 996
1694620846147 0.01808465620960442 997
1694620846175 0.018123607072345504 998
1694620846218 0.018162630198913288 999
