1694636218641 -0.007658484607937721 0
1694636218697 -0.0076582840895216275 1
1694636218763 -0.007658083477519728 2
1694636218842 -0.007657882771910707 3
1694636218922 -0.007657681972675245 4
1694636219010 -0.007657481079791806 5
1694636219097 -0.00765728009323996 6
1694636219174 -0.007657079012999279 7
1694636219245 -0.007656877839049114 8
1694636219319 -0.0076566765713690366 9
1694636219387 -0.007656475209937952 10
1694636219446 -0.007656273754736098 11
1694636219510 -0.007656072205741271 12
1694636219567 -0.007655870562935485 13
1694636219648 -0.007655668826295869 14
1694636219716 -0.007655466995802884 15
1694636219818 -0.007655265071434769 16
1694636219894 -0.0076550630531730945 17
1694636219969 -0.007654860940995212 18
1694636220038 -0.007654658734881137 19
1694636220122 -0.0076544564348102195 20
1694636220211 -0.00765425404076181 21
1694636220275 -0.007654051552715702 22
1694636220335 -0.0076538489706505786 23
1694636220402 -0.007653646294545791 24
1694636220464 -0.007653443524381798 25
1694636220526 -0.0076532406601361735 26
1694636220589 -0.0076530377017896 27
1694636220659 -0.007652834649321427 28
1694636220762 -0.007652631502710783 29
1694636220832 -0.007652428261936128 30
1694636220890 -0.00765222492697748 31
1694636220957 -0.007652021497813966 32
1694636221023 -0.007651817974425379 33
1694636221108 -0.007651614356790404 34
1694636221206 -0.007651410644888834 35
1694636221266 -0.007651206838699798 36
1694636221330 -0.007651002938201978 37
1694636221393 -0.007650798943375614 38
1694636221458 -0.0076505948541996105 39
1694636221519 -0.007650390670653318 40
1694636221587 -0.007650186392715863 41
1694636221648 -0.007649982020366597 42
1694636221721 -0.007649777553584425 43
1694636221772 -0.007649572992349363 44
1694636221838 -0.007649368336640094 45
1694636221928 -0.007649163586436192 46
1694636222012 -0.007648958741716783 47
1694636222078 -0.007648753802460773 48
1694636222153 -0.007648548768647956 49
1694636222245 -0.007648343640257238 50
1694636222335 -0.007648138417267969 51
1694636222406 -0.0076479330996594985 52
1694636222463 -0.0076477276874109545 53
1694636222537 -0.007647522180501243 54
1694636222612 -0.007647316578909713 55
1694636222695 -0.007647110882615937 56
1694636222758 -0.007646905091598377 57
1694636222832 -0.007646699205837715 58
1694636222891 -0.007646493225311302 59
1694636222953 -0.007646287150000264 60
1694636223015 -0.007646080979881953 61
1694636223071 -0.007645874714936607 62
1694636223127 -0.007645668355142243 63
1694636223192 -0.0076454619004804325 64
1694636223253 -0.007645255350928082 65
1694636223319 -0.007645048706464985 66
1694636223450 -0.007644841967070715 67
1694636223524 -0.007644635132724176 68
1694636223650 -0.007644428203404496 69
1694636223723 -0.007644221179090582 70
1694636223836 -0.007644014059761783 71
1694636223911 -0.0076438068453976715 72
1694636223987 -0.00764359953597693 73
1694636224052 -0.007643392131478688 74
1694636224106 -0.007643184631881628 75
1694636224161 -0.00764297703716621 76
1694636224217 -0.007642769347310452 77
1694636224273 -0.007642561562293926 78
1694636224327 -0.007642353682095315 79
1694636224383 -0.00764214570669397 80
1694636224438 -0.007641937636068796 81
1694636224505 -0.0076417294701998095 82
1694636224559 -0.0076415212090652496 83
1694636224611 -0.007641312852644022 84
1694636224672 -0.007641104400915477 85
1694636224730 -0.0076408958538591865 86
1694636224792 -0.007640687211453612 87
1694636224850 -0.007640478473677659 88
1694636224913 -0.0076402696405111215 89
1694636224975 -0.0076400607119326835 90
1694636225025 -0.007639851687921473 91
1694636225075 -0.007639642568456395 92
1694636225122 -0.007639433353516578 93
1694636225169 -0.00763922404308115 94
1694636225218 -0.00763901463712835 95
1694636225272 -0.007638805135639304 96
1694636225329 -0.00763859553859092 97
1694636225373 -0.007638385845963214 98
1694636225420 -0.007638176057734869 99
1694636225473 -0.0076379661738850135 100
1694636225534 -0.007637756194392553 101
1694636225585 -0.007637546119236838 102
1694636225636 -0.007637335948396773 103
1694636225683 -0.0076371256818510425 104
1694636225745 -0.007636915319578774 105
1694636225812 -0.007636704861559318 106
1694636225876 -0.007636494307771136 107
1694636225953 -0.007636283658193799 108
1694636226065 -0.007636072912805547 109
1694636226130 -0.007635862071585953 110
1694636226212 -0.007635651134513921 111
1694636226280 -0.007635440101568136 112
1694636226355 -0.007635228972727726 113
1694636226421 -0.007635017747971373 114
1694636226480 -0.007634806427278207 115
1694636226550 -0.00763459501062802 116
1694636226616 -0.007634383497998831 117
1694636226667 -0.007634171889369323 118
1694636226718 -0.0076339601847190686 119
1694636226771 -0.007633748384026751 120
1694636226819 -0.007633536487271497 121
1694636226866 -0.007633324494431992 122
1694636226915 -0.007633112405487363 123
1694636226965 -0.007632900220416294 124
1694636227018 -0.007632687939197691 125
1694636227075 -0.007632475561810681 126
1694636227143 -0.00763226308823417 127
1694636227212 -0.007632050518446842 128
1694636227268 -0.007631837852427603 129
1694636227327 -0.007631625090154914 130
1694636227383 -0.007631412231609236 131
1694636227444 -0.007631199276767919 132
1694636227512 -0.00763098622560987 133
1694636227566 -0.007630773078115327 134
1694636227618 -0.007630559834261641 135
1694636227667 -0.007630346494028606 136
1694636227718 -0.007630133057394239 137
1694636227764 -0.0076299195243381135 138
1694636227834 -0.007629705894838912 139
1694636227911 -0.007629492168875318 140
1694636227981 -0.007629278346426238 141
1694636228058 -0.0076290644274699115 142
1694636228138 -0.0076288504119872425 143
1694636228189 -0.007628636299954916 144
1694636228237 -0.0076284220913516165 145
1694636228289 -0.0076282077861580255 146
1694636228341 -0.007627993384352383 147
1694636228389 -0.007627778885911596 148
1694636228436 -0.007627564290817235 149
1694636228486 -0.007627349599046207 150
1694636228542 -0.0076271348105780845 151
1694636228599 -0.007626919925391107 152
1694636228657 -0.00762670494346418 153
1694636228704 -0.007626489864777097 154
1694636228762 -0.007626274689307655 155
1694636228825 -0.007626059417034758 156
1694636228882 -0.0076258440479370915 157
1694636228931 -0.00762562858199356 158
1694636228983 -0.007625413019183069 159
1694636229063 -0.007625197359484304 160
1694636229132 -0.0076249816028759465 161
1694636229189 -0.007624765749336682 162
1694636229250 -0.007624549798844749 163
1694636229304 -0.0076243337513806075 164
1694636229358 -0.007624117606920722 165
1694636229406 -0.007623901365445551 166
1694636229457 -0.0076236850269331136 167
1694636229519 -0.007623468591362981 168
1694636229584 -0.007623252058712504 169
1694636229650 -0.007623035428961034 170
1694636229698 -0.007622818702087031 171
1694636229757 -0.007622601878069624 172
1694636229803 -0.007622384956887496 173
1694636229860 -0.007622167938518887 174
1694636229970 -0.0076219508229429245 175
1694636230035 -0.007621733610138071 176
1694636230099 -0.007621516300082787 177
1694636230162 -0.007621298892755979 178
1694636230215 -0.007621081388137219 179
1694636230266 -0.0076208637862040796 180
1694636230324 -0.0076206460869352455 181
1694636230375 -0.0076204282903094 182
1694636230425 -0.007620210396305005 183
1694636230485 -0.007619992404902298 184
1694636230537 -0.007619774316077521 185
1694636230580 -0.007619556129811578 186
1694636230641 -0.007619337846081153 187
1694636230703 -0.007619119464866486 188
1694636230750 -0.007618900986145594 189
1694636230809 -0.007618682409895827 190
1694636230862 -0.007618463736097869 191
1694636230925 -0.007618244964729293 192
1694636230986 -0.007618026095769448 193
1694636231037 -0.007617807129195908 194
1694636231085 -0.007617588064987801 195
1694636231144 -0.007617368903123367 196
1694636231199 -0.007617149643581511 197
1694636231243 -0.007616930286341139 198
1694636231297 -0.007616710831380047 199
1694636231341 -0.007616491278677362 200
1694636231393 -0.007616271628211768 201
1694636231466 -0.007616051879961505 202
1694636231522 -0.0076158320339050345 203
1694636231583 -0.007615612090021262 204
1694636231641 -0.007615392048288205 205
1694636231695 -0.0076151719086858805 206
1694636231748 -0.007614951671190973 207
1694636231799 -0.00761473133578261 208
1694636231858 -0.0076145109024403634 209
1694636231913 -0.0076142903711415855 210
1694636231995 -0.0076140697418651815 211
1694636232081 -0.007613849014589613 212
1694636232139 -0.007613628189293342 213
1694636232203 -0.007613407265955496 214
1694636232270 -0.007613186244553649 215
1694636232343 -0.00761296512506604 216
1694636232428 -0.0076127439074726855 217
1694636232481 -0.007612522591751381 218
1694636232535 -0.007612301177881031 219
1694636232592 -0.007612079665838323 220
1694636232660 -0.007611858055604159 221
1694636232718 -0.00761163634715567 222
1694636232773 -0.007611414540471317 223
1694636232822 -0.007611192635529784 224
1694636232884 -0.007610970632309533 225
1694636232951 -0.007610748530789246 226
1694636233007 -0.007610526330947165 227
1694636233063 -0.007610304032761306 228
1694636233120 -0.007610081636210797 229
1694636233171 -0.007609859141274766 230
1694636233220 -0.007609636547929899 231
1694636233294 -0.007609413856155767 232
1694636233356 -0.007609191065930387 233
1694636233412 -0.007608968177232223 234
1694636233465 -0.007608745190039956 235
1694636233522 -0.007608522104331827 236
1694636233573 -0.007608298920086298 237
1694636233624 -0.007608075637281386 238
1694636233680 -0.007607852255896663 239
1694636233740 -0.007607628775909037 240
1694636233805 -0.0076074051972983 241
1694636233859 -0.007607181520041584 242
1694636233917 -0.007606957744118237 243
1694636233968 -0.007606733869506055 244
1694636234024 -0.007606509896182834 245
1694636234076 -0.007606285824128367 246
1694636234122 -0.007606061653320895 247
1694636234203 -0.007605837383737768 248
1694636234256 -0.007605613015358115 249
1694636234308 -0.0076053885481595085 250
1694636234377 -0.007605163982121077 251
1694636234433 -0.007604939317220838 252
1694636234508 -0.007604714553436587 253
1694636234557 -0.007604489690747673 254
1694636234617 -0.0076042647291330034 255
1694636234684 -0.00760403966856904 256
1694636234742 -0.007603814509035134 257
1694636234806 -0.007603589250509302 258
1694636234855 -0.007603363892970005 259
1694636234901 -0.007603138436395707 260
1694636234946 -0.007602912880764645 261
1694636234990 -0.00760268722605506 262
1694636235031 -0.00760246147224497 263
1694636235090 -0.007602235619313058 264
1694636235141 -0.007602009667237564 265
1694636235184 -0.007601783615996283 266
1694636235228 -0.007601557465568565 267
1694636235270 -0.007601331215931761 268
1694636235314 -0.007601104867064112 269
1694636235369 -0.007600878418944523 270
1694636235429 -0.00760065187155079 271
1694636235481 -0.007600425224860707 272
1694636235531 -0.007600198478853626 273
1694636235580 -0.007599971633508007 274
1694636235630 -0.007599744688800536 275
1694636235687 -0.007599517644710563 276
1694636235745 -0.007599290501215661 277
1694636235821 -0.007599063258294736 278
1694636235893 -0.007598835915925584 279
1694636235970 -0.0075986084740866655 280
1694636236025 -0.007598380932755777 281
1694636236075 -0.007598153291911602 282
1694636236122 -0.007597925551532159 283
1694636236170 -0.00759769771159613 284
1694636236226 -0.007597469772080645 285
1694636236274 -0.007597241732964166 286
1694636236333 -0.007597013594226265 287
1694636236374 -0.007596785355843405 288
1694636236425 -0.007596557017794714 289
1694636236467 -0.007596328580057543 290
1694636236524 -0.0075961000426116865 291
1694636236563 -0.007595871405433385 292
1694636236610 -0.0075956426685019895 293
1694636236647 -0.007595413831795073 294
1694636236709 -0.007595184895291096 295
1694636236757 -0.0075949558589683 296
1694636236811 -0.007594726722804035 297
1694636236858 -0.007594497486778096 298
1694636236923 -0.007594268150867167 299
1694636236962 -0.007594038715049489 300
1694636237013 -0.0075938091793041895 301
1694636237062 -0.0075935795436081754 302
1694636237112 -0.007593349807940131 303
1694636237174 -0.007593119972277851 304
1694636237223 -0.007592890036600242 305
1694636237267 -0.007592660000884877 306
1694636237317 -0.007592429865109329 307
1694636237366 -0.007592199629252727 308
1694636237418 -0.007591969293291978 309
1694636237473 -0.007591738857207098 310
1694636237541 -0.007591508320974105 311
1694636237593 -0.0075912776845719065 312
1694636237660 -0.007591046947978075 313
1694636237728 -0.007590816111172183 314
1694636237786 -0.007590585174130693 315
1694636237839 -0.007590354136832289 316
1694636237893 -0.007590122999254323 317
1694636237946 -0.007589891761376588 318
1694636237992 -0.00758966042317577 319
1694636238031 -0.007589428984629665 320
1694636238065 -0.007589197445716511 321
1694636238112 -0.007588965806415882 322
1694636238151 -0.007588734066703795 323
1694636238196 -0.007588502226558491 324
1694636238254 -0.007588270285959764 325
1694636238305 -0.0075880382448836325 326
1694636238362 -0.007587806103309003 327
1694636238419 -0.007587573861213892 328
1694636238473 -0.007587341518574986 329
1694636238545 -0.007587109075372966 330
1694636238597 -0.007586876531583631 331
1694636238636 -0.007586643887185662 332
1694636238679 -0.007586411142156857 333
1694636238728 -0.007586178296475454 334
1694636238771 -0.007585945350118806 335
1694636238819 -0.007585712303066261 336
1694636238863 -0.0075854791552942835 337
1694636238912 -0.007585245906781557 338
1694636238955 -0.007585012557506099 339
1694636239010 -0.007584779107445483 340
1694636239049 -0.007584545556577504 341
1694636239103 -0.007584311904880847 342
1694636239161 -0.007584078152332863 343
1694636239260 -0.0075838442989117905 344
1694636239341 -0.007583610344595426 345
1694636239379 -0.007583376289361343 346
1694636239434 -0.007583142133188003 347
1694636239484 -0.007582907876053202 348
1694636239529 -0.007582673517934735 349
1694636239572 -0.007582439058810397 350
1694636239613 -0.007582204498658429 351
1694636239656 -0.00758196983745596 352
1694636239701 -0.007581735075181895 353
1694636239738 -0.0075815002118135855 354
1694636239785 -0.007581265247328162 355
1694636239848 -0.007581030181705639 356
1694636239939 -0.007580795014921815 357
1694636240014 -0.007580559746955373 358
1694636240084 -0.007580324377783887 359
1694636240159 -0.007580088907385152 360
1694636240229 -0.007579853335738074 361
1694636240292 -0.007579617662819338 362
1694636240354 -0.007579381888607406 363
1694636240419 -0.0075791460130791855 364
1694636240491 -0.007578910036213804 365
1694636240560 -0.007578673957988391 366
1694636240624 -0.00757843777838052 367
1694636240701 -0.007578201497368653 368
1694636240751 -0.007577965114930141 369
1694636240802 -0.007577728631043001 370
1694636240851 -0.007577492045684364 371
1694636240897 -0.007577255358833801 372
1694636240939 -0.007577018570466887 373
1694636240989 -0.007576781680563416 374
1694636241036 -0.007576544689099851 375
1694636241079 -0.007576307596053544 376
1694636241128 -0.007576070401404511 377
1694636241173 -0.007575833105128105 378
1694636241218 -0.007575595707203675 379
1694636241262 -0.0075753582076083514 380
1694636241323 -0.007575120606319485 381
1694636241373 -0.0075748829033157605 382
1694636241423 -0.007574645098574306 383
1694636241474 -0.007574407192072918 384
1694636241536 -0.00757416918378917 385
1694636241591 -0.007573931073701523 386
1694636241630 -0.007573692861786885 387
1694636241667 -0.007573454548023939 388
1694636241703 -0.007573216132388483 389
1694636241739 -0.007572977614861198 390
1694636241780 -0.0075727389954176605 391
1694636241824 -0.007572500274035887 392
1694636241872 -0.007572261450693674 393
1694636241922 -0.007572022525369038 394
1694636241967 -0.0075717834980388865 395
1694636242020 -0.00757154436868257 396
1694636242073 -0.0075713051372758855 397
1694636242122 -0.0075710658037977385 398
1694636242171 -0.0075708263682252586 399
1694636242225 -0.007570586830536019 400
1694636242262 -0.007570347190708038 401
1694636242331 -0.007570107448718666 402
1694636242383 -0.007569867604545477 403
1694636242430 -0.007569627658167377 404
1694636242479 -0.007569387609560385 405
1694636242538 -0.007569147458703185 406
1694636242591 -0.007568907205572684 407
1694636242645 -0.007568666850146899 408
1694636242702 -0.007568426392402738 409
1694636242749 -0.007568185832319774 410
1694636242799 -0.007567945169873802 411
1694636242848 -0.007567704405042841 412
1694636242907 -0.007567463537804908 413
1694636242971 -0.007567222568136911 414
1694636243015 -0.007566981496017311 415
1694636243054 -0.0075667403214230156 416
1694636243094 -0.007566499044331598 417
1694636243136 -0.007566257664721299 418
1694636243182 -0.007566016182570134 419
1694636243217 -0.007565774597853903 420
1694636243266 -0.007565532910550843 421
1694636243314 -0.007565291120639861 422
1694636243352 -0.00756504922809742 423
1694636243399 -0.00756480723290065 424
1694636243448 -0.00756456513502779 425
1694636243494 -0.007564322934456191 426
1694636243545 -0.007564080631162984 427
1694636243582 -0.007563838225126851 428
1694636243628 -0.0075635957163247 429
1694636243675 -0.007563353104732995 430
1694636243713 -0.007563110390331751 431
1694636243753 -0.007562867573095655 432
1694636243796 -0.007562624653004946 433
1694636243835 -0.0075623816300347535 434
1694636243880 -0.007562138504163762 435
1694636243936 -0.007561895275369546 436
1694636243978 -0.007561651943629233 437
1694636244037 -0.0075614085089201755 438
1694636244088 -0.007561164971220613 439
1694636244144 -0.007560921330507453 440
1694636244202 -0.0075606775867573806 441
1694636244246 -0.00756043373995019 442
1694636244297 -0.007560189790061456 443
1694636244337 -0.007559945737068974 444
1694636244379 -0.00755970158095054 445
1694636244435 -0.007559457321683283 446
1694636244489 -0.0075592129592447765 447
1694636244538 -0.00755896849361215 448
1694636244579 -0.007558723924763644 449
1694636244639 -0.007558479252676831 450
1694636244683 -0.007558234477327286 451
1694636244741 -0.007557989598694359 452
1694636244796 -0.007557744616755624 453
1694636244842 -0.0075574995314866555 454
1694636244892 -0.00755725434286636 455
1694636244933 -0.007557009050871644 456
1694636244969 -0.007556763655479859 457
1694636245017 -0.007556518156668801 458
1694636245059 -0.0075562725544153775 459
1694636245111 -0.007556026848697162 460
1694636245163 -0.007555781039491727 461
1694636245204 -0.007555535126776425 462
1694636245258 -0.007555289110528163 463
1694636245317 -0.007555042990724958 464
1694636245363 -0.007554796767343497 465
1694636245414 -0.007554550440362018 466
1694636245456 -0.007554304009757207 467
1694636245510 -0.007554057475506193 468
1694636245553 -0.00755381083758766 469
1694636245594 -0.007553564095977627 470
1694636245640 -0.007553317250653224 471
1694636245685 -0.0075530703015935785 472
1694636245729 -0.007552823248774043 473
1694636245769 -0.007552576092173302 474
1694636245812 -0.007552328831767818 475
1694636245864 -0.007552081467534499 476
1694636245905 -0.007551833999452473 477
1694636245941 -0.0075515864274977584 478
1694636245987 -0.007551338751647041 479
1694636246033 -0.007551090971879448 480
1694636246080 -0.007550843088171 481
1694636246122 -0.007550595100499047 482
1694636246171 -0.007550347008841163 483
1694636246216 -0.007550098813174255 484
1694636246273 -0.00754985051347612 485
1694636246331 -0.007549602109723885 486
1694636246381 -0.007549353601894682 487
1694636246432 -0.007549104989964972 488
1694636246484 -0.007548856273914328 489
1694636246541 -0.0075486074537176595 490
1694636246594 -0.007548358529353427 491
1694636246653 -0.007548109500798317 492
1694636246704 -0.0075478603680290135 493
1694636246755 -0.007547611131024867 494
1694636246805 -0.007547361789761009 495
1694636246849 -0.007547112344215456 496
1694636246905 -0.007546862794365561 497
1694636246959 -0.007546613140188008 498
1694636247006 -0.007546363381660592 499
1694636247054 -0.007546113518759778 500
1694636247099 -0.007545863551464027 501
1694636247160 -0.00754561347974958 502
1694636247224 -0.007545363303593566 503
1694636247267 -0.007545113022973338 504
1694636247318 -0.007544862637866467 505
1694636247372 -0.007544612148249641 506
1694636247426 -0.00754436155410021 507
1694636247465 -0.007544110855395303 508
1694636247516 -0.007543860052112272 509
1694636247563 -0.007543609144227359 510
1694636247611 -0.007543358131719469 511
1694636247662 -0.007543107014564399 512
1694636247730 -0.007542855792738834 513
1694636247802 -0.007542604466221681 514
1694636247858 -0.007542353034989624 515
1694636247921 -0.007542101499018461 516
1694636247998 -0.007541849858286209 517
1694636248045 -0.00754159811277022 518
1694636248090 -0.007541346262447179 519
1694636248139 -0.007541094307293772 520
1694636248185 -0.0075408422472882375 521
1694636248234 -0.007540590082407039 522
1694636248272 -0.007540337812627085 523
1694636248341 -0.007540085437925947 524
1694636248389 -0.0075398329582803125 525
1694636248434 -0.007539580373666865 526
1694636248471 -0.007539327684064512 527
1694636248520 -0.007539074889448383 528
1694636248560 -0.007538821989795608 529
1694636248606 -0.007538568985085092 530
1694636248680 -0.007538315875291968 531
1694636248725 -0.007538062660394251 532
1694636248810 -0.0075378093403684066 533
1694636248929 -0.007537555915191785 534
1694636249019 -0.0075373023848415155 535
1694636249117 -0.007537048749294062 536
1694636249227 -0.007536795008528108 537
1694636249391 -0.007536541162518784 538
1694636249490 -0.007536287211243886 539
1694636249589 -0.0075360331546801 540
1694636249659 -0.007535778992804998 541
1694636249738 -0.007535524725595266 542
1694636249813 -0.007535270353027812 543
1694636249901 -0.007535015875079987 544
1694636249968 -0.007534761291728476 545
1694636250064 -0.007534506602950186 546
1694636250189 -0.007534251808722248 547
1694636250293 -0.0075339969090217895 548
1694636250362 -0.007533741903825053 549
1694636250448 -0.007533486793110722 550
1694636250522 -0.007533231576854149 551
1694636250588 -0.007532976255032464 552
1694636250659 -0.007532720827623018 553
1694636250721 -0.007532465294602941 554
1694636250785 -0.007532209655948474 555
1694636250852 -0.007531953911637412 556
1694636250920 -0.007531698061645997 557
1694636250984 -0.007531442105951358 558
1694636251048 -0.0075311860445306245 559
1694636251106 -0.007530929877360704 560
1694636251171 -0.007530673604417615 561
1694636251240 -0.007530417225680264 562
1694636251336 -0.007530160741123781 563
1694636251411 -0.007529904150725519 564
1694636251518 -0.007529647454461941 565
1694636251595 -0.007529390652311729 566
1694636251649 -0.007529133744249128 567
1694636251682 -0.0075288767302534865 568
1694636251717 -0.007528619610300158 569
1694636251763 -0.007528362384366272 570
1694636251803 -0.007528105052429179 571
1694636251876 -0.007527847614464678 572
1694636251920 -0.007527590070451673 573
1694636251978 -0.007527332420365074 574
1694636252047 -0.007527074664182454 575
1694636252106 -0.007526816801880276 576
1694636252158 -0.007526558833435892 577
1694636252201 -0.007526300758825988 578
1694636252250 -0.007526042578027248 579
1694636252311 -0.0075257842910165795 580
1694636252370 -0.0075255258977708905 581
1694636252414 -0.007525267398266866 582
1694636252462 -0.0075250087924811915 583
1694636252517 -0.007524750080390996 584
1694636252563 -0.007524491261972965 585
1694636252618 -0.007524232337203118 586
1694636252664 -0.007523973306060361 587
1694636252720 -0.00752371416851938 588
1694636252790 -0.0075234549245570825 589
1694636252831 -0.007523195574151709 590
1694636252873 -0.007522936117279055 591
1694636252917 -0.007522676553915142 592
1694636252956 -0.007522416884038874 593
1694636253006 -0.00752215710762516 594
1694636253055 -0.007521897224651131 595
1694636253095 -0.007521637235093692 596
1694636253153 -0.007521377138929752 597
1694636253212 -0.007521116936135774 598
1694636253301 -0.007520856626688888 599
1694636253368 -0.007520596210565111 600
1694636253436 -0.007520335687741797 601
1694636253521 -0.00752007505819563 602
1694636253585 -0.007519814321902851 603
1694636253635 -0.0075195534788410345 604
1694636253678 -0.007519292528985089 605
1694636253726 -0.007519031472314586 606
1694636253764 -0.007518770308803546 607
1694636253804 -0.00751850903843021 608
1694636253845 -0.007518247661170596 609
1694636253889 -0.007517986177001168 610
1694636253942 -0.007517724585899499 611
1694636253986 -0.007517462887841386 612
1694636254031 -0.007517201082804181 613
1694636254069 -0.007516939170763237 614
1694636254121 -0.0075166771516972375 615
1694636254169 -0.0075164150255817574 616
1694636254214 -0.007516152792393482 617
1694636254251 -0.007515890452108875 618
1694636254287 -0.0075156280047044 619
1694636254329 -0.007515365450157407 620
1694636254370 -0.007515102788443251 621
1694636254412 -0.007514840019540836 622
1694636254448 -0.007514577143424628 623
1694636254493 -0.0075143141600722 624
1694636254533 -0.007514051069459793 625
1694636254567 -0.007513787871564093 626
1694636254621 -0.00751352456636134 627
1694636254655 -0.007513261153828887 628
1694636254695 -0.007512997633943863 629
1694636254734 -0.007512734006681399 630
1694636254770 -0.007512470272018623 631
1694636254804 -0.007512206429932222 632
1694636254839 -0.007511942480397993 633
1694636254873 -0.007511678423394397 634
1694636254913 -0.007511414258896121 635
1694636254955 -0.0075111499868805165 636
1694636254987 -0.007510885607323825 637
1694636255033 -0.007510621120202954 638
1694636255080 -0.007510356525494366 639
1694636255129 -0.007510091823173637 640
1694636255172 -0.00750982701321945 641
1694636255243 -0.00750956209560627 642
1694636255287 -0.007509297070311449 643
1694636255338 -0.007509031937311672 644
1694636255383 -0.00750876669658318 645
1694636255420 -0.0075085013481022145 646
1694636255454 -0.007508235891845905 647
1694636255516 -0.007507970327789604 648
1694636255559 -0.007507704655911773 649
1694636255627 -0.007507438876187322 650
1694636255689 -0.007507172988592936 651
1694636255743 -0.007506906993104856 652
1694636255793 -0.0075066408897013215 653
1694636255834 -0.0075063746783567975 654
1694636255880 -0.0075061083590484134 655
1694636255923 -0.0075058419317521885 656
1694636255963 -0.007505575396445696 657
1694636256003 -0.007505308753103845 658
1694636256051 -0.007505042001704654 659
1694636256094 -0.0075047751422243625 660
1694636256151 -0.007504508174638325 661
1694636256203 -0.007504241098923448 662
1694636256250 -0.0075039739150557505 663
1694636256291 -0.007503706623013473 664
1694636256338 -0.007503439222770192 665
1694636256379 -0.007503171714305479 666
1694636256421 -0.007502904097592467 667
1694636256464 -0.007502636372610727 668
1694636256527 -0.007502368539334281 669
1694636256601 -0.007502100597740036 670
1694636256650 -0.007501832547805343 671
1694636256707 -0.007501564389505333 672
1694636256771 -0.007501296122817358 673
1694636256823 -0.007501027747717215 674
1694636256874 -0.007500759264181589 675
1694636256935 -0.0075004906721867215 676
1694636256971 -0.007500221971708632 677
1694636257010 -0.007499953162724227 678
1694636257058 -0.007499684245209526 679
1694636257104 -0.007499415219140992 680
1694636257158 -0.00749914608449509 681
1694636257214 -0.007498876841247837 682
1694636257283 -0.007498607489375697 683
1694636257339 -0.007498338028855134 684
1694636257480 -0.007498068459661944 685
1694636257535 -0.007497798781773035 686
1694636257594 -0.0074975289951648705 687
1694636257646 -0.007497259099812803 688
1694636257697 -0.007496989095694184 689
1694636257743 -0.007496718982784367 690
1694636257802 -0.007496448761060481 691
1694636257870 -0.007496178430498324 692
1694636257924 -0.0074959079910741355 693
1694636257973 -0.007495637442764158 694
1694636258020 -0.007495366785545299 695
1694636258065 -0.007495096019393355 696
1694636258112 -0.007494825144284345 697
1694636258152 -0.007494554160194733 698
1694636258199 -0.00749428306710076 699
1694636258245 -0.007494011864978445 700
1694636258293 -0.007493740553804917 701
1694636258357 -0.007493469133554864 702
1694636258408 -0.007493197604206081 703
1694636258449 -0.007492925965734587 704
1694636258503 -0.007492654218115735 705
1694636258560 -0.007492382361325989 706
1694636258607 -0.007492110395341811 707
1694636258651 -0.007491838320139221 708
1694636258709 -0.007491566135694683 709
1694636258754 -0.0074912938419842146 710
1694636258799 -0.007491021438983614 711
1694636258842 -0.007490748926669122 712
1694636258888 -0.007490476305018312 713
1694636258933 -0.0074902035740058714 714
1694636258986 -0.007489930733608485 715
1694636259031 -0.0074896577838012846 716
1694636259082 -0.007489384724562065 717
1694636259130 -0.007489111555867067 718
1694636259182 -0.007488838277690313 719
1694636259227 -0.007488564890010707 720
1694636259269 -0.007488291392801383 721
1694636259314 -0.00748801778604169 722
1694636259361 -0.0074877440697054265 723
1694636259402 -0.0074874702437690566 724
1694636259437 -0.007487196308209265 725
1694636259507 -0.0074869222630016274 726
1694636259570 -0.007486648108123495 727
1694636259621 -0.007486373843549554 728
1694636259654 -0.007486099469256491 729
1694636259686 -0.007485824985220324 730
1694636259719 -0.007485550391417073 731
1694636259754 -0.0074852756878223126 732
1694636259789 -0.0074850008744138385 733
1694636259821 -0.007484725951166116 734
1694636259854 -0.007484450918055163 735
1694636259888 -0.007484175775058555 736
1694636259921 -0.007483900522150755 737
1694636259954 -0.007483625159308449 738
1694636259987 -0.007483349686508101 739
1694636260027 -0.0074830741037250625 740
1694636260062 -0.007482798410935798 741
1694636260099 -0.0074825226081158824 742
1694636260139 -0.007482246695241113 743
1694636260196 -0.007481970672289506 744
1694636260259 -0.00748169453923464 745
1694636260302 -0.0074814182960534215 746
1694636260354 -0.007481141942722758 747
1694636260421 -0.007480865479216892 748
1694636260504 -0.007480588905513841 749
1694636260559 -0.007480312221588292 750
1694636260601 -0.007480035427416043 751
1694636260644 -0.007479758522973556 752
1694636260694 -0.007479481508237296 753
1694636260757 -0.007479204383181726 754
1694636260806 -0.007478927147785086 755
1694636260855 -0.00747864980202162 756
1694636260890 -0.007478372345867568 757
1694636260931 -0.007478094779298727 758
1694636260975 -0.007477817102292228 759
1694636261016 -0.0074775393148227565 760
1694636261062 -0.007477261416866776 761
1694636261110 -0.00747698340839964 762
1694636261156 -0.0074767052893980335 763
1694636261205 -0.007476427059838642 764
1694636261253 -0.007476148719695486 765
1694636261302 -0.007475870268945473 766
1694636261352 -0.007475591707564178 767
1694636261405 -0.007475313035527398 768
1694636261445 -0.007475034252812263 769
1694636261493 -0.007474755359393459 770
1694636261533 -0.007474476355247228 771
1694636261588 -0.007474197240348701 772
1694636261638 -0.007473918014675451 773
1694636261680 -0.007473638678202166 774
1694636261723 -0.0074733592309048635 775
1694636261772 -0.007473079672759564 776
1694636261818 -0.007472800003741842 777
1694636261874 -0.007472520223827495 778
1694636261919 -0.0074722403329934295 779
1694636261962 -0.0074719603312143335 780
1694636262014 -0.007471680218466448 781
1694636262058 -0.007471399994725347 782
1694636262107 -0.0074711196599672736 783
1694636262150 -0.0074708392141680235 784
1694636262203 -0.007470558657303172 785
1694636262245 -0.007470277989348739 786
1694636262294 -0.007469997210280521 787
1694636262363 -0.0074697163200740935 788
1694636262432 -0.007469435318705253 789
1694636262509 -0.007469154206150241 790
1694636262551 -0.007468872982384633 791
1694636262608 -0.007468591647383782 792
1694636262670 -0.007468310201123929 793
1694636262738 -0.007468028643580871 794
1694636262785 -0.007467746974730405 795
1694636262835 -0.007467465194548106 796
1694636262875 -0.00746718330300955 797
1694636262919 -0.007466901300090978 798
1694636262952 -0.007466619185767076 799
1694636263006 -0.0074663369600158624 800
1694636263047 -0.007466054622811136 801
1694636263112 -0.007465772174128693 802
1694636263171 -0.007465489613945442 803
1694636263223 -0.007465206942235625 804
1694636263273 -0.0074649241589761495 805
1694636263315 -0.007464641264142369 806
1694636263350 -0.007464358257709636 807
1694636263404 -0.0074640751396539695 808
1694636263445 -0.007463791909951167 809
1694636263501 -0.007463508568576804 810
1694636263559 -0.0074632251155064555 811
1694636263623 -0.00746294155071614 812
1694636263678 -0.007462657874181211 813
1694636263724 -0.007462374085877688 814
1694636263770 -0.007462090185780923 815
1694636263825 -0.00746180617386627 816
1694636263866 -0.007461522050110414 817
1694636263917 -0.007461237814488042 818
1694636263976 -0.007460953466975173 819
1694636264038 -0.0074606690075476045 820
1694636264097 -0.007460384436180245 821
1694636264131 -0.007460099752850224 822
1694636264168 -0.007459814957532007 823
1694636264225 -0.007459530050201391 824
1694636264266 -0.007459245030834172 825
1694636264322 -0.007458959899405704 826
1694636264369 -0.007458674655891784 827
1694636264406 -0.007458389300268209 828
1694636264445 -0.007458103832509666 829
1694636264487 -0.007457818252593507 830
1694636264532 -0.0074575325604937515 831
1694636264576 -0.007457246756186864 832
1694636264632 -0.007456960839647753 833
1694636264691 -0.007456674810851549 834
1694636264746 -0.0074563886697762705 835
1694636264799 -0.007456102416395272 836
1694636264843 -0.0074558160506841276 837
1694636264886 -0.0074555295726186355 838
1694636264933 -0.007455242982175703 839
1694636264970 -0.00745495627932935 840
1694636265021 -0.0074546694640553746 841
1694636265059 -0.0074543825363297955 842
1694636265108 -0.007454095496127744 843
1694636265150 -0.007453808343424129 844
1694636265192 -0.007453521078196079 845
1694636265233 -0.007453233700418949 846
1694636265279 -0.007452946210066758 847
1694636265330 -0.0074526586071157475 848
1694636265386 -0.007452370891540827 849
1694636265453 -0.00745208306331957 850
1694636265506 -0.007451795122425109 851
1694636265548 -0.007451507068834129 852
1694636265590 -0.007451218902521761 853
1694636265632 -0.007450930623463581 854
1694636265684 -0.007450642231634497 855
1694636265735 -0.007450353727010972 856
1694636265788 -0.007450065109568582 857
1694636265842 -0.007449776379281792 858
1694636265891 -0.007449487536126398 859
1694636265939 -0.007449198580077976 860
1694636265986 -0.007448909511111879 861
1694636266033 -0.007448620329203459 862
1694636266073 -0.007448331034328737 863
1694636266117 -0.007448041626462176 864
1694636266162 -0.007447752105580019 865
1694636266207 -0.007447462471656507 866
1694636266267 -0.007447172724669215 867
1694636266321 -0.007446882864591053 868
1694636266373 -0.007446592891399595 869
1694636266418 -0.007446302805068639 870
1694636266452 -0.00744601260557376 871
1694636266505 -0.007445722292892087 872
1694636266545 -0.007445431866996977 873
1694636266612 -0.007445141327864224 874
1694636266657 -0.00744485067546985 875
1694636266717 -0.007444559909788762 876
1694636266767 -0.007444269030796313 877
1694636266825 -0.00744397803846808 878
1694636266907 -0.007443686932778526 879
1694636266945 -0.007443395713705003 880
1694636266994 -0.007443104381220866 881
1694636267046 -0.0074428129353023564 882
1694636267121 -0.0074425213759243825 883
1694636267173 -0.0074422297030627416 884
1694636267221 -0.007441937916692565 885
1694636267260 -0.007441646016789205 886
1694636267322 -0.007441354003327794 887
1694636267363 -0.007441061876283017 888
1694636267408 -0.007440769635632227 889
1694636267456 -0.0074404772813485565 890
1694636267510 -0.007440184813408468 891
1694636267553 -0.007439892231786649 892
1694636267599 -0.007439599536458896 893
1694636267637 -0.007439306727399897 894
1694636267680 -0.007439013804585226 895
1694636267722 -0.007438720767990237 896
1694636267761 -0.007438427617590282 897
1694636267803 -0.0074381343533596045 898
1694636267870 -0.007437840975275334 899
1694636267928 -0.007437547483311713 900
1694636268009 -0.00743725387744365 901
1694636268088 -0.0074369601576467215 902
1694636268140 -0.007436666323895835 903
1694636268195 -0.007436372376166567 904
1694636268265 -0.007436078314434269 905
1694636268337 -0.007435784138673629 906
1694636268409 -0.007435489848860444 907
1694636268451 -0.0074351954449694 908
1694636268484 -0.0074349009269758515 909
1694636268525 -0.0074346062948551506 910
1694636268576 -0.0074343115485826505 911
1694636268616 -0.007434016688133038 912
1694636268653 -0.007433721713481445 913
1694636268684 -0.007433426624603667 914
1694636268724 -0.007433131421474615 915
1694636268774 -0.007432836104068974 916
1694636268816 -0.007432540672362764 917
1694636268855 -0.007432245126330228 918
1694636268912 -0.007431949465947163 919
1694636268953 -0.0074316536911887 920
1694636268997 -0.0074313578020286375 921
1694636269049 -0.007431061798444993 922
1694636269098 -0.007430765680410234 923
1694636269149 -0.0074304694478999345 924
1694636269194 -0.00743017310089078 925
1694636269240 -0.0074298766393561255 926
1694636269297 -0.007429580063271768 927
1694636269365 -0.007429283372612616 928
1694636269413 -0.007428986567354023 929
1694636269470 -0.007428689647471121 930
1694636269533 -0.007428392612938595 931
1694636269606 -0.007428095463731577 932
1694636269691 -0.0074277981998256415 933
1694636269757 -0.00742750082119481 934
1694636269804 -0.00742720332781599 935
1694636269842 -0.007426905719662535 936
1694636269879 -0.007426607996710022 937
1694636269926 -0.007426310158934246 938
1694636269997 -0.007426012206308119 939
1694636270041 -0.00742571413880988 940
1694636270090 -0.007425415956411774 941
1694636270136 -0.007425117659090041 942
1694636270186 -0.00742481924681937 943
1694636270242 -0.007424520719575334 944
1694636270299 -0.007424222077332399 945
1694636270355 -0.007423923320065695 946
1694636270403 -0.007423624447750132 947
1694636270482 -0.007423325460361063 948
1694636270540 -0.007423026357872953 949
1694636270596 -0.007422727140261376 950
1694636270638 -0.00742242780750102 951
1694636270683 -0.007422128359566349 952
1694636270723 -0.007421828796433383 953
1694636270767 -0.007421529118076364 954
1694636270812 -0.007421229324470646 955
1694636270851 -0.0074209294155906935 956
1694636270897 -0.007420629391411193 957
1694636270941 -0.0074203292519090525 958
1694636270979 -0.00742002899705696 959
1694636271022 -0.007419728626830935 960
1694636271066 -0.007419428141205442 961
1694636271113 -0.007419127540155612 962
1694636271155 -0.007418826823656355 963
1694636271208 -0.007418525991682801 964
1694636271252 -0.0074182250442098585 965
1694636271296 -0.0074179239812119935 966
1694636271346 -0.0074176228026643365 967
1694636271390 -0.0074173215085417965 968
1694636271439 -0.0074170200988195045 969
1694636271484 -0.007416718573471703 970
1694636271544 -0.007416416932473746 971
1694636271599 -0.007416115175800098 972
1694636271642 -0.007415813303427221 973
1694636271699 -0.007415511315328027 974
1694636271737 -0.007415209211477203 975
1694636271794 -0.007414906991852099 976
1694636271852 -0.007414604656424961 977
1694636271898 -0.00741430220517203 978
1694636271938 -0.007413999638067548 979
1694636271972 -0.007413696955086202 980
1694636272013 -0.007413394156203568 981
1694636272053 -0.007413091241393666 982
1694636272091 -0.007412788210631849 983
1694636272142 -0.00741248506389236 984
1694636272190 -0.007412181801151441 985
1694636272244 -0.007411878422382223 986
1694636272284 -0.007411574927560061 987
1694636272333 -0.007411271316660084 988
1694636272371 -0.007410967589656536 989
1694636272410 -0.007410663746524548 990
1694636272444 -0.007410359787239029 991
1694636272491 -0.007410055711774222 992
1694636272538 -0.007409751520105479 993
1694636272582 -0.007409447212207265 994
1694636272617 -0.007409142788054268 995
1694636272652 -0.00740883824762073 996
1694636272689 -0.007408533590883337 997
1694636272727 -0.007408228817814999 998
1694636272775 -0.007407923928390181 999
