1694636218629 171.3055782460281 0
1694636218684 171.2711212154791 1
1694636218746 171.23667115383904 2
1694636218823 171.2022280596863 3
1694636218905 171.16779193159954 4
1694636218988 171.13336276815784 5
1694636219079 171.0989405679404 6
1694636219156 171.06452532952684 7
1694636219226 171.03011705149706 8
1694636219302 170.99571573243125 9
1694636219371 170.96132137090981 10
1694636219431 170.92693396551357 11
1694636219496 170.89255351482353 12
1694636219555 170.8581800174211 13
1694636219625 170.82381347188786 14
1694636219703 170.78945387680577 15
1694636219803 170.75510123075708 16
1694636219879 170.7207555323243 17
1694636219956 170.68641678009024 18
1694636220025 170.652084972638 19
1694636220103 170.61776010855098 20
1694636220195 170.58344218641295 21
1694636220261 170.5491312048078 22
1694636220320 170.51482716231988 23
1694636220389 170.4805300575337 24
1694636220449 170.44623988903425 25
1694636220511 170.41195665540653 26
1694636220574 170.37768035523612 27
1694636220644 170.34341098710874 28
1694636220746 170.30914854961037 29
1694636220818 170.27489304132743 30
1694636220875 170.24064446084648 31
1694636220944 170.20640280675445 32
1694636221008 170.1721680776386 33
1694636221080 170.13794027208638 34
1694636221177 170.10371938868556 35
1694636221251 170.06950542602434 36
1694636221318 170.03529838269097 37
1694636221377 170.0010982572742 38
1694636221441 169.96690504836297 39
1694636221506 169.93271875454653 40
1694636221573 169.89853937441447 41
1694636221635 169.8643669065566 42
1694636221708 169.830201349563 43
1694636221760 169.79604270202418 44
1694636221821 169.76189096253083 45
1694636221913 169.72774612967393 46
1694636221994 169.6936082020448 47
1694636222060 169.659477178235 48
1694636222136 169.62535305683647 49
1694636222217 169.59123583644134 50
1694636222318 169.55712551564207 51
1694636222386 169.52302209303144 52
1694636222449 169.48892556720253 53
1694636222519 169.45483593674857 54
1694636222586 169.42075320026328 55
1694636222679 169.38667735634056 56
1694636222738 169.35260840357464 57
1694636222815 169.31854634055995 58
1694636222879 169.28449116589138 59
1694636222937 169.25044287816397 60
1694636222999 169.21640147597304 61
1694636223058 169.18236695791435 62
1694636223114 169.1483393225838 63
1694636223179 169.11431856857766 64
1694636223237 169.08030469449247 65
1694636223304 169.04629769892503 66
1694636223417 169.01229758047245 67
1694636223512 168.97830433773223 68
1694636223619 168.94431796930195 69
1694636223707 168.91033847377966 70
1694636223820 168.8763658497636 71
1694636223891 168.8424000958524 72
1694636223960 168.80844121064493 73
1694636224038 168.77448919274025 74
1694636224094 168.74054404073783 75
1694636224148 168.70660575323743 76
1694636224204 168.67267432883907 77
1694636224258 168.63874976614304 78
1694636224312 168.60483206374988 79
1694636224369 168.57092122026063 80
1694636224425 168.5370172342763 81
1694636224486 168.50312010439848 82
1694636224546 168.46922982922885 83
1694636224597 168.43534640736945 84
1694636224657 168.4014698374227 85
1694636224718 168.36760011799115 86
1694636224777 168.33373724767773 87
1694636224836 168.29988122508564 88
1694636224901 168.2660320488184 89
1694636224960 168.23218971747974 90
1694636225012 168.19835422967378 91
1694636225063 168.16452558400482 92
1694636225106 168.13070377907755 93
1694636225157 168.0968888134969 94
1694636225206 168.06308068586804 95
1694636225258 168.0292793947966 96
1694636225314 167.99548493888827 97
1694636225361 167.9616973167492 98
1694636225409 167.9279165269857 99
1694636225459 167.89414256820453 100
1694636225522 167.8603754390126 101
1694636225573 167.82661513801713 102
1694636225624 167.79286166382568 103
1694636225671 167.75911501504606 104
1694636225727 167.7253751902864 105
1694636225801 167.69164218815504 106
1694636225863 167.65791600726072 107
1694636225936 167.62419664621237 108
1694636226038 167.59048410361927 109
1694636226112 167.55677837809097 110
1694636226195 167.5230794682373 111
1694636226261 167.4893873726684 112
1694636226339 167.45570208999462 113
1694636226405 167.4220236188267 114
1694636226460 167.3883519577756 115
1694636226538 167.35468710545268 116
1694636226604 167.32102906046936 117
1694636226655 167.2873778214376 118
1694636226706 167.25373338696946 119
1694636226759 167.2200957556774 120
1694636226807 167.18646492617412 121
1694636226853 167.15284089707262 122
1694636226905 167.1192236669862 123
1694636226953 167.08561323452835 124
1694636227005 167.05200959831296 125
1694636227061 167.01841275695426 126
1694636227125 166.98482270906658 127
1694636227197 166.95123945326463 128
1694636227256 166.91766298816347 129
1694636227314 166.88409331237838 130
1694636227370 166.85053042452492 131
1694636227429 166.81697432321894 132
1694636227495 166.7834250070766 133
1694636227552 166.74988247471435 134
1694636227604 166.71634672474886 135
1694636227654 166.6828177557972 136
1694636227705 166.6492955664766 137
1694636227754 166.6157801554047 138
1694636227819 166.58227152119935 139
1694636227893 166.54876966247866 140
1694636227969 166.5152745778611 141
1694636228043 166.48178626596538 142
1694636228120 166.44830472541054 143
1694636228177 166.41482995481581 144
1694636228227 166.3813619528008 145
1694636228275 166.34790071798542 146
1694636228326 166.31444624898978 147
1694636228377 166.28099854443428 148
1694636228425 166.2475576029397 149
1694636228473 166.21412342312703 150
1694636228525 166.18069600361756 151
1694636228586 166.14727534303285 152
1694636228646 166.1138614399948 153
1694636228692 166.0804542931255 154
1694636228753 166.04705390104743 155
1694636228811 166.0136602623833 156
1694636228873 165.98027337575607 157
1694636228919 165.94689323978912 158
1694636228972 165.91351985310592 159
1694636229048 165.88015321433036 160
1694636229120 165.84679332208663 161
1694636229173 165.81344017499907 162
1694636229235 165.78009377169246 163
1694636229293 165.74675411079178 164
1694636229343 165.71342119092228 165
1694636229394 165.68009501070952 166
1694636229445 165.64677556877942 167
1694636229505 165.61346286375806 168
1694636229573 165.58015689427182 169
1694636229636 165.54685765894746 170
1694636229687 165.51356515641191 171
1694636229743 165.4802793852925 172
1694636229793 165.44700034421675 173
1694636229840 165.4137280318125 174
1694636229942 165.38046244670787 175
1694636230024 165.34720358753123 176
1694636230088 165.31395145291134 177
1694636230144 165.2807060414771 178
1694636230202 165.2474673518578 179
1694636230253 165.214235382683 180
1694636230310 165.1810101325825 181
1694636230361 165.14779160018634 182
1694636230413 165.114579784125 183
1694636230470 165.08137468302914 184
1694636230525 165.04817629552966 185
1694636230570 165.0149846202578 186
1694636230627 164.98179965584515 187
1694636230690 164.94862140092349 188
1694636230738 164.9154498541249 189
1694636230795 164.88228501408167 190
1694636230846 164.8491268794266 191
1694636230914 164.81597544879247 192
1694636230974 164.78283072081263 193
1694636231024 164.74969269412054 194
1694636231071 164.71656136734995 195
1694636231132 164.68343673913495 196
1694636231186 164.6503188081099 197
1694636231232 164.61720757290936 198
1694636231286 164.58410303216837 199
1694636231329 164.55100518452198 200
1694636231378 164.51791402860582 201
1694636231445 164.48482956305557 202
1694636231510 164.4517517865072 203
1694636231570 164.41868069759715 204
1694636231627 164.38561629496203 205
1694636231682 164.35255857723865 206
1694636231735 164.31950754306416 207
1694636231787 164.28646319107614 208
1694636231834 164.2534255199122 209
1694636231898 164.22039452821045 210
1694636231976 164.1873702146091 211
1694636232061 164.1543525777468 212
1694636232127 164.12134161626236 213
1694636232191 164.08833732879498 214
1694636232247 164.055339713984 215
1694636232322 164.0223487704692 216
1694636232412 163.9893644968905 217
1694636232468 163.95638689188823 218
1694636232524 163.92341595410292 219
1694636232576 163.89045168217532 220
1694636232644 163.85749407474665 221
1694636232707 163.8245431304583 222
1694636232762 163.79159884795186 223
1694636232810 163.75866122586933 224
1694636232863 163.72573026285295 225
1694636232937 163.6928059575452 226
1694636232995 163.65988830858896 227
1694636233047 163.62697731462717 228
1694636233104 163.59407297430332 229
1694636233159 163.56117528626098 230
1694636233209 163.52828424914404 231
1694636233279 163.49539986159678 232
1694636233343 163.4625221222636 233
1694636233401 163.4296510297893 234
1694636233452 163.3967865828189 235
1694636233506 163.36392877999776 236
1694636233561 163.3310776199714 237
1694636233610 163.29823310138582 238
1694636233662 163.26539522288707 239
1694636233726 163.23256398312162 240
1694636233791 163.1997393807362 241
1694636233847 163.16692141437778 242
1694636233906 163.13411008269372 243
1694636233954 163.10130538433148 244
1694636234012 163.06850731793895 245
1694636234059 163.03571588216423 246
1694636234110 163.0029310756557 247
1694636234182 162.97015289706212 248
1694636234241 162.93738134503235 249
1694636234296 162.90461641821565 250
1694636234361 162.87185811526155 251
1694636234423 162.83910643481983 252
1694636234475 162.80636137554058 253
1694636234546 162.77362293607413 254
1694636234605 162.74089111507115 255
1694636234672 162.7081659111825 256
1694636234727 162.67544732305944 257
1694636234792 162.6427353493533 258
1694636234841 162.610029988716 259
1694636234890 162.57733123979943 260
1694636234937 162.54463910125597 261
1694636234980 162.5119535717382 262
1694636235020 162.4792746498989 263
1694636235069 162.44660233439132 264
1694636235128 162.4139366238688 265
1694636235174 162.38127751698508 266
1694636235218 162.3486250123941 267
1694636235260 162.31597910875018 268
1694636235304 162.28333980470774 269
1694636235361 162.25070709892168 270
1694636235419 162.21808099004704 271
1694636235470 162.18546147673925 272
1694636235519 162.15284855765387 273
1694636235569 162.12024223144687 274
1694636235617 162.08764249677444 275
1694636235672 162.05504935229305 276
1694636235735 162.02246279665948 277
1694636235796 161.9898828285307 278
1694636235876 161.95730944656412 279
1694636235946 161.92474264941725 280
1694636236011 161.89218243574797 281
1694636236062 161.85962880421442 282
1694636236110 161.82708175347508 283
1694636236156 161.79454128218856 284
1694636236214 161.76200738901386 285
1694636236262 161.72948007261027 286
1694636236321 161.69695933163732 287
1694636236363 161.6644451647547 288
1694636236414 161.63193757062268 289
1694636236458 161.59943654790146 290
1694636236510 161.5669420952518 291
1694636236554 161.5344542113345 292
1694636236596 161.50197289481082 293
1694636236639 161.4694981443422 294
1694636236691 161.43702995859044 295
1694636236745 161.4045683362175 296
1694636236799 161.37211327588565 297
1694636236844 161.33966477625756 298
1694636236910 161.30722283599601 299
1694636236953 161.27478745376416 300
1694636237004 161.24235862822542 301
1694636237052 161.20993635804342 302
1694636237103 161.17752064188213 303
1694636237157 161.1451114784058 304
1694636237210 161.11270886627898 305
1694636237255 161.08031280416637 306
1694636237305 161.04792329073308 307
1694636237354 161.01554032464443 308
1694636237405 160.98316390456606 309
1694636237462 160.9507940291638 310
1694636237528 160.91843069710387 311
1694636237584 160.8860739070527 312
1694636237644 160.85372365767697 313
1694636237716 160.8213799476437 314
1694636237772 160.78904277562012 315
1694636237828 160.75671214027383 316
1694636237879 160.7243880402726 317
1694636237938 160.69207047428452 318
1694636237982 160.65975944097804 319
1694636238021 160.62745493902165 320
1694636238057 160.59515696708442 321
1694636238102 160.56286552383543 322
1694636238142 160.53058060794424 323
1694636238187 160.4983022180805 324
1694636238241 160.46603035291432 325
1694636238293 160.43376501111592 326
1694636238349 160.4015061913559 327
1694636238405 160.36925389230515 328
1694636238459 160.33700811263466 329
1694636238531 160.30476885101595 330
1694636238588 160.2725361061206 331
1694636238629 160.2403098766206 332
1694636238669 160.20809016118815 333
1694636238712 160.17587695849573 334
1694636238759 160.14367026721612 335
1694636238809 160.11147008602234 336
1694636238852 160.07927641358773 337
1694636238899 160.04708924858582 338
1694636238944 160.01490858969055 339
1694636239000 159.98273443557602 340
1694636239040 159.9505667849166 341
1694636239091 159.91840563638704 342
1694636239141 159.88625098866223 343
1694636239236 159.85410284041745 344
1694636239327 159.82196119032818 345
1694636239371 159.7898260370702 346
1694636239415 159.7576973793196 347
1694636239469 159.72557521575268 348
1694636239521 159.693459545046 349
1694636239561 159.66135036587647 350
1694636239603 159.62924767692127 351
1694636239646 159.59715147685773 352
1694636239690 159.5650617643636 353
1694636239729 159.53297853811688 354
1694636239775 159.50090179679572 355
1694636239828 159.46883153907868 356
1694636239911 159.43676776364458 357
1694636239993 159.40471046917241 358
1694636240069 159.3726596543415 359
1694636240144 159.34061531783155 360
1694636240213 159.30857745832236 361
1694636240270 159.2765460744941 362
1694636240329 159.24452116502718 363
1694636240404 159.21250272860226 364
1694636240470 159.18049076390042 365
1694636240546 159.1484852696028 366
1694636240612 159.1164862443909 367
1694636240677 159.08449368694662 368
1694636240738 159.05250759595188 369
1694636240793 159.02052797008912 370
1694636240839 158.98855480804087 371
1694636240885 158.95658810849005 372
1694636240929 158.92462787011976 373
1694636240976 158.8926740916135 374
1694636241026 158.86072677165484 375
1694636241069 158.82878590892784 376
1694636241118 158.7968515021167 377
1694636241161 158.76492354990594 378
1694636241205 158.73300205098033 379
1694636241253 158.70108700402494 380
1694636241308 158.669178407725 381
1694636241358 158.63727626076627 382
1694636241411 158.60538056183447 383
1694636241462 158.5734913096158 384
1694636241522 158.54160850279663 385
1694636241577 158.50973214006368 386
1694636241622 158.4778622201039 387
1694636241658 158.44599874160448 388
1694636241695 158.4141417032529 389
1694636241731 158.38229110373703 390
1694636241770 158.3504469417448 391
1694636241811 158.3186092159645 392
1694636241860 158.2867779250848 393
1694636241911 158.2549530677945 394
1694636241955 158.22313464278272 395
1694636242009 158.19132264873886 396
1694636242059 158.15951708435256 397
1694636242111 158.12771794831377 398
1694636242157 158.0959252393127 399
1694636242212 158.0641389560398 400
1694636242252 158.03235909718583 401
1694636242319 158.0005856614418 402
1694636242370 157.96881864749898 403
1694636242420 157.93705805404898 404
1694636242468 157.90530387978353 405
1694636242526 157.87355612339485 406
1694636242578 157.8418147835752 407
1694636242632 157.81007985901726 408
1694636242687 157.7783513484139 409
1694636242739 157.74662925045837 410
1694636242789 157.71491356384405 411
1694636242835 157.6832042872647 412
1694636242890 157.65150141941425 413
1694636242948 157.61980495898698 414
1694636243005 157.58811490467744 415
1694636243044 157.55643125518043 416
1694636243086 157.52475400919099 417
1694636243127 157.49308316540444 418
1694636243171 157.46141872251644 419
1694636243208 157.42976067922277 420
1694636243257 157.39810903421963 421
1694636243304 157.3664637862035 422
1694636243344 157.33482493387095 423
1694636243389 157.30319247591896 424
1694636243439 157.27156641104477 425
1694636243480 157.23994673794587 426
1694636243536 157.20833345532003 427
1694636243574 157.17672656186522 428
1694636243612 157.14512605627982 429
1694636243665 157.1135319372623 430
1694636243704 157.08194420351157 431
1694636243743 157.0503628537267 432
1694636243787 157.0187878866071 433
1694636243826 156.98721930085233 434
1694636243868 156.95565709516234 435
1694636243924 156.92410126823734 436
1694636243963 156.89255181877775 437
1694636244023 156.86100874548424 438
1694636244077 156.82947204705786 439
1694636244131 156.79794172219985 440
1694636244186 156.76641776961168 441
1694636244236 156.7349001879952 442
1694636244286 156.70338897605242 443
1694636244328 156.67188413248567 444
1694636244370 156.6403856559976 445
1694636244423 156.60889354529098 446
1694636244469 156.57740779906896 447
1694636244526 156.54592841603503 448
1694636244570 156.51445539489274 449
1694636244628 156.48298873434604 450
1694636244669 156.45152843309913 451
1694636244730 156.42007448985652 452
1694636244787 156.38862690332292 453
1694636244832 156.35718567220331 454
1694636244878 156.32575079520302 455
1694636244924 156.2943222710275 456
1694636244960 156.26290009838263 457
1694636245006 156.23148427597445 458
1694636245049 156.20007480250928 459
1694636245096 156.16867167669372 460
1694636245152 156.1372748972347 461
1694636245192 156.10588446283933 462
1694636245242 156.074500372215 463
1694636245307 156.0431226240694 464
1694636245354 156.01175121711046 465
1694636245403 155.9803861500464 466
1694636245447 155.94902742158567 467
1694636245502 155.91767503043704 468
1694636245544 155.88632897530954 469
1694636245586 155.85498925491237 470
1694636245623 155.82365586795515 471
1694636245676 155.7923288131476 472
1694636245718 155.7610080891999 473
1694636245760 155.7296936948223 474
1694636245802 155.69838562872545 475
1694636245850 155.6670838896202 476
1694636245893 155.63578847621773 477
1694636245933 155.6044993872294 478
1694636245975 155.5732166213669 479
1694636246022 155.54194017734216 480
1694636246070 155.51067005386741 481
1694636246110 155.47940624965509 482
1694636246161 155.44814876341795 483
1694636246206 155.41689759386898 484
1694636246254 155.38565273972148 485
1694636246318 155.35441419968896 486
1694636246369 155.3231819724852 487
1694636246420 155.29195605682426 488
1694636246472 155.26073645142054 489
1694636246530 155.22952315498856 490
1694636246576 155.19831616624322 491
1694636246640 155.1671154838996 492
1694636246693 155.13592110667315 493
1694636246744 155.1047330332795 494
1694636246794 155.07355126243456 495
1694636246839 155.04237579285456 496
1694636246892 155.0112066232559 497
1694636246947 154.9800437523553 498
1694636246995 154.9488871788698 499
1694636247043 154.9177369015166 500
1694636247090 154.88659291901322 501
1694636247146 154.85545523007744 502
1694636247214 154.8243238334273 503
1694636247255 154.7931987277811 504
1694636247305 154.76207991185743 505
1694636247354 154.7309673843751 506
1694636247414 154.69986114405324 507
1694636247457 154.6687611896112 508
1694636247507 154.6376675197686 509
1694636247552 154.60658013324533 510
1694636247597 154.57549902876158 511
1694636247645 154.54442420503776 512
1694636247719 154.5133556607945 513
1694636247775 154.48229339475287 514
1694636247844 154.451237405634 515
1694636247900 154.42018769215935 516
1694636247988 154.38914425305072 517
1694636248036 154.35810708703008 518
1694636248077 154.32707619281973 519
1694636248128 154.29605156914215 520
1694636248176 154.26503321472023 521
1694636248219 154.23402112827696 522
1694636248262 154.2030153085357 523
1694636248329 154.17201575421998 524
1694636248376 154.14102246405372 525
1694636248425 154.11003543676102 526
1694636248461 154.07905467106622 527
1694636248511 154.04808016569407 528
1694636248546 154.01711191936934 529
1694636248597 153.98614993081728 530
1694636248663 153.9551941987633 531
1694636248714 153.92424472193312 532
1694636248793 153.89330149905268 533
1694636248890 153.86236452884816 534
1694636248995 153.83143381004612 535
1694636249091 153.8005093413733 536
1694636249197 153.76959112155666 537
1694636249342 153.7386791493235 538
1694636249477 153.7077734234014 539
1694636249558 153.67687394251806 540
1694636249637 153.64598070540166 541
1694636249723 153.6150937107804 542
1694636249792 153.584212957383 543
1694636249884 153.55333844393817 544
1694636249955 153.52247016917514 545
1694636250040 153.49160813182326 546
1694636250176 153.46075233061208 547
1694636250253 153.42990276427162 548
1694636250346 153.39905943153198 549
1694636250432 153.36822233112358 550
1694636250507 153.33739146177712 551
1694636250573 153.30656682222352 552
1694636250644 153.27574841119406 553
1694636250706 153.24493622742014 554
1694636250770 153.2141302696335 555
1694636250837 153.1833305365662 556
1694636250903 153.15253702695043 557
1694636250970 153.12174973951872 558
1694636251033 153.09096867300389 559
1694636251090 153.06019382613894 560
1694636251156 153.0294251976572 561
1694636251224 152.9986627862922 562
1694636251311 152.96790659077777 563
1694636251379 152.93715660984807 564
1694636251499 152.9064128422374 565
1694636251578 152.8756752866803 566
1694636251641 152.84494394191177 567
1694636251674 152.81421880666684 568
1694636251709 152.78349987968096 569
1694636251751 152.7527871596898 570
1694636251793 152.72208064542926 571
1694636251856 152.69138033563544 572
1694636251908 152.6606862290449 573
1694636251959 152.62999832439428 574
1694636252027 152.59931662042055 575
1694636252095 152.5686411158609 576
1694636252144 152.53797180945284 577
1694636252190 152.5073086999341 578
1694636252240 152.47665178604268 579
1694636252290 152.44600106651689 580
1694636252360 152.41535654009522 581
1694636252400 152.3847182055164 582
1694636252452 152.35408606151955 583
1694636252508 152.32346010684395 584
1694636252553 152.29284034022916 585
1694636252605 152.26222676041502 586
1694636252654 152.2316193661416 587
1694636252705 152.20101815614925 588
1694636252776 152.17042312917852 589
1694636252822 152.13983428397037 590
1694636252864 152.10925161926588 591
1694636252905 152.07867513380643 592
1694636252946 152.0481048263337 593
1694636252990 152.01754069558953 594
1694636253042 151.98698274031614 595
1694636253084 151.95643095925593 596
1694636253140 151.92588535115158 597
1694636253201 151.89534591474603 598
1694636253283 151.8648126487825 599
1694636253359 151.83428555200445 600
1694636253425 151.8037646231556 601
1694636253490 151.77324986097992 602
1694636253568 151.74274126422162 603
1694636253627 151.71223883162529 604
1694636253669 151.68174256193558 605
1694636253716 151.65125245389757 606
1694636253752 151.62076850625652 607
1694636253794 151.590290717758 608
1694636253836 151.55981908714773 609
1694636253877 151.52935361317182 610
1694636253932 151.49889429457656 611
1694636253973 151.46844113010852 612
1694636254019 151.43799411851455 613
1694636254058 151.40755325854172 614
1694636254108 151.37711854893737 615
1694636254159 151.34668998844913 616
1694636254204 151.31626757582484 617
1694636254241 151.2858513098126 618
1694636254277 151.25544118916082 619
1694636254317 151.2250372126182 620
1694636254361 151.1946393789335 621
1694636254397 151.16424768685596 622
1694636254439 151.133862135135 623
1694636254479 151.10348272252025 624
1694636254525 151.07310944776168 625
1694636254559 151.04274230960948 626
1694636254609 151.012381306814 627
1694636254647 150.98202643812607 628
1694636254687 150.9516777022966 629
1694636254726 150.92133509807675 630
1694636254760 150.89099862421813 631
1694636254796 150.86066827947235 632
1694636254832 150.83034406259145 633
1694636254862 150.80002597232766 634
1694636254903 150.76971400743352 635
1694636254947 150.73940816666178 636
1694636254979 150.70910844876542 637
1694636255023 150.6788148524978 638
1694636255070 150.64852737661238 639
1694636255118 150.61824601986297 640
1694636255160 150.58797078100366 641
1694636255230 150.55770165878874 642
1694636255271 150.52743865197277 643
1694636255326 150.49718175931054 644
1694636255373 150.46693097955722 645
1694636255412 150.436686311468 646
1694636255445 150.4064477537986 647
1694636255504 150.3762153053048 648
1694636255546 150.34598896474276 649
1694636255613 150.31576873086883 650
1694636255677 150.28555460243956 651
1694636255722 150.25534657821188 652
1694636255783 150.22514465694294 653
1694636255824 150.19494883739011 654
1694636255869 150.16475911831105 655
1694636255912 150.1345754984636 656
1694636255954 150.104397976606 657
1694636255995 150.07422655149662 658
1694636256040 150.0440612218941 659
1694636256085 150.01390198655747 660
1694636256129 149.98374884424578 661
1694636256189 149.9536017937186 662
1694636256239 149.9234608337355 663
1694636256278 149.89332596305653 664
1694636256327 149.86319718044183 665
1694636256370 149.83307448465192 666
1694636256410 149.8029578744475 667
1694636256455 149.77284734858947 668
1694636256507 149.74274290583915 669
1694636256588 149.71264454495795 670
1694636256639 149.68255226470774 671
1694636256693 149.65246606385037 672
1694636256747 149.62238594114817 673
1694636256809 149.59231189536362 674
1694636256860 149.5622439252595 675
1694636256928 149.53218202959883 676
1694636256962 149.50212620714484 677
1694636257002 149.4720764566611 678
1694636257042 149.4420327769114 679
1694636257093 149.41199516665975 680
1694636257146 149.38196362467045 681
1694636257202 149.35193814970808 682
1694636257270 149.32191874053737 683
1694636257328 149.29190539592344 684
1694636257388 149.26189811463158 685
1694636257524 149.23189689542735 686
1694636257578 149.2019017370766 687
1694636257635 149.1719126383454 688
1694636257686 149.14192959800005 689
1694636257732 149.11195261480717 690
1694636257787 149.08198168753358 691
1694636257857 149.0520168149464 692
1694636257912 149.02205799581293 693
1694636257962 148.9921052289008 694
1694636258010 148.9621585129779 695
1694636258051 148.93221784681234 696
1694636258102 148.9022832291724 697
1694636258143 148.8723546588268 698
1694636258189 148.84243213454437 699
1694636258234 148.81251565509422 700
1694636258279 148.78260521924574 701
1694636258337 148.7527008257686 702
1694636258395 148.7228024734327 703
1694636258440 148.69291016100811 704
1694636258493 148.6630238872653 705
1694636258546 148.6331436509749 706
1694636258596 148.60326945090776 707
1694636258642 148.57340128583513 708
1694636258699 148.54353915452836 709
1694636258741 148.51368305575912 710
1694636258788 148.48383298829933 711
1694636258831 148.45398895092117 712
1694636258876 148.42415094239712 713
1694636258922 148.39431896149975 714
1694636258973 148.3644930070021 715
1694636259021 148.33467307767722 716
1694636259072 148.3048591722987 717
1694636259121 148.27505128964015 718
1694636259172 148.2452494284755 719
1694636259219 148.215453587579 720
1694636259260 148.185663765725 721
1694636259305 148.15587996168833 722
1694636259350 148.12610217424387 723
1694636259392 148.09633040216684 724
1694636259429 148.06656464423273 725
1694636259475 148.03680489921723 726
1694636259558 148.00705116589629 727
1694636259612 147.97730344304614 728
1694636259645 147.94756172944327 729
1694636259678 147.91782602386436 730
1694636259711 147.88809632508642 731
1694636259746 147.85837263188668 732
1694636259780 147.82865494304258 733
1694636259813 147.79894325733193 734
1694636259845 147.76923757353262 735
1694636259879 147.73953789042295 736
1694636259913 147.70984420678138 737
1694636259946 147.68015652138672 738
1694636259978 147.65047483301782 739
1694636260018 147.62079914045404 740
1694636260055 147.59112944247488 741
1694636260091 147.56146573785998 742
1694636260129 147.53180802538944 743
1694636260186 147.50215630384346 744
1694636260245 147.47251057200262 745
1694636260289 147.44287082864759 746
1694636260335 147.41323707255938 747
1694636260408 147.3836093025193 748
1694636260488 147.3539875173088 749
1694636260549 147.3243717157097 750
1694636260591 147.29476189650393 751
1694636260630 147.26515805847382 752
1694636260680 147.2355602004019 753
1694636260742 147.20596832107086 754
1694636260796 147.17638241926375 755
1694636260842 147.14680249376386 756
1694636260882 147.11722854335466 757
1694636260919 147.08766056682 758
1694636260963 147.0580985629438 759
1694636261007 147.02854253051035 760
1694636261052 146.99899246830427 761
1694636261099 146.9694483751102 762
1694636261144 146.93991024971325 763
1694636261188 146.9103780908987 764
1694636261242 146.88085189745198 765
1694636261287 146.85133166815893 766
1694636261340 146.82181740180556 767
1694636261394 146.79230909717816 768
1694636261436 146.76280675306322 769
1694636261477 146.73331036824754 770
1694636261523 146.70381994151816 771
1694636261574 146.67433547166237 772
1694636261627 146.64485695746762 773
1694636261671 146.61538439772173 774
1694636261712 146.58591779121275 775
1694636261761 146.55645713672894 776
1694636261805 146.52700243305878 777
1694636261860 146.49755367899112 778
1694636261907 146.46811087331494 779
1694636261952 146.4386740148195 780
1694636262005 146.40924310229437 781
1694636262047 146.3798181345293 782
1694636262096 146.3503991103143 783
1694636262141 146.32098602843968 784
1694636262190 146.29157888769592 785
1694636262237 146.26217768687386 786
1694636262280 146.23278242476442 787
1694636262342 146.20339310015896 788
1694636262421 146.17400971184895 789
1694636262495 146.1446322586262 790
1694636262540 146.11526073928272 791
1694636262596 146.0858951526107 792
1694636262650 146.05653549740276 793
1694636262726 146.02718177245163 794
1694636262772 145.9978339765503 795
1694636262826 145.9684921084921 796
1694636262863 145.93915616707042 797
1694636262908 145.90982615107916 798
1694636262943 145.88050205931225 799
1694636262993 145.851183890564 800
1694636263037 145.82187164362884 801
1694636263093 145.79256531730158 802
1694636263151 145.76326491037725 803
1694636263210 145.73397042165104 804
1694636263263 145.70468184991844 805
1694636263306 145.6753991939753 806
1694636263342 145.64612245261756 807
1694636263393 145.61685162464144 808
1694636263435 145.58758670884345 809
1694636263490 145.55832770402037 810
1694636263547 145.52907460896913 811
1694636263609 145.49982742248702 812
1694636263660 145.47058614337152 813
1694636263712 145.44135077042034 814
1694636263758 145.41212130243147 815
1694636263810 145.38289773820316 816
1694636263855 145.35368007653386 817
1694636263905 145.32446831622232 818
1694636263962 145.29526245606752 819
1694636264023 145.26606249486866 820
1694636264087 145.23686843142522 821
1694636264123 145.20768026453692 822
1694636264159 145.17849799300373 823
1694636264209 145.1493216156258 824
1694636264256 145.1201511312037 825
1694636264310 145.090986538538 826
1694636264359 145.06182783642979 827
1694636264396 145.03267502368018 828
1694636264436 145.0035280990907 829
1694636264477 144.97438706146295 830
1694636264524 144.94525190959888 831
1694636264565 144.9161226423008 832
1694636264620 144.886999258371 833
1694636264677 144.85788175661222 834
1694636264734 144.82877013582745 835
1694636264788 144.79966439481979 836
1694636264835 144.77056453239265 837
1694636264872 144.74147054734976 838
1694636264922 144.712382438495 839
1694636264961 144.68330020463256 840
1694636265008 144.65422384456684 841
1694636265051 144.62515335710248 842
1694636265095 144.5960887410444 843
1694636265141 144.56702999519774 844
1694636265181 144.53797711836793 845
1694636265224 144.50893010936056 846
1694636265260 144.47988896698155 847
1694636265321 144.45085369003704 848
1694636265372 144.42182427733337 849
1694636265441 144.39280072767718 850
1694636265495 144.3637830398754 851
1694636265539 144.3347712127351 852
1694636265580 144.3057652450636 853
1694636265624 144.27676513566863 854
1694636265662 144.24777088335796 855
1694636265725 144.2187824869397 856
1694636265776 144.18979994522218 857
1694636265830 144.16082325701407 858
1694636265877 144.13185242112414 859
1694636265928 144.10288743636147 860
1694636265974 144.07392830153543 861
1694636266023 144.0449750154556 862
1694636266062 144.0160275769318 863
1694636266107 143.98708598477407 864
1694636266152 143.9581502377927 865
1694636266197 143.92922033479832 866
1694636266253 143.90029627460166 867
1694636266308 143.87137805601378 868
1694636266362 143.84246567784604 869
1694636266409 143.81355913890988 870
1694636266445 143.78465843801717 871
1694636266491 143.7557635739799 872
1694636266533 143.72687454561031 873
1694636266594 143.69799135172096 874
1694636266645 143.66911399112462 875
1694636266706 143.64024246263426 876
1694636266755 143.61137676506314 877
1694636266803 143.5825168972248 878
1694636266897 143.55366285793292 879
1694636266936 143.52481464600152 880
1694636266975 143.4959722602448 881
1694636267033 143.46713569947727 882
1694636267101 143.43830496251363 883
1694636267162 143.4094800481689 884
1694636267207 143.38066095525815 885
1694636267250 143.35184768259694 886
1694636267308 143.32304022900098 887
1694636267353 143.29423859328614 888
1694636267396 143.26544277426865 889
1694636267442 143.2366527707649 890
1694636267494 143.2078685815916 891
1694636267540 143.17909020556564 892
1694636267588 143.15031764150422 893
1694636267628 143.1215508882247 894
1694636267669 143.0927899445447 895
1694636267712 143.06403480928216 896
1694636267752 143.03528548125527 897
1694636267793 143.0065419592823 898
1694636267852 142.97780424218195 899
1694636267907 142.94907232877296 900
1694636267991 142.92034621787462 901
1694636268078 142.89162590830617 902
1694636268127 142.8629113988872 903
1694636268179 142.83420268843759 904
1694636268242 142.8054997757774 905
1694636268322 142.776802659727 906
1694636268393 142.7481113391069 907
1694636268443 142.7194258127379 908
1694636268476 142.69074607944114 909
1694636268517 142.66207213803784 910
1694636268562 142.63340398734957 911
1694636268608 142.6047416261981 912
1694636268645 142.57608505340545 913
1694636268676 142.54743426779393 914
1694636268710 142.51878926818603 915
1694636268761 142.49015005340445 916
1694636268808 142.46151662227228 917
1694636268846 142.43288897361268 918
1694636268894 142.4042671062492 919
1694636268941 142.37565101900555 920
1694636268988 142.3470407107056 921
1694636269038 142.31843618017373 922
1694636269086 142.28983742623424 923
1694636269140 142.26124444771193 924
1694636269181 142.23265724343167 925
1694636269226 142.20407581221863 926
1694636269270 142.1755001528983 927
1694636269353 142.1469302642963 928
1694636269405 142.11836614523853 929
1694636269461 142.08980779455112 930
1694636269516 142.06125521106048 931
1694636269585 142.03270839359328 932
1694636269669 142.00416734097632 933
1694636269743 141.97563205203676 934
1694636269795 141.94710252560193 935
1694636269833 141.91857876049949 936
1694636269870 141.8900607555572 937
1694636269910 141.86154850960318 938
1694636269980 141.8330420214657 939
1694636270030 141.80454128997343 940
1694636270077 141.77604631395508 941
1694636270128 141.7475570922397 942
1694636270170 141.7190736236566 943
1694636270228 141.6905959070354 944
1694636270289 141.66212394120572 945
1694636270344 141.63365772499762 946
1694636270391 141.6051972572414 947
1694636270469 141.57674253676754 948
1694636270528 141.5482935624067 949
1694636270586 141.51985033298996 950
1694636270627 141.49141284734847 951
1694636270672 141.46298110431368 952
1694636270714 141.43455510271735 953
1694636270757 141.40613484139135 954
1694636270802 141.3777203191679 955
1694636270843 141.34931153487943 956
1694636270886 141.32090848735857 957
1694636270931 141.2925111754382 958
1694636270971 141.26411959795152 959
1694636271013 141.2357337537319 960
1694636271056 141.20735364161294 961
1694636271102 141.17897926042846 962
1694636271146 141.1506106090127 963
1694636271195 141.12224768619984 964
1694636271241 141.0938904908246 965
1694636271286 141.06553902172172 966
1694636271335 141.0371932777263 967
1694636271380 141.00885325767362 968
1694636271429 140.98051896039925 969
1694636271469 140.9521903847389 970
1694636271533 140.9238675295287 971
1694636271588 140.89555039360488 972
1694636271633 140.86723897580396 973
1694636271688 140.8389332749626 974
1694636271728 140.81063328991786 975
1694636271780 140.78233901950694 976
1694636271840 140.75405046256725 977
1694636271887 140.7257676179366 978
1694636271929 140.6974904844529 979
1694636271963 140.66921906095422 980
1694636272005 140.64095334627913 981
1694636272042 140.61269333926623 982
1694636272083 140.58443903875434 983
1694636272133 140.55619044358275 984
1694636272180 140.5279475525907 985
1694636272225 140.4997103646179 986
1694636272272 140.47147887850414 987
1694636272323 140.44325309308954 988
1694636272362 140.41503300721445 989
1694636272402 140.38681861971943 990
1694636272437 140.35860992944527 991
1694636272479 140.33040693523304 992
1694636272527 140.30220963592404 993
1694636272573 140.27401803035977 994
1694636272609 140.24583211738204 995
1694636272644 140.21765189583277 996
1694636272678 140.1894773645543 997
1694636272719 140.16130852238908 998
1694636272764 140.13314536817978 999
