1694632153932 -0.0035427449494287444 0
1694632153997 -0.0035423967014727165 1
1694632154080 -0.0035420483577452977 2
1694632154195 -0.0035416999182293907 3
1694632154258 -0.0035413513829056775 4
1694632154295 -0.0035410027517552845 5
1694632154334 -0.0035406540247622242 6
1694632154394 -0.003540305201906291 7
1694632154455 -0.003539956283170609 8
1694632154508 -0.0035396072685358604 9
1694632154548 -0.003539258157984504 10
1694632154587 -0.003538908951498332 11
1694632154629 -0.0035385596490591364 12
1694632154678 -0.003538210250648488 13
1694632154730 -0.003537860756248179 14
1694632154790 -0.0035375111658397795 15
1694632154841 -0.0035371614794064143 16
1694632154898 -0.0035368116969276553 17
1694632154948 -0.003536461818387071 18
1694632155011 -0.00353611184376601 19
1694632155079 -0.003535761773045598 20
1694632155137 -0.003535411606208294 21
1694632155178 -0.003535061343235002 22
1694632155217 -0.0035347109841084023 23
1694632155259 -0.0035343605288098434 24
1694632155299 -0.0035340099773213396 25
1694632155341 -0.003533659329624017 26
1694632155381 -0.0035333085857007784 27
1694632155418 -0.0035329577455320837 28
1694632155458 -0.0035326068091001694 29
1694632155508 -0.003532255776386828 30
1694632155549 -0.0035319046473738513 31
1694632155589 -0.0035315534220430322 32
1694632155632 -0.003531202100375719 33
1694632155677 -0.0035308506823541475 34
1694632155739 -0.0035304991679594444 35
1694632155795 -0.003530147557173624 36
1694632155857 -0.0035297958499784787 37
1694632155914 -0.0035294440463555787 38
1694632155974 -0.0035290921462864944 39
1694632156023 -0.00352874014975324 40
1694632156071 -0.003528388056738274 41
1694632156113 -0.0035280358672216128 42
1694632156154 -0.0035276835811859364 43
1694632156195 -0.003527331198612371 44
1694632156250 -0.0035269787194829316 45
1694632156297 -0.003526626143780298 46
1694632156351 -0.0035262734714844868 47
1694632156396 -0.003525920702578178 48
1694632156465 -0.003525567837042942 49
1694632156516 -0.0035252148748599055 50
1694632156574 -0.0035248618160110823 51
1694632156622 -0.003524508660478487 52
1694632156673 -0.003524155408243246 53
1694632156714 -0.003523802059286707 54
1694632156761 -0.003523448613591773 55
1694632156806 -0.0035230950711400144 56
1694632156856 -0.003522741431911669 57
1694632156900 -0.0035223876958887512 58
1694632156947 -0.0035220338630543857 59
1694632157018 -0.0035216799333885884 60
1694632157081 -0.003521325906873596 61
1694632157120 -0.0035209717834912 62
1694632157164 -0.003520617563222528 63
1694632157213 -0.003520263246049593 64
1694632157257 -0.0035199088319544103 65
1694632157300 -0.0035195543209174396 66
1694632157348 -0.0035191997129213615 67
1694632157397 -0.003518845007947302 68
1694632157445 -0.003518490205977276 69
1694632157490 -0.0035181353069924093 70
1694632157551 -0.0035177803109747163 71
1694632157609 -0.0035174252179055454 72
1694632157668 -0.003517070027766689 73
1694632157714 -0.003516714740539273 74
1694632157757 -0.003516359356205534 75
1694632157798 -0.0035160038747465983 76
1694632157837 -0.003515648296144702 77
1694632157889 -0.003515292620380528 78
1694632157931 -0.003514936847436312 79
1694632157982 -0.00351458097729318 80
1694632158033 -0.0035142250099329253 81
1694632158097 -0.0035138689453373395 82
1694632158147 -0.003513512783487327 83
1694632158194 -0.0035131565243660123 84
1694632158231 -0.0035128001679529675 85
1694632158292 -0.003512443714230873 86
1694632158332 -0.003512087163181299 87
1694632158385 -0.0035117305147853717 88
1694632158451 -0.0035113737690248836 89
1694632158498 -0.003511016925880961 90
1694632158559 -0.003510659985336506 91
1694632158608 -0.003510302947371313 92
1694632158655 -0.0035099458119678406 93
1694632158708 -0.0035095885791069925 94
1694632158765 -0.0035092312487718935 95
1694632158813 -0.0035088738209425596 96
1694632158861 -0.003508516295600783 97
1694632158905 -0.0035081586727283565 98
1694632158970 -0.0035078009523059617 99
1694632159041 -0.0035074431343171675 100
1694632159099 -0.0035070852187415458 101
1694632159159 -0.003506727205561111 102
1694632159225 -0.0035063690947574333 103
1694632159284 -0.003506010886311639 104
1694632159334 -0.0035056525802068528 105
1694632159389 -0.0035052941764228684 106
1694632159431 -0.0035049356749414784 107
1694632159474 -0.003504577075744031 108
1694632159525 -0.0035042183788132064 109
1694632159563 -0.003503859584129243 110
1694632159610 -0.003503500691674155 111
1694632159650 -0.003503141701429291 112
1694632159689 -0.0035027826133753326 113
1694632159732 -0.003502423427496071 114
1694632159781 -0.0035020641437708555 115
1694632159820 -0.003501704762181701 116
1694632159881 -0.0035013452827101776 117
1694632159957 -0.0035009857053376336 118
1694632160016 -0.0035006260300456393 119
1694632160060 -0.003500266256815765 120
1694632160101 -0.0034999063856289148 121
1694632160154 -0.003499546416467769 122
1694632160207 -0.0034991863493123443 123
1694632160258 -0.0034988261841448764 124
1694632160305 -0.003498465920946714 125
1694632160343 -0.003498105559698761 126
1694632160383 -0.003497745100383254 127
1694632160423 -0.003497384542981319 128
1694632160461 -0.003497023887474082 129
1694632160508 -0.0034966631338433363 130
1694632160550 -0.0034963022820706513 131
1694632160597 -0.0034959413321369315 132
1694632160641 -0.003495580284023969 133
1694632160683 -0.0034952191377126685 134
1694632160726 -0.003494857893185266 135
1694632160769 -0.0034944965504226655 136
1694632160807 -0.0034941351094059936 137
1694632160845 -0.0034937735701168204 138
1694632160884 -0.0034934119325378266 139
1694632160928 -0.0034930501966476957 140
1694632160970 -0.0034926883624311067 141
1694632161016 -0.0034923264298660772 142
1694632161058 -0.003491964398937286 143
1694632161098 -0.0034916022696236393 144
1694632161140 -0.003491240041907373 145
1694632161181 -0.0034908777157700577 146
1694632161223 -0.0034905152911925974 147
1694632161271 -0.0034901527681565625 148
1694632161320 -0.0034897901466437453 149
1694632161375 -0.003489427426634828 150
1694632161424 -0.003489064608111825 151
1694632161468 -0.003488701691055418 152
1694632161523 -0.003488338675447622 153
1694632161572 -0.003487975561269341 154
1694632161612 -0.003487612348501923 155
1694632161654 -0.003487249037126716 156
1694632161697 -0.0034868856271255133 157
1694632161744 -0.0034865221184789963 158
1694632161807 -0.0034861585111691795 159
1694632161860 -0.003485794805176745 160
1694632161928 -0.0034854310004832634 161
1694632161982 -0.0034850670970703046 162
1694632162022 -0.003484703094918995 163
1694632162076 -0.003484338994010905 164
1694632162118 -0.0034839747943262722 165
1694632162163 -0.0034836104958482217 166
1694632162204 -0.003483246098556547 167
1694632162247 -0.003482881602433263 168
1694632162305 -0.0034825170074592737 169
1694632162360 -0.003482152313615705 170
1694632162407 -0.003481787520885238 171
1694632162453 -0.0034814226292476658 172
1694632162494 -0.0034810576386852254 173
1694632162549 -0.003480692549178155 174
1694632162607 -0.0034803273607086904 175
1694632162651 -0.0034799620732577363 176
1694632162697 -0.0034795966868064188 177
1694632162752 -0.003479231201335864 178
1694632162800 -0.0034788656168287524 179
1694632162838 -0.003478499933264656 180
1694632162875 -0.003478134150625367 181
1694632162912 -0.003477768268892456 182
1694632162950 -0.003477402288046827 183
1694632162993 -0.003477036208069606 184
1694632163044 -0.0034766700289425856 185
1694632163086 -0.003476303750647336 186
1694632163127 -0.0034759373731640952 187
1694632163163 -0.0034755708964746557 188
1694632163197 -0.0034752043205599215 189
1694632163233 -0.003474837645401463 190
1694632163292 -0.003474470870980406 191
1694632163345 -0.0034741039972778776 192
1694632163387 -0.003473737024275003 193
1694632163433 -0.0034733699519537975 194
1694632163472 -0.0034730027802944985 195
1694632163516 -0.0034726355092786765 196
1694632163558 -0.0034722681388876797 197
1694632163602 -0.0034719006691026344 198
1694632163654 -0.0034715330999044447 199
1694632163696 -0.003471165431275347 200
1694632163738 -0.0034707976631951354 201
1694632163786 -0.003470429795645824 202
1694632163829 -0.0034700618286083174 203
1694632163878 -0.0034696937620646295 204
1694632163915 -0.0034693255959952207 205
1694632163964 -0.003468957330380773 206
1694632164007 -0.003468588965203301 207
1694632164048 -0.0034682205004434863 208
1694632164090 -0.0034678519360833437 209
1694632164137 -0.003467483272102445 210
1694632164178 -0.003467114508484359 211
1694632164222 -0.0034667456452079914 212
1694632164263 -0.0034663766822558006 213
1694632164313 -0.0034660076196078027 214
1694632164354 -0.003465638457246456 215
1694632164404 -0.0034652691951522208 216
1694632164456 -0.003464899833306445 217
1694632164503 -0.0034645303716900333 218
1694632164544 -0.0034641608102845556 219
1694632164584 -0.003463791149070694 220
1694632164627 -0.003463421388030019 221
1694632164666 -0.0034630515271427686 222
1694632164708 -0.0034626815663916233 223
1694632164749 -0.003462311505756599 224
1694632164782 -0.003461941345218378 225
1694632164820 -0.0034615710847598624 226
1694632164855 -0.0034612007243608467 227
1694632164889 -0.0034608302640020128 228
1694632164930 -0.003460459703665819 229
1694632164971 -0.0034600890433322817 230
1694632165013 -0.003459718282983193 231
1694632165055 -0.003459347422598791 232
1694632165110 -0.003458976462161978 233
1694632165156 -0.003458605401651438 234
1694632165204 -0.0034582342410505174 235
1694632165246 -0.0034578629803390104 236
1694632165286 -0.003457491619498043 237
1694632165329 -0.003457120158508298 238
1694632165366 -0.003456748597352899 239
1694632165404 -0.003456376936010752 240
1694632165444 -0.003456005174463872 241
1694632165487 -0.0034556333126929406 242
1694632165540 -0.003455261350679306 243
1694632165582 -0.003454889288404539 244
1694632165621 -0.003454517125848433 245
1694632165662 -0.0034541448629932248 246
1694632165703 -0.003453772499819152 247
1694632165744 -0.0034534000363080075 248
1694632165787 -0.003453027472440251 249
1694632165823 -0.0034526548081970088 250
1694632165859 -0.003452282043559851 251
1694632165908 -0.003451909178509016 252
1694632165949 -0.003451536213026296 253
1694632165982 -0.003451163147092151 254
1694632166024 -0.0034507899806881515 255
1694632166065 -0.0034504167137949793 256
1694632166108 -0.0034500433463935387 257
1694632166148 -0.003449669878464956 258
1694632166184 -0.0034492963099905793 259
1694632166224 -0.003448922640951091 260
1694632166262 -0.003448548871327617 261
1694632166306 -0.0034481750011008394 262
1694632166354 -0.0034478010302523288 263
1694632166396 -0.003447426958762323 264
1694632166447 -0.0034470527866132805 265
1694632166507 -0.0034466785137847733 266
1694632166560 -0.0034463041402581496 267
1694632166609 -0.0034459296660147576 268
1694632166655 -0.0034455550910352795 269
1694632166702 -0.0034451804153003973 270
1694632166757 -0.0034448056387919035 271
1694632166810 -0.003444430761490258 272
1694632166854 -0.003444055783376365 273
1694632166893 -0.003443680704431351 274
1694632166932 -0.00344330552463612 275
1694632166972 -0.003442930243971798 276
1694632167021 -0.003442554862418845 277
1694632167060 -0.003442179379959498 278
1694632167106 -0.0034418037965733284 279
1694632167175 -0.0034414281122419066 280
1694632167231 -0.003441052326945915 281
1694632167291 -0.003440676440666701 282
1694632167330 -0.003440300453384948 283
1694632167395 -0.003439924365081337 284
1694632167437 -0.003439548175737217 285
1694632167470 -0.00343917188533327 286
1694632167526 -0.0034387954938506216 287
1694632167569 -0.0034384190012699545 288
1694632167610 -0.003438042407573061 289
1694632167649 -0.0034376657127397348 290
1694632167690 -0.003437288916750658 291
1694632167731 -0.0034369120195887337 292
1694632167773 -0.003436535021232867 293
1694632167827 -0.0034361579216646287 294
1694632167865 -0.0034357807208651447 295
1694632167926 -0.003435403418814431 296
1694632167984 -0.0034350260154951684 297
1694632168020 -0.0034346485108867064 298
1694632168054 -0.0034342709049703934 299
1694632168089 -0.0034338931977269116 300
1694632168129 -0.003433515389137165 301
1694632168169 -0.003433137479182946 302
1694632168210 -0.0034327594678440487 303
1694632168249 -0.003432381355101821 304
1694632168289 -0.0034320031409367235 305
1694632168330 -0.00343162482532966 306
1694632168373 -0.003431246408262867 307
1694632168418 -0.003430867889715694 308
1694632168460 -0.003430489269668602 309
1694632168508 -0.0034301105481044925 310
1694632168546 -0.003429731725002716 311
1694632168584 -0.0034293528003439544 312
1694632168624 -0.00342897377411 313
1694632168667 -0.003428594646280647 314
1694632168732 -0.0034282154168376877 315
1694632168771 -0.003427836085761582 316
1694632168807 -0.003427456653033012 317
1694632168847 -0.003427077118633104 318
1694632168896 -0.00342669748254254 319
1694632168946 -0.0034263177447417803 320
1694632168992 -0.003425937905212395 321
1694632169034 -0.0034255579639348444 322
1694632169082 -0.003425177920889144 323
1694632169127 -0.003424797776058419 324
1694632169182 -0.003424417529421131 325
1694632169226 -0.003424037180958628 326
1694632169273 -0.00342365673065248 327
1694632169328 -0.0034232761784827037 328
1694632169366 -0.003422895524430425 329
1694632169413 -0.0034225147684763257 330
1694632169460 -0.0034221339106008664 331
1694632169519 -0.003421752950786283 332
1694632169562 -0.003421371889011926 333
1694632169617 -0.003420990725259143 334
1694632169661 -0.0034206094595081726 335
1694632169730 -0.0034202280917401406 336
1694632169776 -0.0034198466219357293 337
1694632169843 -0.0034194650500756207 338
1694632169898 -0.0034190833761418293 339
1694632169948 -0.003418701600113483 340
1694632169997 -0.0034183197219719297 341
1694632170065 -0.003417937741697852 342
1694632170120 -0.0034175556592719314 343
1694632170163 -0.0034171734746750726 344
1694632170198 -0.0034167911878884016 345
1694632170236 -0.0034164087988919345 346
1694632170278 -0.0034160263076667974 347
1694632170340 -0.0034156437141936724 348
1694632170389 -0.0034152610184532417 349
1694632170434 -0.0034148782204259653 350
1694632170470 -0.0034144953200938577 351
1694632170524 -0.0034141123174356025 352
1694632170570 -0.0034137292124336582 353
1694632170618 -0.003413346005068041 354
1694632170657 -0.0034129626953194325 355
1694632170702 -0.0034125792831687374 356
1694632170747 -0.0034121957685961934 357
1694632170795 -0.003411812151583149 358
1694632170839 -0.003411428432109842 359
1694632170886 -0.0034110446101569547 360
1694632170931 -0.003410660685705613 361
1694632170966 -0.0034102766587362776 362
1694632171012 -0.00340989252922963 363
1694632171058 -0.0034095082971663526 364
1694632171106 -0.0034091239625269054 365
1694632171151 -0.0034087395252924146 366
1694632171198 -0.0034083549854431183 367
1694632171257 -0.0034079703429599206 368
1694632171315 -0.0034075855978237257 369
1694632171369 -0.0034072007500145496 370
1694632171420 -0.0034068157995137405 371
1694632171468 -0.0034064307463015364 372
1694632171522 -0.0034060455903588416 373
1694632171562 -0.00340566033166545 374
1694632171645 -0.003405274970204042 375
1694632171685 -0.0034048895059533013 376
1694632171731 -0.0034045039388943543 377
1694632171770 -0.003404118269008327 378
1694632171806 -0.00340373249627568 379
1694632171851 -0.0034033466206762064 380
1694632171889 -0.003402960642191921 381
1694632171936 -0.003402574560802618 382
1694632171973 -0.0034021883764885352 383
1694632172010 -0.003401802089231465 384
1694632172052 -0.003401415699011201 385
1694632172086 -0.003401029205809314 386
1694632172120 -0.0034006426096051534 387
1694632172156 -0.0034002559103796237 388
1694632172189 -0.003399869108113629 389
1694632172223 -0.0033994822027878513 390
1694632172258 -0.003399095194382973 391
1694632172292 -0.0033987080828785654 392
1694632172332 -0.0033983208682566435 393
1694632172377 -0.003397933550497001 394
1694632172448 -0.003397546129579654 395
1694632172489 -0.0033971586054863945 396
1694632172548 -0.003396770978198127 397
1694632172589 -0.0033963832476939793 398
1694632172627 -0.0033959954139550774 399
1694632172663 -0.0033956074769621036 400
1694632172706 -0.00339521943669574 401
1694632172754 -0.0033948312931362246 402
1694632172794 -0.0033944430462642394 403
1694632172834 -0.0033940546960604667 404
1694632172871 -0.0033936662425055886 405
1694632172921 -0.003393277685579843 406
1694632173001 -0.00339288902526369 407
1694632173053 -0.003392500261538256 408
1694632173105 -0.0033921113943833348 409
1694632173150 -0.0033917224237800525 410
1694632173201 -0.0033913333497084253 411
1694632173243 -0.003390944172149579 412
1694632173290 -0.0033905548910828642 413
1694632173335 -0.003390165506491183 414
1694632173433 -0.0033897760183527748 415
1694632173509 -0.003389386426648988 416
1694632173568 -0.003388996731360061 417
1694632173622 -0.0033886069324671197 418
1694632173678 -0.00338821702995018 419
1694632173720 -0.0033878270237897024 420
1694632173754 -0.0033874369139665905 421
1694632173797 -0.0033870467004601945 422
1694632173846 -0.003386656383253195 423
1694632173925 -0.003386265962324053 424
1694632174047 -0.00338587543765434 425
1694632174108 -0.003385484809224071 426
1694632174201 -0.003385094077013706 427
1694632174294 -0.003384703241003928 428
1694632174371 -0.0033843123011751963 429
1694632174420 -0.0033839212575079713 430
1694632174469 -0.003383530109982713 431
1694632174519 -0.0033831388585796596 432
1694632174581 -0.003382747503279937 433
1694632174639 -0.0033823560440631173 434
1694632174691 -0.0033819644809103266 435
1694632174760 -0.003381572813801581 436
1694632174809 -0.0033811810427177846 437
1694632174861 -0.0033807891676389534 438
1694632174910 -0.0033803971885457695 439
1694632174951 -0.003380005105418471 440
1694632174996 -0.003379612918237962 441
1694632175066 -0.0033792206269835923 442
1694632175142 -0.0033788282316378204 443
1694632175204 -0.003378435732178886 444
1694632175279 -0.0033780431285883594 445
1694632175348 -0.0033776504208464786 446
1694632175451 -0.0033772576089334816 447
1694632175530 -0.0033768646928302726 448
1694632175582 -0.0033764716725168675 449
1694632175628 -0.0033760785479732824 450
1694632175667 -0.0033756853191806435 451
1694632175722 -0.0033752919861189667 452
1694632175761 -0.003374898548768712 453
1694632175819 -0.003374505007110118 454
1694632175859 -0.00337411136112431 455
1694632175903 -0.0033737176107908606 456
1694632175954 -0.0033733237560902296 457
1694632176014 -0.0033729297970035432 458
1694632176074 -0.0033725357335099293 459
1694632176119 -0.003372141565590958 460
1694632176163 -0.0033717472932266457 461
1694632176205 -0.003371352916396786 462
1694632176248 -0.003370958435082283 463
1694632176296 -0.003370563849263597 464
1694632176354 -0.003370169158920744 465
1694632176396 -0.0033697743640341837 466
1694632176454 -0.0033693794645843766 467
1694632176506 -0.0033689844605517827 468
1694632176561 -0.003368589351916196 469
1694632176614 -0.003368194138658742 470
1694632176658 -0.0033677988207589937 471
1694632176699 -0.0033674033981980767 472
1694632176751 -0.003367007870955563 473
1694632176794 -0.0033666122390121345 474
1694632176841 -0.0033662165023480295 475
1694632176905 -0.003365820660943264 476
1694632176971 -0.00336542471477963 477
1694632177022 -0.0033650286638349236 478
1694632177062 -0.003364632508092491 479
1694632177108 -0.00336423624753035 480
1694632177146 -0.0033638398821294047 481
1694632177184 -0.003363443411869893 482
1694632177261 -0.0033630468367324973 483
1694632177372 -0.003362650156696567 484
1694632177461 -0.0033622533717443392 485
1694632177523 -0.003361856481854275 486
1694632177567 -0.003361459487007501 487
1694632177609 -0.003361062387183811 488
1694632177658 -0.0033606651823638867 489
1694632177708 -0.0033602678725270785 490
1694632177762 -0.0033598704576556226 491
1694632177812 -0.003359472937728203 492
1694632177859 -0.0033590753127252793 493
1694632177910 -0.003358677582627534 494
1694632177953 -0.003358279747414983 495
1694632178013 -0.003357881807067864 496
1694632178055 -0.0033574837615666375 497
1694632178099 -0.0033570856108908753 498
1694632178155 -0.0033566873550217036 499
1694632178206 -0.0033562889939393603 500
1694632178263 -0.0033558905276236395 501
1694632178310 -0.003355491956054335 502
1694632178349 -0.0033550932792132393 503
1694632178395 -0.003354694497079036 504
1694632178453 -0.0033542956096326293 505
1694632178501 -0.003353896616854035 506
1694632178568 -0.0033534975187228255 507
1694632178616 -0.003353098315221237 508
1694632178659 -0.0033526990063270645 509
1694632178697 -0.003352299592022767 510
1694632178739 -0.0033519000722868064 511
1694632178785 -0.0033515004471003085 512
1694632178839 -0.0033511007164428452 513
1694632178910 -0.003350700880295099 514
1694632178957 -0.0033503009386370852 515
1694632178997 -0.0033499008914485984 516
1694632179039 -0.0033495007387112086 517
1694632179087 -0.0033491004804033775 518
1694632179140 -0.0033487001165068975 519
1694632179192 -0.0033482996470006743 520
1694632179234 -0.003347899071865168 521
1694632179273 -0.0033474983910810607 522
1694632179318 -0.0033470976046279244 523
1694632179368 -0.003346696712486441 524
1694632179419 -0.0033462957146359606 525
1694632179462 -0.0033458946110576093 526
1694632179510 -0.003345493401731181 527
1694632179552 -0.0033450920866366918 528
1694632179591 -0.0033446906657543796 529
1694632179647 -0.0033442891390642604 530
1694632179694 -0.0033438875065467943 531
1694632179742 -0.0033434857681819974 532
1694632179785 -0.0033430839239498855 533
1694632179833 -0.0033426819738304747 534
1694632179868 -0.003342279917804225 535
1694632179903 -0.0033418777558511525 536
1694632179940 -0.003341475487951273 537
1694632179974 -0.003341073114084603 538
1694632180014 -0.0033406706342316017 539
1694632180056 -0.0033402680483720637 540
1694632180098 -0.003339865356486449 541
1694632180152 -0.003339462558554551 542
1694632180207 -0.0033390596545568307 543
1694632180277 -0.0033386566444730814 544
1694632180324 -0.003338253528283097 545
1694632180364 -0.003337850305966894 546
1694632180414 -0.0033374469775062643 547
1694632180457 -0.0033370435428796696 548
1694632180509 -0.003336640002067126 549
1694632180550 -0.0033362363550495377 550
1694632180599 -0.0033358326018064766 551
1694632180648 -0.0033354287423181805 552
1694632180703 -0.0033350247765646657 553
1694632180749 -0.003334620704525948 554
1694632180804 -0.0033342165261818213 555
1694632180856 -0.00333381224151319 556
1694632180904 -0.0033334078504994036 557
1694632180942 -0.0033330033531207004 558
1694632180991 -0.0033325987493566522 559
1694632181030 -0.0033321940391883853 560
1694632181066 -0.0033317892225959156 561
1694632181107 -0.003331384299558149 562
1694632181157 -0.003330979270054879 563
1694632181199 -0.0033305741340685646 564
1694632181236 -0.003330168891576557 565
1694632181269 -0.0033297635425606487 566
1694632181314 -0.0033293580869997452 567
1694632181354 -0.003328952524874307 568
1694632181394 -0.0033285468561643494 569
1694632181433 -0.003328141080850333 570
1694632181471 -0.0033277351989113857 571
1694632181523 -0.0033273292103279672 572
1694632181570 -0.0033269231150800938 573
1694632181624 -0.003326516913147115 574
1694632181676 -0.0033261106045110456 575
1694632181719 -0.003325704189149903 576
1694632181777 -0.003325297667044147 577
1694632181831 -0.003324891038173794 578
1694632181874 -0.0033244843025186377 579
1694632181927 -0.0033240774600600265 580
1694632181975 -0.0033236705107762 581
1694632182031 -0.003323263454647618 582
1694632182075 -0.003322856291654741 583
1694632182123 -0.0033224490217769187 584
1694632182169 -0.003322041644994833 585
1694632182213 -0.003321634161287834 586
1694632182257 -0.003321226570635938 587
1694632182301 -0.003320818873018938 588
1694632182345 -0.003320411068417517 589
1694632182385 -0.0033200031568119126 590
1694632182441 -0.0033195951381808086 591
1694632182503 -0.003319187012504443 592
1694632182556 -0.003318778779763276 593
1694632182601 -0.0033183704399368796 594
1694632182661 -0.0033179619930054915 595
1694632182725 -0.003317553438948684 596
1694632182762 -0.0033171447777460283 597
1694632182830 -0.0033167360093786513 598
1694632182906 -0.0033163271338256806 599
1694632182963 -0.003315918151067132 600
1694632183021 -0.0033155090610827997 601
1694632183077 -0.0033150998638526996 602
1694632183135 -0.0033146905593568476 603
1694632183186 -0.0033142811475745937 604
1694632183233 -0.003313871628486842 605
1694632183301 -0.00331346200207272 606
1694632183369 -0.0033130522683124664 607
1694632183424 -0.0033126424271858745 608
1694632183471 -0.0033122324786720725 609
1694632183518 -0.0033118224227521864 610
1694632183556 -0.0033114122594062323 611
1694632183597 -0.003311001988612894 612
1694632183649 -0.003310591610352853 613
1694632183708 -0.00331018112460546 614
1694632183752 -0.0033097705313502868 615
1694632183805 -0.003309359830568681 616
1694632183848 -0.003308949022239105 617
1694632183885 -0.0033085381063420183 618
1694632183922 -0.003308127082857215 619
1694632183971 -0.0033077159517642674 620
1694632184022 -0.003307304713043191 621
1694632184063 -0.003306893366674002 622
1694632184103 -0.00330648191263605 623
1694632184157 -0.0033060703509097955 624
1694632184207 -0.003305658681475032 625
1694632184261 -0.0033052469043102217 626
1694632184306 -0.0033048350193978226 627
1694632184375 -0.0033044230267156305 628
1694632184432 -0.003304010926243217 629
1694632184480 -0.003303598717962375 630
1694632184532 -0.0033031864018511214 631
1694632184582 -0.0033027739778899168 632
1694632184619 -0.003302361446058333 633
1694632184663 -0.0033019488063359415 634
1694632184708 -0.003301536058704091 635
1694632184747 -0.003301123203140799 636
1694632184793 -0.0033007102396265253 637
1694632184843 -0.00330029716814062 638
1694632184915 -0.0032998839886633213 639
1694632184969 -0.003299470701175755 640
1694632185014 -0.003299057305655051 641
1694632185056 -0.003298643802082557 642
1694632185099 -0.0032982301904376232 643
1694632185140 -0.0032978164707002655 644
1694632185182 -0.0032974026428498338 645
1694632185239 -0.003296988706866566 646
1694632185296 -0.003296574662730256 647
1694632185353 -0.003296160510420254 648
1694632185403 -0.0032957462499159096 649
1694632185445 -0.003295331881198793 650
1694632185492 -0.0032949174042467 651
1694632185538 -0.0032945028190403125 652
1694632185590 -0.0032940881255587584 653
1694632185638 -0.0032936733237824978 654
1694632185675 -0.0032932584136911025 655
1694632185714 -0.0032928433952637004 656
1694632185753 -0.0032924282684807515 657
1694632185792 -0.003292013033321828 658
1694632185851 -0.003291597689766057 659
1694632185907 -0.0032911822377938993 660
1694632185958 -0.0032907666773847044 661
1694632186012 -0.0032903510085182663 662
1694632186065 -0.003289935231174157 663
1694632186107 -0.0032895193453323923 664
1694632186150 -0.003289103350971656 665
1694632186200 -0.0032886872480737406 666
1694632186241 -0.0032882710366159973 667
1694632186309 -0.0032878547165802186 668
1694632186363 -0.003287438287944644 669
1694632186407 -0.0032870217506892896 670
1694632186446 -0.0032866051047937273 671
1694632186488 -0.003286188350237973 672
1694632186534 -0.0032857714870015986 673
1694632186570 -0.003285354515063732 674
1694632186614 -0.0032849374344054993 675
1694632186654 -0.0032845202450051403 676
1694632186696 -0.0032841029468424487 677
1694632186748 -0.003283685539897885 678
1694632186799 -0.0032832680241505763 679
1694632186840 -0.003282850399579873 680
1694632186891 -0.003282432666166013 681
1694632186935 -0.003282014823888346 682
1694632186989 -0.0032815968727264444 683
1694632187048 -0.0032811788126603236 684
1694632187105 -0.0032807606436691117 685
1694632187159 -0.0032803423657321584 686
1694632187203 -0.003279923978830812 687
1694632187238 -0.003279505482942646 688
1694632187285 -0.003279086878048565 689
1694632187323 -0.003278668164127474 690
1694632187366 -0.0032782493411593894 691
1694632187427 -0.003277830409123661 692
1694632187467 -0.003277411368000527 693
1694632187515 -0.0032769922177684485 694
1694632187557 -0.003276572958407886 695
1694632187600 -0.0032761535898984118 696
1694632187639 -0.003275734112219153 697
1694632187675 -0.003275314525349904 698
1694632187720 -0.0032748948292711244 699
1694632187758 -0.003274475023960388 700
1694632187801 -0.0032740551093992654 701
1694632187852 -0.0032736350855662177 702
1694632187901 -0.0032732149524412613 703
1694632187943 -0.003272794710003968 704
1694632187981 -0.0032723743582336873 705
1694632188016 -0.0032719538971093254 706
1694632188077 -0.0032715333266120084 707
1694632188118 -0.003271112646721086 708
1694632188166 -0.003270691857414798 709
1694632188220 -0.0032702709586731604 710
1694632188264 -0.003269849950476411 711
1694632188312 -0.003269428832803456 712
1694632188362 -0.003269007605634089 713
1694632188427 -0.0032685862689476597 714
1694632188526 -0.0032681648227241844 715
1694632188598 -0.0032677432669423467 716
1694632188651 -0.0032673216015823847 717
1694632188688 -0.003266899826622982 718
1694632188740 -0.003266477942045265 719
1694632188790 -0.003266055947827473 720
1694632188828 -0.0032656338439491783 721
1694632188871 -0.0032652116303901746 722
1694632188914 -0.0032647893071298117 723
1694632188948 -0.0032643668741472176 724
1694632188981 -0.0032639443314235184 725
1694632189021 -0.0032635216789365096 726
1694632189067 -0.003263098916665985 727
1694632189118 -0.003262676044592183 728
1694632189164 -0.0032622530626933433 729
1694632189220 -0.0032618299709499254 730
1694632189284 -0.0032614067693412796 731
1694632189363 -0.0032609834578469776 732
1694632189419 -0.0032605600364459253 733
1694632189478 -0.0032601365051181386 734
1694632189552 -0.003259712863842301 735
1694632189603 -0.0032592891125997614 736
1694632189659 -0.0032588652513680927 737
1694632189702 -0.003258441280127089 738
1694632189763 -0.0032580171988563222 739
1694632189819 -0.0032575930075351422 740
1694632189870 -0.003257168706143565 741
1694632189927 -0.0032567442946613845 742
1694632189975 -0.0032563197730666182 743
1694632190021 -0.0032558951413397264 744
1694632190062 -0.0032554703994587264 745
1694632190114 -0.003255045547405855 746
1694632190153 -0.003254620585158241 747
1694632190206 -0.003254195512695235 748
1694632190250 -0.0032537703299979626 749
1694632190325 -0.0032533450370439976 750
1694632190391 -0.003252919633814022 751
1694632190487 -0.0032524941202862756 752
1694632190550 -0.0032520684964418844 753
1694632190598 -0.003251642762258866 754
1694632190642 -0.0032512169177167927 755
1694632190685 -0.003250790962795458 756
1694632190731 -0.0032503648974733235 757
1694632190774 -0.0032499387217312936 758
1694632190819 -0.003249512435548052 759
1694632190859 -0.0032490860389022824 760
1694632190912 -0.003248659531774445 761
1694632190957 -0.003248232914142557 762
1694632191020 -0.003247806185988411 763
1694632191079 -0.0032473793472889145 764
1694632191138 -0.0032469523980243054 765
1694632191188 -0.0032465253381741555 766
1694632191226 -0.0032460981677175926 767
1694632191263 -0.0032456708866339667 768
1694632191305 -0.0032452434949028497 769
1694632191349 -0.0032448159925035913 770
1694632191391 -0.0032443883794148753 771
1694632191437 -0.00324396065561694 772
1694632191476 -0.0032435328210884684 773
1694632191541 -0.003243104875809255 774
1694632191593 -0.0032426768197584277 775
1694632191642 -0.003242248652915114 776
1694632191689 -0.003241820375259108 777
1694632191739 -0.0032413919867693153 778
1694632191778 -0.003240963487424864 779
1694632191820 -0.0032405348772059916 780
1694632191857 -0.0032401061560911604 781
1694632191893 -0.00323967732405972 782
1694632191931 -0.003239248381091464 783
1694632191966 -0.003238819327165521 784
1694632192005 -0.003238390162260796 785
1694632192046 -0.003237960886357083 786
1694632192088 -0.0032375314994332882 787
1694632192134 -0.0032371020014687613 788
1694632192192 -0.003236672392443074 789
1694632192242 -0.0032362426723353543 790
1694632192289 -0.00323581284112473 791
1694632192347 -0.003235382898790551 792
1694632192387 -0.0032349528453119447 793
1694632192440 -0.0032345226806684835 794
1694632192500 -0.003234092404840183 795
1694632192545 -0.003233662017804173 796
1694632192593 -0.0032332315195418015 797
1694632192638 -0.003232800910031308 798
1694632192686 -0.003232370189252043 799
1694632192745 -0.0032319393571831334 800
1694632192803 -0.0032315084138041517 801
1694632192851 -0.0032310773590942254 802
1694632192887 -0.0032306461930324826 803
1694632192940 -0.003230214915598273 804
1694632192997 -0.0032297835267707242 805
1694632193053 -0.0032293520265285203 806
1694632193107 -0.003228920414852343 807
1694632193162 -0.0032284886917208766 808
1694632193212 -0.0032280568571123602 809
1694632193254 -0.00322762491100681 810
1694632193301 -0.0032271928533831318 811
1694632193342 -0.0032267606842208973 812
1694632193390 -0.0032263284034990125 813
1694632193440 -0.003225896011196605 814
1694632193487 -0.003225463507293247 815
1694632193535 -0.003225030891767622 816
1694632193575 -0.0032245981645993016 817
1694632193614 -0.003224165325767636 818
1694632193655 -0.003223732375251087 819
1694632193695 -0.0032232993130296705 820
1694632193734 -0.003222866139081404 821
1694632193773 -0.0032224328533874136 822
1694632193813 -0.0032219994559243847 823
1694632193856 -0.003221565946674332 824
1694632193905 -0.003221132325613274 825
1694632193953 -0.0032206985927232257 826
1694632193993 -0.003220264747980872 827
1694632194033 -0.0032198307913677837 828
1694632194070 -0.00321939672286109 829
1694632194113 -0.0032189625424412505 830
1694632194155 -0.0032185282500865053 831
1694632194203 -0.0032180938457764263 832
1694632194254 -0.0032176593294901412 833
1694632194295 -0.003217224701206778 834
1694632194341 -0.003216789960905242 835
1694632194384 -0.0032163551085651054 836
1694632194453 -0.003215920144164608 837
1694632194514 -0.0032154850676842095 838
1694632194569 -0.0032150498791019277 839
1694632194621 -0.0032146145783964464 840
1694632194666 -0.0032141791655488916 841
1694632194730 -0.003213743640537059 842
1694632194774 -0.003213308003338966 843
1694632194828 -0.003212872253936183 844
1694632194869 -0.0032124363923056176 845
1694632194929 -0.0032120004184272855 846
1694632194992 -0.0032115643322809806 847
1694632195051 -0.0032111281338442765 848
1694632195089 -0.0032106918230974113 849
1694632195129 -0.0032102554000186245 850
1694632195194 -0.003209818864587488 851
1694632195241 -0.0032093822167824637 852
1694632195293 -0.0032089454565840114 853
1694632195336 -0.0032085085839697047 854
1694632195386 -0.0032080715989200037 855
1694632195432 -0.003207634501412482 856
1694632195489 -0.003207197291427155 857
1694632195591 -0.0032067599689427073 858
1694632195643 -0.003206322533938044 859
1694632195683 -0.0032058849863929595 860
1694632195734 -0.003205447326285471 861
1694632195773 -0.0032050095535951506 862
1694632195823 -0.003204571668301126 863
1694632195875 -0.003204133670382081 864
1694632195914 -0.0032036955598175876 865
1694632195956 -0.0032032573365861072 866
1694632195996 -0.00320281900066699 867
1694632196037 -0.003202380552038253 868
1694632196080 -0.003201941990681245 869
1694632196125 -0.0032015033165728735 870
1694632196168 -0.0032010645296924878 871
1694632196207 -0.003200625630019882 872
1694632196250 -0.003200186617533074 873
1694632196287 -0.0031997474922118574 874
1694632196341 -0.003199308254034472 875
1694632196382 -0.0031988689029809336 876
1694632196419 -0.00319842943902926 877
1694632196504 -0.003197989862158801 878
1694632196542 -0.0031975501723484623 879
1694632196581 -0.0031971103695773717 880
1694632196628 -0.003196670453824435 881
1694632196677 -0.003196230425068558 882
1694632196715 -0.0031957902832886464 883
1694632196753 -0.003195350028463162 884
1694632196797 -0.0031949096605730087 885
1694632196846 -0.003194469179595094 886
1694632196891 -0.00319402858550899 887
1694632196937 -0.0031935878782938243 888
1694632196979 -0.0031931470579278365 889
1694632197027 -0.0031927061243914867 890
1694632197070 -0.0031922650776621264 891
1694632197119 -0.0031918239177186614 892
1694632197170 -0.0031913826445422178 893
1694632197231 -0.003190941258108815 894
1694632197287 -0.0031904997584000228 895
1694632197335 -0.003190058145392749 896
1694632197376 -0.0031896164190667875 897
1694632197441 -0.003189174579400822 898
1694632197496 -0.003188732626373536 899
1694632197556 -0.0031882905599645017 900
1694632197606 -0.0031878483801524027 901
1694632197667 -0.0031874060869154786 902
1694632197710 -0.0031869636802335233 903
1694632197755 -0.0031865211600849985 904
1694632197793 -0.003186078526448588 905
1694632197841 -0.0031856357793034196 906
1694632197881 -0.003185192918628621 907
1694632197923 -0.003184749944402654 908
1694632197961 -0.003184306856604646 909
1694632198005 -0.0031838636552130595 910
1694632198062 -0.0031834203402074657 911
1694632198126 -0.0031829769115661044 912
1694632198196 -0.0031825333692681035 913
1694632198261 -0.0031820897132925907 914
1694632198315 -0.0031816459436175837 915
1694632198364 -0.0031812020602226543 916
1694632198403 -0.00318075806308582 917
1694632198450 -0.0031803139521879853 918
1694632198493 -0.003179869727505613 919
1694632198531 -0.0031794253890180535 920
1694632198564 -0.0031789809367057664 921
1694632198598 -0.0031785363705456593 922
1694632198632 -0.003178091690517304 923
1694632198664 -0.00317764689659894 924
1694632198696 -0.003177201988770584 925
1694632198732 -0.0031767569670109186 926
1694632198772 -0.003176311831297074 927
1694632198813 -0.003175866581610398 928
1694632198859 -0.0031754212179275765 929
1694632198895 -0.003174975740227959 930
1694632198952 -0.003174530148490673 931
1694632199013 -0.0031740844426944026 932
1694632199045 -0.0031736386228173874 933
1694632199094 -0.0031731926888391992 934
1694632199144 -0.00317274664073941 935
1694632199198 -0.003172300478494927 936
1694632199260 -0.0031718542020848783 937
1694632199299 -0.0031714078114892796 938
1694632199335 -0.0031709613066859266 939
1694632199371 -0.003170514687653725 940
1694632199413 -0.0031700679543715804 941
1694632199451 -0.0031696211068179547 942
1694632199515 -0.0031691741449719757 943
1694632199561 -0.003168727068812105 944
1694632199615 -0.0031682798783172483 945
1694632199657 -0.0031678325734660895 946
1694632199695 -0.003167385154237534 947
1694632199734 -0.0031669376206104882 948
1694632199773 -0.003166489972562969 949
1694632199817 -0.0031660422100738828 950
1694632199857 -0.003165594333122801 951
1694632199889 -0.0031651463416877412 952
1694632199934 -0.0031646982357471654 953
1694632199978 -0.003164250015280423 954
1694632200030 -0.0031638016802659763 955
1694632200095 -0.0031633532306822865 956
1694632200142 -0.0031629046665084815 957
1694632200188 -0.003162455987723245 958
1694632200232 -0.0031620071943048167 959
1694632200278 -0.0031615582862325464 960
1694632200326 -0.0031611092634842297 961
1694632200375 -0.0031606601260396605 962
1694632200432 -0.0031602108738766344 963
1694632200498 -0.003159761506973613 964
1694632200551 -0.0031593120253112783 965
1694632200604 -0.003158862428866094 966
1694632200645 -0.0031584127176176313 967
1694632200691 -0.0031579628915434643 968
1694632200737 -0.003157512950624497 969
1694632200783 -0.0031570628948378587 970
1694632200825 -0.0031566127241620112 971
1694632200873 -0.0031561624385763043 972
1694632200918 -0.0031557120380591996 973
1694632200960 -0.003155261522588937 974
1694632201006 -0.0031548108921441997 975
1694632201047 -0.003154360146704782 976
1694632201093 -0.0031539092862478135 977
1694632201141 -0.003153458310753754 978
1694632201185 -0.0031530072201992887 979
1694632201232 -0.0031525560145633236 980
1694632201276 -0.0031521046938260966 981
1694632201314 -0.003151653257964737 982
1694632201361 -0.003151201706957929 983
1694632201413 -0.0031507500407848 984
1694632201456 -0.0031502982594238116 985
1694632201513 -0.0031498463628534257 986
1694632201559 -0.003149394351052548 987
1694632201600 -0.003148942223998974 988
1694632201642 -0.0031484899816724976 989
1694632201683 -0.0031480376240509145 990
1694632201723 -0.0031475851511129083 991
1694632201765 -0.003147132562837607 992
1694632201808 -0.0031466798592025835 993
1694632201855 -0.0031462270401874104 994
1694632201899 -0.003145774105769883 995
1694632201941 -0.003145321055928463 996
1694632201985 -0.00314486789064361 997
1694632202032 -0.003144414609891788 998
1694632202076 -0.0031439612136521244 999
