1694620920891 -0.0043173933192099945 0
1694620920933 -0.004315042905572719 1
1694620920966 -0.004312693130427592 2
1694620921001 -0.0043103439934517596 3
1694620921036 -0.004307995494322592 4
1694620921072 -0.0043056476327170135 5
1694620921102 -0.004303300408312616 6
1694620921133 -0.00430095382078699 7
1694620921173 -0.00429860786981795 8
1694620921199 -0.004296262555082864 9
1694620921228 -0.004293917876259767 10
1694620921262 -0.004291573833026252 11
1694620921298 -0.004289230425060131 12
1694620921326 -0.00428688765204055 13
1694620921353 -0.004284545513644211 14
1694620921381 -0.004282204009551149 15
1694620921411 -0.004279863139438289 16
1694620921439 -0.004277522902984554 17
1694620921469 -0.004275183299868646 18
1694620921494 -0.004272844329768821 19
1694620921526 -0.004270505992364004 20
1694620921556 -0.004268168287332674 21
1694620921588 -0.004265831214355531 22
1694620921624 -0.0042634947731095 23
1694620921664 -0.004261158963273948 24
1694620921703 -0.004258823784529131 25
1694620921739 -0.004256489236553973 26
1694620921776 -0.0042541553190282855 27
1694620921816 -0.00425182203163077 28
1694620921851 -0.004249489374041238 29
1694620921891 -0.004247157345939723 30
1694620921925 -0.004244825947005149 31
1694620921957 -0.004242495176918659 32
1694620921989 -0.0042401650353594 33
1694620922019 -0.004237835522007627 34
1694620922056 -0.004235506636543818 35
1694620922094 -0.004233178378648006 36
1694620922134 -0.0042308507480000035 37
1694620922172 -0.004228523744281398 38
1694620922205 -0.004226197367172002 39
1694620922240 -0.004223871616352515 40
1694620922273 -0.004221546491503858 41
1694620922308 -0.004219221992306732 42
1694620922339 -0.0042168981184422805 43
1694620922371 -0.004214574869590981 44
1694620922406 -0.0042122522454346445 45
1694620922435 -0.004209930245654414 46
1694620922462 -0.00420760886993099 47
1694620922495 -0.004205288117946404 48
1694620922531 -0.0042029679893815786 49
1694620922565 -0.0042006484839192115 50
1694620922599 -0.004198329601239781 51
1694620922642 -0.0041960113410248745 52
1694620922693 -0.004193693702958079 53
1694620922736 -0.004191376686720538 54
1694620922780 -0.004189060291993618 55
1694620922822 -0.004186744518460017 56
1694620922857 -0.004184429365801323 57
1694620922890 -0.004182114833701123 58
1694620922920 -0.004179800921842114 59
1694620922950 -0.004177487629905219 60
1694620922983 -0.004175174957573358 61
1694620923018 -0.004172862904531005 62
1694620923052 -0.004170551470459083 63
1694620923087 -0.004168240655041178 64
1694620923123 -0.004165930457960432 65
1694620923156 -0.004163620878899321 66
1694620923187 -0.004161311917542765 67
1694620923226 -0.004159003573572351 68
1694620923264 -0.004156695846672109 69
1694620923302 -0.004154388736525405 70
1694620923332 -0.004152082242816046 71
1694620923362 -0.004149776365227398 72
1694620923392 -0.004147471103443268 73
1694620923417 -0.0041451664571476865 74
1694620923443 -0.004142862426024907 75
1694620923467 -0.004140559009758071 76
1694620923500 -0.0041382562080329865 77
1694620923545 -0.004135954020532351 78
1694620923579 -0.004133652446941083 79
1694620923606 -0.004131351486943657 80
1694620923633 -0.004129051140224549 81
1694620923664 -0.004126751406468232 82
1694620923694 -0.0041244522853598475 83
1694620923723 -0.004122153776583648 84
1694620923755 -0.004119855879825218 85
1694620923786 -0.004117558594768589 86
1694620923816 -0.004115261921100677 87
1694620923848 -0.004112965858504847 88
1694620923886 -0.004110670406667127 89
1694620923920 -0.0041083755652728815 90
1694620923948 -0.004106081334007472 91
1694620923976 -0.004103787712556484 92
1694620924001 -0.0041014947006059455 93
1694620924029 -0.004099202297841442 94
1694620924056 -0.004096910503948337 95
1694620924084 -0.004094619318613324 96
1694620924116 -0.004092328741522433 97
1694620924140 -0.0040900387723608045 98
1694620924166 -0.004087749410816022 99
1694620924192 -0.0040854606565736695 100
1694620924222 -0.004083172509319999 101
1694620924251 -0.004080884968741927 102
1694620924283 -0.004078598034526371 103
1694620924318 -0.004076311706360025 104
1694620924347 -0.0040740259839291415 105
1694620924379 -0.004071740866920859 106
1694620924408 -0.004069456355022316 107
1694620924438 -0.004067172447920209 108
1694620924473 -0.004064889145301898 109
1694620924506 -0.004062606446854966 110
1694620924540 -0.004060324352266109 111
1694620924575 -0.004058042861224687 112
1694620924608 -0.004055761973415839 113
1694620924638 -0.004053481688528482 114
1694620924671 -0.004051202006249532 115
1694620924700 -0.004048922926268794 116
1694620924727 -0.004046644448272296 117
1694620924758 -0.004044366571948732 118
1694620924786 -0.004042089296986129 119
1694620924815 -0.004039812623072292 120
1694620924845 -0.004037536549897247 121
1694620924872 -0.004035261077147911 122
1694620924906 -0.004032986204512756 123
1694620924942 -0.004030711931680697 124
1694620924972 -0.004028438258340872 125
1694620925002 -0.004026165184181529 126
1694620925031 -0.0040238927088915855 127
1694620925058 -0.0040216208321604 128
1694620925088 -0.0040193495536766655 129
1694620925124 -0.0040170788731299645 130
1694620925158 -0.004014808790209656 131
1694620925191 -0.004012539304604434 132
1694620925226 -0.0040102704160043245 133
1694620925260 -0.00400800212409802 134
1694620925291 -0.004005734428576435 135
1694620925318 -0.004003467329129151 136
1694620925346 -0.004001200825445528 137
1694620925375 -0.003998934917215147 138
1694620925403 -0.003996669604128034 139
1694620925428 -0.0039944048858753245 140
1694620925455 -0.003992140762147267 141
1694620925483 -0.003989877232632777 142
1694620925510 -0.003987614297022768 143
1694620925540 -0.003985351955009042 144
1694620925570 -0.003983090206280071 145
1694620925597 -0.003980829050528767 146
1694620925625 -0.003978568487444267 147
1694620925652 -0.00397630851671793 148
1694620925683 -0.0039740491380408915 149
1694620925712 -0.003971790351104287 150
1694620925744 -0.0039695321555990315 151
1694620925775 -0.003967274551216482 152
1694620925803 -0.003965017537647109 153
1694620925830 -0.003962761114584712 154
1694620925859 -0.0039605052817186515 155
1694620925895 -0.0039582500387413955 156
1694620925939 -0.003955995385344302 157
1694620925987 -0.003953741321219173 158
1694620926033 -0.003951487846059143 159
1694620926068 -0.00394923495955446 160
1694620926103 -0.003946982661398479 161
1694620926142 -0.003944730951282338 162
1694620926174 -0.0039424798289000584 163
1694620926209 -0.00394022929394211 164
1694620926242 -0.003937979346101628 165
1694620926276 -0.0039357299850724115 166
1694620926311 -0.003933481210545375 167
1694620926341 -0.003931233022213654 168
1694620926373 -0.003928985419771269 169
1694620926401 -0.003926738402910246 170
1694620926426 -0.003924491971323496 171
1694620926453 -0.003922246124704376 172
1694620926478 -0.003920000862746242 173
1694620926504 -0.003917756185142451 174
1694620926534 -0.0039155120915863595 175
1694620926563 -0.003913268581771545 176
1694620926593 -0.003911025655390699 177
1694620926624 -0.003908783312139619 178
1694620926652 -0.003906541551709886 179
1694620926686 -0.003904300373797298 180
1694620926725 -0.0039020597780945465 181
1694620926765 -0.0038998197642958754 182
1694620926803 -0.0038975803320953073 183
1694620926840 -0.003895341481188863 184
1694620926871 -0.003893103211268567 185
1694620926899 -0.003890865522029996 186
1694620926927 -0.0038886284131678384 187
1694620926955 -0.003886391884376117 188
1694620926983 -0.0038841559353501864 189
1694620927013 -0.0038819205657847355 190
1694620927040 -0.003879685775374453 191
1694620927073 -0.003877451563813805 192
1694620927105 -0.0038752179307999235 193
1694620927142 -0.003872984876025498 194
1694620927171 -0.0038707523991883264 195
1694620927200 -0.0038685204999819867 196
1694620927230 -0.003866289178102722 197
1694620927259 -0.003864058433245443 198
1694620927286 -0.003861828265107059 199
1694620927315 -0.0038595986733822585 200
1694620927342 -0.0038573696577670624 201
1694620927371 -0.003855141217957936 202
1694620927398 -0.0038529133536504556 203
1694620927426 -0.0038506860645408647 204
1694620927452 -0.003848459350325628 205
1694620927481 -0.003846233210701655 206
1694620927511 -0.0038440076453645222 207
1694620927541 -0.0038417826540104727 208
1694620927570 -0.0038395582363370817 209
1694620927599 -0.003837334392039926 210
1694620927629 -0.0038351111208174693 211
1694620927658 -0.003832888422365066 212
1694620927687 -0.003830666296380514 213
1694620927717 -0.0038284447425604995 214
1694620927752 -0.0038262237606025984 215
1694620927787 -0.0038240033502037196 216
1694620927823 -0.0038217835110612164 217
1694620927862 -0.003819564242872886 218
1694620927899 -0.0038173455453360816 219
1694620927929 -0.0038151274181494887 220
1694620927957 -0.003812909861008462 221
1694620927987 -0.003810692873613908 222
1694620928017 -0.0038084764556609585 223
1694620928045 -0.0038062606068487437 224
1694620928072 -0.003804045326876393 225
1694620928106 -0.0038018306154408155 226
1694620928141 -0.0037996164722404746 227
1694620928183 -0.003797402896974056 228
1694620928215 -0.0037951898893404667 229
1694620928245 -0.0037929774490377266 230
1694620928273 -0.003790765575764077 231
1694620928304 -0.003788554269219535 232
1694620928334 -0.003786343529102121 233
1694620928364 -0.0037841333551109635 234
1694620928393 -0.0037819237469451927 235
1694620928422 -0.003779714704303938 236
1694620928462 -0.003777506226886329 237
1694620928496 -0.0037752983143919394 238
1694620928521 -0.0037730909665201207 239
1694620928546 -0.0037708841829704465 240
1694620928570 -0.0037686779634422685 241
1694620928599 -0.0037664723076353823 242
1694620928626 -0.003764267215250028 243
1694620928657 -0.0037620626859857786 244
1694620928687 -0.0037598587195419864 245
1694620928718 -0.003757655315620445 246
1694620928752 -0.0037554524739198403 247
1694620928780 -0.003753250194140856 248
1694620928808 -0.0037510484759839535 249
1694620928838 -0.003748847319149373 250
1694620928869 -0.0037466467233382428 251
1694620928897 -0.00374444668825058 252
1694620928933 -0.003742247213587291 253
1694620928976 -0.003740048299049503 254
1694620929019 -0.003737849944337235 255
1694620929064 -0.00373565214915339 256
1694620929101 -0.0037334549131975425 257
1694620929133 -0.003731258236170376 258
1694620929160 -0.0037290621177754613 259
1694620929188 -0.0037268665577121496 260
1694620929223 -0.003724671555682013 261
1694620929256 -0.0037224771113884003 262
1694620929290 -0.003720283224531329 263
1694620929334 -0.003718089894812815 264
1694620929375 -0.0037158971219353187 265
1694620929417 -0.0037137049056001903 266
1694620929460 -0.00371151324550989 267
1694620929502 -0.0037093221413662114 268
1694620929550 -0.0037071315928718374 269
1694620929605 -0.0037049415997278956 270
1694620929665 -0.0037027521616386228 271
1694620929713 -0.003700563278306257 272
1694620929758 -0.0036983749494321483 273
1694620929800 -0.003696187174719645 274
1694620929831 -0.0036939999538716517 275
1694620929861 -0.0036918132865908504 276
1694620929889 -0.0036896271725805896 277
1694620929928 -0.0036874416115433295 278
1694620929957 -0.0036852566031828626 279
1694620929987 -0.003683072147201649 280
1694620930017 -0.00368088824330437 281
1694620930049 -0.003678704891193485 282
1694620930077 -0.0036765220905718987 283
1694620930105 -0.003674339841145402 284
1694620930134 -0.003672158142615123 285
1694620930167 -0.0036699769946875183 286
1694620930200 -0.0036677963970646044 287
1694620930234 -0.0036656163494501737 288
1694620930268 -0.003663436851550017 289
1694620930304 -0.003661257903066817 290
1694620930335 -0.003659079503705698 291
1694620930368 -0.0036569016531704523 292
1694620930402 -0.0036547243511659833 293
1694620930435 -0.003652547597396749 294
1694620930464 -0.0036503713915672087 295
1694620930494 -0.0036481957333824866 296
1694620930526 -0.0036460206225472636 297
1694620930559 -0.0036438460587662203 298
1694620930589 -0.0036416720417444814 299
1694620930620 -0.003639498571187172 300
1694620930648 -0.0036373256467998605 301
1694620930679 -0.00363515326828745 302
1694620930709 -0.003632981435355287 303
1694620930741 -0.0036308101477093846 304
1694620930771 -0.0036286394050548676 305
1694620930802 -0.003626469207097527 306
1694620930830 -0.003624299553542931 307
1694620930869 -0.0036221304440973157 308
1694620930898 -0.003619961878466249 309
1694620930931 -0.0036177938563561884 310
1694620930960 -0.0036156263774729247 311
1694620930992 -0.003613459441522693 312
1694620931022 -0.00361129304821195 313
1694620931054 -0.003609127197247375 314
1694620931083 -0.0036069618883343146 315
1694620931114 -0.0036047971211814467 316
1694620931145 -0.0036026328954932296 317
1694620931173 -0.003600469210978563 318
1694620931200 -0.0035983060673427936 319
1694620931230 -0.0035961434642932666 320
1694620931261 -0.003593981401536439 321
1694620931291 -0.0035918198787814326 322
1694620931319 -0.003589658895733594 323
1694620931345 -0.0035874984521007125 324
1694620931379 -0.0035853385475903554 325
1694620931410 -0.003583179181910312 326
1694620931444 -0.0035810203547679276 327
1694620931476 -0.0035788620658707693 328
1694620931506 -0.0035767043149266264 329
1694620931536 -0.0035745471016441765 330
1694620931568 -0.0035723904257298766 331
1694620931596 -0.0035702342868937365 332
1694620931630 -0.003568078684842657 333
1694620931662 -0.003565923619285094 334
1694620931712 -0.0035637690899283925 335
1694620931772 -0.0035616150964838944 336
1694620931837 -0.0035594616386576128 337
1694620931884 -0.003557308716158669 338
1694620931931 -0.003555156328696185 339
1694620931988 -0.003553004475978616 340
1694620932051 -0.003550853157715528 341
1694620932109 -0.0035487023736149315 342
1694620932179 -0.003546552123386393 343
1694620932232 -0.0035444024067392554 344
1694620932296 -0.003542253223382197 345
1694620932343 -0.003540104573026337 346
1694620932397 -0.003537956455379021 347
1694620932449 -0.003535808870150703 348
1694620932512 -0.003533661817050948 349
1694620932584 -0.0035315152957893226 350
1694620932648 -0.0035293693060756137 351
1694620932718 -0.0035272238476209417 352
1694620932783 -0.003525078920133984 353
1694620932853 -0.00352293452332475 354
1694620932917 -0.003520790656904138 355
1694620932967 -0.003518647320582158 356
1694620933013 -0.003516504514069263 357
1694620933056 -0.0035143622370761296 358
1694620933098 -0.0035122204893127673 359
1694620933142 -0.003510079270489408 360
1694620933177 -0.0035079385803187257 361
1694620933218 -0.0035057984185098423 362
1694620933259 -0.0035036587847745437 363
1694620933306 -0.003501519678823062 364
1694620933349 -0.0034993811003671826 365
1694620933396 -0.003497243049117804 366
1694620933437 -0.0034951055247858243 367
1694620933477 -0.0034929685270841393 368
1694620933526 -0.003490832055722759 369
1694620933569 -0.0034886961104136915 370
1694620933636 -0.003486560690868501 371
1694620933710 -0.0034844257967989734 372
1694620933777 -0.003482291427917117 373
1694620933851 -0.0034801575839351617 374
1694620933930 -0.003478024264564006 375
1694620934004 -0.0034758914695165455 376
1694620934075 -0.003473759198505899 377
1694620934148 -0.0034716274512429646 378
1694620934207 -0.0034694962274406382 379
1694620934253 -0.0034673655268111503 380
1694620934293 -0.003465235349067619 381
1694620934340 -0.003463105693922053 382
1694620934384 -0.003460976561088236 383
1694620934426 -0.0034588479502777325 384
1694620934471 -0.003456719861204327 385
1694620934513 -0.003454592293580472 386
1694620934557 -0.0034524652471206174 387
1694620934603 -0.00345033872153655 388
1694620934653 -0.003448212716542054 389
1694620934713 -0.00344608723185047 390
1694620934774 -0.003443962267175582 391
1694620934819 -0.003441837822230509 392
1694620934862 -0.0034397138967292573 393
1694620934922 -0.0034375904903856114 394
1694620934973 -0.0034354676029131337 395
1694620935016 -0.003433345234026275 396
1694620935054 -0.0034312233834385975 397
1694620935090 -0.00342910205086433 398
1694620935131 -0.003426981236017479 399
1694620935170 -0.0034248609386133833 400
1694620935209 -0.0034227411583656053 401
1694620935243 -0.003420621894988596 402
1694620935278 -0.0034185031481970274 403
1694620935319 -0.0034163849177057948 404
1694620935356 -0.0034142672032293486 405
1694620935392 -0.0034121500044828057 406
1694620935425 -0.0034100333211810607 407
1694620935455 -0.0034079171530385644 408
1694620935483 -0.0034058014997719877 409
1694620935512 -0.003403686361095337 410
1694620935544 -0.003401571736724174 411
1694620935573 -0.003399457626372948 412
1694620935601 -0.0033973440297596635 413
1694620935630 -0.0033952309465976604 414
1694620935663 -0.003393118376603388 415
1694620935694 -0.0033910063194924067 416
1694620935729 -0.003388894774980944 417
1694620935762 -0.0033867837427845604 418
1694620935793 -0.003384673222619705 419
1694620935824 -0.003382563214202161 420
1694620935855 -0.003380453717247933 421
1694620935884 -0.0033783447314741366 422
1694620935912 -0.0033762362565965542 423
1694620935943 -0.003374128292331857 424
1694620935971 -0.0033720208383969386 425
1694620936001 -0.0033699138945075813 426
1694620936029 -0.0033678074603815666 427
1694620936057 -0.0033657015357351217 428
1694620936086 -0.0033635961202853615 429
1694620936113 -0.0033614912137494013 430
1694620936144 -0.0033593868158445783 431
1694620936170 -0.0033572829262875636 432
1694620936200 -0.0033551795447959165 433
1694620936236 -0.0033530766710874182 434
1694620936270 -0.003350974304878962 435
1694620936302 -0.003348872445888773 436
1694620936330 -0.0033467710938337447 437
1694620936357 -0.0033446702484323243 438
1694620936386 -0.003342569909401849 439
1694620936415 -0.0033404700764607664 440
1694620936444 -0.0033383707493270798 441
1694620936472 -0.0033362719277181263 442
1694620936503 -0.0033341736113530196 443
1694620936543 -0.003332075799949763 444
1694620936579 -0.003329978493226804 445
1694620936609 -0.00332788169090259 446
1694620936642 -0.0033257853926955683 447
1694620936671 -0.0033236895983244086 448
1694620936700 -0.0033215943075082244 449
1694620936731 -0.003319499519965241 450
1694620936763 -0.0033174052354152384 451
1694620936794 -0.0033153114535764416 452
1694620936823 -0.0033132181741684086 453
1694620936852 -0.0033111253969102528 454
1694620936880 -0.0033090331215206437 455
1694620936907 -0.003306941347720471 456
1694620936946 -0.003304850075228627 457
1694620936979 -0.0033027593037637804 458
1694620937011 -0.0033006690330465993 459
1694620937043 -0.0032985792627955313 460
1694620937072 -0.0032964899927325764 461
1694620937101 -0.003294401222575738 462
1694620937143 -0.003292312952045462 463
1694620937175 -0.0032902251808630822 464
1694620937206 -0.0032881379087470464 465
1694620937238 -0.0032860511354189104 466
1694620937276 -0.00328396486059801 467
1694620937311 -0.003281879084005901 468
1694620937345 -0.0032797938053625852 469
1694620937376 -0.0032777090243885088 470
1694620937405 -0.0032756247408045613 471
1694620937432 -0.003273540954331855 472
1694620937463 -0.0032714576646910576 473
1694620937492 -0.003269374871603281 474
1694620937523 -0.0032672925747898596 475
1694620937553 -0.003265210773971461 476
1694620937583 -0.003263129468869641 477
1694620937612 -0.003261048659205512 478
1694620937639 -0.00325896834470063 479
1694620937667 -0.003256888525076773 480
1694620937692 -0.0032548092000563855 481
1694620937719 -0.003252730369359691 482
1694620937750 -0.0032506520327091337 483
1694620937778 -0.003248574189826492 484
1694620937807 -0.0032464968404337657 485
1694620937836 -0.0032444199842533994 486
1694620937865 -0.003242343621007171 487
1694620937895 -0.0032402677504173028 488
1694620937925 -0.003238192372206683 489
1694620937955 -0.00323611748609709 490
1694620937985 -0.0032340430918116336 491
1694620938027 -0.0032319691890725366 492
1694620938073 -0.003229895777602465 493
1694620938123 -0.0032278228571247514 494
1694620938169 -0.0032257504273616178 495
1694620938213 -0.0032236784880363967 496
1694620938265 -0.0032216070388726425 497
1694620938325 -0.0032195360795923555 498
1694620938385 -0.00321746560991909 499
1694620938433 -0.003215395629577511 500
1694620938482 -0.0032133261382896183 501
1694620938520 -0.0032112571357794106 502
1694620938562 -0.0032091886217702204 503
1694620938602 -0.003207120595986046 504
1694620938642 -0.003205053058150664 505
1694620938680 -0.0032029860079871852 506
1694620938712 -0.003200919445221606 507
1694620938746 -0.003198853369575927 508
1694620938778 -0.0031967877807750344 509
1694620938822 -0.0031947226785429272 510
1694620938858 -0.003192658062604048 511
1694620938890 -0.0031905939326832833 512
1694620938922 -0.0031885302885044098 513
1694620938952 -0.003186467129792314 514
1694620938983 -0.003184404456271217 515
1694620939011 -0.0031823422676673374 516
1694620939043 -0.0031802805637033416 517
1694620939073 -0.0031782193441067808 518
1694620939126 -0.0031761586086003213 519
1694620939190 -0.003174098356910182 520
1694620939252 -0.00317203858876125 521
1694620939305 -0.0031699793038793 522
1694620939344 -0.0031679205019889967 523
1694620939379 -0.003165862182815893 524
1694620939415 -0.0031638043460862075 525
1694620939445 -0.0031617469915259377 526
1694620939476 -0.003159690118859748 527
1694620939517 -0.0031576337278136357 528
1694620939564 -0.0031555778181138194 529
1694620939607 -0.00315352238948563 530
1694620939651 -0.003151467441656841 531
1694620939706 -0.003149412974351229 532
1694620939768 -0.003147358987297899 533
1694620939812 -0.0031453054802210723 534
1694620939878 -0.0031432524528474115 535
1694620939926 -0.003141199904904246 536
1694620939987 -0.003139147836117573 537
1694620940022 -0.003137096246214721 538
1694620940053 -0.00313504513492191 539
1694620940087 -0.0031329945019664684 540
1694620940114 -0.0031309443470748377 541
1694620940143 -0.003128894669974569 542
1694620940174 -0.0031268454703925475 543
1694620940204 -0.0031247967480563243 544
1694620940239 -0.003122748502693007 545
1694620940270 -0.003120700734029702 546
1694620940303 -0.0031186534417937395 547
1694620940334 -0.0031166066257148906 548
1694620940361 -0.003114560285518264 549
1694620940390 -0.0031125144209320776 550
1694620940422 -0.0031104690316854366 551
1694620940453 -0.0031084241175054483 552
1694620940506 -0.003106379678119442 553
1694620940569 -0.0031043357132576332 554
1694620940650 -0.0031022922226462413 555
1694620940710 -0.0031002492060143716 556
1694620940766 -0.0030982066630902416 557
1694620940816 -0.003096164593602735 558
1694620940859 -0.0030941229972796247 559
1694620940911 -0.0030920818738502387 560
1694620940963 -0.0030900412230432384 561
1694620941012 -0.003088001044587063 562
1694620941049 -0.0030859613382110407 563
1694620941089 -0.0030839221036440545 564
1694620941133 -0.00308188334061521 565
1694620941165 -0.0030798450488536133 566
1694620941192 -0.0030778072280881474 567
1694620941220 -0.0030757698780496945 568
1694620941250 -0.0030737329984660278 569
1694620941280 -0.003071696589067585 570
1694620941310 -0.00306966064958325 571
1694620941338 -0.0030676251797432386 572
1694620941367 -0.003065590179277544 573
1694620941407 -0.0030635556479157167 574
1694620941451 -0.0030615215853877498 575
1694620941494 -0.0030594879914238593 576
1694620941539 -0.003057454865753595 577
1694620941595 -0.0030554222081082827 578
1694620941661 -0.0030533900182176943 579
1694620941723 -0.0030513582958113794 580
1694620941776 -0.0030493270406215522 581
1694620941822 -0.0030472962523777625 582
1694620941879 -0.00304526593081067 583
1694620941945 -0.0030432360756513788 584
1694620942006 -0.0030412066866298826 585
1694620942067 -0.0030391777634788397 586
1694620942139 -0.0030371493059278 587
1694620942206 -0.003035121313707645 588
1694620942305 -0.0030330937865510332 589
1694620942396 -0.0030310667241888467 590
1694620942449 -0.003029040126351523 591
1694620942507 -0.003027013992771055 592
1694620942567 -0.00302498832317899 593
1694620942626 -0.003022963117306876 594
1694620942681 -0.003020938374886928 595
1694620942755 -0.003018914095650249 596
1694620942834 -0.0030168902793294983 597
1694620942893 -0.003014866925655779 598
1694620942949 -0.0030128440343619722 599
1694620943001 -0.0030108216051796255 600
1694620943056 -0.003008799637841175 601
1694620943104 -0.0030067781320792797 602
1694620943153 -0.003004757087625931 603
1694620943197 -0.0030027365042137877 604
1694620943236 -0.0030007163815752858 605
1694620943274 -0.0029986967194437497 606
1694620943311 -0.0029966775175511717 607
1694620943349 -0.002994658775630654 608
1694620943389 -0.0029926404934155215 609
1694620943434 -0.00299062267063821 610
1694620943494 -0.002988605307032488 611
1694620943547 -0.002986588402330792 612
1694620943595 -0.0029845719562671125 613
1694620943652 -0.0029825559685743297 614
1694620943714 -0.0029805404389862122 615
1694620943800 -0.0029785253672360845 616
1694620943859 -0.002976510753057715 617
1694620943923 -0.0029744965961844283 618
1694620943980 -0.002972482896351547 619
1694620944050 -0.0029704696532910635 620
1694620944103 -0.0029684568667378564 621
1694620944172 -0.002966444536425916 622
1694620944229 -0.0029644326620894557 623
1694620944281 -0.0029624212434624653 624
1694620944325 -0.0029604102802796017 625
1694620944361 -0.0029583997722752997 626
1694620944397 -0.0029563897191833277 627
1694620944433 -0.0029543801207392306 628
1694620944471 -0.002952370976677443 629
1694620944513 -0.0029503622867323998 630
1694620944551 -0.0029483540506389794 631
1694620944583 -0.0029463462681325048 632
1694620944612 -0.0029443389389478547 633
1694620944642 -0.002942332062819686 634
1694620944674 -0.002940325639483987 635
1694620944703 -0.0029383196686756374 636
1694620944732 -0.0029363141501290713 637
1694620944764 -0.002934309083582276 638
1694620944797 -0.002932304468767466 639
1694620944826 -0.0029303003054237386 640
1694620944852 -0.0029282965932835303 641
1694620944878 -0.0029262933320854945 642
1694620944903 -0.0029242905215636217 643
1694620944930 -0.002922288161453901 644
1694620944955 -0.0029202862514936534 645
1694620944982 -0.00291828479141798 646
1694620945007 -0.0029162837809637576 647
1694620945047 -0.0029142832198665314 648
1694620945091 -0.0029122831078634004 649
1694620945128 -0.0029102834446905756 650
1694620945161 -0.0029082842300849343 651
1694620945194 -0.0029062854637826874 652
1694620945236 -0.00290428714552049 653
1694620945279 -0.0029022892750358853 654
1694620945326 -0.0029002918520648624 655
1694620945381 -0.0028982948763458527 656
1694620945425 -0.002896298347614401 657
1694620945474 -0.002894302265608495 658
1694620945522 -0.0028923066300650113 659
1694620945570 -0.0028903114407214936 660
1694620945618 -0.002888316697315707 661
1694620945665 -0.002886322399584751 662
1694620945712 -0.0028843285472661684 663
1694620945756 -0.002882335140097947 664
1694620945799 -0.0028803421778176297 665
1694620945840 -0.002878349660163204 666
1694620945885 -0.0028763575868724356 667
1694620945938 -0.0028743659576839775 668
1694620945987 -0.002872374772335373 669
1694620946038 -0.00287038403056461 670
1694620946091 -0.0028683937321105635 671
1694620946149 -0.002866403876711221 672
1694620946200 -0.002864414464105236 673
1694620946251 -0.002862425494031262 674
1694620946300 -0.0028604369662277307 675
1694620946351 -0.0028584488804335173 676
1694620946402 -0.0028564612363870534 677
1694620946460 -0.0028544740338269925 678
1694620946520 -0.0028524872724939865 679
1694620946572 -0.0028505009521253566 680
1694620946628 -0.0028485150724608665 681
1694620946675 -0.002846529633239614 682
1694620946719 -0.0028445446342009184 683
1694620946770 -0.0028425600750843216 684
1694620946818 -0.0028405759556293653 685
1694620946867 -0.002838592275575369 686
1694620946943 -0.0028366090346618744 687
1694620946993 -0.0028346262326293115 688
1694620947049 -0.0028326438692167777 689
1694620947099 -0.002830661944164703 690
1694620947145 -0.002828680457212629 691
1694620947188 -0.0028266994081009855 692
1694620947234 -0.0028247187965693143 693
1694620947276 -0.0028227386223591555 694
1694620947316 -0.0028207588852098286 695
1694620947360 -0.0028187795848615416 696
1694620947396 -0.0028168007210560564 697
1694620947437 -0.0028148222935324707 698
1694620947481 -0.0028128443020325467 699
1694620947521 -0.00281086674629627 700
1694620947566 -0.002808889626065403 701
1694620947600 -0.002806912941079931 702
1694620947632 -0.0028049366910813944 703
1694620947668 -0.0028029608758106672 704
1694620947704 -0.0028009854950090673 705
1694620947747 -0.0027990105484174688 706
1694620947792 -0.0027970360357780777 707
1694620947829 -0.002795061956832212 708
1694620947866 -0.002793088311319858 709
1694620947907 -0.0027911150989854416 710
1694620947944 -0.002789142319568061 711
1694620947977 -0.002787169972810588 712
1694620948013 -0.0027851980584550073 713
1694620948047 -0.0027832265762426367 714
1694620948083 -0.0027812555259159044 715
1694620948116 -0.0027792849072170167 716
1694620948156 -0.00277731471988818 717
1694620948203 -0.0027753449636707117 718
1694620948247 -0.002773375638309261 719
1694620948291 -0.00277140674354337 720
1694620948335 -0.0027694382791185745 721
1694620948382 -0.0027674702447753052 722
1694620948426 -0.0027655026402571004 723
1694620948464 -0.002763535465306388 724
1694620948499 -0.002761568719666263 725
1694620948538 -0.0027596024030798194 726
1694620948574 -0.0027576365152899296 727
1694620948611 -0.002755671056039688 728
1694620948657 -0.002753706025072411 729
1694620948690 -0.002751741422130527 730
1694620948723 -0.002749777246960017 731
1694620948759 -0.0027478134993010883 732
1694620948788 -0.0027458501788997225 733
1694620948828 -0.0027438872854985696 734
1694620948861 -0.00274192481884028 735
1694620948895 -0.002739962778671279 736
1694620948928 -0.002738001164733328 737
1694620948962 -0.0027360399767708543 738
1694620948999 -0.0027340792145280624 739
1694620949039 -0.0027321188777491567 740
1694620949084 -0.002730158966178342 741
1694620949123 -0.002728199479559823 742
1694620949158 -0.002726240417638026 743
1694620949190 -0.0027242817801576003 744
1694620949226 -0.002722323566862972 745
1694620949263 -0.002720365777498346 746
1694620949303 -0.002718408411809259 747
1694620949338 -0.0027164514695399156 748
1694620949377 -0.002714494950435631 749
1694620949415 -0.0027125388542408313 750
1694620949456 -0.002710583180701054 751
1694620949490 -0.002708627929560725 752
1694620949526 -0.0027066731005667144 753
1694620949564 -0.002704718693462782 754
1694620949603 -0.002702764707994687 755
1694620949645 -0.002700811143907522 756
1694620949688 -0.0026988580009483787 757
1694620949735 -0.002696905278861461 758
1694620949777 -0.0026949529773927505 759
1694620949820 -0.002693001096288228 760
1694620949865 -0.002691049635293652 761
1694620949904 -0.002689098594155226 762
1694620949944 -0.0026871479726189307 763
1694620949982 -0.0026851977704307473 764
1694620950019 -0.0026832479873371007 765
1694620950057 -0.002681298623084194 766
1694620950098 -0.002679349677418452 767
1694620950138 -0.0026774011500860784 768
1694620950174 -0.0026754530408346078 769
1694620950212 -0.0026735053494093552 770
1694620950253 -0.002671558075558078 771
1694620950291 -0.0026696112190267574 772
1694620950328 -0.0026676647795629282 773
1694620950358 -0.002665718756913238 774
1694620950386 -0.0026637731508249995 775
1694620950419 -0.0026618279610450823 776
1694620950455 -0.0026598831873210216 777
1694620950491 -0.0026579388293999084 778
1694620950526 -0.002655994887029056 779
1694620950558 -0.002654051359956222 780
1694620950594 -0.0026521082479287195 781
1694620950634 -0.0026501655506940835 782
1694620950670 -0.0026482232680005158 783
1694620950709 -0.0026462813995953294 784
1694620950754 -0.0026443399452265037 785
1694620950793 -0.0026423989046422403 786
1694620950833 -0.002640458277589852 787
1694620950874 -0.0026385180638193173 788
1694620950921 -0.0026365782630768386 789
1694620950959 -0.002634638875111728 790
1694620950994 -0.002632699899672186 791
1694620951026 -0.0026307613365064153 792
1694620951057 -0.0026288231853632826 793
1694620951091 -0.0026268854459914337 794
1694620951124 -0.002624948118139514 795
1694620951158 -0.002623011201555947 796
1694620951189 -0.0026210746959900444 797
1694620951218 -0.0026191386011904516 798
1694620951248 -0.0026172029169075905 799
1694620951297 -0.0026152676428883304 800
1694620951329 -0.002613332778883315 801
1694620951363 -0.00261139832464119 802
1694620951396 -0.002609464279912377 803
1694620951429 -0.0026075306444450774 804
1694620951464 -0.0026055974179888253 805
1694620951497 -0.0026036646002944863 806
1694620951531 -0.0026017321911115943 807
1694620951565 -0.0025998001901887946 808
1694620951595 -0.002597868597276509 809
1694620951630 -0.002595937412124716 810
1694620951659 -0.0025940066344833923 811
1694620951687 -0.0025920762641025163 812
1694620951717 -0.00259014630073251 813
1694620951753 -0.002588216744124461 814
1694620951785 -0.0025862875940274588 815
1694620951816 -0.0025843588501923698 816
1694620951850 -0.0025824305123696156 817
1694620951895 -0.0025805025803098403 818
1694620951945 -0.0025785750537641317 819
1694620951987 -0.0025766479324826896 820
1694620952020 -0.0025747212162168243 821
1694620952055 -0.0025727949047171794 822
1694620952093 -0.002570868997734843 823
1694620952132 -0.0025689434950209034 824
1694620952175 -0.002567018396326892 825
1694620952221 -0.0025650937014032316 826
1694620952264 -0.0025631694100023417 827
1694620952304 -0.0025612455218746444 828
1694620952348 -0.002559322036772116 829
1694620952395 -0.0025573989544460662 830
1694620952448 -0.002555476274649582 831
1694620952504 -0.0025535539971324184 832
1694620952557 -0.0025516321216474402 833
1694620952608 -0.0025497106479461795 834
1694620952654 -0.0025477895757810565 835
1694620952702 -0.002545868904902937 836
1694620952747 -0.002543948635066462 837
1694620952795 -0.002542028766021387 838
1694620952841 -0.0025401092975214645 839
1694620952880 -0.002538190229319115 840
1694620952925 -0.0025362715611658704 841
1694620952965 -0.002534353292814817 842
1694620953004 -0.0025324354240185976 843
1694620953045 -0.002530517954529854 844
1694620953089 -0.0025286008841014507 845
1694620953125 -0.002526684212485808 846
1694620953165 -0.0025247679394373446 847
1694620953200 -0.0025228520647080366 848
1694620953240 -0.0025209365880507484 849
1694620953271 -0.0025190215092192325 850
1694620953306 -0.0025171068279665754 851
1694620953351 -0.0025151925440465295 852
1694620953395 -0.002513278657211959 853
1694620953455 -0.002511365167216839 854
1694620953524 -0.0025094520738146997 855
1694620953582 -0.0025075393767592935 856
1694620953639 -0.002505627075804151 857
1694620953693 -0.0025037151707025807 858
1694620953737 -0.0025018036612107775 859
1694620953778 -0.0024998925470804956 860
1694620953820 -0.0024979818280665977 861
1694620953864 -0.0024960715039226145 862
1694620953909 -0.0024941615744047407 863
1694620953947 -0.002492252039265619 864
1694620953986 -0.0024903428982598896 865
1694620954031 -0.0024884341511421937 866
1694620954078 -0.002486525797667394 867
1694620954144 -0.0024846178375901307 868
1694620954201 -0.002482710270664379 869
1694620954258 -0.0024808030966467776 870
1694620954297 -0.002478896315290413 871
1694620954337 -0.0024769899263512585 872
1694620954378 -0.0024750839295837324 873
1694620954415 -0.0024731783247431416 874
1694620954451 -0.002471273111585237 875
1694620954480 -0.002469368289865992 876
1694620954507 -0.0024674638593387144 877
1694620954535 -0.0024655598197602657 878
1694620954566 -0.0024636561708855087 879
1694620954598 -0.0024617529124717485 880
1694620954627 -0.0024598500442722937 881
1694620954672 -0.0024579475660451156 882
1694620954713 -0.0024560454775441887 883
1694620954759 -0.0024541437785274844 884
1694620954798 -0.0024522424687494215 885
1694620954840 -0.002450341547966639 886
1694620954879 -0.002448441015935776 887
1694620954918 -0.0024465408724123616 888
1694620954964 -0.0024446411171525906 889
1694620955002 -0.0024427417499146564 890
1694620955042 -0.0024408427704532 891
1694620955090 -0.002438944178525748 892
1694620955133 -0.0024370459738884964 893
1694620955175 -0.0024351481562985278 894
1694620955212 -0.0024332507255120372 895
1694620955246 -0.0024313536812878844 896
1694620955283 -0.002429457023380932 897
1694620955323 -0.0024275607515489295 898
1694620955366 -0.002425664865549404 899
1694620955402 -0.0024237693651392167 900
1694620955440 -0.002421874250075673 901
1694620955490 -0.002419979520116522 902
1694620955534 -0.002418085175019069 903
1694620955575 -0.0024161912145408415 904
1694620955621 -0.0024142976384395887 905
1694620955666 -0.0024124044464726158 906
1694620955710 -0.0024105116383983383 907
1694620955752 -0.0024086192139745055 908
1694620955784 -0.002406727172958645 909
1694620955812 -0.0024048355151093936 910
1694620955839 -0.0024029442401842793 911
1694620955869 -0.0024010533479419394 912
1694620955902 -0.002399162838140567 913
1694620955947 -0.0023972727105383562 914
1694620955999 -0.002395382964893278 915
1694620956056 -0.002393493600965746 916
1694620956106 -0.0023916046185126216 917
1694620956150 -0.0023897160172925425 918
1694620956202 -0.002387827797064812 919
1694620956249 -0.00238593995758829 920
1694620956284 -0.0023840524986211697 921
1694620956323 -0.002382165419924309 922
1694620956360 -0.0023802787212550136 923
1694620956397 -0.0023783924023730307 924
1694620956434 -0.002376506463037442 925
1694620956471 -0.0023746209030068854 926
1694620956508 -0.0023727357220428846 927
1694620956542 -0.002370850919902967 928
1694620956581 -0.0023689664963468804 929
1694620956620 -0.0023670824511350386 930
1694620956658 -0.002365198784026745 931
1694620956696 -0.002363315494781748 932
1694620956738 -0.002361432583159795 933
1694620956781 -0.0023595500489210774 934
1694620956823 -0.0023576678918257876 935
1694620956871 -0.002355786111633451 936
1694620956920 -0.0023539047081047038 937
1694620956965 -0.0023520236809995154 938
1694620956999 -0.002350143030078744 939
1694620957031 -0.0023482627551023594 940
1694620957062 -0.0023463828558307753 941
1694620957091 -0.00234450333202485 942
1694620957120 -0.002342624183444997 943
1694620957146 -0.002340745409852074 944
1694620957175 -0.002338867011007162 945
1694620957202 -0.002336988986670896 946
1694620957228 -0.00233511133660369 947
1694620957254 -0.002333234060567513 948
1694620957280 -0.002331357158324332 949
1694620957307 -0.0023294806296330073 950
1694620957334 -0.002327604474255951 951
1694620957360 -0.002325728691954687 952
1694620957386 -0.00232385328249074 953
1694620957411 -0.0023219782456254112 954
1694620957437 -0.002320103581119337 955
1694620957464 -0.002318229288736706 956
1694620957490 -0.002316355368237044 957
1694620957531 -0.002314481819382319 958
1694620957574 -0.0023126086419358316 959
1694620957619 -0.0023107358356588836 960
1694620957667 -0.0023088634003129993 961
1694620957721 -0.002306991335660591 962
1694620957782 -0.0023051196414642927 963
1694620957820 -0.002303248317486073 964
1694620957860 -0.002301377363488566 965
1694620957894 -0.0022995067792335178 966
1694620957922 -0.002297636564484673 967
1694620957952 -0.0022957667190035558 968
1694620957987 -0.0022938972425536885 969
1694620958029 -0.0022920281348970395 970
1694620958087 -0.002290159395796909 971
1694620958139 -0.0022882910250163757 972
1694620958197 -0.0022864230223182958 973
1694620958243 -0.0022845553874650815 974
1694620958287 -0.0022826881202211435 975
1694620958330 -0.0022808212203495604 976
1694620958373 -0.0022789546876127442 977
1694620958419 -0.0022770885217746617 978
1694620958464 -0.002275222722597725 979
1694620958500 -0.0022733572898478993 980
1694620958536 -0.0022714922232864865 981
1694620958581 -0.0022696275226785634 982
1694620958621 -0.0022677631877869864 983
1694620958656 -0.002265899218376388 984
1694620958693 -0.0022640356142102913 985
1694620958732 -0.0022621723750526623 986
1694620958770 -0.002260309500668134 987
1694620958810 -0.0022584469908200067 988
1694620958840 -0.0022565848452733572 989
1694620958871 -0.002254723063791708 990
1694620958898 -0.0022528616461405804 991
1694620958928 -0.0022510005920837184 992
1694620958954 -0.002249139901385533 993
1694620958982 -0.0022472795738108786 994
1694620959011 -0.0022454196091243883 995
1694620959039 -0.002243560007091139 996
1694620959069 -0.002241700767475985 997
1694620959099 -0.002239841890043559 998
1694620959127 -0.0022379833745587163 999
