1694621958596 0.00039704379909948003 0
1694621958798 0.0019685170801696543 1
1694621959035 0.010379152210812185 2
1694621959235 0.6866828608291332 3
1694621959449 0.0048926449933837796 4
1694621959674 0.03253911347539503 5
1694621959920 0.17118693557515344 6
1694621960181 9.099752626867733e-07 7
1694621960417 0.07204682010985168 8
1694621960640 0.0441015239837819 9
1694621960853 0.01981149819741835 10
1694621961025 0.09157510788658905 11
1694621961275 0.17579566817295203 12
1694621961497 0.02416218797558369 13
1694621961694 0.0002698989206563421 14
1694621961874 0.04532303102533705 15
1694621962044 0.17744428150342323 16
1694621962239 0.009039370912973136 17
1694621962448 0.08144402938816801 18
1694621962658 0.13981284886739756 19
1694621962863 0.0010471480916821895 20
1694621963051 0.010174401698316422 21
1694621963219 0.3821442534023602 22
1694621963461 0.029547254373036208 23
1694621963694 0.2654641271794026 24
1694621963890 2.176516105840344e-06 25
1694621964061 0.07383680826790656 26
1694621964231 0.05760446426752964 27
1694621964440 0.00016932433291813278 28
1694621964638 0.040547552981354776 29
1694621964896 0.003472321786519366 30
1694621965092 0.25696968843169876 31
1694621965312 0.02500992425589187 32
1694621965532 0.23535654011904397 33
1694621965709 0.0021230814162962316 34
1694621965920 0.013841811556022876 35
1694621966099 0.005585036311325409 36
1694621966303 0.0038400398880978097 37
1694621966535 0.02053553692530271 38
1694621966751 0.03641556603575358 39
1694621966982 0.042003799436555536 40
1694621967201 0.012923804155027401 41
1694621967419 0.008250578347400554 42
1694621967616 0.00011063613290277815 43
1694621967818 0.06626544270829536 44
1694621968033 0.0026030837688753167 45
1694621968233 0.0921942988308513 46
1694621968438 0.0019356219792594732 47
1694621968656 0.012723668594506464 48
1694621968849 0.009863749175617267 49
1694621969068 0.06983409450776418 50
1694621969298 0.0031869091109010955 51
1694621969486 0.007742445480141965 52
1694621969717 0.04488339511408494 53
1694621969906 0.04454437933203482 54
1694621970165 0.10620454170166299 55
1694621970454 0.003030389338363256 56
1694621970742 0.0955841862558603 57
1694621971000 0.057219377516185936 58
1694621971168 0.0005006457545260654 59
1694621971413 0.10918264249551535 60
1694621971773 0.004661951928127356 61
1694621972049 0.0656774659072228 62
1694621972353 0.09125754318437895 63
1694621972680 0.005749663657339818 64
1694621972895 0.05121333618124551 65
1694621973198 0.0008050189020582497 66
1694621973416 0.10375385221135744 67
1694621973663 0.44328567987843825 68
1694621973897 0.011712706853422123 69
1694621974149 0.009219058283020134 70
1694621974422 0.135975657821731 71
1694621974703 0.008362007806526022 72
1694621974975 0.011520635701423398 73
1694621975234 0.09601725059590746 74
1694621975464 0.19895634486437078 75
1694621975710 0.0019217715269015808 76
1694621975967 0.03005026893235681 77
1694621976181 0.012316237542559247 78
1694621976424 0.014535300313852919 79
1694621976665 0.08434078243674072 80
1694621976894 0.015677576030039757 81
1694621977095 0.06709702508877825 82
1694621977318 0.0071398864800428265 83
1694621977547 0.331409624120035 84
1694621977794 0.019705366139395948 85
1694621978077 0.0002977039936299353 86
1694621978328 0.0018926437572406492 87
1694621978575 0.016747828564780413 88
1694621978978 0.17751278188924133 89
1694621979268 0.022600198455636048 90
1694621979502 0.010034116696104881 91
1694621979718 0.0007430654618633433 92
1694621979943 0.013681581268840228 93
1694621980144 0.5107480071907085 94
1694621980374 0.007111280843555919 95
1694621980560 0.010756821974348895 96
1694621980782 0.0029807505662500402 97
1694621980967 0.003310973860148831 98
1694621981158 0.0866300953539293 99
1694621981476 0.0036461682379106087 100
1694621981756 0.05767326878023219 101
1694621981955 0.9106268447167145 102
1694621982154 0.0017536429676522113 103
1694621982360 0.6302106673807755 104
1694621982568 0.07725393009647612 105
1694621982788 0.020605472589101868 106
1694621983038 0.08662609697173901 107
1694621983230 0.008198664150415116 108
1694621983433 0.013392828294182346 109
1694621983626 0.007624406563705642 110
1694621983839 0.019107335179687268 111
1694621984046 6.104237440505723e-05 112
1694621984287 0.00896339629416125 113
1694621984528 0.01742068009580778 114
1694621984878 0.0840338512733424 115
1694621985107 0.03828565604317874 116
1694621985315 0.009272294738551144 117
1694621985527 0.022252197917889037 118
1694621985742 0.008664269779703682 119
1694621986053 0.10472818973050654 120
1694621986454 0.01698950957190525 121
1694621986816 0.06425334571103906 122
1694621987146 0.012216413595098577 123
1694621987459 0.0012129538648210344 124
1694621987733 0.019523703609916586 125
1694621987957 0.03306067671501843 126
1694621988175 0.10391616001739953 127
1694621988397 1.6587162914253293 128
1694621988726 0.16380982498974156 129
1694621988990 0.02124271026223791 130
1694621989207 0.0031271169542275035 131
1694621989425 0.017860014983184083 132
1694621989646 0.03825943918317438 133
1694621989906 0.006752486941338702 134
1694621990097 0.005974061840960884 135
1694621990269 0.02490099518842369 136
1694621990490 0.003944844215052306 137
1694621990704 0.761467060874799 138
1694621990931 0.07574658876559365 139
1694621991135 0.15227774097803787 140
1694621991356 0.6673876038451738 141
1694621991562 0.3298927117933433 142
1694621991779 0.06108871668038509 143
1694621991954 0.009206920472273119 144
1694621992171 0.05845403597111563 145
1694621992350 0.011252325966164352 146
1694621992549 0.017444805419953566 147
1694621992752 0.013123969021104392 148
1694621992997 0.022237192392597225 149
1694621993231 0.08288558974462498 150
1694621993440 0.05741460368426404 151
1694621993667 0.0015693096245650328 152
1694621993910 0.16861389267624466 153
1694621994303 0.09767854081520538 154
1694621994675 1.1120351779158316e-05 155
1694621995036 0.0353502327475054 156
1694621995339 0.24296283629159346 157
1694621995691 0.1824113343289605 158
1694621995925 0.19337313846741588 159
1694621996128 0.26859517055817766 160
1694621996315 0.07860101160180553 161
1694621996538 0.010001651319715438 162
1694621996737 0.39025988611594514 163
1694621996967 0.07721213986163494 164
1694621997189 0.0927856029117459 165
1694621997429 0.09896919467048089 166
1694621997638 0.07743383321059827 167
1694621997898 0.0769899197989679 168
1694621998139 0.11459521219277559 169
1694621998344 0.000336057983429094 170
1694621998520 0.05733923189983732 171
1694621998777 0.26805325844692557 172
1694621999012 0.834052033675516 173
1694621999241 0.0036034124209695616 174
1694621999494 0.017496005343672492 175
1694621999749 0.18327574138017638 176
1694621999918 0.04529448346256054 177
1694622000201 0.06125758320583109 178
1694622000412 0.09800723053556086 179
1694622000674 0.0037232628039989713 180
1694622000988 0.058528702831038594 181
1694622001193 0.00081055092986344 182
1694622001444 0.002302477568932598 183
1694622001742 0.022655911661099915 184
1694622001927 0.047935492069744255 185
1694622002118 0.008860778925773753 186
1694622002388 0.08510728433722964 187
1694622002597 0.3679785915699684 188
1694622002861 0.0006577542748067954 189
1694622003151 0.0017852669112214514 190
1694622003398 0.15500709037102842 191
1694622003649 0.7368452144990107 192
1694622003931 0.016151009940146246 193
1694622004212 0.4867043572599949 194
1694622004510 0.043706740169390426 195
1694622004766 0.051377650828390575 196
1694622005002 0.1158944080733325 197
1694622005335 0.004145110749415431 198
1694622005656 0.000669533347114827 199
1694622005905 0.13914908442125362 200
1694622006317 0.012197077215911472 201
1694622006553 0.4069306963714333 202
1694622006806 3.108610342849607e-05 203
1694622007036 0.03637698721426614 204
1694622007263 0.00018112637931232527 205
1694622007507 0.07343708888751414 206
1694622007704 0.6006302712882309 207
1694622007959 0.06833412631254 208
1694622008175 0.006985407278512242 209
1694622008376 0.17717196406397392 210
1694622008556 0.14751246590536032 211
1694622008721 5.41947635359427e-05 212
1694622008907 0.005810779150589866 213
1694622009197 0.17500874617940154 214
1694622009470 0.029921892710719898 215
1694622009703 0.01644839039850294 216
1694622009917 0.11988737750645156 217
1694622010149 0.056312172752304754 218
1694622010375 0.005619089186937847 219
1694622010570 0.0002758426507028767 220
1694622010779 0.05598734292852706 221
1694622011017 0.1114056674970492 222
1694622011227 0.0038930220191691223 223
1694622011439 0.179101782821027 224
1694622011667 0.0015160644177798213 225
1694622011909 0.06645656881712773 226
1694622012150 0.034386098766884914 227
1694622012413 0.00102623505289082 228
1694622012659 0.0015821140941941153 229
1694622012901 0.42037101716531017 230
1694622013155 0.24844973763755698 231
1694622013340 0.07898741138802595 232
1694622013521 0.008724343669104732 233
1694622013757 0.264871518389308 234
1694622014028 0.1125643976139833 235
1694622014277 0.01131528495016362 236
1694622014510 0.02157242424546434 237
1694622014711 0.011939342372055147 238
1694622014961 0.01815422065083366 239
1694622015454 0.04549954661625088 240
1694622015658 0.07384165856556735 241
1694622015902 0.0002578166916147284 242
1694622016138 0.031383095423950014 243
1694622016392 0.013009531128340501 244
1694622016650 0.6220585992167466 245
1694622016908 0.025846769554118503 246
1694622017112 0.0002651090458215243 247
1694622017347 0.37004245485861853 248
1694622017561 0.05537159226249407 249
1694622017771 0.5973739586183612 250
1694622018003 0.03706993201757817 251
1694622018254 0.033705989353172365 252
1694622018574 0.0005774838289369959 253
1694622018903 0.04175470899749714 254
1694622019170 0.07882813645156317 255
1694622019460 0.11863989540501958 256
1694622019692 0.04236685363287483 257
1694622019896 0.3691027714883602 258
1694622020177 0.02792047565542186 259
1694622020437 0.004303937355085318 260
1694622020673 0.018296941552035467 261
1694622020932 0.00038712582503632994 262
1694622021187 0.020602283309876922 263
1694622021487 0.02144628099403677 264
1694622021740 0.01670517339611829 265
1694622021953 0.04363891914447409 266
1694622022209 0.006961279642681056 267
1694622022453 0.020912411834036033 268
1694622022720 9.404146666576287e-05 269
1694622022966 0.06589397961679698 270
1694622023310 0.12166751577873484 271
1694622023539 0.14428676809141097 272
1694622023750 0.028478815745301537 273
1694622023997 0.10504124438053607 274
1694622024331 0.08858142599214207 275
1694622024647 0.016971376406849228 276
1694622024955 9.854668740738447e-05 277
1694622025220 0.1465877040825333 278
1694622025457 0.033594187814839395 279
1694622025703 1.6810930864707837e-07 280
1694622025928 0.019459471354612665 281
1694622026145 0.01640387987118616 282
1694622026353 0.012104498338775947 283
1694622026577 0.004567655767801554 284
1694622026812 0.0007504030091718857 285
1694622026984 0.01109264426067623 286
1694622027203 0.012768058250307355 287
1694622027459 0.005565346071054978 288
1694622027709 0.07174254148197769 289
1694622027918 0.22821269520995255 290
1694622028137 0.0004446548305265403 291
1694622028329 0.533689056543287 292
1694622028559 0.06275273809136211 293
1694622028804 0.05506594475805356 294
1694622029270 0.0012985198737565545 295
1694622029677 0.0008359243434701426 296
1694622030062 0.13564180309090873 297
1694622030429 0.022762851097414674 298
1694622030740 0.006680133935655044 299
1694622031081 0.004537222810010715 300
1694622031407 0.02008528687695901 301
1694622031746 0.023129976581200976 302
1694622032002 0.07695573587751568 303
1694622032237 0.003244703549820385 304
1694622032477 0.08973950568470443 305
1694622032702 0.9412674031125291 306
1694622032879 0.028824560889373674 307
1694622033239 0.14011627692283382 308
1694622033492 0.31578416912023394 309
1694622033762 0.0072147447364540075 310
1694622034042 0.026461278836176123 311
1694622034263 0.2038366857636614 312
1694622034510 0.0281354584766839 313
1694622034779 0.10301995857681184 314
1694622035044 0.019152496670901988 315
1694622035210 0.0017941270328588898 316
1694622035382 0.034178602387754976 317
1694622035596 7.314019541179148e-05 318
1694622035768 0.2649985728885275 319
1694622035995 0.1838696677252958 320
1694622036211 0.013543324709456357 321
1694622036401 1.063273436129491e-05 322
1694622036607 0.12400004815562302 323
1694622036821 0.008951467480103387 324
1694622037001 0.4782953677661967 325
1694622037220 0.01859428559301723 326
1694622037425 0.07719775870717588 327
1694622037638 1.4906891039214749e-05 328
1694622037845 0.0019978245170080683 329
1694622038057 5.624368600092386e-05 330
1694622038321 9.340942094268151e-07 331
1694622038586 0.22470156070151456 332
1694622038802 0.018434051273761527 333
1694622039010 0.0013360148052662028 334
1694622039180 0.0036475767711103115 335
1694622039420 9.253944737737136e-07 336
1694622039600 1.680606652067364e-05 337
1694622039830 0.6611121445992695 338
1694622040021 8.184019298012743e-07 339
1694622040186 0.14127808946767356 340
1694622040363 0.05200936139771074 341
1694622040552 0.015283003954827021 342
1694622040738 0.006326651614418729 343
1694622040987 0.014356004719916392 344
1694622041206 0.4835211888821459 345
1694622041431 0.19261570347053578 346
1694622041612 0.01870924181535025 347
1694622041873 0.027234115183711154 348
1694622042108 0.3831410347367143 349
1694622042318 2.866434546689997e-05 350
1694622042546 0.1497201136171508 351
1694622042783 0.007742157509873695 352
1694622042975 0.026403492344433805 353
1694622043165 0.026081969829289942 354
1694622043353 1.1907128498135306 355
1694622043553 0.06917263457672052 356
1694622043746 0.0038419639827344384 357
1694622043991 0.004002208022531216 358
1694622044198 0.014075692920600916 359
1694622044388 0.0004611809473742518 360
1694622044608 0.9671945214344194 361
1694622044817 0.24532287618964 362
1694622045051 0.0670913883126195 363
1694622045242 0.03042297752331674 364
1694622045429 0.02276478087201324 365
1694622045631 0.004108591634905465 366
1694622045858 0.0009602569049319949 367
1694622046079 0.02666994933647738 368
1694622046294 0.008215991499337551 369
1694622046537 0.005522301797084719 370
1694622046734 0.013658813124970295 371
1694622046919 0.002610172019829175 372
1694622047121 0.3178034147038892 373
1694622047357 0.005964962386784225 374
1694622047594 0.10466454933954615 375
1694622047768 0.018223557820738007 376
1694622047948 0.04746685512283916 377
1694622048156 0.008928721837187984 378
1694622048385 0.007468308289662692 379
1694622048579 0.00968106716734425 380
1694622048841 0.3211955681619082 381
1694622049048 0.024775817308444175 382
1694622049252 0.0015045258949315746 383
1694622049446 0.04994442616977968 384
1694622049633 0.05113395971581533 385
1694622049865 0.14775627560201876 386
1694622050103 0.0023534166645796687 387
1694622050306 0.029710351110387122 388
1694622050544 0.13972700193912496 389
1694622050735 0.002543668882007627 390
1694622050978 0.2959968728165613 391
1694622051193 0.04079766772570211 392
1694622051385 0.005880530485927431 393
1694622051634 0.004338192879970936 394
1694622051841 0.017836734590070947 395
1694622052055 0.05321301752300482 396
1694622052256 0.005035438440018253 397
1694622052450 0.1074390214117097 398
1694622052702 9.089850883939473e-05 399
1694622052902 0.021354374742065828 400
1694622053111 0.035800334301378516 401
1694622053294 0.09849818668846047 402
1694622053463 0.41771117334074404 403
1694622053688 0.04859352656095617 404
1694622053867 0.3603088978382125 405
1694622054039 0.00034865688051504486 406
1694622054249 0.008843157892652671 407
1694622054492 0.14835044654377988 408
1694622054739 0.0008057118622928509 409
1694622054960 0.19005001060527715 410
1694622055168 0.327320413803999 411
1694622055401 0.027687145589607814 412
1694622055569 0.027603640999320157 413
1694622055783 0.051606537935518726 414
1694622055951 0.006153844192393454 415
1694622056120 0.00010602187478913788 416
1694622056291 0.0019411871001471523 417
1694622056478 0.1476134206364839 418
1694622056647 0.012823195639632709 419
1694622056859 0.00841652589924868 420
1694622057069 0.025449183122909502 421
1694622057263 0.00015204499075353688 422
1694622057446 0.017549376823087885 423
1694622057710 0.002633824090172395 424
1694622057920 0.1920028612245995 425
1694622058107 0.002198763873509457 426
1694622058269 0.04833581075665342 427
1694622058461 0.06854721611402158 428
1694622058668 0.23903158233004895 429
1694622058901 0.3120220111257962 430
1694622059152 0.15734503855767795 431
1694622059350 0.21692313595573434 432
1694622059523 0.0003175469183977431 433
1694622059720 0.007786925705085298 434
1694622059956 0.013575364576997945 435
1694622060188 0.024223578759231427 436
1694622060402 0.009049231581884275 437
1694622060612 8.60277914046836e-05 438
1694622060798 1.00528413832207 439
1694622061063 0.0008263535084882982 440
1694622061310 0.30986381646438815 441
1694622061526 0.3586737691276408 442
1694622061706 0.002104322854666035 443
1694622061923 0.0016564649808862588 444
1694622062142 0.02973568260257981 445
1694622062386 0.0009650249144483358 446
1694622062658 0.024302325608137953 447
1694622062925 0.004222720509334259 448
1694622063159 0.006440806967953234 449
1694622063335 0.0024781475943073923 450
1694622063555 0.012029114956731774 451
1694622063811 0.05821028529741108 452
1694622063983 0.03280417307238519 453
1694622064173 0.06733316571669257 454
1694622064428 0.3033953265921268 455
1694622064733 0.003638541347531576 456
1694622065039 0.006605573264249112 457
1694622065366 0.005893179675818118 458
1694622065685 0.06486889061694448 459
1694622065967 0.007604116527775253 460
1694622066289 0.12577089645317957 461
1694622066563 0.03927626338173572 462
1694622066779 0.08647326995703979 463
1694622066976 0.12005396908324041 464
1694622067166 0.011570930264641217 465
1694622067404 0.14579776087935772 466
1694622067633 0.04194519717280293 467
1694622067838 5.188589914510796e-05 468
1694622068049 0.05448674424155779 469
1694622068236 0.07685808322493065 470
1694622068460 0.04317103476357097 471
1694622068652 0.036210421953299876 472
1694622068911 0.05476020211329634 473
1694622069161 0.038464063138886 474
1694622069477 0.48775230230187905 475
1694622069713 0.00010968586792268146 476
1694622069918 0.001264695192834008 477
1694622070171 0.03072841565131848 478
1694622070461 1.0783761775839162 479
1694622070746 0.013089955601133208 480
1694622071029 0.27144436561916807 481
1694622071226 0.0026429172823177185 482
1694622071450 0.21789969468634007 483
1694622071630 0.0047822762540975575 484
1694622071869 0.011649869241779754 485
1694622072092 2.648858152354722 486
1694622072282 0.029717910715504017 487
1694622072519 0.003327601008387722 488
1694622072701 0.1675515630824355 489
1694622072911 0.004383091967223199 490
1694622073130 0.03898242246725839 491
1694622073346 0.0305467952770505 492
1694622073543 0.09933943372230414 493
1694622073772 0.10636046342678404 494
1694622074025 0.20324588580647057 495
1694622074278 0.025793565641151428 496
1694622074513 0.0137751219094967 497
1694622074739 0.036914633570795795 498
1694622074926 0.0007153434541318499 499
1694622075110 0.16781655115138347 500
1694622075314 0.0023376611160028874 501
1694622075560 0.3397667680542858 502
1694622075742 0.007532927558078908 503
1694622075925 0.11297563122184898 504
1694622076146 0.21959276763600238 505
1694622076360 0.9150600109984244 506
1694622076649 0.1043912190665626 507
1694622076894 0.035036208746422826 508
1694622077103 0.0021626030704950867 509
1694622077505 0.02150919514417407 510
1694622077786 0.022106392564506118 511
1694622078059 0.047046885416099686 512
1694622078277 0.019204800463451424 513
1694622078555 0.07852335475087538 514
1694622078786 0.012790043099107043 515
1694622079025 0.01456976518152072 516
1694622079239 0.023677545834981942 517
1694622079417 0.04075778700689242 518
1694622079635 0.12350193016228225 519
1694622080001 0.0035748115295664933 520
1694622080262 0.007136921511809892 521
1694622080517 0.0018293950529335314 522
1694622080719 0.053046306110647076 523
1694622080940 0.007839851221154317 524
1694622081156 0.001227904185988611 525
1694622081376 0.11454472961687656 526
1694622081606 0.011876664423421468 527
1694622081830 0.0005375029691396767 528
1694622082021 0.28527209292459416 529
1694622082218 0.011065577797183737 530
1694622082402 0.11209084499085284 531
1694622082613 0.027191062947528422 532
1694622082824 0.0010336889547925808 533
1694622083049 5.38876188859619e-06 534
1694622083230 0.0008564718970999055 535
1694622083443 0.7674206943525256 536
1694622083693 0.06114311383259073 537
1694622083910 0.009460161834600054 538
1694622084323 0.005744885804250349 539
1694622084549 0.03448132879479734 540
1694622084736 0.040559648905787025 541
1694622084966 0.22462622481202843 542
1694622085197 0.4466282736873587 543
1694622085443 0.015511107671018884 544
1694622085648 0.0036382664902834946 545
1694622085978 0.07335586299362137 546
1694622086276 0.10529171771331204 547
1694622086563 0.00594331607397915 548
1694622086804 0.009701134816114914 549
1694622087009 0.07073108805334108 550
1694622087240 0.06843629674947249 551
1694622087468 0.2557721207173685 552
1694622087678 0.07851375667526464 553
1694622087941 0.120551684074987 554
1694622088136 0.028841002047537017 555
1694622088419 0.09663705499966967 556
1694622088630 0.020260867690808395 557
1694622088861 0.006848478360204871 558
1694622089106 0.008701158396528953 559
1694622089305 0.08688525346299823 560
1694622089490 0.013446467201261539 561
1694622089717 0.027375874986122845 562
1694622089915 0.06805899951618187 563
1694622090109 0.019078110780493828 564
1694622090284 0.05990813123619416 565
1694622090489 0.660586752970677 566
1694622090716 0.04569917976259224 567
1694622091164 2.4115247155629454e-06 568
1694622091572 0.0001522751842035608 569
1694622091930 1.0579603150487928 570
1694622092248 0.05102880016552872 571
1694622092509 0.03162647278135519 572
1694622092835 0.010105706405133403 573
1694622093113 0.03150507116193016 574
1694622093394 0.013677130127345085 575
1694622093630 0.28601856115676394 576
1694622093909 0.005686837311210878 577
1694622094122 0.1719244879034869 578
1694622094337 0.24412393610458127 579
1694622094565 0.008047059111934651 580
1694622094753 0.12045993944316036 581
1694622094957 0.0030998352685090037 582
1694622095145 0.2921672400707727 583
1694622095341 0.0009255161644942285 584
1694622095546 0.31329102480470533 585
1694622095763 0.008712161475525329 586
1694622095988 0.00857473832537294 587
1694622096225 1.527099739283208e-05 588
1694622096436 0.04632324768100402 589
1694622096656 0.0497778595804006 590
1694622096889 0.004124553222972933 591
1694622097105 0.01168258258226129 592
1694622097302 0.10104606524035742 593
1694622097502 0.09309057327475925 594
1694622097724 0.07793362798286138 595
1694622097988 0.018925142177206814 596
1694622098223 0.09291000385681733 597
1694622098458 0.001797032988127636 598
1694622098682 0.0033249771764150638 599
1694622098877 0.12281050601236831 600
1694622099142 0.0947992290067185 601
1694622099374 0.08437025461732409 602
1694622099596 0.0024634337276881134 603
1694622099793 0.022235954357884037 604
1694622100067 0.17336651389413277 605
1694622100326 0.016153788646528472 606
1694622100569 0.04637840786022403 607
1694622100788 0.01846488204661005 608
1694622101002 0.05739288698270939 609
1694622101245 0.036961169668175795 610
1694622101449 0.0011714678243001733 611
1694622101710 0.043190164759120284 612
1694622101946 0.05830238248963561 613
1694622102163 0.002940879565438808 614
1694622102351 0.004813472578832269 615
1694622102546 0.007712711970568128 616
1694622102790 0.0018105998550029833 617
1694622103080 0.2414261571442291 618
1694622103314 0.2739285554736902 619
1694622103552 0.01930120689531557 620
1694622103803 0.007909771044367154 621
1694622104071 0.02204705413692397 622
1694622104321 0.22402063794957344 623
1694622104535 0.09254126761588968 624
1694622104773 0.15479997492890848 625
1694622104964 0.020447856872189904 626
1694622105157 0.08521112551389079 627
1694622105333 0.024717307850005962 628
1694622105525 0.005940533756274218 629
1694622105699 0.00041209319697807186 630
1694622105926 0.12188032604616886 631
1694622106169 0.3333655198158504 632
1694622106414 0.020017839635637573 633
1694622106703 0.4526154894817574 634
1694622106972 0.07598001029937196 635
1694622107155 0.033571141509274025 636
1694622107369 0.08413707456384968 637
1694622107664 0.18087375981039405 638
1694622107888 0.018114572994709994 639
1694622108126 0.09412104863455541 640
1694622108356 0.006260204368321933 641
1694622108639 0.006903483547412227 642
1694622108914 0.00037701152837597325 643
1694622109124 0.011776023320801398 644
1694622109407 0.07363068608437412 645
1694622109731 0.35750674739830957 646
1694622109942 0.08842751607804167 647
1694622110158 0.054565912577433734 648
1694622110408 0.022366809224424744 649
1694622110634 0.04740836925008115 650
1694622110854 0.00635292269234585 651
1694622111094 0.014362271360519421 652
1694622111326 0.0007214957309185131 653
1694622111547 0.0029669463188806006 654
1694622111742 0.0019384797980249644 655
1694622111923 0.0075089316679928415 656
1694622112173 0.8107093219456994 657
1694622112394 0.046394910354049204 658
1694622112686 0.20562092636079707 659
1694622112968 2.7391708104925528e-05 660
1694622113245 0.021880385920641555 661
1694622113451 0.0007558723628768314 662
1694622113710 0.03238799649274534 663
1694622113940 6.147764691626321e-05 664
1694622114135 0.02478361989077697 665
1694622114412 5.0077449547375024e-08 666
1694622114679 0.043977342589596465 667
1694622114962 0.29113821899936954 668
1694622115225 0.0031848293979464576 669
1694622115431 0.08104355312811792 670
1694622115630 0.1498551920166577 671
1694622115947 0.0075959369539885776 672
1694622116169 0.026949551657047554 673
1694622116379 0.0858105113697567 674
1694622116553 0.2684098839098781 675
1694622116875 0.014691785898571876 676
1694622117115 0.03566135270492673 677
1694622117320 0.04844532555203092 678
1694622117517 0.07148532850561475 679
1694622117747 0.06316465205344135 680
1694622117978 0.00012724501352828627 681
1694622118299 0.002802607876368482 682
1694622118527 0.17424648870781098 683
1694622118760 0.17567515998308061 684
1694622119035 0.0011524801876882024 685
1694622119279 0.002897741320740308 686
1694622119497 0.0002742014876199842 687
1694622119698 0.2536822111600714 688
1694622119983 0.2756889328157622 689
1694622120246 0.01073470127493153 690
1694622120513 0.016621858811358216 691
1694622120823 0.00177940898337995 692
1694622121081 0.029715255178333858 693
1694622121299 0.10002801715613259 694
1694622121573 0.0009353334533554532 695
1694622121814 0.022018229493776586 696
1694622122022 0.39073840290098416 697
1694622122223 0.2213511408315595 698
1694622122442 0.10129354999452439 699
1694622122644 0.03634886052321759 700
1694622122884 0.006755929343054005 701
1694622123139 0.00485924885214938 702
1694622123384 0.0025408456964453067 703
1694622123617 0.0003062191513870632 704
1694622123866 0.0009073377489540742 705
1694622124070 0.07003730072298646 706
1694622124246 0.013621310542898462 707
1694622124535 0.06470789626406552 708
1694622124871 0.16325372375311792 709
1694622125153 0.19123323289405866 710
1694622125392 3.9550225999216356e-05 711
1694622125575 0.03289743581170756 712
1694622125844 0.03174354928287703 713
1694622126097 0.0822742815390512 714
1694622126364 0.012705738367287212 715
1694622126603 0.2794370775505638 716
1694622126791 0.00045227587874901504 717
1694622127090 0.04509160039154483 718
1694622127357 0.04928243744343455 719
1694622127620 0.17434191557467707 720
1694622127866 0.002921386093268866 721
1694622128080 0.012569664713833566 722
1694622128275 0.008973011167176363 723
1694622128499 0.036473083605847806 724
1694622128724 0.0009381709970218872 725
1694622128926 0.031653004328268064 726
1694622129212 0.06753164473403508 727
1694622129590 0.0136653430528429 728
1694622129947 0.1363248791594298 729
1694622130217 0.01506747380717444 730
1694622130476 0.05021198558817868 731
1694622130688 0.3254341804607699 732
1694622130929 0.004562827608627347 733
1694622131215 0.0018900160064136045 734
1694622131463 0.01944552421717993 735
1694622131682 1.1291423194614882 736
1694622131922 0.6091190324365351 737
1694622132110 0.12308648791638958 738
1694622132354 0.06494021215093589 739
1694622132589 0.0981951438118313 740
1694622132863 0.24227302206104728 741
1694622133144 0.038806867167884875 742
1694622133430 0.31565620882049583 743
1694622133678 0.12183933534981502 744
1694622133943 0.0010663277537625048 745
1694622134158 0.15717561474914502 746
1694622134404 0.0582377391220452 747
1694622134628 0.0013383008204988734 748
1694622134898 0.050126266011871874 749
1694622135088 0.024770034037108306 750
1694622135276 0.10128088167995372 751
1694622135501 0.11266874998129918 752
1694622135719 0.032326558275196676 753
1694622135971 0.055138492903880794 754
1694622136254 0.0807547931730155 755
1694622136509 0.2902605767743584 756
1694622136700 0.10022372614588884 757
1694622136889 0.11199259747760207 758
1694622137136 0.015456907746534377 759
1694622137598 0.028202266951450745 760
1694622137922 0.03575379214603157 761
1694622138255 0.02789550145867292 762
1694622138535 0.01006175983787132 763
1694622138832 0.02540352260597859 764
1694622139127 0.15160085552430358 765
1694622139406 0.0010651893357400842 766
1694622139694 0.030288847382113036 767
1694622139932 0.0780683788562092 768
1694622140176 0.026189200897091872 769
1694622140381 0.05314363373795879 770
1694622140608 0.06467930158617831 771
1694622140820 0.015481924956166043 772
1694622141006 0.03913650344548478 773
1694622141195 0.00022142586239934345 774
1694622141380 0.03834858878171198 775
1694622141627 0.6360007347112395 776
1694622141898 0.002341443718605104 777
1694622142135 0.10256471163964873 778
1694622142370 0.0536118397989859 779
1694622142641 0.042085529175514384 780
1694622142862 0.20396426329702624 781
1694622143083 0.008474151730248186 782
1694622143251 0.01367672028233507 783
1694622143467 2.3875184562189795 784
1694622143676 0.0023887244867731214 785
1694622143878 1.4475468655401373 786
1694622144072 0.18518405617526154 787
1694622144243 0.11703373943593003 788
1694622144410 0.00446058489507912 789
1694622144619 0.056543233576250705 790
1694622144793 0.06685828456832905 791
1694622144977 0.22507929684199623 792
1694622145172 0.1530693176710256 793
1694622145405 0.003385102584761927 794
1694622145619 0.034733104397649525 795
1694622145807 0.010572428995188926 796
1694622145991 0.037340000932949355 797
1694622146191 0.6761788513166406 798
1694622146375 0.09144643741273722 799
1694622146609 0.01204116667171521 800
1694622146809 0.13347029970379856 801
1694622147017 0.24595570518202264 802
1694622147213 0.008642841780769165 803
1694622147377 0.13508933949518048 804
1694622147608 0.021113409559166157 805
1694622147802 0.08341103609445354 806
1694622147978 0.00711777981846844 807
1694622148178 0.4221901135158117 808
1694622148410 0.05583462195074604 809
1694622148655 0.20724092486753154 810
1694622148875 0.047380932102507496 811
1694622149060 0.03437030439624015 812
1694622149225 0.09317954346822363 813
1694622149397 0.4092112860201949 814
1694622149574 0.12118020636349884 815
1694622149806 0.006891739009171261 816
1694622150025 0.19156319801769484 817
1694622150257 0.027355688924873927 818
1694622150452 0.0003811674305222998 819
1694622150626 0.02351878374811474 820
1694622150826 0.0738875542981325 821
1694622151085 0.0012472195689535203 822
1694622151292 9.890027475974295e-06 823
1694622151501 0.00809266580780464 824
1694622151718 0.14673639685702666 825
1694622151903 0.003333860625437638 826
1694622152111 0.01414375585145871 827
1694622152343 0.00035698395500659784 828
1694622152543 0.044867059434564434 829
1694622152754 0.12371567020482413 830
1694622152969 0.039890744297575165 831
1694622153163 0.0003600876421064844 832
1694622153346 0.010194157636190509 833
1694622153519 0.038235912324211925 834
1694622153719 0.6227812668850756 835
1694622153903 0.007413525480444123 836
1694622154085 0.20152409675749183 837
1694622154284 0.0008875002481517019 838
1694622154495 0.1672418954077485 839
1694622154694 0.04600438709310255 840
1694622154932 0.3022998057303185 841
1694622155145 0.03537583008547018 842
1694622155371 3.078879186808527e-05 843
1694622155588 0.08986813573228959 844
1694622155767 0.011971733380888527 845
1694622156010 0.04970597651396398 846
1694622156214 0.0009756017054335203 847
1694622156377 0.08083052013343779 848
1694622156574 0.0024571345521794546 849
1694622156785 0.027168730387644526 850
1694622156964 0.01140386692687863 851
1694622157198 0.24459584520512662 852
1694622157397 0.08673917195726552 853
1694622157571 0.0003844268512260428 854
1694622157779 0.025577743873272833 855
1694622157964 0.021448169313199393 856
1694622158199 2.5350391818872166e-06 857
1694622158414 0.0005872292361449745 858
1694622158614 0.01641871684335363 859
1694622158824 0.6161919155953232 860
1694622159001 0.04025440385146672 861
1694622159202 0.19216631697811876 862
1694622159375 0.00783533922858151 863
1694622159557 0.011887111998677457 864
1694622159734 0.0013329581074127982 865
1694622159960 0.00982042239883316 866
1694622160180 7.537817988918274e-05 867
1694622160416 0.053607101334549954 868
1694622160654 0.03895576100160765 869
1694622160857 5.218736647012779e-05 870
1694622161096 0.022997391023650414 871
1694622161338 0.09578810353538363 872
1694622161540 0.0034114632333732344 873
1694622161762 0.004163058529782556 874
1694622161958 0.08740315778997018 875
1694622162149 0.007913767124608938 876
1694622162316 0.14667869817892526 877
1694622162496 0.001618425159914956 878
1694622162699 0.0009154804045816107 879
1694622162870 0.08448250393569025 880
1694622163049 0.02036692612403686 881
1694622163223 0.0019157058044213294 882
1694622163392 0.04748869414044709 883
1694622163592 0.14459082594679917 884
1694622163842 0.013655315476928427 885
1694622164053 0.007476146662998836 886
1694622164273 0.18838165982832367 887
1694622164476 0.2930848652209606 888
1694622164684 0.00810485333116242 889
1694622164862 0.10145076402717144 890
1694622165115 0.17965466789994478 891
1694622165339 0.052007570705896566 892
1694622165542 0.024500383255589536 893
1694622165722 0.009035575527821344 894
1694622165925 0.012312571610372353 895
1694622166145 0.22889808070908133 896
1694622166375 0.0024432905869017432 897
1694622166592 0.21380107545151497 898
1694622166794 0.01260867365034905 899
1694622167018 0.017266146837779484 900
1694622167216 0.008666459952356015 901
1694622167380 0.04441547024388616 902
1694622167552 0.01542692365692586 903
1694622167765 0.2312533218678333 904
1694622167962 0.0034157570490256878 905
1694622168199 0.034766373416686085 906
1694622168393 0.00042784362247859115 907
1694622168590 0.00014112395772428456 908
1694622168789 0.11840684116176901 909
1694622168951 0.0038370716380681665 910
1694622169153 0.0004729739893391188 911
1694622169327 0.1733645611146939 912
1694622169491 0.09936499713679867 913
1694622169673 0.010240705791279135 914
1694622169864 0.004153207776516942 915
1694622170056 0.008014661639180224 916
1694622170237 0.005029518225818121 917
1694622170419 0.09648527453322775 918
1694622170613 0.7638785042739934 919
1694622170811 0.004527065347636204 920
1694622171012 0.0859106226188055 921
1694622171173 0.002174172400318116 922
1694622171337 0.09338461760961339 923
1694622171512 0.020980073613154425 924
1694622171726 0.048473568477773864 925
1694622171937 0.0012705817568913582 926
1694622172138 0.0005924955244253488 927
1694622172332 0.021683282179695736 928
1694622172525 0.07857047952181263 929
1694622172712 0.04292030682424063 930
1694622172881 0.34385582389002256 931
1694622173079 0.39879502330424144 932
1694622173256 0.11597139793152637 933
1694622173418 0.030318618067349076 934
1694622173580 0.06385860102353223 935
1694622173750 0.363578434684066 936
1694622173958 0.038771796168262714 937
1694622174134 0.015794873896924695 938
1694622174351 0.1748682214516994 939
1694622174547 0.1949222036770437 940
1694622174747 0.0050468491721077785 941
1694622174948 0.030783216445071055 942
1694622175195 0.27742254518764836 943
1694622175384 0.03557025196054484 944
1694622175607 0.024009885399008186 945
1694622175853 0.00296460676849148 946
1694622176032 0.06649731668861221 947
1694622176225 0.033564225200444574 948
1694622176392 0.3774011236122984 949
1694622176622 0.058134163660802325 950
1694622176856 0.4505272034543255 951
1694622177064 0.13524178349189173 952
1694622177297 0.15752240390313982 953
1694622177518 7.56304191520635e-06 954
1694622177752 0.002173793499467914 955
1694622177949 0.02092123676181349 956
1694622178227 0.10728722997990646 957
1694622178477 0.03812806549838979 958
1694622178728 0.0025958821170478743 959
1694622178965 0.00023954575616451953 960
1694622179193 0.003182556020646779 961
1694622179362 0.0056657770848645445 962
1694622179653 0.030014542816513657 963
1694622179938 0.049741352856301393 964
1694622180192 0.11182238957392279 965
1694622180378 0.19388863644139392 966
1694622180648 0.09043815631857818 967
1694622180852 0.19679794630563943 968
1694622181089 0.0391666847676419 969
1694622181388 0.007863129991770622 970
1694622181679 0.04561939062235543 971
1694622181929 0.111153006235638 972
1694622182208 0.005636026041406602 973
1694622182388 0.07556671018518152 974
1694622182629 0.009465920514761287 975
1694622182860 0.0009549426391166146 976
1694622183128 0.00019784684280174195 977
1694622183404 0.016664801474549726 978
1694622183629 0.044284161113399806 979
1694622183893 0.00976949524884634 980
1694622184208 0.04517515481252897 981
1694622184572 0.003908785418631487 982
1694622184831 0.02742178310768416 983
1694622185055 0.06407154161945877 984
1694622185330 0.8678232847466791 985
1694622185669 0.09088082310597964 986
1694622185933 2.3580019540957476e-05 987
1694622186197 0.9678857946934797 988
1694622186367 0.0669964515541664 989
1694622186645 0.10061040513692426 990
1694622187011 0.3155333385359683 991
1694622187264 0.058425510711767034 992
1694622187526 0.008293741691596622 993
1694622187724 0.00023119553191666407 994
1694622187925 0.22928467340332695 995
1694622188144 9.7942333242293e-05 996
1694622188344 0.0129143499165498 997
1694622188556 0.01906323847258567 998
1694622188788 0.04362881160503381 999
