1694621958605 0.0 0
1694621958805 0.0 1
1694621959042 0.0 2
1694621959242 0.0 3
1694621959457 0.0 4
1694621959684 0.0 5
1694621959926 0.0 6
1694621960189 0.0 7
1694621960425 0.0 8
1694621960648 0.0 9
1694621960859 0.0 10
1694621961031 0.0 11
1694621961282 0.0 12
1694621961505 0.0 13
1694621961700 0.0 14
1694621961880 0.0 15
1694621962051 0.0 16
1694621962246 0.0 17
1694621962455 0.0 18
1694621962665 0.0 19
1694621962870 0.0 20
1694621963057 0.0 21
1694621963226 0.0 22
1694621963473 0.0 23
1694621963702 0.0 24
1694621963896 0.0 25
1694621964068 0.0 26
1694621964237 0.0 27
1694621964448 0.0 28
1694621964646 0.0 29
1694621964903 0.0 30
1694621965098 0.0 31
1694621965319 0.0 32
1694621965539 0.0 33
1694621965716 0.0 34
1694621965927 0.0 35
1694621966105 0.0 36
1694621966310 0.0 37
1694621966543 0.0 38
1694621966758 0.0 39
1694621966989 0.0 40
1694621967208 0.0 41
1694621967426 0.0 42
1694621967622 0.0 43
1694621967825 0.0 44
1694621968040 0.0 45
1694621968240 0.0 46
1694621968445 0.0 47
1694621968662 0.0 48
1694621968855 0.0 49
1694621969075 0.0 50
1694621969305 0.0 51
1694621969496 0.0 52
1694621969723 0.0 53
1694621969916 0.0 54
1694621970174 0.0 55
1694621970467 0.0 56
1694621970751 0.0 57
1694621971007 0.0 58
1694621971174 0.0 59
1694621971422 0.0 60
1694621971783 0.0 61
1694621972058 0.0 62
1694621972369 0.0 63
1694621972688 0.0 64
1694621972928 0.0 65
1694621973205 0.0 66
1694621973426 0.0 67
1694621973671 0.0 68
1694621973905 0.0 69
1694621974159 0.0 70
1694621974432 0.0 71
1694621974713 0.0 72
1694621974987 0.0 73
1694621975242 0.0 74
1694621975472 0.0 75
1694621975719 0.0 76
1694621975975 0.0 77
1694621976187 0.0 78
1694621976435 0.0 79
1694621976673 0.0 80
1694621976901 0.0 81
1694621977103 0.0 82
1694621977325 0.0 83
1694621977553 0.0 84
1694621977805 0.0 85
1694621978085 0.0 86
1694621978337 0.0 87
1694621978583 0.0 88
1694621978995 0.0 89
1694621979278 0.0 90
1694621979507 0.0 91
1694621979726 0.0 92
1694621979950 0.0 93
1694621980152 0.0 94
1694621980380 0.0 95
1694621980567 0.0 96
1694621980788 0.0 97
1694621980974 0.0 98
1694621981166 0.0 99
1694621981486 0.0 100
1694621981763 0.0 101
1694621981962 0.0 102
1694621982160 0.0 103
1694621982369 0.0 104
1694621982576 0.0 105
1694621982795 0.0 106
1694621983047 0.0 107
1694621983237 0.0 108
1694621983440 0.0 109
1694621983634 0.0 110
1694621983847 0.0 111
1694621984053 0.0 112
1694621984300 0.0 113
1694621984538 0.0 114
1694621984888 0.0 115
1694621985113 0.0 116
1694621985323 0.0 117
1694621985534 0.0 118
1694621985749 0.0 119
1694621986064 0.0 120
1694621986466 0.0 121
1694621986829 0.0 122
1694621987158 0.0 123
1694621987467 0.0 124
1694621987741 0.0 125
1694621987963 0.0 126
1694621988184 0.0 127
1694621988408 0.0 128
1694621988739 0.0 129
1694621988997 0.0 130
1694621989217 0.0 131
1694621989432 0.0 132
1694621989655 0.0 133
1694621989914 0.0 134
1694621990103 0.0 135
1694621990276 0.0 136
1694621990496 0.0 137
1694621990713 0.0 138
1694621990938 0.0 139
1694621991142 0.0 140
1694621991363 0.0 141
1694621991570 0.0 142
1694621991785 0.0 143
1694621991960 0.0 144
1694621992178 0.0 145
1694621992356 0.0 146
1694621992556 0.0 147
1694621992758 0.0 148
1694621993003 0.0 149
1694621993241 0.0 150
1694621993448 0.0 151
1694621993675 0.0 152
1694621993920 0.0 153
1694621994323 0.0 154
1694621994687 0.0 155
1694621995046 0.0 156
1694621995349 0.0 157
1694621995704 0.0 158
1694621995932 0.0 159
1694621996134 0.0 160
1694621996323 0.0 161
1694621996544 0.0 162
1694621996745 0.0 163
1694621996973 0.0 164
1694621997197 0.0 165
1694621997451 0.0 166
1694621997646 0.0 167
1694621997907 0.0 168
1694621998146 0.0 169
1694621998350 0.0 170
1694621998527 0.0 171
1694621998788 0.0 172
1694621999026 0.0 173
1694621999253 0.0 174
1694621999502 0.0 175
1694621999758 0.0 176
1694621999976 0.0 177
1694622000207 0.0 178
1694622000419 0.0 179
1694622000685 0.0 180
1694622000997 0.0 181
1694622001200 0.0 182
1694622001455 0.0 183
1694622001750 0.0 184
1694622001934 0.0 185
1694622002125 0.0 186
1694622002394 0.0 187
1694622002605 0.0 188
1694622002871 0.0 189
1694622003160 0.0 190
1694622003408 0.0 191
1694622003658 0.0 192
1694622003939 0.0 193
1694622004224 0.0 194
1694622004519 0.0 195
1694622004774 0.0 196
1694622005009 0.0 197
1694622005348 0.0 198
1694622005668 0.0 199
1694622005916 0.0 200
1694622006328 0.0 201
1694622006559 0.0 202
1694622006815 0.0 203
1694622007043 0.0 204
1694622007270 0.0 205
1694622007515 0.0 206
1694622007709 0.0 207
1694622007965 0.0 208
1694622008182 0.0 209
1694622008382 0.0 210
1694622008563 0.0 211
1694622008729 0.0 212
1694622008914 0.0 213
1694622009204 0.0 214
1694622009479 0.0 215
1694622009711 0.0 216
1694622009926 0.0 217
1694622010158 0.0 218
1694622010383 0.0 219
1694622010578 0.0 220
1694622010790 0.0 221
1694622011025 0.0 222
1694622011233 0.0 223
1694622011445 0.0 224
1694622011675 0.0 225
1694622011918 0.0 226
1694622012160 0.0 227
1694622012422 0.0 228
1694622012669 0.0 229
1694622012909 0.0 230
1694622013162 0.0 231
1694622013347 0.0 232
1694622013528 0.0 233
1694622013768 0.0 234
1694622014037 0.0 235
1694622014284 0.0 236
1694622014517 0.0 237
1694622014719 0.0 238
1694622014971 0.0 239
1694622015463 0.0 240
1694622015665 0.0 241
1694622015911 0.0 242
1694622016146 0.0 243
1694622016397 0.0 244
1694622016659 0.0 245
1694622016915 0.0 246
1694622017120 0.0 247
1694622017355 0.0 248
1694622017569 0.0 249
1694622017778 0.0 250
1694622018010 0.0 251
1694622018264 0.0 252
1694622018588 0.0 253
1694622018913 0.0 254
1694622019178 0.0 255
1694622019471 0.0 256
1694622019699 0.0 257
1694622019904 0.0 258
1694622020185 0.0 259
1694622020447 0.0 260
1694622020681 0.0 261
1694622020939 0.0 262
1694622021198 0.0 263
1694622021497 0.0 264
1694622021749 0.0 265
1694622021960 0.0 266
1694622022219 0.0 267
1694622022459 0.0 268
1694622022727 0.0 269
1694622022976 0.0 270
1694622023319 0.0 271
1694622023546 0.0 272
1694622023758 0.0 273
1694622024006 0.0 274
1694622024343 0.0 275
1694622024657 0.0 276
1694622024964 0.0 277
1694622025227 0.0 278
1694622025465 0.0 279
1694622025712 0.0 280
1694622025936 0.0 281
1694622026151 0.0 282
1694622026360 0.0 283
1694622026585 0.0 284
1694622026819 0.0 285
1694622026991 0.0 286
1694622027209 0.0 287
1694622027466 0.0 288
1694622027715 0.0 289
1694622027925 0.0 290
1694622028144 0.0 291
1694622028338 0.0 292
1694622028565 0.0 293
1694622028813 0.0 294
1694622029281 0.0 295
1694622029688 0.0 296
1694622030076 0.0 297
1694622030439 0.0 298
1694622030755 0.0 299
1694622031093 0.0 300
1694622031421 0.0 301
1694622031754 0.0 302
1694622032010 0.0 303
1694622032244 0.0 304
1694622032484 0.0 305
1694622032709 0.0 306
1694622032888 0.0 307
1694622033248 0.0 308
1694622033499 0.0 309
1694622033772 0.0 310
1694622034049 0.0 311
1694622034273 0.0 312
1694622034519 0.0 313
1694622034790 0.0 314
1694622035051 0.0 315
1694622035218 0.0 316
1694622035388 0.0 317
1694622035605 0.0 318
1694622035775 0.0 319
1694622036005 0.0 320
1694622036218 0.0 321
1694622036409 0.0 322
1694622036615 0.0 323
1694622036827 0.0 324
1694622037008 0.0 325
1694622037226 0.0 326
1694622037433 0.0 327
1694622037645 0.0 328
1694622037853 0.0 329
1694622038064 0.0 330
1694622038333 0.0 331
1694622038593 0.0 332
1694622038812 0.0 333
1694622039016 0.0 334
1694622039186 0.0 335
1694622039429 0.0 336
1694622039607 0.0 337
1694622039838 0.0 338
1694622040028 0.0 339
1694622040193 0.0 340
1694622040370 0.0 341
1694622040559 0.0 342
1694622040745 0.0 343
1694622040995 0.0 344
1694622041215 0.0 345
1694622041438 0.0 346
1694622041619 0.0 347
1694622041881 0.0 348
1694622042115 0.0 349
1694622042325 0.0 350
1694622042553 0.0 351
1694622042789 0.0 352
1694622042983 0.0 353
1694622043171 0.0 354
1694622043360 0.0 355
1694622043559 0.0 356
1694622043758 0.0 357
1694622043999 0.0 358
1694622044205 0.0 359
1694622044395 0.0 360
1694622044617 0.0 361
1694622044824 0.0 362
1694622045058 0.0 363
1694622045248 0.0 364
1694622045437 0.0 365
1694622045639 0.0 366
1694622045865 0.0 367
1694622046087 0.0 368
1694622046303 0.0 369
1694622046543 0.0 370
1694622046740 0.0 371
1694622046925 0.0 372
1694622047129 0.0 373
1694622047364 0.0 374
1694622047602 0.0 375
1694622047773 0.0 376
1694622047954 0.0 377
1694622048163 0.0 378
1694622048392 0.0 379
1694622048590 0.0 380
1694622048848 0.0 381
1694622049055 0.0 382
1694622049259 0.0 383
1694622049452 0.0 384
1694622049641 0.0 385
1694622049874 0.0 386
1694622050110 0.0 387
1694622050315 0.0 388
1694622050551 0.0 389
1694622050742 0.0 390
1694622050986 0.0 391
1694622051201 0.0 392
1694622051393 0.0 393
1694622051641 0.0 394
1694622051849 0.0 395
1694622052062 0.0 396
1694622052264 0.0 397
1694622052458 0.0 398
1694622052709 0.0 399
1694622052908 0.0 400
1694622053119 0.0 401
1694622053301 0.0 402
1694622053469 0.0 403
1694622053694 0.0 404
1694622053873 0.0 405
1694622054049 0.0 406
1694622054256 0.0 407
1694622054500 0.0 408
1694622054749 0.0 409
1694622054968 0.0 410
1694622055175 0.0 411
1694622055408 0.0 412
1694622055575 0.0 413
1694622055790 0.0 414
1694622055957 0.0 415
1694622056126 0.0 416
1694622056297 0.0 417
1694622056486 0.0 418
1694622056654 0.0 419
1694622056867 0.0 420
1694622057076 0.0 421
1694622057274 0.0 422
1694622057476 0.0 423
1694622057716 0.0 424
1694622057928 0.0 425
1694622058113 0.0 426
1694622058275 0.0 427
1694622058467 0.0 428
1694622058675 0.0 429
1694622058909 0.0 430
1694622059159 0.0 431
1694622059357 0.0 432
1694622059530 0.0 433
1694622059727 0.0 434
1694622059963 0.0 435
1694622060195 0.0 436
1694622060409 0.0 437
1694622060618 0.0 438
1694622060804 0.0 439
1694622061073 0.0 440
1694622061317 0.0 441
1694622061532 0.0 442
1694622061714 0.0 443
1694622061930 0.0 444
1694622062150 0.0 445
1694622062392 0.0 446
1694622062665 0.0 447
1694622062933 0.0 448
1694622063166 0.0 449
1694622063346 0.0 450
1694622063564 0.0 451
1694622063818 0.0 452
1694622063990 0.0 453
1694622064182 0.0 454
1694622064442 0.0 455
1694622064743 0.0 456
1694622065048 0.0 457
1694622065378 0.0 458
1694622065696 0.0 459
1694622065977 0.0 460
1694622066303 0.0 461
1694622066573 0.0 462
1694622066787 0.0 463
1694622066985 0.0 464
1694622067175 0.0 465
1694622067412 0.0 466
1694622067639 0.0 467
1694622067845 0.0 468
1694622068056 0.0 469
1694622068242 0.0 470
1694622068470 0.0 471
1694622068668 0.0 472
1694622068918 0.0 473
1694622069172 0.0 474
1694622069487 0.0 475
1694622069721 0.0 476
1694622069925 0.0 477
1694622070182 0.0 478
1694622070471 0.0 479
1694622070757 0.0 480
1694622071036 0.0 481
1694622071234 0.0 482
1694622071458 0.0 483
1694622071644 0.0 484
1694622071878 0.0 485
1694622072099 0.0 486
1694622072291 0.0 487
1694622072526 0.0 488
1694622072708 0.0 489
1694622072918 0.0 490
1694622073141 0.0 491
1694622073354 0.0 492
1694622073551 0.0 493
1694622073781 0.0 494
1694622074032 0.0 495
1694622074287 0.0 496
1694622074519 0.0 497
1694622074745 0.0 498
1694622074934 0.0 499
1694622075117 0.0 500
1694622075325 0.0 501
1694622075567 0.0 502
1694622075748 0.0 503
1694622075933 0.0 504
1694622076155 0.0 505
1694622076368 0.0 506
1694622076658 0.0 507
1694622076904 0.0 508
1694622077111 0.0 509
1694622077517 0.0 510
1694622077795 0.0 511
1694622078066 0.0 512
1694622078288 0.0 513
1694622078565 0.0 514
1694622078794 0.0 515
1694622079033 0.0 516
1694622079246 0.0 517
1694622079423 0.0 518
1694622079648 0.0 519
1694622080015 0.0 520
1694622080270 0.0 521
1694622080526 0.0 522
1694622080726 0.0 523
1694622080947 0.0 524
1694622081163 0.0 525
1694622081384 0.0 526
1694622081614 0.0 527
1694622081837 0.0 528
1694622082027 0.0 529
1694622082224 0.0 530
1694622082410 0.0 531
1694622082621 0.0 532
1694622082832 0.0 533
1694622083056 0.0 534
1694622083238 0.0 535
1694622083450 0.0 536
1694622083699 0.0 537
1694622083923 0.0 538
1694622084334 0.0 539
1694622084555 0.0 540
1694622084743 0.0 541
1694622084973 0.0 542
1694622085207 0.0 543
1694622085454 0.0 544
1694622085655 0.0 545
1694622085989 0.0 546
1694622086288 0.0 547
1694622086572 0.0 548
1694622086810 0.0 549
1694622087017 0.0 550
1694622087247 0.0 551
1694622087475 0.0 552
1694622087691 0.0 553
1694622087948 0.0 554
1694622088149 0.0 555
1694622088426 0.0 556
1694622088638 0.0 557
1694622088868 0.0 558
1694622089114 0.0 559
1694622089311 0.0 560
1694622089497 0.0 561
1694622089724 0.0 562
1694622089923 0.0 563
1694622090117 0.0 564
1694622090291 0.0 565
1694622090497 0.0 566
1694622090725 0.0 567
1694622091178 0.0 568
1694622091583 0.0 569
1694622091944 0.0 570
1694622092257 0.0 571
1694622092517 0.0 572
1694622092846 0.0 573
1694622093125 0.0 574
1694622093403 0.0 575
1694622093640 0.0 576
1694622093918 0.0 577
1694622094129 0.0 578
1694622094344 0.0 579
1694622094571 0.0 580
1694622094760 0.0 581
1694622094966 0.0 582
1694622095153 0.0 583
1694622095349 0.0 584
1694622095554 0.0 585
1694622095771 0.0 586
1694622095995 0.0 587
1694622096232 0.0 588
1694622096446 0.0 589
1694622096662 0.0 590
1694622096897 0.0 591
1694622097112 0.0 592
1694622097308 0.0 593
1694622097511 0.0 594
1694622097732 0.0 595
1694622097999 0.0 596
1694622098229 0.0 597
1694622098467 0.0 598
1694622098689 0.0 599
1694622098884 0.0 600
1694622099153 0.0 601
1694622099380 0.0 602
1694622099607 0.0 603
1694622099801 0.0 604
1694622100077 0.0 605
1694622100335 0.0 606
1694622100577 0.0 607
1694622100795 0.0 608
1694622101010 0.0 609
1694622101254 0.0 610
1694622101457 0.0 611
1694622101718 0.0 612
1694622101955 0.0 613
1694622102170 0.0 614
1694622102358 0.0 615
1694622102555 0.0 616
1694622102800 0.0 617
1694622103088 0.0 618
1694622103323 0.0 619
1694622103561 0.0 620
1694622103814 0.0 621
1694622104080 0.0 622
1694622104328 0.0 623
1694622104542 0.0 624
1694622104781 0.0 625
1694622104977 0.0 626
1694622105163 0.0 627
1694622105340 0.0 628
1694622105532 0.0 629
1694622105706 0.0 630
1694622105936 0.0 631
1694622106177 0.0 632
1694622106423 0.0 633
1694622106712 0.0 634
1694622106978 0.0 635
1694622107163 0.0 636
1694622107376 0.0 637
1694622107675 0.0 638
1694622107895 0.0 639
1694622108136 0.0 640
1694622108367 0.0 641
1694622108650 0.0 642
1694622108923 0.0 643
1694622109133 0.0 644
1694622109421 0.0 645
1694622109743 0.0 646
1694622109970 0.0 647
1694622110165 0.0 648
1694622110416 0.0 649
1694622110642 0.0 650
1694622110861 0.0 651
1694622111102 0.0 652
1694622111334 0.0 653
1694622111558 0.0 654
1694622111748 0.0 655
1694622111933 0.0 656
1694622112180 0.0 657
1694622112405 0.0 658
1694622112696 0.0 659
1694622112981 0.0 660
1694622113256 0.0 661
1694622113458 0.0 662
1694622113720 0.0 663
1694622113947 0.0 664
1694622114144 0.0 665
1694622114420 0.0 666
1694622114688 0.0 667
1694622114977 0.0 668
1694622115232 0.0 669
1694622115440 0.0 670
1694622115648 0.0 671
1694622115957 0.0 672
1694622116176 0.0 673
1694622116387 0.0 674
1694622116559 0.0 675
1694622116883 0.0 676
1694622117122 0.0 677
1694622117326 0.0 678
1694622117523 0.0 679
1694622117756 0.0 680
1694622117993 0.0 681
1694622118307 0.0 682
1694622118536 0.0 683
1694622118770 0.0 684
1694622119044 0.0 685
1694622119287 0.0 686
1694622119508 0.0 687
1694622119705 0.0 688
1694622119996 0.0 689
1694622120257 0.0 690
1694622120529 0.0 691
1694622120834 0.0 692
1694622121089 0.0 693
1694622121306 0.0 694
1694622121580 0.0 695
1694622121823 0.0 696
1694622122028 0.0 697
1694622122228 0.0 698
1694622122449 0.0 699
1694622122653 0.0 700
1694622122892 0.0 701
1694622123147 0.0 702
1694622123393 0.0 703
1694622123623 0.0 704
1694622123877 0.0 705
1694622124075 0.0 706
1694622124252 0.0 707
1694622124544 0.0 708
1694622124878 0.0 709
1694622125161 0.0 710
1694622125400 0.0 711
1694622125582 0.0 712
1694622125852 0.0 713
1694622126104 0.0 714
1694622126373 0.0 715
1694622126611 0.0 716
1694622126798 0.0 717
1694622127098 0.0 718
1694622127366 0.0 719
1694622127628 0.0 720
1694622127873 0.0 721
1694622128088 0.0 722
1694622128285 0.0 723
1694622128506 0.0 724
1694622128730 0.0 725
1694622128932 0.0 726
1694622129229 0.0 727
1694622129601 0.0 728
1694622129955 0.0 729
1694622130225 0.0 730
1694622130484 0.0 731
1694622130696 0.0 732
1694622130938 0.0 733
1694622131225 0.0 734
1694622131473 0.0 735
1694622131691 0.0 736
1694622131931 0.0 737
1694622132116 0.0 738
1694622132365 0.0 739
1694622132596 0.0 740
1694622132873 0.0 741
1694622133154 0.0 742
1694622133440 0.0 743
1694622133690 0.0 744
1694622133951 0.0 745
1694622134165 0.0 746
1694622134411 0.0 747
1694622134635 0.0 748
1694622134905 0.0 749
1694622135095 0.0 750
1694622135284 0.0 751
1694622135508 0.0 752
1694622135726 0.0 753
1694622135981 0.0 754
1694622136263 0.0 755
1694622136516 0.0 756
1694622136706 0.0 757
1694622136896 0.0 758
1694622137142 0.0 759
1694622137617 0.0 760
1694622137935 0.0 761
1694622138268 0.0 762
1694622138547 0.0 763
1694622138841 0.0 764
1694622139137 0.0 765
1694622139416 0.0 766
1694622139703 0.0 767
1694622139943 0.0 768
1694622140184 0.0 769
1694622140387 0.0 770
1694622140618 0.0 771
1694622140827 0.0 772
1694622141014 0.0 773
1694622141201 0.0 774
1694622141387 0.0 775
1694622141640 0.0 776
1694622141906 0.0 777
1694622142143 0.0 778
1694622142378 0.0 779
1694622142649 0.0 780
1694622142870 0.0 781
1694622143089 0.0 782
1694622143257 0.0 783
1694622143475 0.0 784
1694622143685 0.0 785
1694622143886 0.0 786
1694622144078 0.0 787
1694622144249 0.0 788
1694622144417 0.0 789
1694622144626 0.0 790
1694622144799 0.0 791
1694622144984 0.0 792
1694622145178 0.0 793
1694622145411 0.0 794
1694622145627 0.0 795
1694622145814 0.0 796
1694622145999 0.0 797
1694622146197 0.0 798
1694622146382 0.0 799
1694622146615 0.0 800
1694622146817 0.0 801
1694622147024 0.0 802
1694622147219 0.0 803
1694622147384 0.0 804
1694622147614 0.0 805
1694622147808 0.0 806
1694622147986 0.0 807
1694622148185 0.0 808
1694622148418 0.0 809
1694622148662 0.0 810
1694622148882 0.0 811
1694622149066 0.0 812
1694622149233 0.0 813
1694622149403 0.0 814
1694622149581 0.0 815
1694622149816 0.0 816
1694622150032 0.0 817
1694622150265 0.0 818
1694622150459 0.0 819
1694622150634 0.0 820
1694622150834 0.0 821
1694622151092 0.0 822
1694622151299 0.0 823
1694622151508 0.0 824
1694622151725 0.0 825
1694622151909 0.0 826
1694622152119 0.0 827
1694622152350 0.0 828
1694622152551 0.0 829
1694622152760 0.0 830
1694622152977 0.0 831
1694622153170 0.0 832
1694622153353 0.0 833
1694622153525 0.0 834
1694622153726 0.0 835
1694622153910 0.0 836
1694622154092 0.0 837
1694622154291 0.0 838
1694622154503 0.0 839
1694622154701 0.0 840
1694622154939 0.0 841
1694622155152 0.0 842
1694622155378 0.0 843
1694622155594 0.0 844
1694622155774 0.0 845
1694622156017 0.0 846
1694622156220 0.0 847
1694622156383 0.0 848
1694622156581 0.0 849
1694622156790 0.0 850
1694622156970 0.0 851
1694622157205 0.0 852
1694622157403 0.0 853
1694622157578 0.0 854
1694622157785 0.0 855
1694622157972 0.0 856
1694622158206 0.0 857
1694622158421 0.0 858
1694622158626 0.0 859
1694622158830 0.0 860
1694622159007 0.0 861
1694622159208 0.0 862
1694622159381 0.0 863
1694622159563 0.0 864
1694622159741 0.0 865
1694622159968 0.0 866
1694622160188 0.0 867
1694622160423 0.0 868
1694622160661 0.0 869
1694622160863 0.0 870
1694622161107 0.0 871
1694622161344 0.0 872
1694622161546 0.0 873
1694622161770 0.0 874
1694622161965 0.0 875
1694622162155 0.0 876
1694622162323 0.0 877
1694622162502 0.0 878
1694622162706 0.0 879
1694622162876 0.0 880
1694622163055 0.0 881
1694622163229 0.0 882
1694622163399 0.0 883
1694622163600 0.0 884
1694622163849 0.0 885
1694622164059 0.0 886
1694622164281 0.0 887
1694622164482 0.0 888
1694622164693 0.0 889
1694622164873 0.0 890
1694622165123 0.0 891
1694622165346 0.0 892
1694622165549 0.0 893
1694622165728 0.0 894
1694622165931 0.0 895
1694622166152 0.0 896
1694622166383 0.0 897
1694622166599 0.0 898
1694622166803 0.0 899
1694622167025 0.0 900
1694622167222 0.0 901
1694622167386 0.0 902
1694622167561 0.0 903
1694622167773 0.0 904
1694622167970 0.0 905
1694622168207 0.0 906
1694622168401 0.0 907
1694622168597 0.0 908
1694622168795 0.0 909
1694622168961 0.0 910
1694622169159 0.0 911
1694622169333 0.0 912
1694622169497 0.0 913
1694622169681 0.0 914
1694622169872 0.0 915
1694622170062 0.0 916
1694622170245 0.0 917
1694622170426 0.0 918
1694622170619 0.0 919
1694622170820 0.0 920
1694622171018 0.0 921
1694622171179 0.0 922
1694622171343 0.0 923
1694622171519 0.0 924
1694622171733 0.0 925
1694622171944 0.0 926
1694622172146 0.0 927
1694622172338 0.0 928
1694622172532 0.0 929
1694622172718 0.0 930
1694622172887 0.0 931
1694622173086 0.0 932
1694622173261 0.0 933
1694622173424 0.0 934
1694622173586 0.0 935
1694622173757 0.0 936
1694622173964 0.0 937
1694622174142 0.0 938
1694622174357 0.0 939
1694622174555 0.0 940
1694622174754 0.0 941
1694622174959 0.0 942
1694622175202 0.0 943
1694622175391 0.0 944
1694622175615 0.0 945
1694622175859 0.0 946
1694622176039 0.0 947
1694622176233 0.0 948
1694622176398 0.0 949
1694622176629 0.0 950
1694622176863 0.0 951
1694622177076 0.0 952
1694622177307 0.0 953
1694622177526 0.0 954
1694622177760 0.0 955
1694622177957 0.0 956
1694622178237 0.0 957
1694622178483 0.0 958
1694622178738 0.0 959
1694622178972 0.0 960
1694622179199 0.0 961
1694622179368 0.0 962
1694622179667 0.0 963
1694622179945 0.0 964
1694622180199 0.0 965
1694622180387 0.0 966
1694622180656 0.0 967
1694622180860 0.0 968
1694622181096 0.0 969
1694622181396 0.0 970
1694622181688 0.0 971
1694622181937 0.0 972
1694622182215 0.0 973
1694622182395 0.0 974
1694622182636 0.0 975
1694622182867 0.0 976
1694622183140 0.0 977
1694622183412 0.0 978
1694622183637 0.0 979
1694622183904 0.0 980
1694622184217 0.0 981
1694622184584 0.0 982
1694622184841 0.0 983
1694622185063 0.0 984
1694622185349 0.0 985
1694622185679 0.0 986
1694622185941 0.0 987
1694622186202 0.0 988
1694622186374 0.0 989
1694622186652 0.0 990
1694622187021 0.0 991
1694622187275 0.0 992
1694622187534 0.0 993
1694622187731 0.0 994
1694622187933 0.0 995
1694622188152 0.0 996
1694622188350 0.0 997
1694622188565 0.0 998
1694622188798 0.0 999
