1694640481548 100.7853336074331 0
1694640482168 55.7262919812333 1
1694640482838 23.457116352573482 2
1694640483335 13.23409653120175 3
1694640483969 10.169241016982353 4
1694640484545 6.813946411675277 5
1694640485125 3.04885887242409 6
1694640485731 1.9708387712556212 7
1694640486391 1.2838908217261353 8
1694640486995 0.6939982718219766 9
1694640487611 0.0005180402541395492 10
1694640488222 0.27310432546093755 11
1694640488860 0.018504964582897014 12
1694640489463 0.001903826760553191 13
1694640490064 0.00036992455430770373 14
1694640490677 0.010729574424157465 15
1694640491287 0.11754762372017867 16
1694640491884 0.1885257408605889 17
1694640492617 0.00471323655578959 18
1694640493180 0.158244091487932 19
1694640493883 0.10573078443019743 20
1694640494431 0.00605749107063486 21
1694640495044 0.04188661976373373 22
1694640495642 0.1173482708014011 23
1694640496234 0.0288384038718021 24
1694640496829 0.02923443741372254 25
1694640497406 0.2633775431785849 26
1694640498026 0.003503385486279915 27
1694640498635 0.04082705813157511 28
1694640499247 0.002186039483885552 29
1694640499835 0.005669622659146819 30
1694640500399 0.04976112846369488 31
1694640500997 0.040961891396761485 32
1694640501589 0.01129983316122872 33
1694640502196 0.002410829706160544 34
1694640502799 0.01033682795137359 35
1694640503406 1.5207235332798045e-05 36
1694640504012 0.038652138243543556 37
1694640504636 0.001312544053341677 38
1694640505218 0.026220060247583898 39
1694640505821 0.009105331202688307 40
1694640506427 0.13586956449949184 41
1694640507039 0.11301752607403377 42
1694640507651 0.00019047648798197 43
1694640508231 0.0952219285415262 44
1694640508844 0.06928567331744566 45
1694640509412 0.12093398234250158 46
1694640510015 0.001679181634092612 47
1694640510619 0.009907060302187885 48
1694640511227 0.0720885480621762 49
1694640511832 0.08303041780054876 50
1694640512387 0.07173835608375288 51
1694640512978 0.0210971793366683 52
1694640513550 0.1016509127169374 53
1694640514019 0.031477490124215066 54
1694640514578 0.0001913683015329931 55
1694640515126 0.09042037815163569 56
1694640515707 0.0003908826882357281 57
