1694623597262 121.32126180583295 0
1694623597525 52.843486428783024 1
1694623597720 29.73723311534147 2
1694623597967 19.14623154916304 3
1694623598215 10.463239161606964 4
1694623598476 1.5004147814925008 5
1694623598699 2.8773822090995043 6
1694623598938 2.135796133439492 7
1694623599143 0.9652743238023638 8
1694623599384 1.4770156032688266 9
1694623599627 0.016945433899975586 10
1694623599816 0.24859539834880015 11
1694623600032 1.8144182574673913 12
1694623600241 0.09555827121165002 13
1694623600477 0.941736175838724 14
1694623600700 0.26028669502442625 15
1694623600949 0.01639528195053668 16
1694623601160 0.43024327194276685 17
1694623601383 0.1265973431215553 18
1694623601613 0.11011544062126774 19
1694623601843 6.590929977277202e-05 20
1694623602069 0.03907094323564883 21
1694623602289 0.17420886777950667 22
1694623602531 0.34072622079187836 23
1694623602749 0.13616414998275383 24
1694623602979 0.005671926105104783 25
1694623603241 0.022321067248076545 26
1694623603442 0.002923333538779307 27
1694623603654 0.002736056904287423 28
1694623603840 0.4086146384143697 29
1694623604036 0.15915652703667174 30
1694623604242 2.472744228603537e-05 31
1694623604448 0.03808465683533311 32
1694623604646 0.08435213594692519 33
1694623604841 0.033663103950933 34
1694623605036 0.012495832548853161 35
1694623605234 0.1551890210210706 36
1694623605444 0.12076019577365242 37
1694623605650 0.001147288952493893 38
1694623605861 0.02488345217218014 39
1694623606105 0.0190574210383898 40
1694623606423 0.5856416942872221 41
1694623606714 0.0015859358994434651 42
1694623606979 0.14474193449042283 43
1694623607212 0.2312102847291042 44
1694623607445 0.005191136965435695 45
1694623607701 0.03770673915306718 46
1694623607948 0.2902507013197645 47
1694623608234 0.37916332180583473 48
1694623608472 0.1756010299863608 49
1694623608676 0.07647534188342966 50
1694623608884 0.24464195161124971 51
1694623609088 0.054153094978340706 52
1694623609305 0.04060523212669894 53
1694623609540 0.7762710133589094 54
1694623609756 0.018643813840017898 55
1694623609999 3.3277831292962767e-07 56
1694623610207 0.025760725542741936 57
1694623610424 0.006726463643413917 58
1694623610659 0.011880940887344694 59
1694623610922 0.009467657837527973 60
1694623611146 0.2869332981868724 61
1694623611398 0.0016448234772832894 62
1694623611623 0.19187927536399715 63
1694623611818 0.16715316215528953 64
1694623612049 0.15126973359283605 65
1694623612239 0.005254810281502957 66
1694623612426 2.5169131309259236 67
1694623612633 0.1943450341654679 68
1694623612841 0.01226798301269737 69
1694623613095 0.024282323420286772 70
1694623613324 0.003096713668065375 71
1694623613554 0.3928717645330642 72
